0.144	-0.0590647998624263
0.304	-0.0557317830839281
0.464	-0.0524231848919641
0.624	-0.0491396605049346
0.784	-0.0458818175379321
0.944	-0.0426502224449052
1.104	-0.0394454087708453
1.264	-0.0362678872016318
1.424	-0.0331181577718382
1.584	-0.0299967200081994
1.744	-0.0269040805515317
1.904	-0.0238407611105913
2.064	-0.0208073035083487
2.224	-0.0178042722408946
2.384	-0.0148322545538235
2.544	-0.0118918584184371
2.704	-0.0089837068096017
2.864	-0.00610843027175179
3.024	-0.00326665784592706
3.184	-0.00045900811508659
3.344	0.00231391710772755
3.504	0.00505153489460497
3.664	0.00775328190364633
3.824	0.0104186144961176
3.984	0.0130470115965551
4.144	0.0156379805490872
4.304	0.0181910658670006
4.464	0.0207058599806231
4.624	0.0231820128196745
4.784	0.0256192357684597
4.944	0.028017301155117
5.104	0.030376037573177
5.264	0.0326953216935237
5.424	0.0349750696775146
5.584	0.0372152309272877
5.744	0.0394157845973098
5.904	0.0415767385403001
6.064	0.0436981313506521
6.224	0.0457800359969696
6.384	0.0478225635309286
6.544	0.0498258668227862
6.704	0.0517901435079295
6.864	0.0537156357781896
7.024	0.055602627293041
7.184	0.0574514380457458
7.344	0.0592624174796015
7.504	0.0610359366640125
7.664	0.0627723821710333
7.824	0.0644721519863367
7.984	0.0661356540413323
8.144	0.0677633064831866
8.304	0.0693555396598811
8.464	0.0709127979896067
8.624	0.0724355406395176
8.784	0.0739242407987319
8.944	0.0753793841053607
9.104	0.0768014656230633
9.264	0.0781909867175585
9.424	0.0795484530080444
9.584	0.0808743728092622
9.744	0.0821692556244642
9.904	0.0834336111633718
10.064	0.0846679488278284
10.224	0.0858727764818923
10.384	0.0870485995700392
10.544	0.0881959207353731
10.704	0.0893152398964361
10.864	0.090407054044789
11.024	0.0914718576076723
11.184	0.0925101419202292
11.344	0.0935223941098826
11.504	0.0945090953688492
11.664	0.095470719611896
11.824	0.096407732022783
11.984	0.0973205885442923
12.144	0.098209736255626
12.304	0.0990756146947831
12.464	0.0999186566371577
12.624	0.100739288499796
12.784	0.101537929374473
12.944	0.102314988777195
13.104	0.103070863614406
13.264	0.103805935363454
13.424	0.104520567547581
13.584	0.105215104696612
13.744	0.105889873188872
13.904	0.106545183224711
14.064	0.107181331420833
14.224	0.107798604073324
14.384	0.108397280223187
14.544	0.108977633840908
14.704	0.109539935551453
14.864	0.110084454240678
15.024	0.110611458229826
15.184	0.111121216328996
15.344	0.111613998867441
15.504	0.112090078167967
15.664	0.112549728480701
15.824	0.112993225694083
15.984	0.113420846614986
16.144	0.11383286784303
16.304	0.114229565154019
16.464	0.114611213582648
16.624	0.114978087813881
16.784	0.115330462771624
16.944	0.115668614323624
17.104	0.115992819462008
17.264	0.116303355778427
17.424	0.11660050040652
17.584	0.116884528956433
17.744	0.117155714334785
17.904	0.11741432585211
18.064	0.117660628724707
18.224	0.117894884082091
18.384	0.118117349036595
18.544	0.118328277056548
18.704	0.118527918326492
18.864	0.118716520176861
19.024	0.118894327643801
19.184	0.119061584372474
19.344	0.119218533565373
19.504	0.119365418946785
19.664	0.119502485895708
19.824	0.119629982891723
19.984	0.119748163237773
20.144	0.119857287298373
20.304	0.119957625415054
20.464	0.120049461345815
20.624	0.120133096108106
20.784	0.120208852201131
20.944	0.120277078004676
21.104	0.120338151968497
21.264	0.120392486386237
21.424	0.120440530333212
21.584	0.120482771336242
21.744	0.120519735305152
21.904	0.120551984198244
22.064	0.12058011056115
22.224	0.120604728095913
22.384	0.120626457333969
22.544	0.120645905618062
22.704	0.120663641043478
22.864	0.120680160971602
23.024	0.120695857217783
23.184	0.120710982044784
23.344	0.120725621069852
23.504	0.120739680466301
23.664	0.120753711126326
23.824	0.120768455084146
23.984	0.120784008806311
24.144	0.120800444590941
24.304	0.120817808508406
24.464	0.120836118758263
24.624	0.120855365045287
24.784	0.120875510863527
24.944	0.120896499971678
25.104	0.12091826616512
25.264	0.120940744382864
25.424	0.120963881984153
25.584	0.12098764712178
25.744	0.12101203186009
25.904	0.121037050324617
26.064	0.121062734144033
26.224	0.121089126230515
26.384	0.121116274993
26.544	0.121144231792073
26.704	0.121173050640579
26.864	0.121202786053061
27.024	0.12123348806972
27.184	0.121265196654207
27.344	0.121297933407391
27.504	0.121331692822139
27.664	0.121366438643037
27.824	0.121402108572909
27.984	0.121438622743625
28.144	0.121475893601399
28.304	0.121513835818178
28.464	0.121552370067832
28.624	0.1215914183027
28.784	0.121630895792947
28.944	0.121670702909881
29.104	0.121710720176196
29.264	0.12175080990292
29.424	0.121790827443959
29.584	0.121830635581318
29.744	0.12187011978412
29.904	0.121909204230718
30.064	0.121947864217873
30.224	0.121986126309395
30.384	0.122024060165785
30.544	0.122061766671152
30.704	0.122099359726377
30.864	0.122136943631432
31.024	0.122174597253576
31.184	0.122212366059841
31.344	0.1222502644884
31.504	0.122288286262744
31.664	0.12232642498833
31.824	0.122364695161735
31.984	0.122403148806569
32.144	0.12244188020847
32.304	0.122481019821009
32.464	0.122520716158675
32.624	0.122561111057706
32.784	0.122602314274474
32.944	0.122644383014716
33.104	0.122687308438941
33.264	0.122731009617269
33.424	0.122775335304112
33.584	0.122820068861273
33.744	0.122864936460132
33.904	0.122909617240907
34.064	0.122953755719237
34.224	0.122996971640731
34.384	0.12303887171214
34.544	0.123079062440041
34.704	0.12311716258759
34.864	0.123152805887116
35.024	0.123185645145753
35.184	0.123215356624883
35.344	0.123241645873946
35.504	0.123264253189888
35.664	0.123282968342863
35.824	0.123297645702792
35.984	0.123308215577197
36.144	0.123314680971731
36.304	0.12331710226681
36.464	0.123315573005783
36.624	0.123310195959959
36.784	0.123301063825323
36.944	0.12328825388613
37.104	0.123271838454855
37.264	0.123251905025398
37.424	0.123228575320496
37.584	0.123202018221576
37.744	0.123172450031433
37.904	0.123140122161516
38.064	0.123105299761562
38.224	0.123068235041416
38.384	0.123029137452278
38.544	0.12298814998536
38.704	0.122945335546802
38.864	0.122900672181686
39.024	0.122854060765462
39.184	0.122805347288534
39.344	0.12275435410487
39.504	0.122700910389426
39.664	0.122644882442785
39.824	0.12258619992491
39.984	0.122524872811567
40.144	0.122460994352821
40.304	0.122394734100084
40.464	0.122326323046877
40.624	0.122256034549821
40.784	0.122184163997588
40.944	0.122111017652514
41.104	0.12203690762729
41.264	0.121962154233387
41.424	0.121887092834072
41.584	0.121812080808212
41.744	0.121737494370649
41.904	0.121663722393833
42.064	0.121591157490997
42.224	0.121520184813988
42.384	0.121451170988223
42.544	0.121384458764595
42.704	0.121320361558134
42.864	0.121259156604367
43.024	0.121201078899986
43.184	0.121146315232352
43.344	0.121094998592042
43.504	0.121047205782105
43.664	0.121002958702121
43.824	0.120962225370675
43.984	0.12092492231929
44.144	0.120890918529625
44.304	0.120860039847997
44.464	0.120832073041555
44.624	0.120806771064849
44.784	0.120783857144119
44.944	0.120763027051623
45.104	0.120743950349123
45.264	0.12072627158156
45.424	0.120709610932039
45.584	0.120693565774161
45.744	0.120677713788098
45.904	0.120661617289954
46.064	0.120644828451276
46.224	0.120626895112764
46.384	0.120607366235731
46.544	0.120585796674703
46.704	0.12056175151065
46.864	0.120534809766212
47.024	0.120504567465844
47.184	0.120470640965664
47.344	0.120432672235665
47.504	0.120390336552134
47.664	0.120343353416814
47.824	0.120291500859167
47.984	0.120234633218274
48.144	0.120172700193677
48.304	0.120105763860352
48.464	0.120034009058458
48.624	0.119957745961472
48.784	0.119877407363276
48.944	0.119793539878998
49.104	0.119706792685548
49.264	0.119617903063897
49.424	0.119527679213633
49.584	0.119436977574253
49.744	0.119346673668844
49.904	0.119257625850082
50.064	0.119170637748596
50.224	0.119086425107838
50.384	0.119005596044246
50.544	0.118928645930851
50.704	0.118855967092998
50.864	0.118787866230008
51.024	0.118724589370885
51.184	0.118666345776575
51.344	0.118613322493445
51.504	0.118565691142948
51.664	0.1185236110652
51.824	0.118487230416321
51.984	0.118456685881569
52.144	0.118432099829647
52.304	0.118413576919693
52.464	0.118401209573932
52.624	0.118395083995125
52.784	0.118395279543506
52.944	0.118401861633942
53.104	0.118414869079288
53.264	0.118434291998994
53.424	0.118460049383174
53.584	0.118491970403909
53.744	0.118529791605766
53.904	0.118573176613467
54.064	0.118621759124267
54.224	0.118675186512718
54.384	0.118733153682058
54.544	0.118795417769434
54.704	0.118861786887521
54.864	0.118932087031652
55.024	0.119006124787546
55.184	0.11908365938163
55.344	0.11916439209989
55.504	0.119247971099071
55.664	0.119334003445772
55.824	0.119422060843505
55.984	0.119511670549684
56.144	0.11960229707222
56.304	0.11969332367687
56.464	0.119784039063205
56.624	0.119873641553568
56.784	0.119961266735885
56.944	0.120046032525522
57.104	0.120127089088385
57.264	0.120203664330433
57.424	0.120275100810858
57.584	0.120340884847025
57.744	0.120400670056711
57.904	0.120454297459304
58.064	0.120501814326133
58.224	0.120543492731684
58.384	0.120579845775552
58.544	0.120611640392127
58.704	0.120639905324737
58.864	0.120665934071155
59.024	0.120691281823412
59.184	0.120717755973942
59.344	0.1207473984866
59.504	0.120782459867542
59.664	0.120825365048205
59.824	0.120878672623775
59.984	0.120945028488137
60.144	0.121027117498357
60.304	0.121127616975542
60.464	0.121249157703062
60.624	0.121394294521053
60.784	0.121565486637792
60.944	0.121765081784758
61.104	0.121995298630452
61.264	0.122258201549414
61.424	0.122555668621857
61.584	0.122889352490006
61.744	0.123260641891505
61.904	0.123670629976004
62.064	0.124120096495119
62.224	0.124609505375645
62.384	0.125139017800706
62.544	0.125708516583671
62.704	0.12631763650748
62.864	0.126965797300528
63.024	0.127652229643957
63.184	0.128375996205051
63.344	0.129136018895167
63.504	0.129931109162982
63.664	0.130759982685476
63.824	0.131621263874734
63.984	0.132513481153978
64.144	0.133435030382458
64.304	0.134384114837644
64.464	0.135358677414359
64.624	0.136356322666103
64.784	0.137374253629361
64.944	0.138409256254334
65.104	0.139457729885606
65.264	0.14051574477395
65.424	0.141579136995489
65.584	0.142643633428065
65.744	0.143704968587997
65.904	0.14475898412357
66.064	0.145801709227499
66.224	0.14682940003911
66.384	0.147838532744686
66.544	0.148825763459911
66.704	0.149787868060912
66.864	0.150721668503905
67.024	0.151623978154618
67.184	0.152491584577888
67.344	0.153321270799125
67.504	0.154109856985428
67.664	0.154854277308175
67.824	0.155551663969163
67.984	0.156199428975611
68.144	0.156795325223555
68.304	0.15733747170944
68.464	0.157824334895196
68.624	0.158254711125466
68.784	0.158627719531609
68.944	0.158942808250828
69.104	0.159199749618693
69.264	0.15939863453778
69.424	0.159539855733783
69.584	0.159624096689384
69.744	0.159652314712986
69.904	0.159625753471715
70.064	0.159546005967258
70.224	0.15941510964069
70.384	0.159235592965814
70.544	0.15901047746766
70.704	0.158743208657739
70.864	0.158437504036243
71.024	0.158097156961134
71.184	0.157725865419081
71.344	0.157327100804451
71.504	0.156904078969234
71.664	0.156459822064022
71.824	0.155997274396071
71.984	0.155519409214833
72.144	0.155029313743171
72.304	0.154530227481104
72.464	0.154025524475372
72.624	0.153518660174399
72.784	0.153013120349272
72.944	0.152512363549732
73.104	0.152019728172036
73.264	0.151538333551628
73.424	0.151070994174972
73.584	0.150620111889936
73.744	0.150187568122107
73.904	0.149774716107515
74.064	0.149382433867174
74.224	0.149011217013708
74.384	0.148661335745999
74.544	0.14833302401172
74.704	0.148026609179482
74.864	0.147742583100467
75.024	0.147481604824549
75.184	0.147244390133011
75.344	0.147031528648313
75.504	0.146843306388178
75.664	0.146679544963291
75.824	0.146539494761441
75.984	0.146421837553049
76.144	0.146324796827656
76.304	0.146246298937683
76.464	0.146184161144021
76.624	0.146136273213358
76.784	0.146100704625155
76.944	0.146075718519654
77.104	0.146059715368466
77.264	0.146051137309854
77.424	0.146048342325685
77.584	0.146049493272216
77.744	0.146052490227902
77.904	0.146054949711356
78.064	0.146054250267611
78.224	0.146047624366531
78.384	0.146032274620268
78.544	0.146005496555432
78.704	0.14596479695183
78.864	0.145907975428429
79.024	0.145833164965438
79.184	0.145738857849835
79.344	0.145623900913762
79.504	0.145487454306078
79.664	0.145328929202151
79.824	0.145147913087186
79.984	0.144944077676172
80.144	0.144717103796552
80.304	0.144466662013969
80.464	0.144192450827376
80.624	0.143894284077135
80.784	0.143572217859685
80.944	0.143226663645805
81.104	0.142858452301056
81.264	0.142468856201702
81.424	0.142059575775306
81.584	0.141632668266084
81.744	0.141190460579026
81.904	0.140735478165652
82.064	0.140270379484406
82.224	0.139797877422609
82.384	0.139320660034514
82.544	0.13884130192173
82.704	0.138362168635183
82.864	0.13788531083901
83.024	0.137412366947331
83.184	0.136944500863905
83.344	0.136482410625007
83.504	0.136026397932454
83.664	0.135576487982547
83.824	0.135132566882078
83.984	0.134694506196752
84.144	0.134262250296985
84.304	0.133835865829639
84.464	0.13341554350049
84.624	0.133001594003048
84.784	0.132594458722224
84.944	0.132194719116654
85.104	0.131803071733486
85.264	0.131420273451056
85.424	0.131047051678451
85.584	0.130683980542017
85.744	0.130331367290182
85.904	0.129989190026066
86.064	0.129657110093149
86.224	0.129334558231335
86.384	0.129020877724571
86.544	0.128715473232859
86.704	0.128417933525043
86.864	0.128128097521227
87.024	0.127846051625397
87.184	0.127572068680479
87.344	0.127306524245142
87.504	0.127049812735379
87.664	0.126802287360363
87.824	0.1265642286819
87.984	0.126335846186151
88.144	0.126117296659004
88.304	0.125908704285791
88.464	0.125710166058099
88.624	0.125521746130914
88.784	0.125343468876906
88.944	0.125175315821906
89.104	0.125017219900798
89.264	0.124869064207246
89.424	0.124730683285293
89.584	0.124601865282443
89.744	0.124482356033013
89.904	0.124371864111026
90.064	0.124270073470058
90.224	0.124176660218012
90.384	0.124091311568861
90.544	0.124013733982792
90.704	0.12394365435236
90.864	0.123880813613567
91.024	0.123824958750617
91.184	0.123775832655838
91.344	0.123733168215296
91.504	0.123696683814188
91.664	0.123666078508563
91.824	0.123641026876555
91.984	0.123621178790245
92.144	0.123606161837273
92.304	0.123595589665342
92.464	0.123589076579862
92.624	0.12358625312811
92.784	0.123586769743952
92.944	0.123590287086017
93.104	0.123596450935935
93.264	0.123604854623693
93.424	0.123615002412748
93.584	0.123626280536399
93.744	0.123637938395035
93.904	0.123649082526555
94.064	0.123658693226758
94.224	0.123665655503942
94.384	0.123668804231812
94.544	0.12366698255093
94.704	0.123659110466519
94.864	0.123644248895886
95.024	0.123621652799017
95.184	0.123590802030265
95.344	0.123551404342038
95.504	0.123503379674617
95.664	0.123446831895478
95.824	0.123382016466053
95.984	0.123309308440923
96.144	0.123229175425877
96.304	0.123142157362054
96.464	0.123048848954966
96.624	0.12294988324328
96.784	0.122845917503696
96.944	0.122737627087389
97.104	0.122625708813302
97.264	0.122510887239486
97.424	0.122393919171856
97.584	0.122275595222362
97.744	0.122156741087622
97.904	0.122038215881673
98.064	0.121920903234155
98.224	0.121805698699518
98.384	0.121693495160883
98.544	0.121585165103738
98.704	0.121481537822916
98.864	0.121383373350255
99.024	0.121291333904963
99.184	0.121205960138866
99.344	0.12112765030821
99.504	0.121056640123697
99.664	0.120992986375882
99.824	0.12093655999746
99.984	0.120887046797037
100.144	0.1208439547637
100.304	0.120806627710806
100.464	0.120774261749972
100.624	0.120745919235674
100.784	0.120720538882608
100.944	0.120696942192893
101.104	0.120673838958623
101.264	0.120649836120123
101.424	0.120623453715837
101.584	0.120593148248219
101.744	0.120557341851679
101.904	0.120514454696803
102.064	0.12046293851887
102.224	0.120401310201203
102.384	0.120328186880755
102.544	0.120242324306815
102.704	0.120142656848827
102.864	0.120028338189144
103.024	0.119898779241765
103.184	0.119753674449726
103.344	0.119593012176608
103.504	0.11941707052253
103.664	0.119226401098416
103.824	0.119021808225028
103.984	0.118804329225014
104.144	0.118575212103451
104.304	0.11833589583506
104.464	0.118087999317567
104.624	0.117833299902657
104.784	0.117573695002847
104.944	0.117311158407631
105.104	0.117047683896004
105.264	0.116785208589704
105.424	0.116525536968425
105.584	0.116270282002574
105.744	0.116020815759185
105.904	0.115778254819389
106.064	0.115543475165737
106.224	0.115317135196761
106.384	0.115099705019844
106.544	0.114891508836479
106.704	0.114692750671395
106.864	0.114503533800303
107.024	0.114323893642009
107.184	0.114153853199042
107.344	0.113993491579635
107.504	0.113843016762331
107.664	0.113702825191268
107.824	0.113573521457056
107.984	0.113455878890591
108.144	0.113350756623504
108.304	0.113259000664385
108.464	0.113181344950888
108.624	0.113118320218462
108.784	0.113070207219351
108.944	0.11303702253808
109.104	0.113018508371226
109.264	0.113014150570521
109.424	0.113023225572235
109.584	0.113044841623335
109.744	0.113077984688516
109.904	0.113121573451423
110.064	0.113174492740015
110.224	0.113235613821985
110.384	0.113303816201551
110.544	0.113377996743878
110.704	0.113457089491448
110.864	0.113540107475572
111.024	0.113626198746971
111.184	0.113714683138994
111.344	0.113805064299129
111.504	0.113896998283948
111.664	0.113990232325705
111.824	0.114084529137216
111.984	0.114179595432304
112.144	0.114275046168672
112.304	0.114370422723766
112.464	0.114465239645654
112.624	0.11455904729651
112.784	0.114651497972631
112.944	0.11474239353646
113.104	0.114831710672149
113.264	0.11491960674411
113.424	0.115006401926877
113.584	0.115092540758241
113.744	0.115178550566014
113.904	0.11526500308139
114.064	0.115352477663635
114.224	0.115441530114225
114.384	0.11553267797197
114.544	0.115626383157746
114.704	0.115723035998371
114.864	0.115822943387712
115.024	0.115926327758189
115.184	0.116033334253302
115.344	0.116144052116908
115.504	0.11625854212528
115.664	0.116376864503508
115.824	0.116499088294745
115.984	0.116625283614013
116.144	0.116755493680273
116.304	0.116889698295751
116.464	0.302263100595829
116.624	0.302702564415922
116.784	0.303162653894779
116.944	0.303643235987229
117.104	0.304143953524877
117.264	0.304664325253432
117.424	0.30520383113034
117.584	0.305761976466817
117.744	0.306338333920158
117.904	0.306932542787662
118.064	0.307544277777366
118.224	0.308173241794988
118.384	0.308819176668072
118.544	0.309481894953164
118.704	0.310161320658812
118.864	0.310857502716386
119.024	0.311570583960842
119.184	0.312300741433068
119.344	0.313048096185751
119.504	0.313812616419716
119.664	0.314594055854313
119.824	0.31539191652851
119.984	0.316205409101668
120.144	0.317033419264382
120.304	0.317874479972955
120.464	0.318726733683986
120.624	0.319587933686895
120.784	0.320455513957617
120.944	0.321326718005549
121.104	0.322198774755398
121.264	0.323069090475654
121.424	0.323935404744594
121.584	0.324795893921033
121.744	0.325649225543271
121.904	0.326494531884014
122.064	0.327331328387116
122.224	0.328159416354422
122.384	0.328978777494852
122.544	0.329789453017552
122.704	0.330591444012489
122.864	0.33138464905675
123.024	0.332168850414432
123.184	0.332943738408785
123.344	0.333708970772397
123.504	0.334464238938564
123.664	0.335209337248783
123.824	0.33594421041065
123.984	0.336668970147604
124.144	0.337383880834507
124.304	0.338089339584306
124.464	0.338785852236681
124.624	0.339474006910875
124.784	0.340154448092163
124.944	0.34082785011614
125.104	0.341494886095019
125.264	0.342156196633338
125.424	0.34281236000197
125.584	0.343463881799961
125.744	0.344111210162152
125.904	0.344754770306848
126.064	0.345395011224339
126.224	0.346032455016767
126.384	0.346667719086922
126.544	0.347301496066434
126.704	0.347934496798159
126.864	0.348567370407364
127.024	0.34920060942582
127.184	0.349834468468343
127.344	0.350468918850224
127.504	0.351103644662698
127.664	0.351738063051426
127.824	0.352371362408247
127.984	0.353002538102187
128.144	0.353630428948021
128.304	0.354253742395555
128.464	0.35487107585905
128.624	0.35548094530702
128.784	0.356081830998802
128.944	0.356672233921513
129.104	0.357250731914659
129.264	0.357816015859866
129.424	0.358366901306026
129.584	0.358902319264201
129.744	0.359421271147935
129.904	0.359922771288451
130.064	0.360405822998301
130.224	0.360869444139309
130.384	0.36131273964885
130.544	0.361735011869511
130.704	0.36213586576366
130.864	0.362515258466344
131.024	0.362873470585056
131.184	0.363210995388981
131.344	0.363528367016768
131.504	0.363826002244933
131.664	0.364104100882086
131.824	0.364362621601044
131.984	0.364601335583101
132.144	0.364819939317014
132.304	0.365018154694026
132.464	0.365195794506276
132.624	0.365352781873183
132.784	0.365489124282162
132.944	0.365604861751633
133.104	0.365700041777343
133.264	0.365774720412203
133.424	0.365828973936869
133.584	0.365862906811911
133.744	0.365876658488899
133.904	0.365870387079836
134.064	0.365844225201412
134.224	0.365798225523688
134.384	0.365732307820975
134.544	0.365646213703441
134.704	0.365539481083472
134.864	0.365411436419619
135.024	0.365261206395287
135.184	0.365087764789576
135.344	0.364890011751639
135.504	0.364666863628683
135.664	0.364417340477642
135.824	0.36414064257252
135.984	0.363836195319051
136.144	0.363503660522808
136.304	0.363142919597292
136.464	0.362754060039192
136.624	0.362337377340124
136.784	0.361893402871742
136.944	0.361422923084175
137.104	0.360926992505751
137.264	0.360406920690592
137.424	0.359864215643936
137.584	0.359300484166537
137.744	0.358717340581121
137.904	0.358116332893358
138.064	0.357498899792004
138.224	0.356866365650502
138.384	0.356219968817042
138.544	0.355560892760463
138.704	0.354890304827007
138.864	0.354209386960731
139.024	0.353519353901545
139.184	0.352821444948061
139.344	0.35211690838973
139.504	0.351406968159436
139.664	0.350692770550323
139.824	0.349975317791445
139.984	0.349255418047234
140.144	0.348533655025362
140.304	0.347810372652217
140.464	0.347085682108185
140.624	0.34635949326899
140.784	0.345631551516915
140.944	0.344901466268992
141.104	0.344168740495162
141.264	0.343432798876377
141.424	0.342693011616346
141.584	0.341948728495039
141.744	0.341199330596224
141.904	0.340444285320826
142.064	0.339683195699001
142.224	0.338915844857651
142.384	0.338142208671782
142.544	0.337362422362274
142.704	0.336576712282449
142.864	0.335785314485049
143.024	0.334988392206837
143.184	0.334185979563371
143.344	0.333377972240887
143.504	0.332564151385965
143.664	0.331744240118118
143.824	0.330917984530918
143.984	0.330085224547096
144.144	0.329245931176919
144.304	0.328400223051878
144.464	0.327548387877107
144.624	0.326690895136542
144.784	0.325828394121599
144.944	0.324961701629034
145.104	0.324091782587415
145.264	0.323219707753429
145.424	0.322346617350545
145.584	0.321473711301953
145.744	0.320602241129398
145.904	0.319733531977169
146.064	0.318869019862268
146.224	0.31801022832242
146.384	0.317158673254275
146.544	0.316315760385676
146.704	0.315482664861795
146.864	0.314660180972814
147.024	0.313848646964194
147.184	0.313047970984689
147.344	0.312257718018335
147.504	0.311477267030346
147.664	0.310706002880385
147.824	0.309943458530247
147.984	0.309189395333062
148.144	0.308443850718666
148.304	0.307707096925332
148.464	0.306979556470287
148.624	0.306261737626583
148.784	0.305554190195663
148.944	0.304857478657118
149.104	0.304172180867303
149.264	0.303498883248329
149.424	0.302838162959324
149.584	0.302190597001866
149.744	0.301556784228678
149.904	0.300937365737218
150.064	0.300333092202008
150.224	0.299744911466524
150.384	0.299173993579577
150.544	0.298621713781897
150.704	0.298089618664092
150.864	0.297579347122314
151.024	0.297092565484972
151.184	0.296630990631114
151.344	0.296196432437986
151.504	0.29579086363273
151.664	0.295416523525658
151.824	0.295075973853207
151.984	0.294772056989364
152.144	0.294507805297824
152.304	0.294286313931208
152.464	0.294110532785274
152.624	0.293983045822129
152.784	0.293905869597351
152.944	0.293880269708664
153.104	0.293906632476881
153.264	0.293984431488559
153.424	0.294112266524889
153.584	0.294288006492534
153.744	0.294509011604751
153.904	0.294772392173945
154.064	0.295075271312703
154.224	0.295415015692418
154.384	0.295789404068769
154.544	0.296196745704753
154.704	0.296635889987604
154.864	0.297106140381436
155.024	0.297607111237616
155.184	0.298138538257389
155.344	0.298700044584164
155.504	0.299290971469551
155.664	0.299910315073452
155.824	0.300556752471527
155.984	0.301228762602525
156.144	0.301924817938405
156.304	0.302643529359029
156.464	0.303383727898234
156.624	0.304144477243126
156.784	0.304924994675735
156.944	0.3057245281405
157.104	0.306542286853746
157.264	0.307377418478607
157.424	0.308229025029638
157.584	0.309096219296306
157.744	0.30997819633402
157.904	0.310874260258229
158.064	0.311783801612455
158.224	0.312706212739547
158.384	0.313640761322054
158.544	0.314586465940051
158.704	0.315542018157513
158.864	0.316505737491552
159.024	0.317475574696472
159.184	0.318449171419578
159.344	0.319423936579645
159.504	0.320397111273939
159.664	0.321365839201659
159.824	0.322327248212586
159.984	0.323278533315607
160.144	0.324217047946979
160.304	0.325140405267375
160.464	0.326046562641592
160.624	0.326933884213458
160.784	0.327801168530184
160.944	0.328647618531759
161.104	0.329472758302002
161.264	0.330276321906288
161.424	0.331058135195404
161.584	0.331818004527504
161.744	0.332555641839575
161.904	0.333270645684079
162.064	0.333962541401872
162.224	0.334630856258753
162.384	0.335275205128886
162.544	0.335895351761428
162.704	0.336491223864689
162.864	0.337062869566301
163.024	0.337610374285907
163.184	0.338133767576158
163.344	0.338632941093094
163.504	0.339107591824357
163.664	0.339557212510213
163.824	0.339981129784006
163.984	0.340378573998612
164.144	0.340748759968248
164.304	0.341090968872647
164.464	0.341404615505594
164.624	0.34168928077831
164.784	0.341944716295684
164.944	0.342170834452771
165.104	0.342367697406656
165.264	0.342535519571355
165.424	0.342674690296347
165.584	0.342785797338619
165.744	0.342869640888777
165.904	0.342927223709308
166.064	0.342959699920284
166.224	0.342968289334207
166.384	0.342954181498099
166.544	0.342918450776436
166.704	0.342861999255957
166.864	0.342785536889577
167.024	0.342689595683366
167.184	0.342574558844047
167.344	0.342440703108847
167.504	0.342288239731856
167.664	0.34211736051361
167.824	0.341928276239669
167.984	0.341721234273662
168.144	0.341496506217693
168.304	0.34125436592125
168.464	0.34099505355322
168.624	0.340718734444577
168.784	0.34042546609359
168.944	0.34011519061527
169.104	0.339787737604778
169.264	0.339442833848748
169.424	0.339080109661806
169.584	0.338699114573009
169.744	0.338299342628288
169.904	0.337880272886592
170.064	0.337441407636481
170.224	0.336982307954562
170.384	0.336502624237786
170.544	0.336002118469755
170.704	0.335480663483436
170.864	0.334938232419999
171.024	0.334374894362538
171.184	0.333790820234006
171.344	0.333186294965691
171.504	0.332561729908376
171.664	0.331917654777717
171.824	0.331254683158447
171.984	0.330573462455915
172.144	0.329874622877638
172.304	0.329158754599453
172.464	0.328426432012987
172.624	0.327678287311285
172.784	0.326915119698631
172.944	0.326138023536648
173.104	0.325348486001898
173.264	0.324548435421908
173.424	0.323740244998261
173.584	0.322926704594868
173.744	0.3221109544396
173.904	0.321296408834035
174.064	0.320486695409832
174.224	0.319685629916995
174.384	0.318897195475762
174.544	0.318125503609592
174.704	0.317374730551171
174.864	0.316649047556075
175.024	0.315952520036623
175.184	0.315289001730987
175.344	0.31466203819584
175.504	0.314074795902668
175.664	0.313530029905115
175.824	0.313030077647253
175.984	0.312576864349479
176.144	0.312171898083355
176.304	0.311816261257212
176.464	0.311510574099861
176.624	0.311254942456726
176.784	0.311048914007676
176.944	0.310891496130152
177.104	0.310781244085147
177.264	0.310716420644203
177.424	0.310695185693382
177.584	0.310715767961687
177.744	0.310776545311532
177.904	0.310876005961445
178.064	0.311012592376683
178.224	0.311184483930694
178.384	0.311389366071046
178.544	0.311624292374836
178.704	0.311885671357947
178.864	0.312169377173815
179.024	0.312470961953201
179.184	0.31278593666873
179.344	0.313110056975132
179.504	0.313439576895538
179.664	0.313771431398413
179.824	0.314103345967871
179.984	0.314433870352962
180.144	0.314762346581231
180.304	0.315088797992635
180.464	0.315413777998314
180.624	0.315738210413697
180.784	0.316063225888845
180.944	0.316390003444466
181.104	0.316719659563487
181.264	0.31705317725636
181.424	0.317391351559534
181.584	0.317734753813047
181.744	0.318083733842277
181.904	0.31843844725371
182.064	0.318798917133511
182.224	0.31916511289816
182.384	0.319537020269605
182.544	0.31991469307985
182.704	0.320298279649434
182.864	0.32068802269468
183.024	0.321084230431707
183.184	0.321487263739838
183.344	0.321897536443648
183.504	0.322315520999693
183.664	0.32274174848502
183.824	0.323176823266115
183.984	0.323621418121631
184.144	0.324076231903417
184.304	0.324541908538142
184.464	0.325018947927843
184.624	0.325507607679418
184.784	0.326007835662088
184.944	0.326519242798446
185.104	0.327041130789125
185.264	0.327572553607942
185.424	0.32811242091425
185.584	0.328659610730702
185.744	0.329213067759296
185.904	0.32977186201065
186.064	0.330335204233085
186.224	0.330902416879097
186.384	0.331472881238502
186.544	0.332045991328881
186.704	0.332621143636805
186.864	0.333197749888212
187.024	0.33377525956409
187.184	0.334353190115975
187.344	0.33493114494223
187.504	0.335508814997004
187.664	0.336085976912228
187.824	0.336662496214826
187.984	0.337238333120593
188.144	0.337813564467551
188.304	0.338388414571787
188.464	0.338963270954507
188.624	0.339538682283758
188.784	0.34011534059759
188.944	0.340694050601781
189.104	0.341275678837141
189.264	0.341861099149524
189.424	0.342451149883898
189.584	0.343046603509007
189.744	0.343648140710867
189.904	0.344256337038187
190.064	0.344871668364517
190.224	0.345494517361116
190.384	0.346125183090818
190.544	0.346763896443063
190.704	0.347410829788499
190.864	0.348066098622111
191.024	0.348729770344233
191.184	0.349401884132019
191.344	0.350082478476066
191.504	0.350771629045978
191.664	0.351469490264433
191.824	0.352176313464225
191.984	0.352892444382134
192.144	0.353618310580044
192.304	0.354354401484029
192.464	0.355101210010544
192.624	0.355859171179899
192.784	0.356628594623997
192.944	0.357409580828472
193.104	0.358201929427606
193.264	0.359005095932899
193.424	0.359818180567656
193.584	0.360639951072057
193.744	0.361468903416691
193.904	0.362303324154466
194.064	0.363141327337798
194.224	0.363980889956506
194.384	0.364819846100728
194.544	0.365655845025172
194.704	0.366486329105355
194.864	0.367308566118522
195.024	0.36811969446026
195.184	0.368916811013461
195.344	0.369697080887233
195.504	0.370457840427106
195.664	0.371196699433908
195.824	0.371911623281575
195.984	0.372600963992893
196.144	0.373263460063255
196.304	0.373898237344134
196.464	0.374504784168449
196.624	0.375082908803689
196.784	0.375632723856567
196.944	0.376154660865835
197.104	0.376649458504344
197.264	0.377118115003112
197.424	0.37756182269578
197.584	0.377981882861958
197.744	0.378379598802878
197.904	0.378756214391343
198.064	0.379112909269734
198.224	0.379450855403205
198.384	0.379771323789369
198.544	0.380075839749663
198.704	0.380366330152524
198.864	0.380645206482511
199.024	0.380915408800673
199.184	0.381180365643514
199.344	0.381443836497082
199.504	0.381709684063322
199.664	0.381981651122613
199.824	0.382263136672121
199.984	0.382557024049161
200.144	0.382865603033563
200.304	0.383190597073577
200.464	0.383533250939392
200.624	0.383894487974954
200.784	0.38427505079474
200.944	0.384675610054328
201.104	0.385096842566879
201.264	0.385539506093108
201.424	0.386004451768171
201.584	0.386492653708585
201.744	0.387005220410328
201.904	0.38754337433407
202.064	0.38810838754854
202.224	0.388701470160141
202.384	0.389323607932026
202.544	0.389975446695102
202.704	0.390657214170615
202.864	0.391368665255923
203.024	0.392109079958088
203.184	0.392877325592037
203.344	0.393671916820095
203.504	0.394491100246539
203.664	0.395332968721489
203.824	0.396195575408013
203.984	0.397077067787448
204.144	0.397975812468685
204.304	0.398890436824031
204.464	0.39981981078982
204.624	0.400763022071798
204.784	0.401719297624082
204.944	0.402687902464463
205.104	0.403668074492087
205.264	0.404659020714005
205.424	0.405659995352179
205.584	0.406670403381765
205.744	0.407689863295529
205.904	0.408718228851951
206.064	0.409755561674229
206.224	0.410802026387911
206.384	0.411857759709646
206.544	0.412922790106974
206.704	0.413997021037032
206.864	0.415080288390255
207.024	0.416172487780896
207.184	0.41727365250321
207.344	0.418383955130933
207.504	0.419503622762504
207.664	0.420632682569744
207.824	0.421770594302954
207.984	0.422915928637151
208.144	0.424066134951856
208.304	0.425217388687527
208.464	0.426364584289159
208.624	0.427501477595781
208.784	0.428620990202829
208.944	0.429715616561252
209.104	0.430777874570252
209.264	0.431800699544835
209.424	0.432777746797113
209.584	0.433703480332907
209.744	0.434573055170814
209.904	0.435382108046594
210.064	0.436126551541205
210.224	0.436802360254715
210.384	0.437405472679215
210.544	0.437931844710702
210.704	0.438377578522305
210.864	0.438739097634167
211.024	0.439013365014729
211.184	0.439198007999279
211.344	0.439291351862392
211.504	0.4392924421562
211.664	0.439201004814604
211.824	0.439017320805844
211.984	0.438742157542704
212.144	0.438376760413275
212.304	0.437922799351893
212.464	0.437382310303049
212.624	0.436757589028756
212.784	0.436050989119861
212.944	0.435264689895389
213.104	0.434400481192311
213.264	0.433459617674769
213.424	0.432442818014506
213.584	0.431350483225286
213.744	0.430182988924782
213.904	0.428940989645211
214.064	0.427625709205286
214.224	0.426239176608318
214.384	0.424784436527075
214.544	0.423265702853895
214.704	0.421688396589543
214.864	0.420059091980816
215.024	0.41838542859986
215.184	0.416675869604616
215.344	0.414939373041788
215.504	0.413185056535395
215.664	0.411421892334102
215.824	0.409658371287419
215.984	0.407902226072578
216.144	0.406160231563204
216.304	0.404438087788661
216.464	0.402740386304343
216.624	0.401070737220762
216.784	0.399431904525896
216.944	0.397825948876955
217.104	0.396254379564821
217.264	0.394718282027396
217.424	0.393218339671703
217.584	0.391754858323706
217.744	0.390327784669848
217.904	0.388936718270996
218.064	0.387580945416927
218.224	0.386259524900579
218.384	0.384971344211548
218.544	0.383715141757333
218.704	0.382489545064145
218.864	0.381293105027565
219.024	0.380124346239752
219.184	0.378981821667834
219.344	0.37786417129122
219.504	0.376770145576527
219.664	0.37569860623813
219.824	0.374648480160458
219.984	0.373618686822665
220.144	0.372608057282433
220.304	0.371615290591192
220.464	0.370638952076687
220.624	0.369677527057474
220.784	0.368729531272619
220.944	0.367793693578546
221.104	0.36686913573058
221.264	0.365955474352473
221.424	0.36505281743865
221.584	0.364161689803593
221.744	0.363282880086713
221.904	0.362417267743735
222.064	0.361565686236331
222.224	0.360728851705501
222.384	0.359907372338183
222.544	0.359101820118182
222.704	0.358312817423935
222.864	0.35754108063149
223.024	0.356787423960936
223.184	0.356052728363705
223.344	0.355337876187418
223.504	0.354643685863165
223.664	0.353970892903304
223.824	0.353320167151237
223.984	0.352692139775639
224.144	0.352087430669568
224.304	0.351506667337047
224.464	0.350950474918546
224.624	0.350419426164107
224.784	0.349913970862245
224.944	0.349434369965804
225.104	0.348980648198816
225.264	0.348552589659489
225.424	0.348149777272409
225.584	0.347771656260035
225.744	0.347417605330959
225.904	0.347087001288896
226.064	0.346779265463139
226.224	0.34649388324952
226.384	0.346230416538672
226.544	0.345988524102735
226.704	0.345767972481154
226.864	0.345568637578422
227.024	0.345390509075584
227.184	0.345233684286837
227.344	0.345098333346654
227.504	0.344984647089403
227.664	0.344892775344702
227.824	0.344822770630556
227.984	0.344774554976494
228.144	0.344747914823087
228.304	0.34474251132559
228.464	0.344757918272547
228.624	0.34479368180355
228.784	0.344849379763103
228.944	0.344924669758852
229.104	0.345019330752107
229.264	0.345133277415497
229.424	0.34526653866939
229.584	0.345419212432274
229.744	0.345591409652668
229.904	0.345783210486728
230.064	0.3459946450032
230.224	0.346225702638788
230.384	0.346476364301791
230.544	0.346746652255389
230.704	0.347036683537182
230.864	0.347346709843476
231.024	0.347677130791167
231.184	0.348028482324024
231.344	0.348401404447328
231.504	0.348796589170631
231.664	0.349214717873336
231.824	0.349656415610935
231.984	0.350122222771928
232.144	0.350612585770604
232.304	0.351127878420767
232.464	0.351668437300374
232.624	0.352234586381796
232.784	0.352826633008972
232.944	0.430303404502084
233.104	0.432626665661843
233.264	0.434963119056661
233.424	0.437304395752882
233.584	0.439641752357453
233.744	0.441966405329453
233.904	0.444269963405823
234.064	0.446544760057954
234.224	0.448784032700075
234.384	0.450981957294736
234.544	0.453133557243838
234.704	0.45523457956272
234.864	0.457281480548076
235.024	0.459271488964752
235.184	0.461202679811507
235.344	0.463074044627817
235.504	0.464885506084656
235.664	0.466637844355446
235.824	0.468332510479065
235.984	0.469971391513596
236.144	0.47155657951339
236.304	0.473090154356306
236.464	0.474573956805258
236.624	0.47600938742535
236.784	0.477397254734946
236.944	0.478737697736619
237.104	0.480030224778666
237.264	0.481273872356319
237.424	0.482467416113266
237.584	0.483609623033459
237.744	0.484699492864657
237.904	0.485736407509499
238.064	0.486720191254136
238.224	0.487651145971341
238.384	0.488530075221036
238.544	0.489358270521976
238.704	0.490137523428103
238.864	0.49087015037329
239.024	0.491559012415905
239.184	0.492207434234729
239.344	0.492819037485908
239.504	0.493397485098221
239.664	0.493946194480976
239.824	0.494468055935968
239.984	0.494965267052635
240.144	0.495439302317216
240.304	0.495891033289041
240.464	0.496320920670122
240.624	0.496729196446971
240.784	0.49711595455026
240.944	0.497481179606105
241.104	0.497824649687125
241.264	0.498145794250441
241.424	0.498443583009461
241.584	0.498716535427256
241.744	0.498962815340604
241.904	0.499180423218519
242.064	0.499367403301711
242.224	0.499522024231467
242.384	0.499642909381308
242.544	0.499729111907754
242.704	0.499780111633157
242.864	0.499795777953565
243.024	0.499776304672643
243.184	0.499722117704103
243.344	0.499633759177399
243.504	0.499511819283981
243.664	0.49935692069441
243.824	0.499169762975875
243.984	0.498951205764598
244.144	0.498702419139121
244.304	0.498425043394178
244.464	0.498121275550119
244.624	0.497793860645459
244.784	0.497445983426779
244.944	0.497081067088651
245.104	0.496702545738742
245.264	0.496313730607291
245.424	0.495917830923744
245.584	0.495518070143852
245.744	0.495117894023991
245.904	0.494721169022327
246.064	0.494332269232153
246.224	0.493956027254789
246.384	0.493597611707159
246.544	0.493262326382045
246.704	0.492955413096801
246.864	0.492681924185511
247.024	0.49244666815374
247.184	0.492254194234548
247.344	0.49210882870338
247.504	0.492014702935435
247.664	0.491975759924358
247.824	0.491995741611078
247.984	0.492078150499985
248.144	0.492226160875681
248.304	0.492442570250859
248.464	0.492729769327752
248.624	0.493089753890146
248.784	0.493524205931728
248.944	0.494034571608402
249.104	0.494622085243819
249.264	0.495287784084859
249.424	0.496032446926208
249.584	0.49685644631144
249.744	0.497759626276014
249.904	0.498741252817567
250.064	0.499800025496107
250.224	0.500934191872794
250.384	0.50214171824647
250.544	0.503420419324328
250.704	0.504768040061769
250.864	0.506182245541268
251.024	0.507660479452305
251.184	0.509199797813501
251.344	0.510796756733242
251.504	0.512447345521622
251.664	0.514146992007795
251.824	0.515890675959987
251.984	0.517673096427252
252.144	0.519488835266792
252.304	0.521332491766742
252.464	0.523198767476039
252.624	0.525082504364647
252.784	0.52697872079986
252.944	0.528882662880761
253.104	0.530789866148794
253.264	0.532696238412058
253.424	0.534598179529475
253.584	0.536492693267611
253.744	0.538377467749186
253.904	0.540250887225099
254.064	0.542111984439565
254.224	0.543960316802256
254.384	0.545795779132241
254.544	0.547618379678617
254.704	0.549428042841214
254.864	0.551224462625818
255.024	0.553007023735937
255.184	0.554774800736226
255.344	0.556526637874434
255.504	0.558261260585311
255.664	0.559977395527042
255.824	0.561673881594949
255.984	0.563349746560654
256.144	0.565004236238522
256.304	0.566636808372003
256.464	0.568247091151534
256.624	0.569834826346153
256.784	0.571399821134847
256.944	0.57294190035946
257.104	0.574460873232383
257.264	0.575956524768344
257.424	0.577428621253588
257.584	0.578876925335749
257.744	0.580301234790113
257.904	0.581701425800006
258.064	0.583077483223292
258.224	0.584429519020965
258.384	0.585757776913454
258.544	0.587062604126693
258.704	0.588344405040502
258.864	0.58960360354002
259.024	0.590840606919635
259.184	0.592055767357635
259.344	0.593249361129402
259.504	0.594421575998965
259.664	0.59557248536305
259.824	0.596702022511536
259.984	0.597809971013383
260.144	0.598895950756202
260.304	0.599959423467034
260.464	0.600999724216138
260.624	0.602016097575543
260.784	0.603007722619651
260.944	0.603973749330144
261.104	0.604913328130081
261.264	0.605825622475386
261.424	0.606709806275468
261.584	0.607565052839739
261.744	0.608390514590276
261.904	0.60918530503799
262.064	0.609948486415185
262.224	0.610679079192103
262.384	0.611376103749379
262.544	0.612038647357828
262.704	0.612665939610388
262.864	0.613257423547587
263.024	0.613812794331068
263.184	0.614332003796797
263.344	0.614815237044823
263.504	0.615262855364541
263.664	0.615675329902245
263.824	0.616053187823866
263.984	0.616396957364636
264.144	0.616707118823712
264.304	0.616984073299342
264.464	0.617228115405318
264.624	0.617439415851237
264.784	0.617618027768536
264.944	0.617763902366974
265.104	0.61787691261776
265.264	0.617956894291886
265.424	0.618003703412072
265.584	0.618017266546993
265.744	0.617997649862595
265.904	0.617945127706406
266.064	0.617860232949802
266.224	0.617743774766019
266.384	0.61759683854519
266.544	0.61742073296508
266.704	0.617216892792037
266.864	0.616986753721001
267.024	0.616731623741011
267.184	0.616452566959829
267.344	0.616150339070941
267.504	0.615825382888836
267.664	0.61547788561456
267.824	0.61510788016885
267.984	0.614715370452053
268.144	0.614300426145626
268.304	0.613863241745769
268.464	0.613404141361926
268.624	0.612923536219945
268.784	0.612421858358992
268.944	0.611899501599879
269.104	0.611356783536053
269.264	0.610793950911621
269.424	0.61021121603293
269.584	0.609608783178793
269.744	0.608986865162798
269.904	0.608345705998147
270.064	0.607685591005954
270.224	0.607006856276236
270.384	0.606309924411121
270.544	0.605595353259638
270.704	0.604863868201342
270.864	0.604116388025922
271.024	0.603354039803349
271.184	0.602578143737041
271.344	0.601790161549545
271.504	0.600991617650486
271.664	0.600184012075246
271.824	0.599368740959797
271.984	0.59854704103801
272.144	0.597719982441575
272.304	0.596888507171847
272.464	0.596053499422418
272.624	0.595215878138426
272.784	0.594376689995151
272.944	0.593537156136883
273.104	0.592698683699879
273.264	0.591862863909746
273.424	0.591031437499254
273.584	0.590206231511303
273.744	0.589389109525733
273.904	0.58858192985997
274.064	0.587786488336974
274.224	0.587004460172345
274.384	0.586237339332776
274.544	0.585486370329477
274.704	0.584752504225328
274.864	0.584036392649537
275.024	0.583338410737177
275.184	0.582658726006848
275.344	0.581997416728157
275.504	0.581354606667944
275.664	0.580730595741464
275.824	0.580125963943715
275.984	0.57954160989452
276.144	0.578978720366194
276.304	0.57843867788872
276.464	0.577922921476208
276.624	0.577432809566815
276.784	0.576969526419759
276.944	0.57653404425114
277.104	0.576127130218225
277.264	0.575749389971513
277.424	0.575401316551016
277.584	0.57508333186945
277.744	0.574795809453036
277.904	0.574539056677153
278.064	0.574313275130613
278.224	0.574118523220456
278.384	0.573954687106358
278.544	0.573821462905173
278.704	0.57371836838378
278.864	0.57364477147739
279.024	0.573599939484538
279.184	0.573583099909875
279.344	0.573593488633158
279.504	0.573630371932623
279.664	0.573693054466851
279.824	0.573780832025903
279.984	0.573892912926723
280.144	0.574028336054049
280.304	0.574185903737927
280.464	0.574364138753971
280.624	0.574561296578459
280.784	0.574775403505498
280.944	0.575004310907829
281.104	0.575245775619827
281.264	0.575497543911005
281.424	0.575757408496749
281.584	0.576023257615951
281.744	0.57629310977746
281.904	0.576565106595929
282.064	0.576837474269418
282.224	0.577108481284505
282.384	0.577376394716048
282.544	0.577639430221211
282.704	0.577895725400786
282.864	0.578143333988578
283.024	0.578380221283673
283.184	0.57860425055231
283.344	0.578813172545459
283.504	0.579004612919512
283.664	0.579176070418768
283.824	0.579324958386323
283.984	0.579448690335759
284.144	0.579544770942611
284.304	0.579610891562162
284.464	0.579645004202398
284.624	0.579645339033277
284.784	0.579610372395315
284.944	0.579538779447304
285.104	0.579429392924958
285.264	0.57928118366997
285.424	0.579093270375019
285.584	0.57886495564825
285.744	0.57859578815949
285.904	0.578285615580185
286.064	0.577934609467832
286.224	0.577543270806288
286.384	0.577112430323965
286.544	0.576643237864772
286.704	0.576137167603306
286.864	0.575596044981559
287.024	0.575022070633509
287.184	0.574417820143104
287.344	0.573786225695812
287.504	0.573130506465922
287.664	0.572454049963092
287.824	0.571760266045757
287.984	0.571052440728437
288.144	0.570333599702288
288.304	0.569606428445155
288.464	0.56887327964926
288.624	0.568136244070885
288.784	0.567397260416001
288.944	0.566658243663753
289.104	0.565921194174507
289.264	0.565188243790438
289.424	0.564461655754279
289.584	0.563743796972425
289.744	0.563037081875038
289.904	0.562343902007697
290.064	0.561666567667203
290.224	0.561007261804512
290.384	0.560367999441624
290.544	0.55975059860905
290.704	0.559156656774491
290.864	0.558587534485007
291.024	0.558044377566397
291.184	0.5575281503803
291.344	0.557039653212676
291.504	0.556579523960458
291.664	0.556148208407954
291.824	0.555745906923079
291.984	0.555372531462879
292.144	0.555027708367398
292.304	0.554710817880881
292.464	0.554421084847121
292.624	0.554157691769973
292.784	0.553919858307488
292.944	0.553706893171579
293.104	0.553518218280118
293.264	0.553353350210585
293.424	0.553211861622835
293.584	0.553093366075217
293.744	0.552997515647206
293.904	0.552924024327496
294.064	0.552872722747615
294.224	0.552843614285266
294.384	0.552836921238537
294.544	0.552853137402316
294.704	0.552893042661701
294.864	0.552957681059539
295.024	0.553048330858879
295.184	0.553166471482015
295.344	0.55331374017598
295.504	0.553491887527706
295.664	0.553702703882323
295.824	0.553947936293639
295.984	0.554229214360177
296.144	0.554547950098289
296.304	0.554905211164659
296.464	0.555301621181826
296.624	0.555737297613241
296.784	0.556211837356962
296.944	0.556724368680023
297.104	0.557273654552986
297.264	0.557858218360124
297.424	0.558476482712223
297.584	0.559126851464264
297.744	0.559807698098396
297.904	0.560517299538283
298.064	0.561253754287598
298.224	0.562014887326114
298.384	0.562798207749438
298.544	0.563600959341407
298.704	0.564420263313039
298.864	0.565253290666952
299.024	0.566097428902125
299.184	0.566950386922137
299.344	0.56781022403662
299.504	0.568675306328331
299.664	0.569544234940942
299.824	0.57041576460194
299.984	0.571288749130197
300.144	0.572162135997516
300.304	0.573035011228107
300.464	0.5739066533244
300.624	0.574776588557874
300.784	0.575644629847481
300.944	0.576510879963415
301.104	0.577375707335165
301.264	0.578239704963167
301.424	0.57910362930501
301.584	0.579968337788245
301.744	0.58083474030024
301.904	0.581703761902197
302.064	0.582576323617921
302.224	0.583453329800847
302.384	0.58433566462044
302.544	0.585224197478055
302.704	0.586119800450788
302.864	0.587023349837686
303.024	0.587935726647665
303.184	0.588857816870096
303.344	0.589790511818961
303.504	0.590734698471685
303.664	0.591691249823747
303.824	0.592661004086999
303.984	0.59364474165902
304.144	0.594643157142507
304.304	0.595656836044199
304.464	0.596686249082225
304.624	0.597731786109932
304.784	0.598793794980267
304.944	0.599872619472421
305.104	0.600968626453856
305.264	0.602082202784132
305.424	0.603213700216862
305.584	0.604363368683956
305.744	0.60553128457569
305.904	0.606717275923295
306.064	0.607920891009435
306.224	0.609141419731465
306.384	0.610377926345784
306.544	0.611629304390256
306.704	0.612894357121512
306.864	0.614171852171914
307.024	0.615460545822863
307.184	0.616759205453555
307.344	0.618066612420392
307.504	0.619381525970454
307.664	0.620702646576341
307.824	0.622028575245004
307.984	0.623357754770367
308.144	0.624688415642837
308.304	0.626018531581529
308.464	0.627345767331057
308.624	0.628667431816574
308.784	0.629980448140415
308.944	0.631281338090268
309.104	0.632566231274375
309.264	0.63383091169203
309.424	0.635070889751297
309.584	0.636281484112324
309.744	0.637457910869777
309.904	0.638595366299178
310.064	0.639689087613142
310.224	0.640734401038067
310.384	0.641726765340003
310.544	0.642661807464471
310.704	0.643535362092145
310.864	0.64434352902024
311.024	0.645082738390975
311.184	0.645749816318606
311.344	0.646342048863168
311.504	0.646857234329623
311.664	0.647293718168733
311.824	0.647650418353614
311.984	0.647926843210065
312.144	0.648123105656232
312.304	0.648239940422123
312.464	0.648278721853778
312.624	0.648241467974053
312.784	0.648130821176984
312.944	0.647949997161625
313.104	0.647702694488125
313.264	0.647392969312229
313.424	0.647025091610836
313.584	0.646603403729934
313.744	0.646132206431453
313.904	0.645615693388713
314.064	0.645057938280367
314.224	0.644462932480629
314.384	0.643834656254576
314.544	0.643177155110301
314.704	0.64249458912888
314.864	0.64179125346093
315.024	0.6410715671745
315.184	0.640340040102522
315.344	0.639601239861356
315.504	0.638859780481518
315.664	0.638120334274994
315.824	0.637387660784135
315.984	0.636666631933359
316.144	0.635962230105925
316.304	0.635279527085082
316.464	0.634623642429936
316.624	0.633999673089015
316.784	0.633412612613093
316.944	0.632867297907232
317.104	0.632368383571823
317.264	0.631920336872973
317.424	0.631527424241831
317.584	0.631193657358857
317.744	0.630922666915616
317.904	0.630717518014599
318.064	0.630580502151894
318.224	0.630512962284961
318.384	0.630515187025473
318.544	0.630586412858584
318.704	0.630724930466762
318.864	0.630928241925268
319.024	0.631193230313464
319.184	0.631516314918933
319.344	0.631893547295995
319.504	0.632320651075695
319.664	0.632793060920129
319.824	0.633305965793802
319.984	0.633854343434201
320.144	0.634433015501891
320.304	0.635036715138718
320.464	0.635660141633913
320.624	0.636298022037245
320.784	0.636945199676596
320.944	0.637596732885321
321.104	0.63824801587797
321.264	0.638894913884947
321.424	0.639533862153208
321.584	0.640161914897327
321.744	0.640776730878649
321.904	0.641376484582544
322.064	0.641959720641118
322.224	0.642525195303456
322.384	0.643071730687417
322.544	0.643598109159633
322.704	0.644103026822698
322.864	0.644585094526555
323.024	0.64504287398659
323.184	0.645474933674414
323.344	0.645879900631577
323.504	0.646256495513761
323.664	0.646603556207943
323.824	0.646920051095599
323.984	0.647205079532164
324.144	0.647457867505729
324.304	0.647677759496297
324.464	0.647864201227371
324.624	0.648016713719166
324.784	0.64813485510809
324.944	0.648218173068493
325.104	0.648266157578213
325.264	0.648278206607323
325.424	0.648253610133118
325.584	0.648191556313982
325.744	0.648091155519332
325.904	0.647951470338334
326.064	0.647771540920225
326.224	0.647550401167443
326.384	0.647287085756751
326.544	0.646980628329253
326.704	0.64663006026661
326.864	0.646234419391824
327.024	0.645792768706606
327.184	0.645304224219622
327.344	0.644767995334142
327.504	0.644183428992839
327.664	0.643550052659499
327.824	0.642867622889476
327.984	0.642136180581467
328.144	0.641356100410015
328.304	0.640528144503094
328.464	0.639653520538417
328.624	0.63873391966964
328.784	0.637771521481476
328.944	0.636768971557494
329.104	0.635729317389298
329.264	0.634655902969889
329.424	0.633552246834419
329.584	0.632421920218228
329.744	0.63126842762847
329.904	0.630095108208032
330.064	0.628905072334113
330.224	0.627701169160865
330.384	0.626485983278251
330.544	0.625261882295781
330.704	0.624031110291035
330.864	0.622795901484061
331.024	0.621558589284099
331.184	0.620321676240437
331.344	0.61908783297617
331.504	0.617859833800033
331.664	0.616640444552552
331.824	0.615432295851882
331.984	0.614237784647045
332.144	0.613059014639205
332.304	0.611897769681484
332.464	0.610755528660029
332.624	0.609633489698432
332.784	0.608532574929967
332.944	0.607453438286456
333.104	0.606396498058096
333.264	0.605361980418756
333.424	0.604350001644498
333.584	0.6033606811041
333.744	0.602394246710197
333.904	0.60145111569377
334.064	0.60053196416623
334.224	0.599637752561186
334.384	0.598769706764436
334.544	0.597929275488589
334.704	0.597118054948908
334.864	0.596337676340205
335.024	0.595589679102176
335.184	0.594875403255138
335.344	0.59419591320458
335.504	0.593551970612978
335.664	0.592944063526964
335.824	0.592372489824776
335.984	0.591837454482551
336.144	0.591339167097651
336.304	0.590877920901335
336.464	0.590454129531821
336.624	0.590068328003206
336.784	0.589721189139681
336.944	0.589413538817553
337.104	0.589146357180532
337.264	0.588920779587241
337.424	0.58873808146263
337.584	0.588599612427402
337.744	0.58850672512574
337.904	0.588460711946475
338.064	0.588462739943637
338.224	0.588513829241045
338.384	0.588614879901527
338.544	0.588766702750377
338.704	0.588970041504197
338.864	0.589225588113798
339.024	0.589533949370662
339.184	0.589895586701019
339.344	0.590310770455645
339.504	0.590779527001168
339.664	0.591301587223604
339.824	0.5918763561776
339.984	0.592502867077798
340.144	0.593179719072943
340.304	0.593905038655748
340.464	0.594676468714319
340.624	0.595491197141214
340.784	0.596346047081823
340.944	0.597237586922979
341.104	0.598162230235282
341.264	0.599116336595763
341.424	0.600096284988467
341.584	0.601098512278739
341.744	0.602119553126009
341.904	0.603156096157825
342.064	0.604205048662536
342.224	0.605263594827676
342.384	0.606329224901138
342.544	0.607399733500067
342.704	0.608473200937517
342.864	0.609547950356038
343.024	0.610622481864866
343.184	0.611695412313956
343.344	0.612765434601684
343.504	0.613831291968459
343.664	0.614891752174522
343.824	0.615945582061514
343.984	0.6169915322915
344.144	0.618028332347528
344.304	0.619054686798435
344.464	0.620069283457703
344.624	0.621070809929371
344.784	0.622057975281237
344.944	0.623029522537543
345.104	0.623984236084716
345.264	0.62492093687834
345.424	0.625838501586053
345.584	0.626735891425781
345.744	0.627612180894523
345.904	0.628466587412468
346.064	0.629298508073624
346.224	0.630107525257436
346.384	0.630893382070347
346.544	0.631655935173804
346.704	0.63239510009462
346.864	0.633110801373697
347.024	0.633802953774939
347.184	0.634471460798899
347.344	0.635116232830939
347.504	0.635737212115977
347.664	0.636334392649168
347.824	0.636907828333349
347.984	0.637457642148924
348.144	0.637984035297983
348.304	0.638487295570407
348.464	0.638967801717349
348.624	0.639426023868602
348.784	0.639862518308298
348.944	0.640277916498491
349.104	0.640672913967755
349.264	0.641048262592356
349.424	0.751468445955027
349.584	0.750139487991589
349.744	0.748877321116936
349.904	0.747679118446683
350.064	0.746541919316826
350.224	0.745462750637614
350.384	0.744438709957819
350.544	0.743467022157517
350.704	0.742545055051153
350.864	0.74167032204906
351.024	0.740840478044049
351.184	0.740053315617331
351.344	0.73930674123261
351.504	0.738598766465145
351.664	0.737927500155308
351.824	0.737291138872536
351.984	0.736687949202576
352.144	0.736116282369892
352.304	0.735574604922419
352.464	0.735061561515352
352.624	0.734576039022329
352.784	0.734117197518287
352.944	0.733684466030184
353.104	0.733277506755769
353.264	0.732896125690729
353.424	0.732540162957605
353.584	0.732209402133378
353.744	0.731903511519874
353.904	0.731622000103869
354.064	0.731364196170091
354.224	0.731129245787599
354.384	0.730916120643826
354.544	0.730723625478561
354.704	0.730550418255177
354.864	0.730395023335461
355.024	0.730255851410277
355.184	0.730131242170899
355.344	0.730019523718227
355.504	0.729919067487629
355.664	0.729828342564076
355.824	0.729745963435846
355.984	0.729670723854667
356.144	0.729601616271623
356.304	0.72953784053999
356.464	0.729478788065023
356.624	0.729424014461017
356.784	0.729373206785738
356.944	0.729326143019819
357.104	0.729282651444635
357.264	0.729242587220767
357.424	0.729205816842125
357.584	0.729172206003284
357.744	0.729141612853653
357.904	0.72911388373592
358.064	0.729088846807429
358.224	0.729066310106703
358.384	0.729046061322549
358.544	0.729027871455571
358.704	0.729011507005964
358.864	0.728996751806051
359.024	0.728983425381728
359.184	0.728971394257258
359.344	0.728960573816209
359.504	0.72895092041739
359.664	0.728942414848177
359.824	0.728935043575859
359.984	0.728928782526452
360.144	0.72892358803
360.304	0.728919393870854
360.464	0.728916113462844
360.624	0.728913645606269
360.784	0.728911883806461
360.944	0.728910725619187
361.104	0.728910081228321
361.264	0.728909879962146
361.424	0.728910070649647
361.584	0.728910616098517
361.744	0.728911485637866
361.904	0.728912644226568
362.064	0.728914039455901
362.224	0.728915592515193
362.384	0.728917195528595
362.544	0.728918711500512
362.704	0.728919979498698
362.864	0.728920823323108
363.024	0.728921063065343
363.184	0.728920526444938
363.344	0.728919062669149
363.504	0.728916557177683
363.664	0.728912949586459
363.824	0.728908251177756
363.984	0.728902558457492
364.144	0.728896052947846
364.304	0.728888988686151
364.464	0.728881667867142
364.624	0.728874409743469
364.784	0.728867517333299
364.944	0.728861251756882
365.104	0.728855816990233
365.264	0.728851356670532
365.424	0.728847959104371
365.584	0.728845667603252
365.744	0.7288444926632
365.904	0.728844423578096
366.064	0.72884543767708
366.224	0.728847508370166
366.384	0.72885061284245
366.544	0.728854739017777
366.704	0.728859892091293
366.864	0.728866099185382
367.024	0.728873411885218
367.184	0.728881907906441
367.344	0.728891691925753
367.504	0.728902895106501
367.664	0.728915673503536
367.824	0.728930200395155
367.984	0.728946648821477
368.144	0.72896516335328
368.304	0.728985821430967
368.464	0.729008590180626
368.624	0.729033289105416
368.784	0.729059567116508
368.944	0.729086899802326
369.104	0.729114605564803
369.264	0.729141876356437
369.424	0.729167817356313
369.584	0.729191497705472
369.744	0.729212006440491
369.904	0.729228511859958
370.064	0.729240322772
370.224	0.72924694347995
370.384	0.729248109464891
370.544	0.729243800376764
370.704	0.729234231676571
370.864	0.729219824004588
371.024	0.729201152287658
371.184	0.72917888553485
371.344	0.729153727792038
371.504	0.729126371240397
371.664	0.729097463538608
371.824	0.729067598393783
371.984	0.729037321348585
372.144	0.729007150333985
372.304	0.728977604900649
372.464	0.728949236829237
372.624	0.728922655558165
372.784	0.728898552135718
372.944	0.728877718165165
373.104	0.728861056676521
373.264	0.728849589491176
373.424	0.728844469508829
373.584	0.728847003635394
373.744	0.728858696800728
373.904	0.728881318551942
374.064	0.728916980317251
374.224	0.728968207778109
374.384	0.729037989036158
374.544	0.72912978668154
374.704	0.729247513026337
374.864	0.729395474878686
375.024	0.729578297530281
375.184	0.729800842912084
375.344	0.730068124625802
375.504	0.730385205795812
375.664	0.730757085755783
375.824	0.731188591723651
375.984	0.731684268199558
376.144	0.732248264720226
376.304	0.732884243458841
376.464	0.733595308114388
376.624	0.734383936651341
376.784	0.735251928117179
376.944	0.736200374355747
377.104	0.737229663624305
377.264	0.73833949837632
377.424	0.739528911941591
377.584	0.740796245445551
377.744	0.74213910565021
377.904	0.743554336371005
378.064	0.745038019314336
378.224	0.746585496328578
378.384	0.748191450204615
378.544	0.749850011436649
378.704	0.751554836018784
378.864	0.753299151490921
379.024	0.755075800937163
379.184	0.756877288955195
379.344	0.758695906489663
379.504	0.760523978698473
379.664	0.762354195682121
379.824	0.764179944282944
379.984	0.765995586797942
380.144	0.767796584897212
380.304	0.769579439767142
380.464	0.771341486185918
380.624	0.773080591798646
380.784	0.774794818449152
380.944	0.776482131756268
381.104	0.778140200892551
381.264	0.779766286594452
381.424	0.781357242788147
381.584	0.782909636450597
381.744	0.784419940607052
381.904	0.785884765348044
382.064	0.787301055562523
382.224	0.788666236872189
382.384	0.789978276890167
382.544	0.791235659957636
382.704	0.792437268715787
382.864	0.793582211256137
383.024	0.79466964735326
383.184	0.795698675510096
383.344	0.796668274087835
383.504	0.797577253057568
383.664	0.798424230774515
383.824	0.799207678624441
383.984	0.79992598565542
384.144	0.800577550999776
384.304	0.801160910069086
384.464	0.80167489321019
384.624	0.802118767290779
384.784	0.802492360382018
384.944	0.802796103705703
385.104	0.803030990674927
385.264	0.803198498791915
385.424	0.803300466717758
385.584	0.803338888726159
385.744	0.803315720311673
385.904	0.803232713089017
386.064	0.803091257943322
386.224	0.802892283624089
386.384	0.802636256577614
386.544	0.802323276598997
386.704	0.801953307975339
386.864	0.801526489695846
387.024	0.801043422762234
387.184	0.800505402956958
387.344	0.799914531838738
387.504	0.799273644897255
387.664	0.798586115286355
387.824	0.797855618865526
387.984	0.797085883871148
388.144	0.796280522241148
388.304	0.795442998769829
388.464	0.794576667326339
388.624	0.793684831261032
388.784	0.792770781051274
388.944	0.791837763836327
389.104	0.790888923220848
389.264	0.789927263419202
389.424	0.788955631963461
389.584	0.787976754442013
389.744	0.786993329416021
389.904	0.786008112857814
390.064	0.785023900359249
390.224	0.784043397341804
390.384	0.783069038886708
390.544	0.782102804723252
390.704	0.781146075636968
390.864	0.780199660584856
391.024	0.779263976692221
391.184	0.778339327863193
391.344	0.777426190862514
391.504	0.776525447785104
391.664	0.775638451777183
391.824	0.774766991398963
391.984	0.773913215789946
392.144	0.773079501675227
392.304	0.772268301681777
392.464	0.771482083206649
392.624	0.770723282003985
392.784	0.769994220090496
392.944	0.769297017362135
393.104	0.768633516030889
393.264	0.768005174779034
393.424	0.767413032950969
393.584	0.766857733150516
393.744	0.766339579116732
393.904	0.765858636575274
394.064	0.765414875177328
394.224	0.765008291306856
394.384	0.76463900572395
394.544	0.764307351769787
394.704	0.764013906958496
394.864	0.763759429642107
395.024	0.76354473343082
395.184	0.763370555921995
395.344	0.763237428553055
395.504	0.763145595446815
395.664	0.763095005547314
395.824	0.763085338166263
395.984	0.763116006547818
396.144	0.763186150482454
396.304	0.763294632453551
396.464	0.763440011907107
396.624	0.763620531923664
396.784	0.763834142739086
396.944	0.76407856279701
397.104	0.764351359034606
397.264	0.764650032641669
397.424	0.764972047999152
397.584	0.765314852635299
397.744	0.765675912980043
397.904	0.766052743401417
398.064	0.766442955508808
398.224	0.766844340327737
398.384	0.767254942884676
398.544	0.767673125555291
398.704	0.768097606713297
398.864	0.768527430718962
399.024	0.768961892385676
399.184	0.769400501633015
399.344	0.769842918776988
399.504	0.770288863954931
399.664	0.770738091979922
399.824	0.771190418374829
399.984	0.771645729959403
400.144	0.772104030820458
400.304	0.772565531834346
400.464	0.773030738157388
400.624	0.773500532514447
400.784	0.773976271059098
400.944	0.774459840556631
401.104	0.774953682616626
401.264	0.775460791370563
401.424	0.775984686272125
401.584	0.776529263163582
401.744	0.777098573248679
401.904	0.777696573668834
402.064	0.77832689249027
402.224	0.778992616777884
402.384	0.779696173167565
402.544	0.780439286737021
402.704	0.78122302430944
402.864	0.78204793758681
403.024	0.782914280100783
403.184	0.783822205003901
403.344	0.78477198948184
403.504	0.785764242136054
403.664	0.786800012472611
403.824	0.787880820130511
403.984	0.789008661763376
404.144	0.790185932608267
404.304	0.791415276248529
404.464	0.792699441441016
404.624	0.794041146972233
404.784	0.795442944267108
404.944	0.796907160503281
405.104	0.798435857530137
405.264	0.800030770560909
405.424	0.801693245114905
405.584	0.803424205284671
405.744	0.805224044737372
405.904	0.807092477178855
406.064	0.809028346739808
406.224	0.811029403081818
406.384	0.813092049480986
406.544	0.815211167316704
406.704	0.817380052988597
406.864	0.819590488198685
407.024	0.821832897043635
407.184	0.824096575285239
407.344	0.826369935507557
407.504	0.828640751771047
407.664	0.830896359645465
407.824	0.833123854254893
407.984	0.83531028960067
408.144	0.837442888450198
408.304	0.839509274901673
408.464	0.841497723309487
408.624	0.843397377217173
408.784	0.845198418029213
408.944	0.846892200666161
409.104	0.848471357373171
409.264	0.84992987894077
409.424	0.851263204296799
409.584	0.852468330259001
409.744	0.853543930748913
409.904	0.854490442815916
410.064	0.855310096048072
410.224	0.856006866420955
410.384	0.856586348793314
410.544	0.857055562665266
410.704	0.857422723847435
410.864	0.857697005668967
411.024	0.85788831214137
411.184	0.858007067964138
411.344	0.858064015674756
411.504	0.858070006699563
411.664	0.85803578611484
411.824	0.857971779882405
411.984	0.857887900797834
412.144	0.857793391071937
412.304	0.857696709115089
412.464	0.857605455482769
412.624	0.85752632575327
412.784	0.857465080553482
412.944	0.857426525315873
413.104	0.857414498965625
413.264	0.857431871297877
413.424	0.85748054558843
413.584	0.857561462085698
413.744	0.857674598286508
413.904	0.857818964512603
414.064	0.857992604139611
414.224	0.858192615007852
414.384	0.858415203207301
414.544	0.858655785254939
414.704	0.85890914108279
414.864	0.859169608594243
415.024	0.859431302160147
415.184	0.859688345815357
415.344	0.859935093963713
415.504	0.860166321402346
415.664	0.860377374411598
415.824	0.86056428930857
415.984	0.860723868189041
416.144	0.86085372455068
416.304	0.86095229753488
416.464	0.861018831801914
416.624	0.861053324610396
416.784	0.861056451457102
416.944	0.861029472044095
417.104	0.860974125894359
417.264	0.860892531849743
417.424	0.860787092406724
417.584	0.860660403112718
417.744	0.860515178542585
417.904	0.860354197285346
418.064	0.860180256821593
418.224	0.859996134699827
418.384	0.859804556204494
418.544	0.85960816555945
418.704	0.859409508226008
418.864	0.859211022225963
419.024	0.859015029366276
419.184	0.85882372366359
419.344	0.858639152042485
419.504	0.858463188167889
419.664	0.858297506073882
419.824	0.858143558430868
419.984	0.858002568046629
420.144	0.857875533225297
420.304	0.857763245357148
420.464	0.857666304675774
420.624	0.857585124126217
420.784	0.857519915451803
420.944	0.857470665056042
421.104	0.857437109930004
421.264	0.857418723018327
421.424	0.857414713815444
421.584	0.857424044311699
421.744	0.857445456010055
421.904	0.857477502234246
422.064	0.857518581277304
422.224	0.857566969343679
422.384	0.857620852911282
422.544	0.857678361330329
422.704	0.857737601272959
422.864	0.857796694362321
423.024	0.857853816015563
423.184	0.857907234762138
423.344	0.857955350101292
423.504	0.857996725490523
423.664	0.858030113334564
423.824	0.858054469878709
423.984	0.858068959937725
424.144	0.858072952994064
424.304	0.858066012783013
424.464	0.858047882467019
424.624	0.85801846854082
424.784	0.857977826393267
424.944	0.85792614957694
425.104	0.857863762804072
425.264	0.857791115906082
425.424	0.857708775100548
425.584	0.85761740755396
425.744	0.85751775850099
425.904	0.857410622578016
426.064	0.857296814614585
426.224	0.857177145451203
426.384	0.857052410637323
426.544	0.85692338955397
426.704	0.856790847409968
426.864	0.856655537022675
427.024	0.856518195333308
427.184	0.856379526272349
427.344	0.85624016798846
427.504	0.856100655304033
427.664	0.855961380612882
427.824	0.85582256098013
427.984	0.855684221034608
428.144	0.855546202262246
428.304	0.855408201619923
428.464	0.85526983088215
428.624	0.855130682583592
428.784	0.854990384087557
428.944	0.854848637894065
429.104	0.854705241363433
429.264	0.85456009611994
429.424	0.854413219688638
429.584	0.854264763859248
429.744	0.854115038933003
429.904	0.853964538314642
430.064	0.853813940929115
430.224	0.853664087029358
430.384	0.85351593274703
430.544	0.853370493653131
430.704	0.853228771472743
430.864	0.853091693910358
431.024	0.852960068696063
431.184	0.852834552761294
431.344	0.852715627289115
431.504	0.852603595102096
431.664	0.852498588152514
431.824	0.852400598745078
431.984	0.852309528863032
432.144	0.852225245382158
432.304	0.852147615998774
432.464	0.852076528475095
432.624	0.852011877620555
432.784	0.851953541045759
432.944	0.851901357578583
433.104	0.851855126372129
433.264	0.8518146289789
433.424	0.851779677928107
433.584	0.851750176954795
433.744	0.851726171917733
433.904	0.851707889599481
434.064	0.851695752841636
434.224	0.851690360974942
434.384	0.85169243617969
434.544	0.851702761105855
434.704	0.85172210778029
434.864	0.85175117832415
435.024	0.851790568699414
435.184	0.851840759916797
435.344	0.85190212061633
435.504	0.851974914769471
435.664	0.852059303339047
435.824	0.852155340010256
435.984	0.852262963510782
436.144	0.852382006260484
436.304	0.852512217831247
436.464	0.852653302189026
436.624	0.852804953874625
436.784	0.852966874791889
436.944	0.853138759057003
437.104	0.853320248509704
437.264	0.853510869359013
437.424	0.853709967910561
437.584	0.853916673774393
437.744	0.854129893121637
437.904	0.854348345304572
438.064	0.854570626451221
438.224	0.854795284966087
438.384	0.855020886048862
438.544	0.855246060022637
438.704	0.855469521276802
438.864	0.85569006760204
439.024	0.855906569679689
439.184	0.856117958923051
439.344	0.856323213587928
439.504	0.856521354704853
439.664	0.85671144163058
439.824	0.856892561000166
439.984	0.857063809407009
440.144	0.857224281561173
440.304	0.857373066587627
440.464	0.857509259846722
440.624	0.857631995107283
440.784	0.857740490073581
440.944	0.857834097241209
441.104	0.857912350582069
441.264	0.857974997739177
441.424	0.858022010768423
441.584	0.858053580803187
441.744	0.858070103616853
441.904	0.858072165570718
442.064	0.85806053645814
442.224	0.858036173049641
442.384	0.858000232286315
442.544	0.857954090675378
442.704	0.85791665305095
442.864	0.857871770494967
443.024	0.857819995744819
443.184	0.857762566924464
443.344	0.857701380107471
443.504	0.857638905486681
443.664	0.857578067588122
443.824	0.857522110214063
443.984	0.857474462830567
444.144	0.857438619777383
444.304	0.857418038386413
444.464	0.857416057765647
444.624	0.857435837446815
444.784	0.857480313571045
444.944	0.85755216973854
445.104	0.857653819733059
445.264	0.857787399480799
445.424	0.857954766029764
445.584	0.858157501915969
445.744	0.858396923607359
445.904	0.858674092704746
446.064	0.858989829056213
446.224	0.85934472497712
446.384	0.859739159970218
446.544	0.8601733152056
446.704	0.860647187551081
446.864	0.861160602957568
447.024	0.861713229297663
447.184	0.862304589038501
447.344	0.862934071925451
447.504	0.86360094760721
447.664	0.864304377729752
447.824	0.865043427285855
447.984	0.865817074417521
448.144	0.866624218657876
448.304	0.867463688193084
448.464	0.868334246054189
448.624	0.869234595831131
448.784	0.870163387683363
448.944	0.871119224952736
449.104	0.872100672288809
449.264	0.873106264973273
449.424	0.874134518421499
449.584	0.875183937002305
449.744	0.876253022413437
449.904	0.877340279641771
450.064	0.878444219300945
450.224	0.879563357270683
450.384	0.880696213108479
450.544	0.881841307352715
450.704	0.882997158267699
450.864	0.884162280186047
451.024	0.885335183528923
451.184	0.886514375482136
451.344	0.88769836185719
451.504	0.888885651050771
451.664	0.890074759710501
451.824	0.891264219308766
451.984	0.892452582945282
452.144	0.893638431119257
452.304	0.894820376239693
452.464	0.89599706615769
452.624	0.897167187572734
452.784	0.898329470901388
452.944	0.899482696134896
453.104	0.900625699287275
453.264	0.901757377979777
453.424	0.902876693816438
453.584	0.903982671338042
453.744	0.905074395175461
453.904	0.906151005642869
454.064	0.90721169212253
454.224	0.908255687729877
454.384	0.909282265820025
454.544	0.91029073613538
454.704	0.911280439836389
454.864	0.91225074504689
455.024	0.913201041551304
455.184	0.914130735836864
455.344	0.915039247204845
455.504	0.915926005202607
455.664	0.91679044804323
455.824	0.917632023092892
455.984	0.918450186928624
456.144	0.919244405565053
456.304	0.920014154827697
456.464	0.920758921634956
456.624	0.921478204532491
456.784	0.922171513950445
456.944	0.922838372895342
457.104	0.92347831793478
457.264	0.924090899854718
457.424	0.924675684090914
457.584	0.92523224972507
457.744	0.925760186677337
457.904	0.92625909292849
458.064	0.926728572125512
458.224	0.92716823142149
458.384	0.927577680154684
458.544	0.927956530297706
458.704	0.928304397132194
458.864	0.928620899269617
459.024	0.928905658752115
459.184	0.92915830128635
459.344	0.929378455757046
459.504	0.9295657546852
459.664	0.929719835217156
459.824	0.929840339935708
459.984	0.929926917009766
460.144	0.929979219704535
460.304	0.929996905262954
460.464	0.929979633272126
460.624	0.929927065113077
460.784	0.929838865474096
460.944	0.929714705547212
461.104	0.929554267326864
461.264	0.929357250125179
461.424	0.929123377948372
461.584	0.928852407482452
461.744	0.928544137187998
461.904	0.928198415729071
462.064	0.927815146551893
462.224	0.927394290038535
462.384	0.926935864269296
462.544	0.926439943590708
462.704	0.925906656303255
462.864	0.925336185220488
463.024	0.924728770040645
463.184	0.924084710154887
463.344	0.923404368489116
463.504	0.922688173770894
463.664	0.921936620254939
463.824	0.921150266314896
463.984	0.920329733504843
464.144	0.919475704383615
464.304	0.918588922951756
464.464	0.917670199769248
464.624	0.91672041924312
464.784	0.915740544805772
464.944	0.914731623977104
465.104	0.913694789277031
465.264	0.912631255575661
465.424	0.911542313442794
465.584	0.910429320099865
465.744	0.909293686201522
465.904	0.908136863309835
