0.144	0.125007580792825
0.304	0.123378307187053
0.464	0.121725668628173
0.624	0.12004848600769
0.784	0.118345965747594
0.944	0.116617674095934
1.104	0.114863512013741
1.264	0.113083690565176
1.424	0.111278706486232
1.584	0.109449317391451
1.744	0.107596518149805
1.904	0.105721519269636
2.064	0.103825727481521
2.224	0.101910728043705
2.384	0.0999782666299751
2.544	0.0980302309920233
2.704	0.0960686319030941
2.864	0.094095583855264
3.024	0.0921132874690755
3.184	0.0901240149343465
3.344	0.0881300984406579
3.504	0.0861339220633539
3.664	0.0841379157866839
3.824	0.0821445495437132
3.984	0.0801563260366578
4.144	0.0781757725890628
4.304	0.0762054319880434
4.464	0.0742478533742172
4.624	0.0723055843298397
4.784	0.0703811644307137
4.944	0.0684771199364462
5.104	0.0665959592521261
5.264	0.0647401682391973
5.424	0.0629122043736601
5.584	0.061114489897804
5.744	0.0593494045159986
5.904	0.0576192778782314
6.064	0.0559263823921441
6.224	0.054272926830933
6.384	0.0526610502497959
6.544	0.0510928161190094
6.704	0.0495702070740975
6.864	0.0480951202341515
7.024	0.0466693626030832
7.184	0.0452946470089586
7.344	0.0439725882099964
7.504	0.0427046986119279
7.664	0.0414923838687713
7.824	0.0403369391244013
7.984	0.0392395454597789
8.144	0.0382012667240446
8.304	0.0372230469749155
8.464	0.0363057081115556
8.624	0.0354499473348682
8.784	0.0346563346637225
8.944	0.0339253102413153
9.104	0.0332571814839611
9.264	0.0326521204096224
9.424	0.0321101612061483
9.584	0.0316311978158836
9.744	0.0312149816763139
9.904	0.0308611198524176
10.064	0.0305690736848732
10.224	0.0303381580459785
10.384	0.030167541289515
10.544	0.0300562458205462
10.704	0.0300031490050259
10.864	0.030006984118117
11.024	0.0300663411027102
11.184	0.030179667093293
11.344	0.0303452667303219
11.504	0.0305613023054008
11.664	0.0308257940051959
11.824	0.0311366206014867
11.984	0.0314915207511746
12.144	0.0318880952160185
12.304	0.0323238103370187
12.464	0.0327960024400085
12.624	0.0333018833929231
12.784	0.0338385477254377
12.944	0.0344029809195803
13.104	0.0349920688053516
13.264	0.0356026093894997
13.424	0.0362313266348764
13.584	0.0368748847565286
13.744	0.037529903432997
13.904	0.0381929739145193
14.064	0.0388606740833239
14.224	0.0395295828651712
14.384	0.0401962944810776
14.544	0.0408574316802088
14.704	0.0415096585464738
14.864	0.0421496953413936
15.024	0.0427743349483904
15.184	0.0433804600821333
15.344	0.0439650622098924
15.504	0.0445252620950924
15.664	0.0450583281788539
15.824	0.045561692244334
15.984	0.0460329628281357
16.144	0.0464699355887461
16.304	0.0468706008048088
16.464	0.0472331497883118
16.624	0.047555980743013
16.784	0.047837705800859
16.944	0.0480771591313527
17.104	0.0482734050502955
17.264	0.0484257462077125
17.424	0.0485337322983099
17.584	0.0485971666267773
17.744	0.0486161112690837
17.904	0.0485908913301927
18.064	0.0485220976886893
18.224	0.0484105882322154
18.384	0.0482574902500943
18.544	0.0480642030180292
18.704	0.0478324000126094
18.864	0.047564030516142
19.024	0.0472613170301059
19.184	0.0469267484942435
19.344	0.0465630725609998
19.504	0.0461732872319516
19.664	0.0457606339772241
19.824	0.0453285935010825
19.984	0.0448808832102401
20.144	0.0444214535450129
20.304	0.0439544820647058
20.464	0.0434843638103786
20.624	0.0430156985115246
20.784	0.0425532793880024
20.944	0.0421020890321273
21.104	0.0416673053110088
21.264	0.0412543197034125
21.424	0.0408687687757805
21.584	0.0405165777854535
21.744	0.0402040140188404
21.904	0.0399377545792419
22.064	0.0397249677922531
22.224	0.039573404043054
22.384	0.0394914859416957
22.544	0.0394883785145197
22.704	0.0395739940362745
22.864	0.0397588696158522
23.024	0.0400538347217179
23.184	0.0404693622097199
23.344	0.0410144908571937
23.504	0.0416952557092287
23.664	0.0417580885153228
23.824	0.0418066910538784
23.984	0.0418392321376899
24.144	0.0418544291431573
24.304	0.0418514663584091
24.464	0.0418299219869169
24.624	0.0417896777310176
24.784	0.04173082056532
24.944	0.0416535849505379
25.104	0.0415582761863931
25.264	0.0414451786059971
25.424	0.0413144762524524
25.584	0.0411661634629041
25.744	0.0410000098917038
25.904	0.0408156024786166
26.064	0.0406124502681422
26.224	0.0403900978212874
26.384	0.0401481957973004
26.544	0.039886522069466
26.704	0.0396049509851508
26.864	0.0393033613670326
27.024	0.0389815103714994
27.184	0.0386389720357982
27.344	0.0382751681627127
27.504	0.0378894937372678
27.664	0.0374815126842378
27.824	0.0370511916408844
27.984	0.0365991063285236
28.144	0.0361265856997335
28.304	0.0356357940913341
28.464	0.0351297645842266
28.624	0.034612398831527
28.784	0.0340884671720829
28.944	0.0335636044894017
29.104	0.0330442923874017
29.264	0.0325378145053463
29.424	0.0320521855722546
29.584	0.0315960421286121
29.744	0.0311785073887876
29.904	0.0308090454842471
30.064	0.0304973049785957
30.224	0.0302529529544273
30.384	0.0300855263214288
30.544	0.0300043062496087
30.704	0.0300182083368412
30.864	0.0301356868541092
31.024	0.0303646369536494
31.184	0.0307122940683229
31.344	0.0311851469474931
31.504	0.0317888644329258
31.664	0.0325282412417636
31.824	0.0334071662630748
31.984	0.0344285804028885
32.144	0.0355944015506537
32.304	0.0369054425233202
32.464	0.0383613216929319
32.624	0.0399603831998405
32.784	0.0416996651443213
32.944	0.0435749032891266
33.104	0.0455805161856659
33.264	0.0477095796427278
33.424	0.0499538013890941
33.584	0.0523034926703048
33.744	0.0547475888555908
33.904	0.057273809250816
34.064	0.0598689633143721
34.224	0.0625193576199052
34.384	0.0652112506229372
34.544	0.0679313004820159
34.704	0.0706669492080749
34.864	0.0734067223202572
35.024	0.076140403975316
35.184	0.0788590894267571
35.344	0.0815551723686525
35.504	0.0842222650992852
35.664	0.0868550710222706
35.824	0.0894492724031437
35.984	0.0920014193132346
36.144	0.0945087930742119
36.304	0.0969693038653503
36.464	0.0993814185630839
36.624	0.101744050123031
36.784	0.104056458578313
36.944	0.106318197487028
37.104	0.10852903226457
37.264	0.110688852260907
37.424	0.112797633656655
37.584	0.114855429446024
37.744	0.116862397220345
37.904	0.118818887362508
38.064	0.120725543451201
38.224	0.122583372788355
38.384	0.124393779827514
38.544	0.126158552187221
38.704	0.127879811298882
38.864	0.12955994212227
39.024	0.13120152341763
39.184	0.132807278070558
39.344	0.134380038045194
39.504	0.135922688016066
39.664	0.137438093261025
39.824	0.138929023111743
39.984	0.140398052911266
40.144	0.141847449137501
40.304	0.143279070913238
40.464	0.144694285127784
40.624	0.146093892000337
40.784	0.147478057621626
40.944	0.148846251862537
41.104	0.150197191016034
41.264	0.151528815620324
41.424	0.1528383176083
41.584	0.15412221325748
41.744	0.155376456005612
41.904	0.156596570664576
42.064	0.157777790026771
42.224	0.15891517662503
42.384	0.160003768275587
42.544	0.161038727576383
42.704	0.162015484052503
42.864	0.162929864953568
43.024	0.163778191513003
43.184	0.164557304477611
43.344	0.165264552247478
43.504	0.165897759635229
43.664	0.166455200734489
43.824	0.166935603620445
43.984	0.167338246690846
44.144	0.167663076144706
44.304	0.167910784085379
44.464	0.168082818435082
44.624	0.168181329210299
44.784	0.168209021653738
44.944	0.168168986096006
45.104	0.168064594470408
45.264	0.167899409028323
45.424	0.16767709452084
45.584	0.167401335865392
45.744	0.167075739010031
45.904	0.166703671547438
46.064	0.166288118915688
46.224	0.165831598864358
46.384	0.165336114641875
46.544	0.164803192680935
46.704	0.164234045571206
46.864	0.163629752354424
47.024	0.162991414978123
47.184	0.162320272508154
47.344	0.161617776440764
47.504	0.160885607419957
47.664	0.160125667906797
47.824	0.159340057594349
47.984	0.158531037552663
48.144	0.157700977754288
48.304	0.156852291082927
48.464	0.155987368747603
48.624	0.15510849456858
48.784	0.154217756300497
48.944	0.153316973345042
49.104	0.152407650323639
49.264	0.151490952134381
49.424	0.150567711442292
49.584	0.149638465813027
49.744	0.148703483303493
49.904	0.147762761584019
50.064	0.146816034187552
50.224	0.145862756839151
50.384	0.14490207971896
50.544	0.143932844133687
50.704	0.142953628731092
50.864	0.141962813451286
51.024	0.140958674759005
51.184	0.13993949763811
51.344	0.138903663034554
51.504	0.137849692077495
51.664	0.136776260695044
51.824	0.135682191716612
51.984	0.13456644539427
52.144	0.133428130257172
52.304	0.132266540405837
52.464	0.131081189409642
52.624	0.129871832297439
52.784	0.128638459246233
52.944	0.127381267383598
53.104	0.126100618280461
53.264	0.124797009733115
53.424	0.123471107259022
53.584	0.122123832744407
53.744	0.12075646832254
53.904	0.119370751854248
54.064	0.117968922614509
54.224	0.116553684543632
54.384	0.115128062106905
54.544	0.11369519792531
54.704	0.112258145325356
54.864	0.110819723470954
55.024	0.10938246366554
55.184	0.107948668274659
55.344	0.10652052816458
55.504	0.105100254761666
55.664	0.103690176168683
55.824	0.102292777663919
55.984	0.100910667728371
56.144	0.0995465253235324
56.304	0.0982030638614191
56.464	0.0968830612596179
56.624	0.0955894177179033
56.784	0.0943252188347827
56.944	0.0930937653794075
57.104	0.0918985381773467
57.264	0.0907430687644109
57.424	0.0896307485192409
57.584	0.0885646593051064
57.744	0.087547454262662
57.904	0.0865813206772685
58.064	0.0856680344508476
58.224	0.0848090729466406
58.384	0.0840057521212287
58.544	0.0832593896550264
58.704	0.082571417972062
58.864	0.0819433982508002
59.024	0.0813769143815506
59.184	0.0808734002693967
59.344	0.0804339250012589
59.504	0.0800590046615497
59.664	0.0797485072242097
59.824	0.0795017020603694
59.984	0.079317433052708
60.144	0.0791943488277838
60.304	0.0791311146822835
60.464	0.0791265333128166
60.624	0.0791795807141824
60.784	0.0792893684583049
60.944	0.0794550774626117
61.104	0.0796758813993819
61.264	0.0799509308752562
61.424	0.0802793716402306
61.584	0.0806603734364302
61.744	0.0810931292772779
61.904	0.0815768721368357
62.064	0.0821108764360901
62.224	0.082694481896155
62.384	0.083327097896742
62.544	0.0840081833734843
62.704	0.0847371870440696
62.864	0.0855134900924526
63.024	0.086336318151595
63.184	0.087204648659835
63.344	0.0881171446031743
63.504	0.0890721386257809
63.664	0.0900676267421971
63.824	0.0911012703663658
63.984	0.0921704061068311
64.144	0.0932720431850811
64.304	0.0944028615547694
64.464	0.0955592338776086
64.624	0.0967372654256877
64.784	0.0979328532264816
64.944	0.099141804081043
65.104	0.100359940321411
65.264	0.101583169673333
65.424	0.102807553462341
65.584	0.104029378957748
65.744	0.10524518881833
65.904	0.106451818831758
66.064	0.107646451122591
66.224	0.108826655305776
66.384	0.109990390366917
66.544	0.11113600196289
66.704	0.112262183066477
66.864	0.11336791397774
67.024	0.114452386440163
67.184	0.115514940456066
67.344	0.116555017471896
67.504	0.117572142248818
67.664	0.118565897833363
67.824	0.119535915151161
67.984	0.120481884290584
68.144	0.12140356928272
68.304	0.122300811765271
68.464	0.123173548140514
68.624	0.124021803902153
68.784	0.124845685062425
68.944	0.125645369962555
69.104	0.126421098975172
69.264	0.127173169959278
69.424	0.127901977947758
69.584	0.128608079381408
69.744	0.129292241705045
69.904	0.129955471043033
70.064	0.130599030045218
70.224	0.131224413627351
70.384	0.131833283251851
70.544	0.132427368905709
70.704	0.133008365194016
70.864	0.13357784418956
71.024	0.134137211590186
71.184	0.134687695684747
71.344	0.135230383364714
71.504	0.135766300300858
71.664	0.136296479814106
71.824	0.136822003802351
71.984	0.137343998452465
72.144	0.137863577659047
72.304	0.138381755058546
72.464	0.138899359539479
72.624	0.139416955018746
72.784	0.139934779410609
72.944	0.140452722559857
73.104	0.140970337247424
73.264	0.141486853976332
73.424	0.142001210803002
73.584	0.142512084094321
73.744	0.143017935826023
73.904	0.143517058184088
74.064	0.144007637113518
74.224	0.144487816888656
74.384	0.144955782932286
74.544	0.145409840504939
74.704	0.145848484831433
74.864	0.146270434671848
75.024	0.146674624782165
75.184	0.147060151179673
75.344	0.14742619291529
75.504	0.147771906486682
75.664	0.148096345239068
75.824	0.148398408732859
75.984	0.148676842563859
76.144	0.148930279204919
76.304	0.149157321480047
76.464	0.149356627876998
76.624	0.149526985390409
76.784	0.149667340511527
76.944	0.149776789974382
77.104	0.149854530243417
77.264	0.149899773132844
77.424	0.14991168616784
77.584	0.149889381199714
77.744	0.149831947224911
77.904	0.149738552985454
78.064	0.14960860652694
78.224	0.149441899794496
78.384	0.149238703622743
78.544	0.148999809822371
78.704	0.148726497935442
78.864	0.148420422296383
79.024	0.148083504465873
79.184	0.14771783493795
79.344	0.147325576524324
79.504	0.146908888592279
79.664	0.146469871429346
79.824	0.146010488284432
79.984	0.145532491151116
80.144	0.145037370419615
80.304	0.144526317028507
80.464	0.144000207315671
80.624	0.143459649127678
80.784	0.14290508743612
80.944	0.142336922014962
81.104	0.141755609122228
81.264	0.141161739384344
81.424	0.140556060384867
81.584	0.139939434719778
81.744	0.139312764053486
81.904	0.138676891282373
82.064	0.138032511289268
82.224	0.137380109424257
82.384	0.136719949786411
82.544	0.136052101935988
82.704	0.135376514183278
82.864	0.13469311040221
83.024	0.134001877401133
83.184	0.133302925890391
83.344	0.132596544186853
83.504	0.131883242638978
83.664	0.131163798668624
83.824	0.1304393051132
83.984	0.129711235729118
84.144	0.128981506865827
84.304	0.128252530647089
84.464	0.127527248976875
84.624	0.126809139980182
84.784	0.12610219579237
84.944	0.12541087822693
85.104	0.124740049546048
85.264	0.124094883192001
85.424	0.123480793573194
85.584	0.122903370858737
85.744	0.122368293483007
85.904	0.12188124023622
86.064	0.121447812650146
86.224	0.121073415997202
86.384	0.120763129765962
86.544	0.120521582846365
86.704	0.120352829665293
86.864	0.120260254747436
87.024	0.120246528200525
87.184	0.120313576105431
87.344	0.120462582661943
87.504	0.120694028121235
87.664	0.121007693932299
87.824	0.121402635960223
87.984	0.121877183201477
88.144	0.122428971040435
88.304	0.123054990083389
88.464	0.123751687911678
88.624	0.124515099275797
88.784	0.125340987445881
88.944	0.126224986564907
89.104	0.127162758544259
89.264	0.128150109909129
89.424	0.12918308169445
89.584	0.130258003262995
89.744	0.131371538152777
89.904	0.132520677440638
90.064	0.133702743794331
90.224	0.134915409593461
90.384	0.136156740902024
90.544	0.137425241364426
90.704	0.138719944835984
90.864	0.140040488361464
91.024	0.141387158112067
91.184	0.142760895312605
91.344	0.14416327732458
91.504	0.145596428252858
91.664	0.147062924132101
91.824	0.148565710530235
91.984	0.150108019377043
92.144	0.151693273285147
92.304	0.153325000421816
92.464	0.155006698658141
92.624	0.156741642092399
92.784	0.158532615764486
92.944	0.160381584793853
93.104	0.16228929332992
93.264	0.164254902287766
93.424	0.166275732938558
93.584	0.168347140259513
93.744	0.170462537410501
93.904	0.17261357539023
94.064	0.174790425606815
94.224	0.176982110299988
94.384	0.179176851178667
94.544	0.181362408116385
94.704	0.183526423754401
94.864	0.185656810865382
95.024	0.187742143570674
95.184	0.18977201542917
95.344	0.191737254461472
95.504	0.193629968860634
95.664	0.195443399903624
95.824	0.197171678497611
95.984	0.198809583827639
96.144	0.200352428333289
96.304	0.201796073383306
96.464	0.203137049003359
96.624	0.20437265930569
96.784	0.205501063380311
96.944	0.206521266195566
97.104	0.207433060299465
97.264	0.208236963294823
97.424	0.208934244395479
97.584	0.209527009004816
97.744	0.210018324815266
97.904	0.210412302509937
98.064	0.210714075380722
98.224	0.210929579528838
98.384	0.21106517500111
98.544	0.211127209093533
98.704	0.211121655236568
98.864	0.211053789450077
99.024	0.210928005899163
99.184	0.210747790736306
99.344	0.210515834985173
99.504	0.21023425045091
99.664	0.209904885109879
99.824	0.209529613086588
99.984	0.209110559912276
100.144	0.208650309679271
100.304	0.208152035615896
100.464	0.207619491034265
100.624	0.207056998782306
100.784	0.206469402764739
100.944	0.205861976371736
101.104	0.205240248473146
101.264	0.204609775293747
101.424	0.203975834143236
101.584	0.203343187138543
101.744	0.202715895267019
101.904	0.20209723114742
102.064	0.201489724623215
102.224	0.200895326239888
102.384	0.20031559013789
102.544	0.199751841599536
102.704	0.199205232897597
102.864	0.198676733956447
103.024	0.198167074876082
103.184	0.197676707881371
103.344	0.197205799843445
103.504	0.196754278711794
103.664	0.196321880193395
103.824	0.19590824625179
103.984	0.195513007790382
104.144	0.19513578457007
104.304	0.194776122196103
104.464	0.1944334183069
104.624	0.194106764779846
104.784	0.193794757827433
104.944	0.193495352238969
105.104	0.193205818103067
105.264	0.192922808390605
105.424	0.192642621601962
105.584	0.192361549459562
105.744	0.192076176985708
105.904	0.191783599854986
106.064	0.191481565787328
106.224	0.191168441829902
106.384	0.19084310974641
106.544	0.190504876375641
106.704	0.190153399460527
106.864	0.189788573906966
107.024	0.189410445159396
107.184	0.189019008611339
107.344	0.18861389526937
107.504	0.188194080155412
107.664	0.187757727873631
107.824	0.18730209512033
107.984	0.186823619103549
108.144	0.186318215770925
108.304	0.185781708633428
108.464	0.185210243181629
108.624	0.18460068786878
108.784	0.183950893950211
108.944	0.183259797325022
109.104	0.18252735160091
109.264	0.181754360404156
109.424	0.180942224657187
109.584	0.18009275657964
109.744	0.179208155422813
109.904	0.178291123222024
110.064	0.177344963497362
110.224	0.17637367758185
110.384	0.17538193810303
110.544	0.174374849211219
110.704	0.173357558662005
110.864	0.172334928688585
111.024	0.171311305584922
111.184	0.1702904649636
111.344	0.16927574771249
111.504	0.168270307260215
111.664	0.167277360308091
111.824	0.16630035205263
111.984	0.165342950814917
112.144	0.16440890350502
112.304	0.163501843847925
112.464	0.162625104326409
112.624	0.161781580016154
112.784	0.160973703793147
112.944	0.16020351955784
113.104	0.159472784588374
113.264	0.158783065855445
113.424	0.158135795096754
113.584	0.157532284356634
113.744	0.156973707037523
113.904	0.156461058083593
114.064	0.155995136149031
114.224	0.155576556659227
114.384	0.155205788487123
114.544	0.154883226638773
114.704	0.154609281083694
114.864	0.154384443716921
115.024	0.154209320883055
115.184	0.154084652072626
115.344	0.154011275076286
115.504	0.153990072936367
115.664	0.154021935045122
115.824	0.154107714337883
115.984	0.15424819679707
116.144	0.154444112255575
116.304	0.154696183490941
116.464	0.315961069257696
116.624	0.315567061427942
116.784	0.315124151035775
116.944	0.314637131047562
117.104	0.314111442649278
117.264	0.31355328778443
117.424	0.312969761339787
117.584	0.312368970708462
117.744	0.311760055974787
117.904	0.311153051669294
118.064	0.310558592186112
118.224	0.309987475244611
118.384	0.309450179190321
118.544	0.308956433092931
118.704	0.308514907710446
118.864	0.308133018310741
119.024	0.307816834334176
119.184	0.30757106390422
119.344	0.307399071321584
119.504	0.307302919270001
119.664	0.307283443109895
119.824	0.307340352431197
119.984	0.307472348598253
120.144	0.307677236385757
120.304	0.307952007913059
120.464	0.308292893394423
120.624	0.308695382392102
120.784	0.309154239533086
120.944	0.309663543025522
121.104	0.310216780031965
121.264	0.310806999441297
121.424	0.311427012481431
121.584	0.31206960860834
121.744	0.312727767070896
121.904	0.313394822671285
122.064	0.314064578763123
122.224	0.314731340053982
122.384	0.315389896867032
122.544	0.316035449660262
122.704	0.316663522983959
122.864	0.317269903193505
123.024	0.317850644504574
123.184	0.318402135614519
123.344	0.318921202562137
123.504	0.319405180188255
123.664	0.319851886324045
123.824	0.320259466962284
123.984	0.320626145043775
124.144	0.320949972160065
124.304	0.321228659962912
124.464	0.32145954623104
124.624	0.321639712542378
124.784	0.321766219471215
124.944	0.321836378468674
125.104	0.321848006547384
125.264	0.321799606069249
125.424	0.321690476238814
125.584	0.321520745402609
125.744	0.321291388551231
125.904	0.321004201874871
126.064	0.320661709541014
126.224	0.320267001295292
126.384	0.31982352831335
126.544	0.319334850336759
126.704	0.318804417245133
126.864	0.318235475455253
127.024	0.317631097348908
127.184	0.316994312003203
127.344	0.316328363280149
127.504	0.315637066118029
127.664	0.314925147174449
127.824	0.314198495075402
127.984	0.313464281226629
128.144	0.312730868548556
128.304	0.312007529188918
128.464	0.3113040598422
128.624	0.31063035576733
128.784	0.309996027726243
128.944	0.309410150976305
129.104	0.308881136476316
129.264	0.308416677420269
129.424	0.308023747532275
129.584	0.307708610088753
129.744	0.30747678908017
129.904	0.307333024009836
130.064	0.307281236918584
130.224	0.30732452327527
130.384	0.307465177526296
130.544	0.307704739377755
130.704	0.30804402909223
130.864	0.308483152893473
131.024	0.309021459295195
131.184	0.309657457320213
131.344	0.310388741885504
131.504	0.311211947624429
131.664	0.312122766747393
131.824	0.313116054875422
131.984	0.314185995015691
132.144	0.315326259108929
132.304	0.316530176965102
132.464	0.317790884076317
132.624	0.319101422557537
132.784	0.320454818966596
132.944	0.321844188432692
133.104	0.323262849442813
133.264	0.324704452050696
133.424	0.326163092185993
133.584	0.327633391539507
133.744	0.329110547560617
133.904	0.330590391950977
134.064	0.332069430456954
134.224	0.333544843567211
134.384	0.335014471173167
134.544	0.33647679764465
134.704	0.337930884319462
134.864	0.339376237441797
135.024	0.340812686475033
135.184	0.342240280751071
135.344	0.34365917918683
135.504	0.345069585986607
135.664	0.346471748520457
135.824	0.34786592198509
135.984	0.349252317393507
136.144	0.350631053114853
136.304	0.352002075404357
136.464	0.353365056346206
136.624	0.35471938841863
136.784	0.356064190134362
136.944	0.357398299310603
137.104	0.358720293240253
137.264	0.360028503580338
137.424	0.361320962983768
137.584	0.362595433829142
137.744	0.363849498513332
137.904	0.365080627445309
138.064	0.366286231698609
138.224	0.367463712451695
138.384	0.368610382218662
138.544	0.369723281918709
138.704	0.370798976360106
138.864	0.371833413680974
139.024	0.372821905537307
139.184	0.373759328591291
139.344	0.374640487233705
139.504	0.375460574234353
139.664	0.376215619747541
139.824	0.376902832192059
139.984	0.377520735689245
140.144	0.378069130989957
140.304	0.378548928144141
140.464	0.378961910362591
140.624	0.379310486664167
140.784	0.379597484120382
140.944	0.379826005607242
141.104	0.379999342247061
141.264	0.380120907142214
141.424	0.380194171057951
141.584	0.380222591307188
141.744	0.380209532732465
141.904	0.380158191875012
142.064	0.380071528594385
142.224	0.379952196676754
142.384	0.379802464646787
142.544	0.379624112524084
142.704	0.379418312208486
142.864	0.379185524428635
143.024	0.378925433269501
143.184	0.378636921421162
143.344	0.378318105134781
143.504	0.377966416063714
143.664	0.377578696808882
143.824	0.377151290596544
143.984	0.376680144267425
144.144	0.376160894032978
144.304	0.37558897852557
144.464	0.374959790200933
144.624	0.374268827704896
144.784	0.373511840848892
144.944	0.372685020379663
145.104	0.371785192930588
145.264	0.370809973811561
145.424	0.369757927936575
145.584	0.368628688015974
145.744	0.367422895839013
145.904	0.36614198445011
146.064	0.364787903756564
146.224	0.363362780586499
146.384	0.361868624311342
146.544	0.360307242071372
146.704	0.358680277116832
146.864	0.356989329006751
147.024	0.355236233259461
147.184	0.353423279401909
147.344	0.351553300135606
147.504	0.349629694114469
147.664	0.347656509234298
147.824	0.345638497466211
147.984	0.343581183278843
148.144	0.341490931837711
148.304	0.339375032916791
148.464	0.337241655578168
148.624	0.335099674050412
148.784	0.332958491547174
148.944	0.330827881233404
149.104	0.328717882763726
149.264	0.326638811182534
149.424	0.324601414726317
149.584	0.3226170574261
149.744	0.320697844615665
149.904	0.318856638917964
150.064	0.317106895975826
150.224	0.315462241114687
150.384	0.313935949671873
150.544	0.312540532360458
150.704	0.311287487161394
150.864	0.310187159212887
151.024	0.309248721132349
151.184	0.308480217326974
151.344	0.307888348451229
151.504	0.307477849777683
151.664	0.307250676104672
151.824	0.30720509634159
151.984	0.30733484327186
152.144	0.307628846238117
152.304	0.308071716332165
152.464	0.308644629646437
152.624	0.309326460004399
152.784	0.31009518083431
152.944	0.310928982496648
153.104	0.311806873411456
153.264	0.312709019247791
153.424	0.313616938488508
153.584	0.314513538275946
153.744	0.315383365546154
153.904	0.316213087246865
154.064	0.316991830834581
154.224	0.317711402443251
154.384	0.318366519306323
154.544	0.318954672394625
154.704	0.31947565011194
154.864	0.319931061582452
155.024	0.320324028821574
155.184	0.320658929714341
155.344	0.320941354177762
155.504	0.321178210086032
155.664	0.321377782587092
155.824	0.321549533715938
155.984	0.32170361603437
156.144	0.321850031547342
156.304	0.321997697351549
156.464	0.322153709054533
156.624	0.322323149427689
156.784	0.3225091795249
156.944	0.322713363183652
157.104	0.322935990337896
157.264	0.323176267989879
157.424	0.323432111187344
157.584	0.323699785077793
157.744	0.323973648373908
157.904	0.32424628773731
158.064	0.324508976136372
158.224	0.324752430025342
158.384	0.324967577768234
158.544	0.325146061911596
158.704	0.325280260888917
158.864	0.325363019126485
159.024	0.325387226621274
159.184	0.325345596337115
159.344	0.325230890147509
159.504	0.325036487039711
159.664	0.324757046853506
159.824	0.324389073520365
159.984	0.323931157974016
160.144	0.323383734170534
160.304	0.322748572583464
160.464	0.322028253187341
160.624	0.321225600858611
160.784	0.320343357071238
160.944	0.319384167341582
161.104	0.31835058496074
161.264	0.317245147931885
161.424	0.316070596916575
161.584	0.314829996536105
161.744	0.313526786664283
161.904	0.312165081010903
162.064	0.310749978555918
162.224	0.309287768490435
162.384	0.307786294149878
162.544	0.306255381368715
162.704	0.304707193913032
162.864	0.303156511714292
163.024	0.301620885193984
163.184	0.300120479447401
163.344	0.298677698376764
163.504	0.297316764009224
163.664	0.296063384243212
163.824	0.294944502666908
163.984	0.293987938869236
164.144	0.293221833495522
164.304	0.292673660850483
164.464	0.292368624153937
164.624	0.292327811829978
164.784	0.29256659686564
164.944	0.293093575813714
165.104	0.293910346226198
165.264	0.295012243420274
165.424	0.296389577198738
165.584	0.298029010645109
165.744	0.299914964095365
165.904	0.302030680958637
166.064	0.304358985203294
166.224	0.306882883345111
166.384	0.309585956430169
166.544	0.312452377296381
166.704	0.315466467123201
166.864	0.318611890410125
167.024	0.321870683280281
167.184	0.325222457245786
167.344	0.328644078291859
167.504	0.332109956193904
167.664	0.33559277360871
167.824	0.339064480588036
167.984	0.342497213561842
168.144	0.345863927000551
168.304	0.349138803608753
168.464	0.352297675840987
168.624	0.355318478799632
168.784	0.358181825910265
168.944	0.360871668235745
169.104	0.363375890657267
169.264	0.365686617237202
169.424	0.367800211419194
169.584	0.369716938560146
169.744	0.371440364900195
169.904	0.37297664785558
170.064	0.374333799131705
170.224	0.375520983130514
170.384	0.376547937402052
170.544	0.377424582400295
170.704	0.378160810996292
170.864	0.378766448341707
171.024	0.379251334377045
171.184	0.379625464062315
171.344	0.379899086942373
171.504	0.380082723081955
171.664	0.380187089425021
171.824	0.380222970425507
171.984	0.380201057840964
172.144	0.380131778404007
172.304	0.380025123317751
172.464	0.379890486360523
172.624	0.379736514103456
172.784	0.379570985040459
172.944	0.37940073481775
173.104	0.379231629967421
173.264	0.379068608744433
173.424	0.37891577140033
173.584	0.378776489757342
173.744	0.378653530822589
173.904	0.378549188291913
174.064	0.378465365360512
174.224	0.378403602881349
174.384	0.378365070485302
174.544	0.378350519686933
174.704	0.378360196897916
174.864	0.378393783385377
175.024	0.378450366791071
175.184	0.378528452980731
175.344	0.378626016224985
175.504	0.378740570135392
175.664	0.378869208802257
175.824	0.37900864539381
175.984	0.379155275245353
176.144	0.379305269246174
176.304	0.379454697699316
176.464	0.379599685331755
176.624	0.379736552513009
176.784	0.379861911514467
176.944	0.379972702864848
177.104	0.380066177427466
177.264	0.380139849762713
177.424	0.380191463767801
177.584	0.380218988414413
177.744	0.380220652413641
177.904	0.380195019109919
178.064	0.380141091402152
178.224	0.380058440417201
178.384	0.379947347429038
178.544	0.379808938858901
178.704	0.379645291060001
178.864	0.379459468904201
179.024	0.379255464251287
179.184	0.379038046978508
179.344	0.378812556712433
179.504	0.378584665951507
179.664	0.378360151982065
179.824	0.378144700856524
179.984	0.37794374308703
180.144	0.37776234222099
180.304	0.377605127023685
180.464	0.377476245575849
180.624	0.377379310149877
180.784	0.377317336668625
180.944	0.377292659325235
181.104	0.377306835926333
181.264	0.377360557337511
181.424	0.377453604442849
181.584	0.377584825168583
181.744	0.3777521169701
181.904	0.377952402474307
182.064	0.378181589736755
182.224	0.378434450140844
182.384	0.378704454684225
182.544	0.378983603493566
182.704	0.37926230697451
182.864	0.379529361281925
183.024	0.37977208642576
183.184	0.379976592961043
183.344	0.380128159113951
183.504	0.380211676932845
183.664	0.380212096635773
183.824	0.380114800905062
183.984	0.379905882069011
184.144	0.379572314612574
184.304	0.379102080704911
184.464	0.378484343343302
184.624	0.377709713654554
184.784	0.37677063725539
184.944	0.37566184400464
185.104	0.374380793928481
185.264	0.372928008892245
185.424	0.371307218437437
185.584	0.369525282001746
185.744	0.367591937757311
185.904	0.365519459557731
186.064	0.363322278463215
186.224	0.361016615487983
186.384	0.358620157446126
186.544	0.356151750962113
186.704	0.353631035034937
186.864	0.351077994439834
187.024	0.348512454232036
187.184	0.345953530870361
187.344	0.343419057791721
187.504	0.340925063950749
187.664	0.33848538345876
187.824	0.336111478074486
187.984	0.333812469060263
188.144	0.331595336332498
188.304	0.329465226056186
188.464	0.327425845131415
188.624	0.325479841283027
188.784	0.323629106357771
188.944	0.321875003737773
189.104	0.320218529191266
189.264	0.318660425577377
189.424	0.317201242713395
189.584	0.315841346439925
189.744	0.314580905289063
189.904	0.313419896189657
190.064	0.31235814406989
190.224	0.31139540416541
190.384	0.310531505010545
190.544	0.309766536898564
190.704	0.309101011591451
190.864	0.308535955189541
191.024	0.308072898125943
191.184	0.30771379018995
191.344	0.307460882102419
191.504	0.307316613299804
191.664	0.307283522471948
191.824	0.307364186060681
191.984	0.307561166352002
192.144	0.307876944099348
192.304	0.308313835291642
192.464	0.308873907525481
192.624	0.309558914167042
192.784	0.310370277361812
192.944	0.311309117759151
193.104	0.312376296051411
193.264	0.313572454067639
193.424	0.314898015714675
193.584	0.316353114359458
193.744	0.317937488134589
193.904	0.319650372148885
194.064	0.321490374755626
194.224	0.323455346616697
194.384	0.325542326202026
194.544	0.327747555048859
194.704	0.330066530878298
194.864	0.332494118821955
195.024	0.335024704276634
195.184	0.337652287636161
195.344	0.340370471473193
195.504	0.343172375874815
195.664	0.346050429105048
195.824	0.348996049588891
195.984	0.351999296403278
196.144	0.355048630763918
196.304	0.358130815454274
196.464	0.361231024940821
196.624	0.364333180644621
196.784	0.367420447867858
196.944	0.370475796507321
197.104	0.373482625605334
197.264	0.376425354590424
197.424	0.379289906754707
197.584	0.382064067253282
197.744	0.384737718661995
197.904	0.387302926650023
198.064	0.389753878008719
198.224	0.392086694105615
198.384	0.394299192749145
198.544	0.396390616575331
198.704	0.398361342253679
198.864	0.400212663276193
199.024	0.401946688427756
199.184	0.403566270233455
199.344	0.4050749237216
199.504	0.406476731622092
199.664	0.407776166061808
199.824	0.408977812591615
199.984	0.410086091840071
200.144	0.411105013035353
200.304	0.412038000131702
200.464	0.412887870624104
200.624	0.413656974602304
200.784	0.41434737576617
200.944	0.414961036029922
201.104	0.415499949585751
201.264	0.415966174536038
201.424	0.416361750830106
201.584	0.416688549907917
201.744	0.416948082913564
201.904	0.417141316814536
202.064	0.417268501586818
202.224	0.417328998964763
202.384	0.417321125096692
202.544	0.41724202004059
202.704	0.417087515535854
202.864	0.416852014093706
203.024	0.416528409378202
203.184	0.416108047645025
203.344	0.415580757473322
203.504	0.414934986001185
203.664	0.414158003290481
203.824	0.413236140913227
203.984	0.412155131568284
204.144	0.410900535494761
204.304	0.409458227718346
204.464	0.407814988593941
204.624	0.405959249342573
204.784	0.403881851218898
204.944	0.401576685945997
205.104	0.399041142997135
205.264	0.396276310742792
205.424	0.393286894783046
205.584	0.390080952595667
205.744	0.386669565427269
205.904	0.383066579941783
206.064	0.379288516581141
206.224	0.375354606865926
206.384	0.371286844259771
206.544	0.367109938481804
206.704	0.362851171100715
206.864	0.358540152439105
207.024	0.354208473150834
207.184	0.349889304461044
207.344	0.345616971094728
207.504	0.341426442606803
207.664	0.337352726179574
207.824	0.333430155524979
207.984	0.329691678642916
208.144	0.326168220385966
208.304	0.322888129246053
208.464	0.319876742640531
208.624	0.31715611663401
208.784	0.314744844288384
208.944	0.312657908504093
209.104	0.310906562495461
209.264	0.309498215987674
209.424	0.308436331409553
209.584	0.307720350591694
209.744	0.307345662236798
209.904	0.307303631744958
210.064	0.307581762490258
210.224	0.308164010273572
210.384	0.309031222711724
210.544	0.310161646453594
210.704	0.311531439122632
210.864	0.313115139049273
211.024	0.314886095698398
211.184	0.316816928634921
211.344	0.318880057401543
211.504	0.321048273909241
211.664	0.323295347703493
211.824	0.32559661266157
211.984	0.327929413181323
212.144	0.330273383195504
212.304	0.33261054607749
212.464	0.334925210436609
212.624	0.337203766138714
212.784	0.339434457333823
212.944	0.341607107481082
213.104	0.3437128205411
213.264	0.345743760843675
213.424	0.347693054340766
213.584	0.349554793475022
213.744	0.351324135054824
213.904	0.352997391590293
214.064	0.354572070780591
214.224	0.356046812267664
214.384	0.357421220415631
214.544	0.358695628950386
214.704	0.359870911891107
214.864	0.360948361690021
215.024	0.361929651022706
215.184	0.362816907732281
215.344	0.363612860487933
215.504	0.36432097017962
215.664	0.364945492889206
215.824	0.365491426418316
215.984	0.365964342657321
216.144	0.366370174604867
216.304	0.366714990876403
216.464	0.367004789532871
216.624	0.367245336653355
216.784	0.36744207039726
216.944	0.367600048844565
217.104	0.367723955204269
217.264	0.367818098926023
217.424	0.367886434802699
217.584	0.367932646073655
217.744	0.367960273013864
217.904	0.367972802995041
218.064	0.367973778473129
218.224	0.367966879862593
218.384	0.367955921649241
218.544	0.367944782144036
218.704	0.367937298579932
218.864	0.367937111960259
219.024	0.36794757771429
219.184	0.367971771328371
219.344	0.368012539291954
219.504	0.368072581614229
219.664	0.368154566786984
219.824	0.368261175092016
219.984	0.368395064608535
220.144	0.368558757451524
220.304	0.368754457474211
220.464	0.368983865731138
220.624	0.369248071575953
220.784	0.369547481060977
220.944	0.369881798493338
221.104	0.370250071320811
221.264	0.370650784663098
221.424	0.371081934051404
221.584	0.371541121943551
221.744	0.372025634160877
221.904	0.37253250165088
222.064	0.373058511980048
222.224	0.373600159066541
222.384	0.374153499955241
222.544	0.37471398607147
222.704	0.375276351175557
222.864	0.375834619987359
223.024	0.376382282443842
223.184	0.376912619664267
223.344	0.377419089402451
223.504	0.377895676149251
223.664	0.378337131582953
223.824	0.378739052668948
223.984	0.379097830534761
224.144	0.379410544110328
224.304	0.379674838465576
224.464	0.37988881856802
224.624	0.380050984753439
224.784	0.380160198682802
224.944	0.380215698359393
225.104	0.380217174342647
225.264	0.380164908527036
225.424	0.380059960375206
225.584	0.379904347517254
225.744	0.379701139448457
225.904	0.379454419571744
226.064	0.37916910673664
226.224	0.378850675002582
226.384	0.378504844136046
226.544	0.378137297490525
226.704	0.377753445265967
226.864	0.377358257517358
227.024	0.376956137463935
227.184	0.376550846344458
227.344	0.376145474974123
227.504	0.375742452260397
227.664	0.375343579767446
227.824	0.374950081900693
227.984	0.374562645809533
228.144	0.37418147523465
228.304	0.373806294933161
228.464	0.373436323404007
228.624	0.373070289931206
228.784	0.372706525488525
228.944	0.372343053952022
229.104	0.371977743016146
229.264	0.371608479033625
229.424	0.371233278912882
229.584	0.370850310007995
229.744	0.370457885905239
229.904	0.370054401537459
230.064	0.369638278887237
230.224	0.369207994511157
230.384	0.368762169576371
230.544	0.368299739042072
230.704	0.367820241821278
230.864	0.367324072414135
231.024	0.366812637965154
231.184	0.3662884211966
231.344	0.365754990902019
231.504	0.365216976795296
231.664	0.364680122818186
231.824	0.364151384370075
231.984	0.363639117421712
232.144	0.36315327240311
232.304	0.362705420446332
232.464	0.362308535385296
232.624	0.36197652180897
232.784	0.36172350860204
232.944	0.608776376379922
233.104	0.608805190185564
233.264	0.60877482607583
233.424	0.608681272006606
233.584	0.608521439968712
233.744	0.608293185487128
233.904	0.607995301383141
234.064	0.607627446750115
234.224	0.607190066295345
234.384	0.606684340607472
234.544	0.606112108885895
234.704	0.605475771540682
234.864	0.604778228763877
235.024	0.604022824606432
235.184	0.603213301795478
235.344	0.602353769620066
235.504	0.601448647686794
235.664	0.600502565886472
235.824	0.599520264333478
235.984	0.598506502729037
236.144	0.597465974022612
236.304	0.596403187211621
236.464	0.595322368583822
236.624	0.594227350227243
236.784	0.593121475214701
236.944	0.592007533709705
237.104	0.590887811301485
237.264	0.589764225308272
237.424	0.588638530310192
237.584	0.587512544978495
237.744	0.58638836186293
237.904	0.585268454142465
238.064	0.584155669898394
238.224	0.583053134289571
238.384	0.581964103325191
238.544	0.580891799470521
238.704	0.579839295943515
238.864	0.578809459711835
239.024	0.577804934918959
239.184	0.576828143810019
239.344	0.575881311485375
239.504	0.574966482245031
239.664	0.574085521083049
239.824	0.573240138468947
239.984	0.572431908161207
240.144	0.571662254570867
240.304	0.570932426046056
240.464	0.570243467779505
240.624	0.569596161959282
240.784	0.568990975723466
240.944	0.568428044522818
241.104	0.567907175975961
241.264	0.567427872441385
241.424	0.566989383002351
241.584	0.566590748192368
241.744	0.566230823354886
241.904	0.565908297826326
242.064	0.565621712953174
242.224	0.565369475376997
242.384	0.565149888505971
242.544	0.564961204094971
242.704	0.564801679157455
242.864	0.564669621303949
243.024	0.564563412779535
243.184	0.56448150340043
243.344	0.56442237717755
243.504	0.56438450784384
243.664	0.564366318544899
243.824	0.564366159306644
243.984	0.564382308339873
244.144	0.564412992859104
244.304	0.564456419392627
244.464	0.564510802268614
244.624	0.564574382149544
244.784	0.564645433779503
244.944	0.564722266640103
245.104	0.564803223681565
245.264	0.564886686931743
245.424	0.564971091722043
245.584	0.565054950461899
245.744	0.565136885620859
245.904	0.565215664754248
246.064	0.565290228633444
246.224	0.565359708847325
246.384	0.565423428264808
246.544	0.56548088302759
246.704	0.565531715128486
246.864	0.56557568276304
247.024	0.56561263300415
247.184	0.565642481184284
247.344	0.565665198581087
247.504	0.565680805766533
247.664	0.565689370709379
247.824	0.565691005166002
247.984	0.565685859641178
248.144	0.565674118233062
248.304	0.565655994405404
248.464	0.565631727494576
248.624	0.56560158517533
248.784	0.565565866299892
248.944	0.565524900681964
249.104	0.565479048033126
249.264	0.565428695315404
249.424	0.565374249932802
249.584	0.565316135357875
249.744	0.56525479084371
249.904	0.565190672866379
250.064	0.565124260152402
250.224	0.565056066248076
250.384	0.564986651949539
250.544	0.564916636726878
250.704	0.564846711314317
250.864	0.564777648792358
251.024	0.564710312611453
251.184	0.564645661622194
251.344	0.564584749989308
251.504	0.564528719502391
251.664	0.564478785022004
251.824	0.564436215058095
251.984	0.564402311840013
252.144	0.564378392261858
252.304	0.564365766995593
252.464	0.564365714954022
252.624	0.564379451756906
252.784	0.56440809321515
252.944	0.564452619530584
253.104	0.564513846361024
253.264	0.564592408234262
253.424	0.564688755906218
253.584	0.564803158446324
253.744	0.564935704212758
253.904	0.565086298465218
254.064	0.565254653931731
254.224	0.565440280096141
254.384	0.565642487589287
254.544	0.565860409872926
254.704	0.566093036165455
254.864	0.566339247840062
255.024	0.566597846883582
255.184	0.566867567350442
255.344	0.567147069222244
255.504	0.567434910417177
255.664	0.567729506145668
255.824	0.568029097197609
255.984	0.568331732508
256.144	0.568635261751524
256.304	0.568937348054362
256.464	0.56923549130903
256.624	0.569527064509174
256.784	0.569809362972194
256.944	0.57007965265754
257.104	0.570335207118433
257.264	0.570573346691845
257.424	0.570791466636791
257.584	0.57098703930177
257.744	0.57115761006196
257.904	0.571300813577494
258.064	0.571414413029856
258.224	0.571496367271322
258.384	0.571544923213139
258.544	0.571558730695983
258.704	0.571536948836979
258.864	0.571479334787796
259.024	0.571386283999459
259.184	0.571258828012105
259.344	0.571098594338309
259.504	0.570907745605041
259.664	0.570688892070251
259.824	0.570444983839792
259.984	0.570179193042065
260.144	0.569894811283632
260.304	0.569595167349632
260.464	0.569283577229783
260.624	0.568963316451345
260.784	0.568637616349463
260.944	0.568309660769955
261.104	0.567982566430885
261.264	0.56765933337104
261.424	0.567342788286226
261.584	0.567035518580894
261.744	0.566739816686265
261.904	0.566457657798765
262.064	0.566190707381281
262.224	0.565940338912242
262.384	0.56570765275228
262.544	0.565493487613026
262.704	0.565298423575314
262.864	0.565122785427207
263.024	0.564966653577898
263.184	0.564829885464633
263.344	0.564712143769555
263.504	0.564612924928838
263.664	0.564531586000214
263.824	0.564467370793579
263.984	0.564419435310811
264.144	0.564386878726623
264.304	0.564368780823258
264.464	0.564364240106897
264.624	0.56437240812221
264.784	0.564392515182021
264.944	0.564423882817778
265.104	0.564465925878267
265.264	0.564518148353216
265.424	0.564580133942798
265.584	0.564651536355655
265.744	0.564732066974273
265.904	0.5648214757814
266.064	0.564919523540595
266.224	0.565025945724585
266.384	0.565140403789201
266.544	0.565262431241592
266.704	0.565391379118182
266.864	0.565526362379217
267.024	0.565666211628127
267.184	0.56580943603899
267.344	0.565954193285108
267.504	0.566098266847916
267.664	0.566239053280867
267.824	0.566373557552481
267.984	0.566498391971152
268.144	0.566609783101626
268.304	0.566703584767993
268.464	0.566775304133273
268.624	0.566820152629361
268.784	0.566833126619827
268.944	0.566809118822846
269.104	0.56674305554651
269.264	0.566630039508425
269.424	0.566465476379904
269.584	0.566245170306104
269.744	0.565965381560488
269.904	0.565622863298302
270.064	0.565214905014045
270.224	0.564739404779914
270.384	0.564194988024269
270.544	0.563581174444494
270.704	0.562898560672977
270.864	0.562148986733405
271.024	0.561335652339665
271.184	0.560463131213112
271.344	0.559537266016491
271.504	0.558564947766513
271.664	0.557553821181841
271.824	0.556511963800517
271.984	0.555447595183523
272.144	0.554368862092872
272.304	0.553283743394957
272.464	0.552200097097739
272.624	0.551125817083459
272.784	0.550069032499266
272.944	0.549038247612771
273.104	0.5480423478175
273.264	0.547090456130491
273.424	0.546191641675875
273.584	0.545354562794728
273.744	0.544587143461456
273.904	0.543896286149618
274.064	0.543287659782834
274.224	0.542765590693648
274.384	0.542333002222676
274.544	0.541991389355985
274.704	0.541740873748267
274.864	0.541580309953929
275.024	0.541507506429866
275.184	0.541519554065019
275.344	0.541613138984701
275.504	0.54178473506272
275.664	0.542030674984119
275.824	0.542347083068364
275.984	0.54272971782359
276.144	0.543173841937062
276.304	0.543674220292985
276.464	0.544225235177294
276.624	0.544821082727481
276.784	0.545455979393637
276.944	0.546124314265057
277.104	0.546820735205188
277.264	0.547540168999433
277.424	0.54827782207758
277.584	0.549029195778814
277.744	0.549790146823341
277.904	0.550556997128751
278.064	0.551326609984301
278.224	0.552096385566585
278.384	0.552864196585858
278.544	0.553628261081826
278.704	0.554386949283469
278.864	0.555138585449356
279.024	0.555881322131825
279.184	0.556613087702033
279.344	0.557331616788474
279.504	0.558034535796651
279.664	0.55871945896331
279.824	0.559384074880882
279.984	0.560026209317414
280.144	0.560643849183805
280.304	0.56123513663664
280.464	0.561798372999817
280.624	0.562332033783605
280.784	0.562834792202523
280.944	0.563305564316067
281.104	0.563743565136519
281.264	0.564148347694413
281.424	0.564519820430121
281.584	0.564858248064127
281.744	0.565164231077347
281.904	0.565438673039921
282.064	0.565682743827892
282.224	0.565897832113421
282.384	0.566085494179447
282.544	0.566247409947323
282.704	0.566385338434429
282.864	0.566501077686041
283.024	0.566596426338663
283.184	0.566673147708229
283.344	0.566732936480491
283.504	0.566777395154759
283.664	0.566808020555754
283.824	0.566826204169843
283.984	0.566833243114957
284.144	0.566830357378308
284.304	0.566818708315054
284.464	0.566799412627745
284.624	0.566773547955904
284.784	0.566742150489233
284.944	0.566706205741752
285.104	0.566666635005049
285.264	0.566624282939301
285.424	0.566579906225797
285.584	0.566534164973234
285.744	0.566487621423107
285.904	0.566440746896831
286.064	0.566393933090978
286.224	0.566347508751903
286.384	0.566301757263545
286.544	0.566256927754125
286.704	0.566213237317299
286.864	0.566170868682775
287.024	0.566129965128994
287.184	0.566090623832054
287.344	0.566052895207122
287.504	0.566016788331581
287.664	0.565982277483499
287.824	0.565949307723031
287.984	0.565917797944451
288.144	0.565887637755452
288.304	0.565858680620067
288.464	0.565830739946023
288.624	0.56580358996473
288.784	0.56577697077654
288.944	0.565750597938177
289.104	0.565724174596539
289.264	0.565697401711645
289.424	0.565669980719747
289.584	0.565641612708589
289.744	0.565611996238715
289.904	0.565580827453687
290.064	0.565547807106725
290.224	0.565512655210568
290.384	0.565475129744982
290.544	0.56543504513138
290.704	0.565392289728948
290.864	0.565346836902791
291.024	0.565298747582631
291.184	0.565248165204423
291.344	0.565195306324767
291.504	0.565140449185492
291.664	0.565083922638451
291.824	0.565026093244114
291.984	0.564967356004615
292.144	0.564908128913885
292.304	0.564848851680551
292.464	0.564789989115184
292.624	0.564732041872105
292.784	0.564675559557315
292.944	0.564621154498525
293.104	0.564569514861034
293.264	0.564521415204865
293.424	0.56447772578872
293.584	0.56443942436033
293.744	0.564407610339401
293.904	0.564383518272223
294.064	0.56436853055294
294.224	0.564364186683235
294.384	0.564372184408228
294.544	0.564394372192908
294.704	0.564432734289085
294.864	0.564489370984518
295.024	0.564566477972789
295.184	0.564666325339999
295.344	0.564791234237759
295.504	0.564943552759843
295.664	0.565125626270969
295.824	0.565339764806311
295.984	0.565588216804997
296.144	0.565873152449967
296.304	0.566196656208888
296.464	0.566560730507149
296.624	0.566967298044119
296.784	0.567418188435397
296.944	0.567915113215406
297.104	0.568459626583348
297.264	0.569053070661312
297.424	0.569696522410084
297.584	0.570390747840804
297.744	0.571136154696546
297.904	0.571932745000083
298.064	0.572780088873714
298.224	0.573677330627675
298.384	0.574623230969678
298.544	0.575616253565727
298.704	0.576654673189211
298.864	0.57773665028401
299.024	0.578860220982563
299.184	0.580023208414758
299.344	0.581223060690036
299.504	0.582456649338269
299.664	0.583720128688469
299.824	0.585008907979443
299.984	0.586317719151651
300.144	0.587640755326049
300.304	0.588971835726113
300.464	0.590304520689841
300.624	0.591632153128558
300.784	0.592947879620681
300.944	0.594244669411751
301.104	0.595515400627789
301.264	0.596753023687626
301.424	0.597950757247901
301.584	0.599102249436726
301.744	0.60020166257442
301.904	0.601243684270656
302.064	0.602223487164053
302.224	0.603136657239673
302.384	0.603979121051054
302.544	0.604747150697506
302.704	0.605437441952091
302.864	0.606047191074595
303.024	0.606574166430789
303.184	0.607016777883615
303.344	0.607374103181485
303.504	0.607645884383089
303.664	0.607832533638856
303.824	0.607935111507061
303.984	0.607955280768067
304.144	0.607895267432241
304.304	0.607757779695191
304.464	0.60754588118138
304.624	0.607262868533468
304.784	0.606912200345107
304.944	0.606497437558204
305.104	0.606022178207382
305.264	0.605490024001995
305.424	0.604904554364083
305.584	0.604269265943145
305.744	0.603587526646749
305.904	0.602862609898466
306.064	0.602097758892313
306.224	0.601296277473892
306.384	0.600461650108571
306.544	0.599597573891856
306.704	0.598707865314793
306.864	0.597796281241898
307.024	0.596866291184483
307.184	0.595920833756963
307.344	0.594962187254964
307.504	0.593991970124677
307.664	0.593011221604797
307.824	0.592020545398213
307.984	0.591020270121078
308.144	0.590010572804971
308.304	0.58899157891625
308.464	0.587963481569375
308.624	0.586926697749078
308.784	0.58588204218978
308.944	0.584830879229287
309.104	0.583775187139679
309.264	0.582717531184073
309.424	0.581660959867349
309.584	0.580608835142556
309.744	0.579564643183886
309.904	0.578531861675572
310.064	0.577513900568135
310.224	0.576514082220882
310.384	0.575535657767944
310.544	0.574581851965604
310.704	0.573655892727544
310.864	0.572761022052305
311.024	0.571900487928929
311.184	0.571077498459914
311.344	0.570295148788688
311.504	0.56955635595321
311.664	0.56886377887389
311.824	0.568219727168241
311.984	0.567626076949182
312.144	0.567084213687707
312.304	0.566594977371778
312.464	0.566158621737031
312.624	0.565774791258804
312.784	0.565442524085512
312.944	0.565160276402025
313.104	0.564925974324296
313.264	0.564737084013473
313.424	0.564590699584414
313.584	0.56448364025573
313.744	0.564412544770619
313.904	0.564373951954963
314.064	0.56436436495386
314.224	0.564380296832724
314.384	0.564418302529873
314.544	0.564475005639508
314.704	0.564547125933416
314.864	0.564631511914911
315.024	0.56472517502641
315.184	0.564825320030309
315.344	0.56492937351868
315.504	0.565035008370842
315.664	0.565140159945088
315.824	0.565243039354584
315.984	0.565342145321495
316.144	0.565436263424715
316.304	0.565524455156549
316.464	0.565606041837214
316.624	0.565680574961789
316.784	0.565747795413017
316.944	0.565807592595775
317.104	0.565859961165529
317.264	0.565904952944436
317.424	0.565942634831686
317.584	0.565973054913343
317.744	0.565996216142594
317.904	0.566012065992027
318.064	0.566020501500304
318.224	0.566021383749899
318.384	0.566014557743131
318.544	0.565999875764987
318.704	0.565977216806232
318.864	0.565946501056544
319.024	0.565907702313098
319.184	0.56586085717845
319.344	0.565806070631254
319.504	0.565743521128582
319.664	0.565673468211855
319.824	0.565596265380861
319.984	0.565512377877269
320.144	0.565422405120444
320.304	0.565327106852465
320.464	0.565227432207394
320.624	0.565124546431036
320.784	0.565019853586875
320.944	0.564915017110422
321.104	0.564811977744
321.264	0.564712965886258
321.424	0.564620503912977
321.584	0.564537400523932
321.744	0.564466737426983
321.904	0.564411856418246
322.064	0.564376355697789
322.224	0.564364100722685
322.384	0.564379245452699
322.544	0.564426253065562
322.704	0.564509901876647
322.864	0.564635267118945
323.024	0.56480767866671
323.184	0.565032659116468
323.344	0.565315851370883
323.504	0.565662937700637
323.664	0.566079547700042
323.824	0.566571135034678
323.984	0.567142824995756
324.144	0.567799245523702
324.304	0.568544358180247
324.464	0.569381309426092
324.624	0.570312345663069
324.784	0.571338788440244
324.944	0.572461057925779
325.104	0.573678728010748
325.264	0.574990601509342
325.424	0.576394768323439
325.584	0.577888656244397
325.744	0.579469073369921
325.904	0.58113222400064
326.064	0.582873715109002
326.224	0.584688592908833
326.384	0.586571397301697
326.544	0.588516251014198
326.704	0.590516993657644
326.864	0.592567361419555
327.024	0.594661180826449
327.184	0.596792544589562
327.344	0.598955907643472
327.504	0.601146099167039
327.664	0.603358268407703
327.824	0.605587802679366
327.984	0.607830261263587
328.144	0.610081360344395
328.304	0.612337009413778
328.464	0.614593344611336
328.624	0.616846710209302
328.784	0.619093568924598
328.944	0.621330326132153
329.104	0.623553116844818
329.264	0.625757652161411
329.424	0.627939164644829
329.584	0.630092544294996
329.744	0.63221267276262
329.904	0.63429488002933
330.064	0.63633540327686
330.224	0.63833177520695
330.384	0.640283065253186
330.544	0.642189931905307
330.704	0.644054466761901
330.864	0.64587989112664
331.024	0.64767013254189
331.184	0.649429339066614
331.344	0.65116138430588
331.504	0.652869447162374
331.664	0.65455573468185
331.824	0.656221388475359
331.984	0.657866529855028
332.144	0.659490383458632
332.304	0.661091486856861
332.464	0.662667947681484
332.624	0.664217638761386
332.784	0.665738322222751
332.944	0.667227740095427
333.104	0.668683654816277
333.264	0.670103799374289
333.424	0.671485815379128
333.584	0.672827139060161
333.744	0.674124802344579
333.904	0.675375269416122
334.064	0.676574348621443
334.224	0.677717138694334
334.384	0.678798070003864
334.544	0.679811074946571
334.704	0.680749791214737
334.864	0.681607772893216
335.024	0.682378744470242
335.184	0.683056813005351
335.344	0.68363659079327
335.504	0.684113235075273
335.664	0.684482402624042
335.824	0.684740146965765
335.984	0.684882802202821
336.144	0.684906950503944
336.304	0.68480949996038
336.464	0.68458783876136
336.624	0.684239998887278
336.784	0.683764789724222
336.944	0.683161839504749
337.104	0.68243151391863
337.264	0.681574787000841
337.424	0.680593096636926
337.584	0.679488226982841
337.744	0.678262281666434
337.904	0.67691774938308
338.064	0.67545758238029
338.224	0.673885243903612
338.384	0.672204692458678
338.544	0.670420294428681
338.704	0.668536684340467
338.864	0.666558650693617
339.024	0.664491087984885
339.184	0.662339046471715
339.344	0.660107818476348
339.504	0.657803046365473
339.664	0.655430845800652
339.824	0.652997866694903
339.984	0.650511267146953
340.144	0.647978669298368
340.304	0.6454080973553
340.464	0.642807877142531
340.624	0.640186540751444
340.784	0.637552701784784
340.944	0.634914843165518
341.104	0.632281066861964
341.264	0.629658843703197
341.424	0.627054768830789
341.584	0.624474464952101
341.744	0.621922667172612
341.904	0.61940337934044
342.064	0.61692005224765
342.224	0.61447577665848
342.384	0.612073382479622
342.544	0.609715481371495
342.704	0.607404498920459
342.864	0.605142671693955
343.024	0.60293202167631
343.184	0.600774371633378
343.344	0.598671300603712
343.504	0.596624054841527
343.664	0.594633514777627
343.824	0.592700211697036
343.984	0.590824353744324
344.144	0.589005949002456
344.304	0.5872449721262
344.464	0.585541505625997
344.624	0.58389583915158
344.784	0.582308536880817
344.944	0.580780462159453
345.104	0.57931281850756
345.264	0.577907189381932
345.424	0.576565536244914
345.584	0.575290123422519
345.744	0.57408336388562
345.904	0.57294759265875
346.064	0.571884811032191
346.224	0.570896468161806
346.384	0.569983346512799
346.544	0.569145553303429
346.704	0.568382587002645
346.864	0.567693437479676
347.024	0.567076687790831
347.184	0.566530580562528
347.344	0.566053049098059
347.504	0.565641733961968
347.664	0.565293997653129
347.824	0.565006950088957
347.984	0.564777479571433
348.144	0.564602277730103
348.304	0.564477854065842
348.464	0.564400543384636
348.624	0.564366511972821
348.784	0.564371770003845
348.944	0.564412196925275
349.104	0.564483579471982
349.264	0.56458165814405
349.424	0.810117137173734
349.584	0.806902187885612
349.744	0.803619974481649
349.904	0.800286667534351
350.064	0.79691840294538
350.224	0.793530972066151
350.384	0.790139431610555
350.544	0.786757661227171
350.704	0.783397950087988
350.864	0.780070703824435
351.024	0.776784349497461
351.184	0.773545444591377
351.344	0.770358999638916
351.504	0.767228980578807
351.664	0.764158837190166
351.824	0.761151898977346
351.984	0.758211669861225
352.144	0.755341912512563
352.304	0.752546463621115
352.464	0.749828962297329
352.624	0.747192623388287
352.784	0.744640082706951
352.944	0.742173417901199
353.104	0.739794375382303
353.264	0.737504617845048
353.424	0.735305947443635
353.584	0.733200451347443
353.744	0.731190514043305
353.904	0.729278657508644
354.064	0.727467349241238
354.224	0.725758780992351
354.384	0.72415462540414
354.544	0.722655839916683
354.704	0.721262594043651
354.864	0.719974273813136
355.024	0.718789576366703
355.184	0.717706701838438
355.344	0.716723609670339
355.504	0.715838221254785
355.664	0.715048522606935
355.824	0.714352543210566
355.984	0.713748210068502
356.144	0.713233109414773
356.304	0.712804225859713
356.464	0.712457698847288
356.624	0.712188652983627
356.784	0.711991137341897
356.944	0.711858176557712
357.104	0.711781930741267
357.264	0.711753959032535
357.424	0.711765543807928
357.584	0.711808025501682
357.744	0.711873104748634
357.904	0.711953079389218
358.064	0.712041003518493
358.224	0.712130762006268
358.384	0.712217076919956
358.544	0.712295480303851
358.704	0.712362277519219
358.864	0.71241450985724
359.024	0.712449933822541
359.184	0.712467009106717
359.344	0.71246489558655
359.504	0.712443456085452
359.664	0.712403269061383
359.824	0.712345673614777
359.984	0.712272867855177
360.144	0.712188042325465
360.304	0.712095510523
360.464	0.712000809514961
360.624	0.711910736668756
360.784	0.711833294359735
360.944	0.711777571736206
361.104	0.711753614581653
361.264	0.711772326459027
361.424	0.711845421143039
361.584	0.711985422213843
361.744	0.712205674571237
361.904	0.712520333329735
362.064	0.712944294155818
362.224	0.713493024292916
362.384	0.714182296348667
362.544	0.715027809775734
362.704	0.716044712458256
362.864	0.717247111296615
363.024	0.718647641754728
363.184	0.720257041797936
363.344	0.722083819863087
363.504	0.724134047380289
363.664	0.726411184788617
363.824	0.728915885828087
363.984	0.731645899909495
364.144	0.734596033417461
364.304	0.737758213857774
364.464	0.741121663215722
364.624	0.744673102381853
364.784	0.748396932817172
364.944	0.752275403900171
365.104	0.7562887070643
365.264	0.7604150127612
365.424	0.764630604947229
365.584	0.768910184236688
365.744	0.773227285734606
365.904	0.777554735596027
366.064	0.781865107979343
366.224	0.786131208125539
366.384	0.790326548093049
366.544	0.794425746872435
366.704	0.798404959587401
366.864	0.802242388216087
367.024	0.805918761539147
367.184	0.809417707504394
367.344	0.812726043252837
367.504	0.815833896414119
367.664	0.818734614401478
367.824	0.821424528745069
367.984	0.823902637761762
368.144	0.826170306204972
368.304	0.828231044588506
368.464	0.830090401076291
368.624	0.831755872106328
368.784	0.833236776764693
368.944	0.834544027350262
369.104	0.835689806665982
369.264	0.836687142858295
369.424	0.837549459036268
369.584	0.838290159854637
369.744	0.838922308759834
369.904	0.839458368967257
370.064	0.839910044852445
370.224	0.840288183526468
370.384	0.84060270567818
370.544	0.840862557246396
370.704	0.841075714666772
370.864	0.8412492266865
371.024	0.841389287085008
371.184	0.841501322642102
371.344	0.841590079600223
371.504	0.841659681146552
371.664	0.841713664852591
371.824	0.841755002077321
371.984	0.841786111763554
372.144	0.841808875363654
372.304	0.841824660731049
372.464	0.841834353648096
372.624	0.841838396540766
372.784	0.841836832783088
372.944	0.841829355859204
373.104	0.841815360753913
373.264	0.841793994652903
373.424	0.841764204984088
373.584	0.841724780046547
373.744	0.841674380883546
373.904	0.84161157107917
374.064	0.841534856274052
374.224	0.841442734140742
374.384	0.841333758357109
374.544	0.841206607528079
374.704	0.84106013433518
374.864	0.840893380971352
375.024	0.840705564353698
375.184	0.84049604070276
375.344	0.840264277491883
375.504	0.840009872822179
375.664	0.839732640202214
375.824	0.839432759989563
375.984	0.839110981468934
376.144	0.838768845790469
376.304	0.838408872315654
376.464	0.838034654485341
376.624	0.837650841796517
376.784	0.837263004561123
376.944	0.836877384393233
377.104	0.836500553456403
377.264	0.836139051281975
377.424	0.835799062169258
377.584	0.835486151073269
377.744	0.835205102356554
377.904	0.834959882759108
378.064	0.834753680440713
378.224	0.834588965543276
378.384	0.834467550210206
378.544	0.834390608133731
378.704	0.834358660193061
378.864	0.834371599716064
379.024	0.834428760824608
379.184	0.834528995660662
379.344	0.834670770394382
379.504	0.834852251431244
379.664	0.835071305199676
379.824	0.83532542260366
379.984	0.835611624441412
380.144	0.835926364209513
380.304	0.836265497261934
380.464	0.836624373342033
380.624	0.836997990677105
380.784	0.837381170984486
380.944	0.83776874091825
381.104	0.838155677407599
381.264	0.838537206740853
381.424	0.838908892582026
381.584	0.83926670239623
381.744	0.839607061537095
381.904	0.839926902451793
382.064	0.840223690461812
382.224	0.840495435406979
382.384	0.84074072195574
382.544	0.840958735864774
382.704	0.841149276458168
382.864	0.841312748953328
383.024	0.841450114529039
383.184	0.84156280478021
383.344	0.841652623022242
383.504	0.841721643882124
383.664	0.841772132346364
383.824	0.841806493960689
383.984	0.841827237557368
384.144	0.841836934782918
384.304	0.841838167194396
384.464	0.841833455969777
384.624	0.841825179656894
384.784	0.841815489813939
384.944	0.841806231924352
385.104	0.84179887654625
385.264	0.841794462473786
385.424	0.841793557089773
385.584	0.841796242016358
385.744	0.841802125594882
385.904	0.841810380269067
386.064	0.841819798490292
386.224	0.841828854788332
386.384	0.841835765166593
386.544	0.841838539269816
386.704	0.841835026639842
386.864	0.841822961848379
387.024	0.841800008596806
387.184	0.841763799894011
387.344	0.841711971428253
387.504	0.841642185231308
387.664	0.841552144471166
387.824	0.841439608635142
387.984	0.841302420148736
388.144	0.841138547905871
388.304	0.84094613429977
388.464	0.840723516431012
388.624	0.840469206909006
388.784	0.840181829063681
388.944	0.83986001034566
389.104	0.839502259757523
389.264	0.839106880960685
389.424	0.83867194984316
389.584	0.838195358193957
389.744	0.83767490458365
389.904	0.837108391907009
390.064	0.836493706483793
390.224	0.835828860758852
390.384	0.835111992530869
390.544	0.834341337172987
390.704	0.833515220282493
390.864	0.832632100292699
391.024	0.831690657809872
391.184	0.830689913899391
391.344	0.829629363612526
391.504	0.82850912862807
391.664	0.827330099491633
391.824	0.826094018275057
391.984	0.824803503605722
392.144	0.823462046808686
392.304	0.822073968890095
392.464	0.82064434977076
392.624	0.819178948173544
392.784	0.817684158062207
392.944	0.816166981165566
393.104	0.81463500244547
393.264	0.813096353608557
393.424	0.811559640621113
393.584	0.810033829469944
393.744	0.808528106643166
393.904	0.80705174732168
394.064	0.805614029175672
394.224	0.804224213597422
394.384	0.802891579207085
394.544	0.801625449775088
394.704	0.800435178522889
394.864	0.799330041575899
395.024	0.798319031801952
395.184	0.797410569933959
395.344	0.796612184969604
395.504	0.795930240866369
395.664	0.795369729669233
395.824	0.79493409801546
395.984	0.794625095751258
396.144	0.794442653036299
396.304	0.794384806278799
396.464	0.794447726845988
396.624	0.794625902994198
396.784	0.794912457015357
396.944	0.795299538646645
397.104	0.795778706680608
397.264	0.796341191720444
397.424	0.796978001348293
397.584	0.797679881137469
397.744	0.798437214711726
397.904	0.799239974712123
398.064	0.800077824905316
398.224	0.800940350620408
398.384	0.801817340506318
398.544	0.802699010825677
398.704	0.803576141538883
398.864	0.804440015205614
399.024	0.805282190996309
399.184	0.806094266864307
399.344	0.806867735446417
399.504	0.807593954856543
399.664	0.808264358585006
399.824	0.808870843277532
399.984	0.809406161926631
400.144	0.809864281069736
400.304	0.810240697919539
400.464	0.810532585915666
400.624	0.810738802594983
400.784	0.810859809847102
400.944	0.810897438845245
401.104	0.81085448395504
401.264	0.81073432282426
401.424	0.810540604041194
401.584	0.810277036025923
401.744	0.809947323268148
401.904	0.809555236579968
402.064	0.809104730161948
402.224	0.80860005339548
402.384	0.808045789780977
402.544	0.80744681142653
402.704	0.80680818364101
402.864	0.806135085594065
403.024	0.805432771431128
403.184	0.804706668968379
403.344	0.803962558166745
403.504	0.803206732757303
403.664	0.802446044530484
403.824	0.801687813412059
403.984	0.80093954482038
404.144	0.800208542504038
404.304	0.799501542446365
404.464	0.798824467111331
404.624	0.79818233511844
404.784	0.797579385723907
404.944	0.797019318453408
405.104	0.79650552208625
405.264	0.796041216582466
405.424	0.795629481097762
405.584	0.795273145811848
405.744	0.794974639489396
405.904	0.794735875662241
406.064	0.79455820022838
406.224	0.794442407796282
406.384	0.794388822038741
406.544	0.794397403411381
406.704	0.794467856271126
406.864	0.794599727695072
407.024	0.79479248877999
407.184	0.795045595536408
407.344	0.795358538943105
407.504	0.795730876080938
407.664	0.796162240278932
407.824	0.79665233810772
407.984	0.797200948371369
408.144	0.797807914293912
408.304	0.798473136204279
408.464	0.79919654914363
408.624	0.799978080671622
408.784	0.800817561639519
408.944	0.801714612203
409.104	0.802668520504881
409.264	0.803678162650044
409.424	0.804741943611702
409.584	0.805857778923723
409.744	0.807023080511613
409.904	0.808234757412379
410.064	0.809489197084872
410.224	0.810782239498963
410.384	0.812109115511817
410.544	0.813464404074807
410.704	0.814842015500403
410.864	0.816235223070294
411.024	0.817636705420114
411.184	0.819038667623659
411.344	0.820433049807548
411.504	0.821811776983282
411.664	0.823166998608599
411.824	0.824491347142043
411.984	0.825778154445629
412.144	0.827021569705153
412.304	0.828216609882588
412.464	0.829359161196976
412.624	0.830445959233316
412.784	0.831474590478706
412.944	0.832443517368233
413.104	0.833352064584346
413.264	0.834200380503603
413.424	0.834989359660881
413.584	0.835720485729894
413.744	0.836395630359789
413.904	0.837016874797087
414.064	0.837586354259315
414.224	0.838106166742932
414.384	0.838578361870645
414.544	0.839004978142725
414.704	0.839388104005934
414.864	0.839729954899553
415.024	0.84003292017826
415.184	0.840299557111734
415.344	0.840532549416253
415.504	0.840734649723686
415.664	0.840908619827246
415.824	0.841057173365357
415.984	0.841182938510769
416.144	0.84128843666042
416.304	0.841376069328248
416.464	0.841448103394328
416.624	0.841506656576371
416.784	0.841553676515446
416.944	0.841590922304817
417.104	0.841619956793579
417.264	0.841642148389496
417.424	0.841658680811065
417.584	0.841670573897204
417.744	0.841678708610175
417.904	0.841683848927346
418.064	0.841686657241212
418.224	0.841687708253744
418.384	0.841687496236204
418.544	0.84168643845544
418.704	0.841684877036528
418.864	0.841683085372438
419.024	0.841681278148258
419.184	0.841679621531625
419.344	0.841678240587612
419.504	0.841677224575847
419.664	0.841676628364098
419.824	0.841676470997641
419.984	0.841676736556678
420.144	0.841677378473719
420.304	0.841678326660826
420.464	0.841679496161191
420.624	0.841680795817069
420.784	0.841682137374278
420.944	0.841683437898496
421.104	0.841684614536121
421.264	0.841685576306759
421.424	0.841686213591515
421.584	0.841686385831849
421.744	0.841685913832521
421.904	0.841684580082415
422.064	0.841682129159949
422.224	0.841678267618249
422.384	0.841672668581737
422.544	0.841664977751066
422.704	0.84165481361299
422.864	0.841641770368255
423.024	0.841625422603443
423.184	0.841605323716408
423.344	0.841581007029959
423.504	0.841551995979103
423.664	0.841517815045449
423.824	0.841478001155451
423.984	0.841432124264088
424.144	0.841379810606782
424.304	0.841320758093502
424.464	0.841254755946125
424.624	0.841181709825946
424.784	0.841101659709807
424.944	0.841014786316123
425.104	0.84092140885798
425.264	0.840821958752372
425.424	0.840716926702385
425.584	0.840606791560162
425.744	0.840491950213959
425.904	0.840372670398324
426.064	0.840249081205798
426.224	0.840121199553664
426.384	0.839988983689068
426.544	0.839852396752235
426.704	0.83971146731426
426.864	0.839566340564147
427.024	0.839417325913132
427.184	0.839264953449288
427.344	0.839110026398998
427.504	0.838953662333893
427.664	0.838797311550366
427.824	0.838642740870114
427.984	0.838491997445885
428.144	0.838347369353528
428.304	0.838211331202842
428.464	0.838086505357637
428.624	0.837975630524056
428.784	0.837881503722087
428.944	0.8378068824303
429.104	0.837754359261567
429.264	0.837726202605268
429.424	0.837724199427271
429.584	0.837749551185539
429.744	0.837802831122076
429.904	0.837883998121129
430.064	0.837992464138893
430.224	0.838127179131448
430.384	0.838286708729015
430.544	0.838469299846679
430.704	0.838672914447102
430.864	0.838895225956435
431.024	0.839133593659312
431.184	0.839385027412504
431.344	0.839646154274192
431.504	0.839913208559778
431.664	0.840182042091669
431.824	0.840448150663747
431.984	0.84070669728942
432.144	0.840952522242219
432.304	0.841180145435715
432.464	0.841383775219015
432.624	0.841557345081014
432.784	0.841694600909591
432.944	0.841789243905509
433.104	0.841835107684233
433.264	0.841826332744517
433.424	0.841757502115001
433.584	0.841623722424742
433.744	0.841420662922133
433.904	0.841144575385556
434.064	0.840792313517909
434.224	0.840361355020491
434.384	0.839849811417366
434.544	0.839256401373291
434.704	0.838580364413133
434.864	0.837821325226855
435.024	0.836979139261871
435.184	0.836053814119509
435.344	0.835045572249442
435.504	0.833955068758655
435.664	0.832783705667111
435.824	0.831533990243202
435.984	0.830209773882984
436.144	0.828816252216598
436.304	0.827359713300325
436.464	0.825847144070281
436.624	0.824285778112767
436.784	0.822682743703695
436.944	0.821044923536988
437.104	0.81937901254912
437.264	0.81769166493757
437.424	0.815989735107792
437.584	0.814280461010981
437.744	0.812571553676548
437.904	0.810871284379232
438.064	0.809188636174781
438.224	0.807533394081361
438.384	0.805916139733313
438.544	0.804348118533312
438.704	0.802840910127429
438.864	0.801405907678259
439.024	0.800053795176723
439.184	0.798794075804722
439.344	0.79763478346274
439.504	0.796582429111709
439.664	0.795642136934362
439.824	0.794817842797897
439.984	0.79411254562558
440.144	0.79352851347096
440.304	0.793067428445397
440.464	0.792730553457091
440.624	0.792518902583083
440.784	0.792433359518213
440.944	0.792474791569816
441.104	0.792644085180768
441.264	0.792942076381792
441.424	0.793369404006739
441.584	0.793926349168601
441.744	0.794612607730528
441.904	0.795427158136476
442.064	0.796368219603323
442.224	0.797433155212389
442.384	0.798618265972095
442.544	0.799918564649147
442.704	0.801996431713064
442.864	0.804171146063595
443.024	0.806413514919655
443.184	0.808690818464925
443.344	0.810970745661166
443.504	0.813223898693536
443.664	0.815425157101913
443.824	0.817554202828092
443.984	0.819595484842807
444.144	0.821537844603085
444.304	0.823373966788381
444.464	0.825099768386167
444.624	0.826713794662169
444.784	0.828216659189479
444.944	0.829610549608901
445.104	0.830898807105427
445.264	0.832085578399415
445.424	0.833175539153785
445.584	0.834173680570416
445.744	0.83508514549419
445.904	0.83591510488543
446.064	0.836668668610514
446.224	0.837350820408005
446.384	0.837966371770449
446.544	0.838519931761425
446.704	0.839015887757682
446.864	0.839458393851942
447.024	0.839851366208336
447.184	0.840198483430072
447.344	0.840503190681488
447.504	0.840768707614075
447.664	0.840998039252895
447.824	0.841193987830025
447.984	0.841359164922437
448.144	0.841496003621501
448.304	0.841606770174735
448.464	0.841693574808801
448.624	0.841758382092507
448.784	0.841803020738666
448.944	0.841829192568298
449.104	0.841838480388901
449.264	0.841832354865915
449.424	0.841812180652482
449.584	0.841779222065611
449.744	0.841734648615443
449.904	0.841679540593191
450.064	0.841614894815734
450.224	0.841541630571896
450.384	0.841460595741069
450.544	0.841372573036665
450.704	0.841278286096326
450.864	0.841178405083497
451.024	0.841073551511386
451.184	0.840964302210182
451.344	0.840851192755622
451.504	0.840734720708156
451.664	0.840615348834831
451.824	0.840493508674058
451.984	0.840369604168586
452.144	0.840244014914447
452.304	0.840117098714131
452.464	0.839989193115912
452.624	0.839860615790599
452.784	0.839731664286433
452.944	0.839602615781018
453.104	0.839473727230938
453.264	0.839345236194617
453.424	0.839217362428258
453.584	0.839090310243932
453.744	0.838964271365171
453.904	0.838839427813923
454.064	0.838715954545592
454.224	0.838594021657968
454.384	0.838473795959203
454.544	0.838355442003945
454.704	0.838239122820028
454.864	0.838125000436662
455.024	0.83801323637465
455.184	0.837903992179577
455.344	0.837797429462967
455.504	0.837693709371365
455.664	0.837592991883525
455.824	0.837495434694233
455.984	0.837401191841423
456.144	0.83731041283761
456.304	0.837223242512778
456.464	0.837139821601681
456.624	0.837060288147882
456.784	0.836984779323643
456.944	0.836913432842834
457.104	0.836846387889295
457.264	0.836783785414468
457.424	0.836725767843177
457.584	0.836672478507694
457.744	0.836624061198904
457.904	0.836580659981678
458.064	0.83654241927286
458.224	0.836509483969962
458.384	0.836481999520288
458.544	0.836460111286556
458.704	0.836443962913904
458.864	0.836433694085713
459.024	0.836429438293521
459.184	0.836431320672204
459.344	0.836439456525909
459.504	0.836453950930149
459.664	0.836474899057862
459.824	0.836502386508414
459.984	0.836536489481546
460.144	0.83657727451407
460.304	0.836624797476475
460.464	0.836679102253925
460.624	0.836740219713761
460.784	0.83680816671847
460.944	0.83688294513729
461.104	0.836964540857366
461.264	0.837052922243288
461.424	0.837148037468637
461.584	0.837249811307515
461.744	0.837358142340804
461.904	0.837472900751095
462.064	0.8375939271574
462.224	0.837721032571949
462.384	0.837853998762853
462.544	0.83799257846124
462.704	0.838136495015647
462.864	0.838285441054381
463.024	0.838439076220425
463.184	0.838597024462047
463.344	0.838758871090363
463.504	0.838924160267084
463.664	0.839092393007263
463.824	0.839263025273226
463.984	0.83943546622038
464.144	0.839609076393231
464.304	0.839783165155609
464.464	0.839956987572691
464.624	0.840129740888301
464.784	0.840300560602259
464.944	0.840468516601618
465.104	0.84063261040103
465.264	0.840791772763737
465.424	0.840944862071979
465.584	0.841090663750379
465.744	0.841227890368032
465.904	0.841355181852009
