0.144	0.112457394743444
0.304	0.109372780661317
0.464	0.106431119934257
0.624	0.103627509484397
0.784	0.100957157554433
0.944	0.0984153907958785
1.104	0.0959976604165718
1.264	0.0936995462790833
1.424	0.0915167566817559
1.584	0.0894451301022059
1.744	0.0874806426240298
1.904	0.0856194166471482
2.064	0.0838577245555712
2.224	0.0821919869737826
2.384	0.0806187646657577
2.544	0.0791347435876446
2.704	0.0777367177610699
2.864	0.0764215752370205
3.024	0.0751862873968889
3.184	0.0740279026654775
3.344	0.0729435442545423
3.504	0.0719304096729161
3.664	0.0709857706590924
3.824	0.0701069744853271
3.984	0.0692914448578108
4.144	0.0685366820444528
4.304	0.0678402634737836
4.464	0.0671998443486359
4.624	0.0666131572322115
4.784	0.0660780110796964
4.944	0.0655922899910024
5.104	0.0651539520862912
5.264	0.0647610291127307
5.424	0.0644116263785577
5.584	0.064103922571519
5.744	0.0638361695797016
5.904	0.0636066917468838
6.064	0.0634138842869447
6.224	0.0632562112219262
6.384	0.0631322031542254
6.544	0.0630404547910643
6.704	0.0629796222049777
6.864	0.0629484199118338
7.024	0.0629456179613612
7.184	0.0629700393536154
7.344	0.0630205579352037
7.504	0.0630960968874774
7.664	0.063195627789753
7.824	0.0633181699012653
7.984	0.0634627894156097
8.144	0.0636285986209373
8.304	0.0638147548244774
8.464	0.0640204592473879
8.624	0.0642449557505529
8.784	0.0644875291075664
8.944	0.064747502901298
9.104	0.0650242369709417
9.264	0.0653171243853308
9.424	0.0656255883290555
9.584	0.0659490795405304
9.744	0.0662870740671337
9.904	0.0666390709984057
10.064	0.0670045899466345
10.224	0.0673831676180612
10.384	0.0677743527959933
10.544	0.0681777001241812
10.704	0.0685927636940846
10.864	0.0690190914676236
11.024	0.0694562215347219
11.184	0.0699036808794631
11.344	0.0703609860483425
11.504	0.0708276440789746
11.664	0.0713031524457506
11.824	0.0717869972098129
11.984	0.0722786489851046
12.144	0.0727775578405385
12.304	0.0732831495564028
12.464	0.0737948237916157
12.624	0.0743119548429263
12.784	0.074833895120662
12.944	0.0753599794280149
13.104	0.0758895280103502
13.264	0.0764218483487298
13.424	0.0769562358063354
13.584	0.0774919728410737
13.744	0.0780283280914205
13.904	0.0785645555361612
14.064	0.0790998926740372
14.224	0.0796335579462379
14.384	0.0801647488351023
14.544	0.0806926408556023
14.704	0.0812163886046733
14.864	0.0817351290467627
15.024	0.0822479864486354
15.184	0.08275407697937
15.344	0.0832525114028044
15.504	0.0837423928995236
15.664	0.0842228111641248
15.824	0.0846928344968205
15.984	0.085151503216423
16.144	0.0855978270301989
16.304	0.0860307879036668
16.464	0.0864493469380818
16.624	0.0868524551311225
16.784	0.0872390644830716
16.944	0.0876081340612131
17.104	0.0879586296774164
17.264	0.0882895202140048
17.424	0.0885997702508234
17.584	0.0888883309058315
17.744	0.0891541329030474
17.904	0.089396085357123
18.064	0.0896130789499807
18.224	0.0898039943409117
18.384	0.0899677134536319
18.544	0.0901031304893536
18.704	0.0902091600939343
18.864	0.0902847432777776
19.024	0.0903288517118312
19.184	0.09034048920131
19.344	0.090318696895622
19.504	0.0902625650148252
19.664	0.0901712492555475
19.824	0.0900439881810939
19.984	0.0898801255800095
20.144	0.0896791315802261
20.304	0.0894406186220635
20.464	0.0891643585316046
20.624	0.0888503037807027
20.784	0.0884986103537244
20.944	0.0881096711460145
21.104	0.0876841683385123
21.264	0.0872231429090675
21.424	0.0867280772145591
21.584	0.0862009933870809
21.744	0.0856445582480205
21.904	0.0850621858937188
22.064	0.0844581353565559
22.224	0.0838375904572217
22.384	0.0832067036231479
22.544	0.0825725911350332
22.704	0.0819432603196333
22.864	0.0813274223942813
23.024	0.0807341455967503
23.184	0.0801722953680724
23.344	0.0796497031274725
23.504	0.0799333062930714
23.664	0.0802352654206402
23.824	0.0805544425713265
23.984	0.0808900079594537
24.144	0.0812414989949843
24.304	0.0816089239564803
24.464	0.081992856563545
24.624	0.0823945922982716
24.784	0.082816383734496
24.944	0.0832615795617926
25.104	0.0837345100000562
25.264	0.0842401572601261
25.424	0.0847836894994884
25.584	0.0853699701994515
25.744	0.0860031477328107
25.904	0.0866864375632872
26.064	0.0874220977332811
26.224	0.0882115098824556
26.384	0.0890552765326333
26.544	0.0899532912124528
26.704	0.0909047413319399
26.864	0.0919080993057264
27.024	0.0929611748253478
27.184	0.0940611773891646
27.344	0.0952047867421584
27.504	0.09638824477355
27.664	0.0976074221894692
27.824	0.0988577694419632
27.984	0.100134209840633
28.144	0.101431038628732
28.304	0.102741884758359
28.464	0.104059766522084
28.624	0.105377203289152
28.784	0.10668633670258
28.944	0.10797908922865
29.104	0.109247298628418
29.264	0.110482817182344
29.424	0.111677594832543
29.584	0.112823757125227
29.744	0.11391356960047
29.904	0.11493929506338
30.064	0.11589302522242
30.224	0.116766525282912
30.384	0.117551119501911
30.544	0.118237726263203
30.704	0.118817053657324
30.864	0.119279905740939
31.024	0.119617567618377
31.184	0.119822204945251
31.344	0.119887203202723
31.504	0.119807477159782
31.664	0.119579747302339
31.824	0.119202716862503
31.984	0.118677107022961
32.144	0.118005540735282
32.304	0.117192306872369
32.464	0.116243032363911
32.624	0.115164494290127
32.784	0.113964591098977
32.944	0.112652485770298
33.104	0.111238806216136
33.264	0.109735767451468
33.424	0.10815700038944
33.584	0.106517095820266
33.744	0.10483087077256
33.904	0.103112512121641
34.064	0.10137481354576
34.224	0.0996287641630147
34.384	0.0978835330483321
34.544	0.0961468015049718
34.704	0.0944252497601497
34.864	0.0927250126997592
35.024	0.0910519043158615
35.184	0.0894113818396249
35.344	0.0878082874856432
35.504	0.0862465333487421
35.664	0.0847288828030628
35.824	0.0832569444541491
35.984	0.0818314095614028
36.144	0.080452440208262
36.304	0.0791200490403412
36.464	0.07783440396787
36.624	0.0765959982470008
36.784	0.0754056492596078
36.944	0.0742643687059967
37.104	0.0731732170845021
37.264	0.0721331563029821
37.424	0.0711449157536777
37.584	0.0702089130342642
37.744	0.0693252760889322
37.904	0.068493944656268
38.064	0.0677148428994201
38.224	0.0669880809614938
38.384	0.0663141427216374
38.544	0.0656940213262374
38.704	0.0651292819600826
38.864	0.0646220369454227
39.024	0.0641748826848811
39.184	0.0637908382954606
39.344	0.0634733153088405
39.504	0.0632261117011126
39.664	0.063053405483231
39.824	0.0629597185828175
39.984	0.062949835683014
40.144	0.0630286609714972
40.304	0.063201033584221
40.464	0.0634715470569631
40.624	0.0638443887345943
40.784	0.0643232118957826
40.944	0.0649110460125826
41.104	0.0656102226852795
41.264	0.066422302698868
41.424	0.0673480352119782
41.584	0.0683873190424151
41.744	0.0695391779522083
41.904	0.0708017873387803
42.064	0.0721725316656716
42.224	0.0736480206159627
42.384	0.0752240783081675
42.544	0.0768956943430226
42.704	0.0786568730663362
42.864	0.0805003633273031
43.024	0.0824173783083211
43.184	0.08439735655503
43.344	0.0864276966206603
43.504	0.0884935091361854
43.664	0.0905774776753674
43.824	0.0926597559588913
43.984	0.0947179385798904
44.144	0.0967272868311397
44.304	0.0986611856870354
44.464	0.100491744732551
44.624	0.102190582440869
44.784	0.103729714769486
44.944	0.105082337578949
45.104	0.106223458360375
45.264	0.107130384991081
45.424	0.107783095921434
45.584	0.108164677010848
45.744	0.108262012283546
45.904	0.108066572314385
46.064	0.107575052333402
46.224	0.106789780921247
46.384	0.105718809837356
46.544	0.104375706465646
46.704	0.102779100205282
46.864	0.100952098142614
47.024	0.0989216857275892
47.184	0.0967181100751873
47.344	0.0943741212715281
47.504	0.0919240884484793
47.664	0.0894031210938806
47.824	0.0868462861583907
47.984	0.0842879166575017
48.144	0.0817611193071457
48.304	0.0792974425539228
48.464	0.0769266248124154
48.624	0.0746763283200949
48.784	0.0725718689251948
48.944	0.0706359068852294
49.104	0.0688882331195941
49.264	0.0673456475870466
49.424	0.0660218761797182
49.584	0.0649275004240621
49.744	0.0640699134382317
49.904	0.0634532873776266
50.064	0.063078628963865
50.224	0.0629439537875101
50.384	0.0630445580708852
50.544	0.0633733193091643
50.704	0.0639209616034009
50.864	0.0646762545428032
51.024	0.0656261688780546
51.184	0.0667560471368347
51.344	0.0680498536983691
51.504	0.0694905421042336
51.664	0.0710604923139613
51.824	0.0727419767542301
51.984	0.0745175762515942
52.144	0.0763705224701994
52.304	0.0782849331702096
52.464	0.0802459099429029
52.624	0.0822394540800246
52.784	0.0842523221942315
52.944	0.0862718293905687
53.104	0.0882856401646563
53.264	0.0902816045640407
53.424	0.0922477307453278
53.584	0.0941722683957664
53.744	0.0960439072944723
53.904	0.0978519923070849
54.064	0.0995867421716525
54.224	0.101239424066819
54.384	0.102802538990716
54.544	0.104269917268141
54.704	0.105636750350243
54.864	0.106899594071081
55.024	0.108056339393499
55.184	0.109106042014844
55.344	0.110048666035084
55.504	0.11088483205657
55.664	0.111615646101939
55.824	0.112242606262328
55.984	0.112767588196732
56.144	0.113192879926316
56.304	0.113521216470701
56.464	0.113755858599518
56.624	0.113900626128782
56.784	0.113959822738309
56.944	0.113938135796786
57.104	0.113840599627622
57.264	0.11367253684358
57.424	0.113439545983226
57.584	0.113147547269989
57.744	0.112802867270318
57.904	0.112412233415455
58.064	0.111982691444098
58.224	0.111521386406423
58.384	0.111035216803373
58.544	0.110530411585103
58.704	0.110012209369359
58.864	0.109484643697158
59.024	0.108950491348025
59.184	0.108411428332204
59.344	0.10786840456575
59.504	0.107322076254889
59.664	0.106773191775176
59.824	0.106222921705182
59.984	0.105673068108388
60.144	0.105126085457698
60.304	0.104585006993204
60.464	0.10405330308032
60.624	0.103534666435451
60.784	0.103032828652033
60.944	0.102551447848612
61.104	0.102094001546277
61.264	0.101663686831273
61.424	0.101263315715812
61.584	0.100895181069234
61.744	0.100560853903573
61.904	0.100261014586238
62.064	0.0999953595455167
62.224	0.0997626834956122
62.384	0.0995611686162761
62.544	0.0993887656809989
62.704	0.0992435079635356
62.864	0.0991237784174359
63.024	0.0990284339076766
63.184	0.0989567172973125
63.344	0.0989081308317168
63.504	0.0988824182467738
63.664	0.0988796105939969
63.824	0.0989001218670751
63.984	0.0989448762597362
64.144	0.0990153234028526
64.304	0.0991133173776575
64.464	0.0992409177667355
64.624	0.0994001876881043
64.784	0.0995930587164935
64.944	0.0998214275404621
65.104	0.100087421107162
65.264	0.100393706523562
65.424	0.100743662852722
65.584	0.101141338395848
65.744	0.101591214109192
65.904	0.102097827634282
66.064	0.102665294007295
66.224	0.103296952827407
66.384	0.103995216519536
66.544	0.10476147183789
66.704	0.105596102260449
66.864	0.106498674076818
67.024	0.107468095199295
67.184	0.108502742933467
67.344	0.109600713204088
67.504	0.110760067859985
67.664	0.111979010614789
67.824	0.113256064899986
67.984	0.114590131110674
68.144	0.115980318841537
68.304	0.117425715736033
68.464	0.118925143666559
68.624	0.120476948976773
68.784	0.122078960867555
68.944	0.123728635272471
69.104	0.12542320231438
69.264	0.127159753113858
69.424	0.12893522970495
69.584	0.130746233406001
69.744	0.132588673769135
69.904	0.134457390556861
70.064	0.136345828292917
70.224	0.138245894951581
70.384	0.140148105025048
70.544	0.142041859860626
70.704	0.143915848344193
70.864	0.145758539922042
71.024	0.147558681212274
71.184	0.149305648287111
71.344	0.150989718698213
71.504	0.152602186300726
71.664	0.154135410559604
71.824	0.155582791465974
71.984	0.156938720875416
72.144	0.158198484026741
72.304	0.159358273230339
72.464	0.160415180793109
72.624	0.16136712273493
72.784	0.162212733256354
72.944	0.162951300712677
73.104	0.163582585188067
73.264	0.164106632965797
73.424	0.164523574293924
73.584	0.164833452277264
73.744	0.165036185504221
73.904	0.165131692830471
74.064	0.165120067878831
74.224	0.165001798143805
74.384	0.164778063934307
74.544	0.164450989620775
74.704	0.164023732353655
74.864	0.163500374822718
75.024	0.16288573587434
75.184	0.162185148931428
75.344	0.161404259540234
75.504	0.160548894963142
75.664	0.159625071748962
75.824	0.158639093844329
75.984	0.157597672986583
76.144	0.156508005412718
76.304	0.155377779070875
76.464	0.154215144869966
76.624	0.153028668135732
76.784	0.151827244652452
76.944	0.150619958086907
77.104	0.149415874850149
77.264	0.148223774586825
77.424	0.147051847079126
77.584	0.145907299798353
77.744	0.144796021594232
77.904	0.143722388475055
78.064	0.142689279709032
78.224	0.141698273885197
78.384	0.140750022643772
78.544	0.13984459450586
78.704	0.138981765981896
78.864	0.138161171593367
79.024	0.137382305567542
79.184	0.136644431404477
79.344	0.135946663627294
79.504	0.135288135807002
79.664	0.134668251944447
79.824	0.134086985022066
79.984	0.133545129873994
80.144	0.133044248240424
80.304	0.132586387585263
80.464	0.132173589912838
80.624	0.131807306571488
80.784	0.13148788364748
80.944	0.131214327296959
81.104	0.130984329347541
81.264	0.130794513206126
81.424	0.130640740993329
81.584	0.130518428293328
81.744	0.130422698649397
81.904	0.130348404044469
82.064	0.130290073227172
82.224	0.1302419542846
82.384	0.130198156974132
82.544	0.130152946287183
82.704	0.130101172734896
82.864	0.130038733572917
83.024	0.129962853327982
83.184	0.129872231183924
83.344	0.129767064057148
83.504	0.129648900702762
83.664	0.129520373292451
83.824	0.12938498217153
83.984	0.129246861144281
84.144	0.129110509191548
84.304	0.128980528301611
84.464	0.128861406715203
84.624	0.128757257423956
84.784	0.128671658159931
84.944	0.12860765191698
85.104	0.128567861107229
85.264	0.12855468784943
85.424	0.128570650501899
85.584	0.128618643961033
85.744	0.128702069784538
85.904	0.128824909902107
86.064	0.12899179396112
86.224	0.129207979648811
86.384	0.129479299108709
86.544	0.129812066330771
86.704	0.130212973387813
86.864	0.130688960327973
87.024	0.131247117426653
87.184	0.131894554137546
87.344	0.132638341705444
87.504	0.133485474691781
87.664	0.134442829851139
87.824	0.135517083579373
87.984	0.136714590689564
88.144	0.138041154078962
88.304	0.139501805185375
88.464	0.141100596216177
88.624	0.142840373144793
88.784	0.144722562603022
88.944	0.146747007860256
89.104	0.148911722340529
89.264	0.151212665795981
89.424	0.153643596609697
89.584	0.156196028615511
89.744	0.158859229515031
89.904	0.161620312015714
90.064	0.164464346396528
90.224	0.167374563814235
90.384	0.170332673260248
90.544	0.173319283917579
90.704	0.176314434280187
90.864	0.179298166914975
91.024	0.182251006035528
91.184	0.185154261714104
91.344	0.187990166765246
91.504	0.190741932099002
91.664	0.193393798074055
91.824	0.195931212490279
91.984	0.198341196641024
92.144	0.200612791032142
92.304	0.202737458176614
92.464	0.204709373566914
92.624	0.206525525128598
92.784	0.208185590380879
92.944	0.209691709793731
93.104	0.211048133624161
93.264	0.212260729551929
93.424	0.213336406730321
93.584	0.214282565586416
93.744	0.215106584238299
93.904	0.215815420053843
94.064	0.216415376222869
94.224	0.216912021698079
94.384	0.217310192869206
94.544	0.217614048243547
94.704	0.217827117457034
94.864	0.217952336949509
95.024	0.217992089295706
95.184	0.217948270077329
95.344	0.217822382654219
95.504	0.217615643169154
95.664	0.217329068089555
95.824	0.216963516878593
95.984	0.216519700246351
96.144	0.215998187356433
96.304	0.215399430367427
96.464	0.214723821987434
96.624	0.213971782633791
96.784	0.213143862277946
96.944	0.212240850921773
97.104	0.211263916391943
97.264	0.210214727267783
97.424	0.209095586340879
97.584	0.207909580552098
97.744	0.206660770387032
97.904	0.205354388637431
98.064	0.203997050260398
98.224	0.202596925497062
98.384	0.201163873143798
98.544	0.19970951212332
98.704	0.198247170108687
98.864	0.19679159820879
99.024	0.195358532686839
99.184	0.193964136406578
99.344	0.192624363399375
99.504	0.191354300202249
99.664	0.190167685004496
99.824	0.189076606436686
99.984	0.188091376511863
100.144	0.187220567160182
100.304	0.186471239987497
100.464	0.18584924384146
100.624	0.185359594620593
100.784	0.185006852746881
100.944	0.184795398347717
101.104	0.184729462728512
101.264	0.184813056537394
101.424	0.185049790973096
101.584	0.18544259193942
101.744	0.185993361419548
101.904	0.186702765394955
102.064	0.187569988240796
102.224	0.188592401913581
102.384	0.189765209883888
102.544	0.191081116148951
102.704	0.192529934430297
102.864	0.194098324860477
103.024	0.195769829122298
103.184	0.197525106950309
103.344	0.199342347845288
103.504	0.201197954293036
103.664	0.203067339167717
103.824	0.20492563317049
103.984	0.206748266180909
104.144	0.208511347459591
104.304	0.210191771802386
104.464	0.211767077256752
104.624	0.213215196222052
104.784	0.21451415086068
104.944	0.215641783017588
105.104	0.216575585878729
105.264	0.217292626682422
105.424	0.217769555743473
105.584	0.217982778970224
105.744	0.21790881681585
105.904	0.217524849409017
106.064	0.216809421561209
106.224	0.215743216551857
106.384	0.214309778175732
106.544	0.212496108193079
106.704	0.210293118606103
106.864	0.207695988745456
107.024	0.204704476049812
107.184	0.201323216927847
107.344	0.197562015196979
107.504	0.193436037976937
107.664	0.18896576961248
107.824	0.184176731631453
107.984	0.179098936959406
108.144	0.173766065717416
108.304	0.168214590999639
108.464	0.162483028411827
108.624	0.156611323162736
108.784	0.150640421225887
108.944	0.144612065662443
109.104	0.138568601801751
109.264	0.132552614696522
109.424	0.126606437723069
109.584	0.120771548350092
109.744	0.115087787509481
109.904	0.109592598801953
110.064	0.104320394565036
110.224	0.0993020433042489
110.384	0.0945645176588528
110.544	0.0901307133695468
110.704	0.0860192819611143
110.864	0.082244430537628
111.024	0.0788157639111091
111.184	0.0757382883476225
111.344	0.0730126351955391
111.504	0.0706355315192582
111.664	0.068600490915685
111.824	0.0668985762195575
111.984	0.0655190356762319
112.144	0.0644496896833857
112.304	0.0636770932500781
112.464	0.0631865794696864
112.624	0.0629623114804758
112.784	0.0629874824701915
112.944	0.0632446859072502
113.104	0.0637163870460995
113.264	0.0643853903177956
113.424	0.0652351913540201
113.584	0.0662501725803963
113.744	0.0674156703782387
113.904	0.0687179289943174
114.064	0.070143972826429
114.224	0.0716814505844354
114.384	0.073318468343416
114.544	0.0750434290635553
114.704	0.0768449344241731
114.864	0.0787117465822007
115.024	0.080632790725133
115.184	0.082597199922418
115.344	0.0845943268820406
115.504	0.0866136740596062
115.664	0.0886448608007981
115.824	0.0906775390574808
115.984	0.0927012666759879
116.144	0.0947054428268643
116.304	0.0966793481640593
116.464	0.333390603684279
116.624	0.333241563198158
116.784	0.33312232725973
116.944	0.333029637479626
117.104	0.332960234892084
117.264	0.332910966989061
117.424	0.33287890140025
117.584	0.332861413725027
117.744	0.332856228545438
117.904	0.332861412478792
118.064	0.332875328512159
118.224	0.332896576024609
118.384	0.332923941285458
118.544	0.33295636525861
118.704	0.332992928931048
118.864	0.333032844960712
119.024	0.333075432245892
119.184	0.333120074817657
119.344	0.333166174537268
119.504	0.333213103711046
119.664	0.333260162314332
119.824	0.333306556453749
119.984	0.333351385418496
120.144	0.333393642595752
120.304	0.333432232305881
120.464	0.333465991638718
120.624	0.333493723289735
120.784	0.333514253379121
120.944	0.333526499365348
121.104	0.333529537182244
121.264	0.333522665077339
121.424	0.33350546009126
121.584	0.333477831129244
121.744	0.333440071130212
121.904	0.333392901867114
122.064	0.333337510535443
122.224	0.333275559366143
122.384	0.333209154743713
122.544	0.333140783964495
122.704	0.333073237798658
122.864	0.333009528056323
123.024	0.332952815647218
123.184	0.332906349367363
123.344	0.332873414213168
123.504	0.332857295852705
123.664	0.332861265012866
123.824	0.332888581658267
123.984	0.332942523478209
124.144	0.333026424007926
124.304	0.333143696781121
124.464	0.333297826053581
124.624	0.333492300406192
124.784	0.333730494757788
124.944	0.334015528060604
125.104	0.334350120432305
125.264	0.33473646997993
125.424	0.335176183089629
125.584	0.335670250510589
125.744	0.336219055018432
125.904	0.336822419575014
126.064	0.337479706079989
126.224	0.338189950322317
126.384	0.338952021515638
126.544	0.339764794830785
126.704	0.340627288133078
126.864	0.341538724548286
127.024	0.342498489881677
127.184	0.343505976427082
127.344	0.344560341658166
127.504	0.345660276568083
127.664	0.346803834766774
127.824	0.347988331984084
127.984	0.349210295121452
128.144	0.350465418745102
128.304	0.351748494863728
128.464	0.353053273351065
128.624	0.354372260018295
128.784	0.355696536476785
128.944	0.357015669369844
129.104	0.358317752228118
129.264	0.359589598242451
129.424	0.360817051012987
129.584	0.361985340692286
129.744	0.363079409926172
129.904	0.364084185020261
130.064	0.364984774036316
130.224	0.365766606687089
130.384	0.366415552319836
130.544	0.366918041548274
130.704	0.367261192382671
130.864	0.36743295045892
131.024	0.367422238726135
131.184	0.367219120765753
131.344	0.366814998996119
131.504	0.366202868918549
131.664	0.36537763427998
131.824	0.364336466362033
131.984	0.363079160520897
132.144	0.361608400016053
132.304	0.359929888987494
132.464	0.358052346777754
132.624	0.355987349909697
132.784	0.353749005112718
132.944	0.351353499804532
133.104	0.348818588474273
133.264	0.34616306217174
133.424	0.343406224394016
133.584	0.340567433418414
133.744	0.337665705496079
133.904	0.334719397549293
134.064	0.331745975236913
134.224	0.328761852854427
134.384	0.325782273735399
134.544	0.322821248069999
134.704	0.319891538875822
134.864	0.317004647473709
135.024	0.314170799348972
135.184	0.311398925945582
135.344	0.308696640231233
135.504	0.306070241654538
135.664	0.303524821699625
135.824	0.301064474893451
135.984	0.298692603066797
136.144	0.296412256674216
136.304	0.29422642246584
136.464	0.292138201231978
136.624	0.290150871302671
136.784	0.288267890612246
136.944	0.286492874788451
137.104	0.284829581756981
137.264	0.283281917377849
137.424	0.281853929340627
137.584	0.28054979388196
137.744	0.279373777057003
137.904	0.278330152865806
138.064	0.277423042471469
138.224	0.276656182365173
138.384	0.276032624530785
138.544	0.275554377779713
138.704	0.275222016381463
138.864	0.275034291314
139.024	0.274987768603637
139.184	0.275076504419189
139.344	0.275291776974996
139.504	0.275621891646892
139.664	0.27605210662648
139.824	0.276564738464799
139.984	0.277139482496636
140.144	0.277753956943457
140.304	0.278384450738145
140.464	0.279006796620365
140.624	0.279597273225704
140.784	0.280133488005845
140.944	0.280595206822341
141.104	0.28096513698631
141.264	0.281229617952135
141.424	0.281379160189204
141.584	0.281408802162446
141.744	0.281318216922159
141.904	0.281111541041696
142.064	0.280796999617337
142.224	0.280386405157174
142.384	0.279894588100319
142.544	0.279338864915985
142.704	0.278738565209892
142.864	0.27811459451334
143.024	0.277489048574239
143.184	0.27688485331953
143.344	0.276325418659212
143.504	0.275834320871695
143.664	0.275434985415245
143.824	0.275150333751412
143.984	0.275002370954439
144.144	0.275011692291287
144.304	0.27519691811051
144.464	0.275574116564826
144.624	0.276156282902434
144.784	0.276952936242765
144.944	0.277969876230259
145.104	0.279209113622187
145.264	0.28066898017903
145.424	0.282344385491683
145.584	0.284227166651476
145.744	0.286306502730099
145.904	0.288569374251551
146.064	0.291000986234735
146.224	0.293585091527234
146.384	0.296304269284406
146.544	0.299140202101285
146.704	0.302073922441991
146.864	0.305086074642645
147.024	0.308157236890679
147.184	0.311268241688481
147.344	0.314400410386611
147.504	0.31753573811659
147.664	0.320657030703728
147.824	0.323748000342107
147.984	0.326793355186851
148.144	0.329778872540714
148.304	0.332691480142898
148.464	0.335519372228759
148.624	0.338252155101031
148.784	0.340880914346258
148.944	0.343398226598879
149.104	0.34579813747348
149.264	0.348076071012315
149.424	0.350228603920527
149.584	0.352253191725936
149.744	0.354147903332091
149.904	0.355911217412427
150.064	0.357541923244867
150.224	0.359039188393922
150.384	0.360402742312658
150.544	0.36163310978111
150.704	0.362731786033578
150.864	0.363701312723947
151.024	0.36454525702095
151.184	0.365268126505839
151.344	0.365875247799181
151.504	0.366372625920917
151.664	0.366766785809546
151.824	0.3670645993069
151.984	0.367273086499267
152.144	0.367399213388012
152.304	0.367449725383153
152.464	0.367431051895551
152.624	0.367349289226127
152.784	0.367210245019919
152.944	0.367019512216643
153.104	0.366782536557025
153.264	0.366504662476814
153.424	0.366191160763606
153.584	0.365847251321497
153.744	0.365478126073072
153.904	0.365088973202432
154.064	0.364684980703601
154.224	0.364271302620523
154.384	0.363852975813074
154.544	0.363434803323003
154.704	0.363021196568184
154.864	0.362616002148002
155.024	0.362222357907854
155.184	0.361842608383199
155.344	0.361478284564669
155.504	0.36113016633692
155.664	0.360798438841471
155.824	0.360482891445258
155.984	0.360183099108667
156.144	0.359898570509017
156.304	0.359628851124967
156.464	0.359373559789105
156.624	0.359132403504987
156.784	0.35890518466374
156.944	0.358691792246304
157.104	0.358492197905093
157.264	0.358306462257929
157.424	0.358134703259907
157.584	0.357977016819973
157.744	0.357833370600133
157.904	0.35770352054567
158.064	0.357586961035281
158.224	0.357482940690602
158.384	0.357390547076307
158.544	0.357308846317551
158.704	0.357236997955511
158.864	0.357174315811449
159.024	0.357120273615351
159.184	0.357074460550507
159.344	0.35703646914169
159.504	0.357005789692835
159.664	0.356981735566137
159.824	0.356963395830576
159.984	0.356949617390114
160.144	0.356939038527457
160.304	0.356930141384623
160.464	0.356921335357697
160.624	0.356911063411758
160.784	0.356897914035358
160.944	0.356880708221411
161.104	0.356858550363427
161.264	0.356830792517144
161.424	0.35679692950896
161.584	0.356756461436476
161.744	0.356708769380816
161.904	0.356653042495395
162.064	0.356588288190437
162.224	0.356513394196895
162.384	0.35642720281669
162.544	0.356328593376134
162.704	0.356216538420881
162.864	0.356090103346446
163.024	0.355948444036926
163.184	0.355790810535268
163.344	0.355616534592741
163.504	0.355425012568389
163.664	0.355215729315319
163.824	0.354988274294215
163.984	0.354742339544032
164.144	0.354477746513908
164.304	0.354194488145936
164.464	0.353892759829591
164.624	0.353573010551713
164.784	0.353236000769243
164.944	0.352882794898846
165.104	0.352514682655396
165.264	0.352133082836303
165.424	0.351739392878812
165.584	0.351334821760588
165.744	0.350920289132659
165.904	0.350496367132223
166.064	0.350063248710853
166.224	0.349620771904142
166.384	0.349168499545954
166.544	0.3487057671515
166.704	0.348231730902285
166.864	0.347745418051886
167.024	0.347245774854514
167.184	0.346731741985081
167.344	0.346202390291523
167.504	0.345657083496576
167.664	0.345095665908389
167.824	0.344518641418631
167.984	0.34392729330591
168.144	0.343323703477722
168.304	0.342710672974476
168.464	0.342091533117696
168.624	0.341469910703722
168.784	0.340849477148936
168.944	0.340233724484619
169.104	0.339625830442742
169.264	0.339028621042075
169.424	0.338444584571903
169.584	0.337875936528803
169.744	0.33732471566293
169.904	0.336792867715872
170.064	0.336282322802276
170.224	0.335795089513226
170.384	0.335333336734379
170.544	0.334899489767281
170.704	0.334496332989943
170.864	0.334127085580462
171.024	0.333795444953353
171.184	0.333505616932939
171.344	0.333262308447161
171.504	0.333070702920509
171.664	0.332936457583742
171.824	0.332865720067161
171.984	0.332865159849348
172.144	0.332942008109399
172.304	0.333104071918456
172.464	0.333359707562408
172.624	0.333717762313086
172.784	0.334187489782039
172.944	0.334778451196712
173.104	0.335500406715369
173.264	0.336363170027539
173.424	0.3373764180634
173.584	0.3385494345506
173.744	0.33989081348102
173.904	0.341408157817455
174.064	0.343107877429134
174.224	0.344995090192356
174.384	0.347073630225054
174.544	0.349346085774528
174.704	0.351813837576515
174.864	0.354476991663546
175.024	0.357334139915451
175.184	0.360381981227533
175.344	0.363614955025582
175.504	0.367024888567471
175.664	0.370600698045905
175.824	0.374328253442059
175.984	0.378190371000642
176.144	0.382166743227003
176.304	0.386233794528493
176.464	0.390364461364129
176.624	0.394527686714014
176.784	0.398687821949238
176.944	0.402804296211912
177.104	0.406831605961884
177.264	0.410719636961289
177.424	0.41441456986729
177.584	0.417860003480769
177.744	0.420998131356896
177.904	0.42377088418732
178.064	0.426121114185321
178.224	0.427993619778022
178.384	0.429336578263133
178.544	0.430103543545215
178.704	0.430255827185533
178.864	0.429765126670986
179.024	0.428616261929733
179.184	0.426809537186159
179.344	0.424362182624805
179.504	0.421308462462889
179.664	0.417698360981944
179.824	0.413595214834572
179.984	0.409072528619276
180.144	0.404210382273163
180.304	0.399092183320931
180.464	0.393801964272257
180.624	0.388422190047208
180.784	0.383032080254793
180.944	0.377706258097646
181.104	0.372513503036203
181.264	0.367515629299646
181.424	0.362766588454974
181.584	0.358311730483251
181.744	0.354187374624757
181.904	0.350420718492273
182.064	0.347029985906261
182.224	0.344024841171745
182.384	0.341407114961953
182.544	0.339171750803757
182.704	0.337307896983589
182.864	0.335800087365101
183.024	0.334629359880068
183.184	0.333774218214899
183.344	0.333211412282594
183.504	0.332916572262661
183.664	0.332864774661743
183.824	0.333031098714059
183.984	0.333391191861551
184.144	0.333921809250455
184.304	0.334601244369082
184.464	0.335409576476991
184.624	0.33632870157669
184.784	0.337342178096719
184.944	0.338434985213667
185.104	0.339593291593587
185.264	0.340804305027973
185.424	0.34205623075502
185.584	0.343338315247024
185.744	0.34464089205369
185.904	0.345955385517868
186.064	0.347274263510258
186.224	0.348590914398414
186.384	0.349899463091901
186.544	0.351194558749171
186.704	0.352471174535253
186.864	0.353724445403827
187.024	0.354949574766238
187.184	0.356141825821283
187.344	0.357296559073461
187.504	0.358409295835031
187.664	0.359475763127989
187.824	0.360491920190839
187.984	0.361453926726313
188.144	0.362358073207929
188.304	0.363200714086474
188.464	0.363978214789427
188.624	0.364686924418606
188.784	0.365323190803451
188.944	0.365883384494623
189.104	0.366363906167749
189.264	0.366761189630665
189.424	0.367071719815954
189.584	0.367292072999476
189.744	0.367419009534501
189.904	0.367449618962951
190.064	0.367381514508338
190.224	0.367213061432381
190.384	0.366943593542715
190.544	0.366573581401894
190.704	0.366104724655884
190.864	0.365539945267187
191.024	0.364883314413987
191.184	0.364139959962699
191.344	0.36331596486832
191.504	0.36241829494827
191.664	0.361454750884718
191.824	0.36043389562667
191.984	0.359364955539263
192.144	0.35825770851045
192.304	0.357122316921618
192.464	0.355969146135635
192.624	0.354808648724998
192.784	0.353651271563763
192.944	0.352507361578887
193.104	0.35138709883347
193.264	0.350300418091024
193.424	0.349256884775855
193.584	0.348265591225186
193.744	0.347335054614973
193.904	0.346473079098246
194.064	0.345686616485295
194.224	0.344981674776704
194.384	0.344363267120684
194.544	0.343835451083692
194.704	0.343401452105013
194.864	0.343063781715614
195.024	0.342824315174425
195.184	0.342684367163088
195.344	0.342644680527997
195.504	0.342705338980409
195.664	0.342865732493806
195.824	0.343124580244762
195.984	0.343479960877971
196.144	0.3439293569744
196.304	0.344469710991575
196.464	0.345097403113755
196.624	0.345808210255313
196.784	0.346597276240004
196.944	0.347459126263061
197.104	0.348387769670694
197.264	0.349376873981441
197.424	0.350419817179841
197.584	0.351509592814068
197.744	0.352638642557963
197.904	0.353798660936604
198.064	0.354980418894343
198.224	0.356173722721337
198.384	0.35736750046533
198.544	0.358549969247974
198.704	0.359708825343318
198.864	0.360831443612028
199.024	0.361905052242378
199.184	0.362916935403632
199.344	0.36385467556704
199.504	0.364706385302156
199.664	0.365460889176461
199.824	0.366107841780035
199.984	0.366637731690957
200.144	0.367041797949355
200.304	0.367311956063645
200.464	0.367440813458984
200.624	0.367421813781334
200.784	0.367249502554273
200.944	0.366919849540523
201.104	0.366430552718953
201.264	0.365781263111671
201.424	0.364973688885243
201.584	0.364011600130084
201.744	0.362900779335519
201.904	0.361648941824001
202.064	0.36026567427723
202.224	0.358762410520399
202.384	0.357152430053816
202.544	0.355450839831406
202.704	0.353674541797204
202.864	0.351842157523947
203.024	0.349973906894888
203.184	0.348091452662516
203.344	0.34621772760363
203.504	0.344376689140859
203.664	0.342592985854594
203.824	0.340891536212553
203.984	0.339297014738918
204.144	0.33783327240269
204.304	0.336522774394211
204.464	0.335386114158723
204.624	0.334441670682395
204.784	0.333705447697298
204.944	0.333191056855298
205.104	0.332909756453205
205.264	0.332870488991944
205.424	0.333079859790246
205.584	0.333542050916435
205.744	0.334258721416404
205.904	0.335228945337235
206.064	0.336449252613761
206.224	0.337913814006129
206.384	0.3396147377224
206.544	0.341542433435848
206.704	0.343686036843678
206.864	0.346033789504759
207.024	0.348573307143738
207.184	0.351291710635792
207.344	0.354175590170257
207.504	0.357210667717595
207.664	0.360381278912087
207.824	0.363669781042177
207.984	0.367056067240469
208.144	0.370517352469392
208.304	0.374028403583566
208.464	0.377562079387076
208.624	0.381090085767596
208.784	0.384583767145955
208.944	0.388014832119893
209.104	0.391355741051143
209.264	0.39457987232538
209.424	0.397661616653863
209.584	0.400576527244652
209.744	0.403301445281045
209.904	0.405814824744198
210.064	0.408097250067044
210.224	0.410132108881385
210.384	0.411906209618905
210.544	0.4134104203589
210.704	0.414640211169058
210.864	0.415595913138418
211.024	0.416282498000669
211.184	0.416709081833574
211.344	0.416888059479902
211.504	0.416834003329882
211.664	0.416562466203118
211.824	0.416088901519402
211.984	0.41542773418189
212.144	0.41459165824233
212.304	0.413591259511463
212.464	0.412434850124896
212.624	0.411128571854647
212.784	0.40967682531334
212.944	0.408082896047631
213.104	0.406349651022424
213.264	0.404480480202324
213.424	0.402480344528044
213.584	0.400356657035331
213.744	0.398119824944729
213.904	0.395783425336617
214.064	0.393363805967624
214.224	0.390879111614481
214.384	0.388347989717317
214.544	0.385788362665267
214.704	0.383216428693117
214.864	0.380646113578109
215.024	0.378089041216413
215.184	0.375554864556648
215.344	0.373051718953889
215.504	0.370586640976285
215.664	0.368165922552748
215.824	0.36579530457368
215.984	0.363480072599373
216.144	0.361225102837693
216.304	0.359034928038341
216.464	0.356913766278581
216.624	0.354865572375616
216.784	0.352894080507781
216.944	0.351002807181317
217.104	0.349195014231213
217.264	0.347473675797687
217.424	0.345841428585231
217.584	0.344300555819586
217.744	0.342853009598798
217.904	0.341500434003706
218.064	0.340244203387215
218.224	0.339085485621695
218.384	0.338025264826342
218.544	0.337064330430962
218.704	0.336203231631885
218.864	0.335442192953565
219.024	0.334781039341237
219.184	0.334219199359836
219.344	0.333755775462691
219.504	0.333389648662319
219.664	0.333119599528004
219.824	0.3329444046866
219.984	0.332862880639482
220.144	0.332873891153781
220.304	0.332976335557419
220.464	0.333169151212019
220.624	0.333451366165377
220.784	0.333822194068603
220.944	0.334281142260011
221.104	0.334828101674589
221.264	0.335463361289271
221.424	0.336187498414688
221.584	0.337001158735916
221.744	0.337904744033153
221.904	0.338898035231864
222.064	0.339979823263889
222.224	0.34114758192402
222.384	0.342397212306537
222.544	0.343722870575107
222.704	0.34511685605014
222.864	0.346569543429609
223.024	0.348069412636391
223.184	0.349603168580757
223.344	0.351155989460608
223.504	0.352711895194375
223.664	0.354254198941703
223.824	0.355765988180906
223.984	0.357230642067066
224.144	0.358632326618931
224.304	0.359956459643513
224.464	0.361190139019413
224.624	0.362322523634361
224.784	0.363345122382839
224.944	0.364251999921976
225.104	0.365039864259529
225.264	0.365708030661949
225.424	0.366258293450642
225.584	0.36669473116774
225.744	0.367023444173697
225.904	0.367252250120714
226.064	0.367390362583933
226.224	0.367448064976884
226.384	0.367436389863883
226.544	0.367366818746518
226.704	0.367251009658162
226.864	0.367100551957606
227.024	0.36692674728522
227.184	0.36674041117351
227.344	0.366551701522326
227.504	0.366369963210559
227.664	0.366203574517726
227.824	0.366059803830581
227.984	0.365944691738491
228.144	0.365862951092708
228.304	0.365817896784279
228.464	0.365811404126475
228.624	0.365843876806252
228.784	0.365914219481169
228.944	0.366019808007763
229.104	0.366156458271121
229.264	0.366318442470742
229.424	0.366498575432502
229.584	0.366688367198662
229.744	0.366878240939172
229.904	0.367057802316253
230.064	0.367216113792779
230.224	0.36734194827693
230.384	0.367424023632452
230.544	0.367451222010345
230.704	0.367412816612045
230.864	0.367298724406169
231.024	0.367099784784727
231.184	0.366808049842234
231.344	0.366417054727776
231.504	0.365922020370704
231.664	0.365319958999521
231.824	0.364609689897975
231.984	0.363791787950618
232.144	0.362868501122989
232.304	0.36184368736474
232.464	0.360722774552528
232.624	0.359512691910709
232.784	0.358221748730443
232.944	0.616905559743032
233.104	0.614757552628703
233.264	0.612489476842143
233.424	0.6101042737954
233.584	0.607604639139595
233.744	0.604992924960357
233.904	0.602271306645548
234.064	0.599442151063727
234.224	0.59650846702732
234.384	0.593474314100945
234.544	0.590345048551058
234.704	0.587127332566865
234.864	0.583828900461299
235.024	0.58045814494119
235.184	0.577023619970419
235.344	0.573533623902335
235.504	0.569995990186385
235.664	0.566418116555838
235.824	0.562807187470639
235.984	0.559170556373033
236.144	0.555516192528899
236.304	0.551853028151868
236.464	0.548191100207418
236.624	0.544541506317387
236.784	0.540916115875348
236.944	0.537327162778297
237.104	0.533786842730365
237.264	0.530307023128785
237.424	0.526899135706003
237.584	0.523574344273243
237.744	0.520343799361058
237.904	0.517218808354869
238.064	0.514210859031323
238.224	0.511331402173369
238.384	0.508591435284075
238.544	0.506001017314588
238.704	0.503568843659991
238.864	0.501301988079717
239.024	0.499205854638944
239.184	0.497284232183006
239.344	0.495539317363296
239.504	0.493971684966368
239.664	0.492580180432356
239.824	0.491361812780383
239.984	0.490311749586112
240.144	0.489423447594049
240.304	0.488688899400472
240.464	0.488098974328182
240.624	0.487643767359828
240.784	0.487312913342407
240.944	0.487095876036278
241.104	0.486982212386351
241.264	0.486961790907685
241.424	0.487024961357179
241.584	0.48716265395035
241.744	0.48736638865455
241.904	0.487628215789414
242.064	0.487940615850789
242.224	0.488296386241132
242.384	0.488688557063256
242.544	0.48911033836805
242.704	0.489555070689107
242.864	0.490016194764962
243.024	0.490487272532278
243.184	0.490962049302311
243.344	0.491434607219048
243.504	0.491899611680424
243.664	0.492352595304396
243.824	0.49279021207974
243.984	0.493210439123345
244.144	0.493612581303864
244.304	0.493997067706573
244.464	0.494365111874799
244.624	0.494718343598265
244.784	0.495058449452813
244.944	0.495386944200277
245.104	0.495705060742353
245.264	0.496013682124271
245.424	0.496313196999495
245.584	0.496603274143695
245.744	0.4968825532452
245.904	0.497148390864027
246.064	0.497396765185272
246.224	0.497622419337972
246.384	0.497819218763539
246.544	0.497980709941316
246.704	0.498100672182431
246.864	0.498173502604573
247.024	0.498194395541873
247.184	0.49815939272878
247.344	0.498065366415744
247.504	0.497910042769604
247.664	0.497692116933763
247.824	0.497411463432059
247.984	0.497069371210159
248.144	0.496668737776758
248.304	0.496214131922557
248.464	0.495711678345856
248.624	0.495168807530604
248.784	0.494593906767591
248.944	0.493995913778804
249.104	0.4933839238671
249.264	0.492766934167435
249.424	0.492153645624398
249.584	0.491552277779761
249.744	0.490970422263558
249.904	0.490414881195761
250.064	0.489891457214185
250.224	0.489404820493633
250.384	0.488958480618408
250.544	0.488554850007972
250.704	0.488195429443408
250.864	0.487881075137807
251.024	0.487612237873577
251.184	0.487389177594537
251.344	0.487212130714738
251.504	0.487081391055312
251.664	0.486997341213396
251.824	0.486960467805488
251.984	0.486971360477924
252.144	0.487030720339249
252.304	0.487139391478536
252.464	0.487298411637425
252.624	0.48750907220267
252.784	0.487772953044555
252.944	0.488091906194882
253.104	0.488467994300322
253.264	0.488903387910455
253.424	0.489400249616551
253.584	0.489960635238845
253.744	0.490586425991637
253.904	0.491279278818979
254.064	0.492040573347936
254.224	0.492871374712536
254.384	0.493772462614857
254.544	0.4947444065441
254.704	0.49578767890705
254.864	0.496902797159123
255.024	0.498090415932325
255.184	0.499351249636106
255.344	0.500685884229028
255.504	0.502094500148019
255.664	0.50357656462154
255.824	0.505130666980335
255.984	0.506754561484399
256.144	0.508445292323472
256.304	0.510199386622958
256.464	0.512013074037327
256.624	0.513882377494269
256.784	0.515803077253281
256.944	0.517770718878978
257.104	0.519780663216693
257.264	0.52182815159324
257.424	0.523908388647328
257.584	0.526016602641562
257.744	0.528147992725621
257.904	0.530297561515795
258.064	0.532459883866636
258.224	0.534628847044473
258.384	0.536797460926323
258.544	0.538957888639402
258.704	0.541101602421691
258.864	0.543219619190154
259.024	0.54530282872804
259.184	0.547342380969781
259.344	0.54932996515447
259.504	0.551258005511386
259.664	0.553119826858051
259.824	0.554909704981924
259.984	0.556622813558647
260.144	0.558255122471451
260.304	0.559803242529938
260.464	0.56126425139189
260.624	0.562635571876058
260.784	0.563914919803779
260.944	0.565100357161441
261.104	0.566190417070516
261.264	0.567184233226612
261.424	0.568081598516187
261.584	0.568882942733467
261.744	0.56958917033387
261.904	0.570201441017957
262.064	0.57072090520262
262.224	0.571148525117337
262.384	0.571485003164639
262.544	0.57173084550675
262.704	0.571886479774662
262.864	0.571952438924313
263.024	0.571929527981979
263.184	0.571818949073418
263.344	0.571622354886472
263.504	0.571341866689522
263.664	0.570980104983505
263.824	0.570540298227456
263.984	0.570026369901711
264.144	0.569443015357251
264.304	0.568795765557638
264.464	0.568090975409064
264.624	0.567335717541596
264.784	0.566537622138299
264.944	0.565704652456475
265.104	0.564844874823507
265.264	0.563966335143391
265.424	0.563077021687263
265.584	0.562184879174879
265.744	0.561297890965193
265.904	0.560424120643916
266.064	0.559571640742774
266.224	0.558748339866838
266.384	0.557961623768165
266.544	0.557218027246449
266.704	0.556522848307964
266.864	0.555879807163706
267.024	0.555290783805162
267.184	0.554755753076392
267.344	0.554272896485713
267.504	0.553838799427126
267.664	0.553448746969593
267.824	0.553097138218959
267.984	0.552777891353912
268.144	0.552484774011305
268.304	0.5522116474325
268.464	0.551952590123506
268.624	0.551701971212765
268.784	0.551454594111306
268.944	0.55120590530089
269.104	0.550952315235577
269.264	0.550691562141424
269.424	0.550422994915039
269.584	0.550147633288475
269.744	0.549868025610863
269.904	0.549587874484018
270.064	0.549311597685914
270.224	0.549043862030089
270.384	0.548789173790169
270.544	0.548551595133972
270.704	0.548334692310959
270.864	0.548141617628175
271.024	0.547975281383174
271.184	0.547838586364037
271.344	0.547734607253346
271.504	0.547666616479205
271.664	0.547637992279874
271.824	0.547651935463932
271.984	0.547711071633898
272.144	0.547817128564361
272.304	0.54797084059021
272.464	0.548172034680306
272.624	0.548419924256791
272.784	0.548713502790065
272.944	0.549051914842835
273.104	0.549434697637594
273.264	0.549861916192299
273.424	0.550334168613631
273.584	0.550852546452575
273.744	0.551418623767518
273.904	0.552034453692272
274.064	0.552702465430571
274.224	0.55342537096692
274.384	0.554206107455343
274.544	0.555047754584052
274.704	0.555953410564484
274.864	0.556926107392314
275.024	0.557968691562905
275.184	0.559083673499686
275.344	0.560273095797925
275.504	0.56153836187616
275.664	0.562880055164783
275.824	0.564297855173095
275.984	0.56579045675096
276.144	0.567355425451638
276.304	0.568989088252351
276.464	0.570686462433628
276.624	0.572441261047857
276.784	0.574246047274187
276.944	0.576092551252373
277.104	0.577972049204959
277.264	0.579875777980646
277.424	0.581795241357781
277.584	0.583722301715284
277.744	0.585649123236294
277.904	0.587568098701354
278.064	0.589471792119525
278.224	0.5913529252133
278.384	0.59320441119155
278.544	0.595019438823897
278.704	0.596791585595497
278.864	0.598514971597865
279.024	0.600184466489168
279.184	0.601795958321532
279.344	0.603346561133662
279.504	0.604834696816283
279.664	0.606259987198314
279.824	0.607622942034027
279.984	0.608924529922774
280.144	0.610165748878558
280.304	0.611347336974518
280.464	0.612469704280443
280.624	0.613533085509857
280.784	0.614537838546426
280.944	0.615484756075261
281.104	0.616375260831887
281.264	0.617211450520585
281.424	0.617996019784982
281.584	0.618732063274251
281.744	0.619422843490497
281.904	0.620071615012762
282.064	0.620681496503607
282.224	0.621255367639947
282.384	0.621795811801007
282.544	0.62230509591393
282.704	0.622785181526638
282.864	0.623237788487017
283.024	0.623664491035584
283.184	0.624066805768621
283.344	0.624446302499905
283.504	0.624804669499667
283.664	0.625143685057651
283.824	0.625465085710289
283.984	0.625770393489233
284.144	0.626060744995243
284.304	0.626336808871542
284.464	0.626598806664447
284.624	0.626846614288638
284.784	0.627079904848074
284.944	0.627298265739796
285.104	0.62750121954457
285.264	0.62768816504888
285.424	0.627858293304257
285.584	0.628010541187336
285.744	0.628143618868194
285.904	0.628256127487816
286.064	0.628346715715793
286.224	0.628414228285351
286.384	0.628457794479914
286.544	0.628476843668864
286.704	0.6284710456938
286.864	0.628440210562644
287.024	0.628384207661043
287.184	0.628302930433279
287.344	0.62819626728276
287.504	0.628064079296678
287.664	0.627906196512527
287.824	0.627722413928609
287.984	0.627512475144954
288.144	0.627276064877037
288.304	0.627012809852772
288.464	0.626722281164007
288.624	0.626404007917131
288.784	0.626057518489802
288.944	0.625682392496287
289.104	0.625278346428217
289.264	0.624845367973307
289.424	0.624383860826924
289.584	0.623894743696042
289.744	0.623379472504553
289.904	0.62283997385282
290.064	0.62227843824428
290.224	0.621697031276312
290.384	0.621097601040788
290.544	0.620481468066714
290.704	0.619849345009584
290.864	0.619201418734633
291.024	0.618537555116632
291.184	0.617857543166906
291.344	0.617161293249751
291.504	0.616448908005282
291.664	0.615720604690409
291.824	0.614976532214882
291.984	0.614216545168688
292.144	0.613440054400712
292.304	0.612645998263019
292.464	0.611832933584651
292.624	0.61099918173079
292.784	0.610142989132896
292.944	0.609262624144208
293.104	0.608356388136258
293.264	0.607422565748607
293.424	0.606459390917848
293.584	0.605465094974647
293.744	0.604438032153553
293.904	0.603376836141138
294.064	0.602280625860999
294.224	0.601149155593816
294.384	0.599982872222768
294.544	0.598782845997562
294.704	0.597550624175369
294.864	0.596288002129882
295.024	0.594996827094178
295.184	0.593678881200617
295.344	0.592335872373155
295.504	0.590969514121184
295.664	0.58958171330994
295.824	0.588174781182374
295.984	0.586751533780557
296.144	0.585315247179437
296.304	0.583869531281721
296.464	0.5824180790122
296.624	0.580964367162437
296.784	0.579511419303003
296.944	0.578061642298621
297.104	0.576616731583385
297.264	0.575177734101203
297.424	0.573745180039509
297.584	0.572319194289889
297.744	0.570899676442082
297.904	0.569486528863877
298.064	0.568079826855296
298.224	0.566679960264196
298.384	0.565287743199747
298.544	0.56390443200246
298.704	0.562531669345731
298.864	0.561171379903158
299.024	0.559825591027106
299.184	0.558496354990552
299.344	0.557185754449733
299.504	0.555895928580981
299.664	0.554629121210496
299.824	0.55338780896443
299.984	0.552174820842879
300.144	0.550993460593077
300.304	0.549847596652739
300.464	0.548741696338425
300.624	0.547680797200314
300.784	0.546670408155592
300.944	0.545716338656689
301.104	0.544824564896203
301.264	0.544001143534501
301.424	0.543252163785496
301.584	0.542583705081256
301.744	0.542001803160588
301.904	0.541512313351518
302.064	0.541120718536945
302.224	0.540831881011286
302.384	0.540649809505453
302.544	0.540577625528954
302.704	0.540617803822329
302.864	0.540772525239731
303.024	0.541044036027301
303.184	0.541434907631242
303.344	0.541948040863531
303.504	0.542586317705286
303.664	0.543352142870276
303.824	0.544247044436474
303.984	0.545271410007103
304.144	0.54642442038778
304.304	0.547704293408628
304.464	0.549108594162703
304.624	0.550634519319033
304.784	0.552279101416275
304.944	0.554039309954192
305.104	0.555911916697255
305.264	0.557893365017094
305.424	0.559979643672818
305.584	0.562166127287924
305.744	0.564447397326035
305.904	0.566817169159663
306.064	0.569268168024678
306.224	0.571792048092561
306.384	0.574379432898127
306.544	0.577020031746656
306.704	0.579702789574753
306.864	0.5824160914716
307.024	0.585147942468325
307.184	0.587886115035531
307.344	0.590618292518116
307.504	0.593332216253998
307.664	0.596015907998549
307.824	0.598657947023071
307.984	0.601247751749383
308.144	0.603775829266056
308.304	0.606233985738413
308.464	0.608615367832158
308.624	0.610914340635077
308.784	0.613126234338438
308.944	0.615247050730773
309.104	0.617273161912067
309.264	0.619201134524133
309.424	0.621027677771622
309.584	0.622749730685541
309.744	0.624364674007779
309.904	0.625870600260328
310.064	0.627266555906658
310.224	0.628552707997301
310.384	0.62973042400165
310.544	0.630802229028745
310.704	0.631771660789695
310.864	0.632643070141626
311.024	0.633421407980791
311.184	0.634112021584201
311.344	0.634720492903057
311.504	0.635252523550093
311.664	0.635713866431047
311.824	0.636110300317227
311.984	0.636447637172864
312.144	0.636731733337797
312.304	0.636968489684136
312.464	0.637163825438279
312.624	0.637323624949545
312.784	0.637453664301006
312.944	0.637559531997454
313.104	0.637646557100084
313.264	0.637719754264822
313.424	0.637783787193825
313.584	0.637842947574541
313.744	0.637901145152341
313.904	0.637961906283522
314.064	0.63802837972969
314.224	0.638103350171264
314.384	0.63818925787325
314.544	0.638288219801439
314.704	0.638402043948759
314.864	0.638532227841665
315.024	0.638679931426509
315.184	0.638845922796349
315.344	0.639030503522804
315.504	0.639233432788274
315.664	0.639453878436257
315.824	0.639690426415314
315.984	0.639941148050525
316.144	0.640203717491318
316.304	0.640475560456821
316.464	0.640754001098799
316.624	0.641036364678143
316.784	0.641320045807902
316.944	0.641602551036954
317.104	0.641881520679476
317.264	0.642154756995183
317.424	0.642420297284275
317.584	0.64267651107582
317.744	0.642922206569779
317.904	0.643156737687718
318.064	0.643380061838229
318.224	0.6435927062779
318.384	0.643795665266794
318.544	0.643990231926978
318.704	0.64417777811434
318.864	0.644359566690468
319.024	0.644536660642757
319.184	0.644709913336897
319.344	0.644880024446024
319.504	0.645047620958053
319.664	0.645213310660324
319.824	0.645377674294309
319.984	0.6455412046638
320.144	0.645704202095999
320.304	0.64586667964943
320.464	0.646028305043615
320.624	0.646188357650885
320.784	0.646345714058612
320.944	0.646498882785522
321.104	0.646646065841082
321.264	0.646785249202935
321.424	0.646914346584367
321.584	0.647031344621951
321.744	0.647134421216492
321.904	0.647222050420282
322.064	0.64729304285845
322.224	0.647346502140294
322.384	0.64738176317212
322.544	0.647398344755516
322.704	0.647395883567356
322.864	0.647374087153707
323.024	0.64733274519142
323.184	0.647271719715832
323.344	0.647190926612552
323.504	0.647090356419881
323.664	0.646970098318548
323.824	0.646830343935676
323.984	0.646671437336977
324.144	0.646493946068517
324.304	0.64629867486758
324.464	0.646086669691954
324.624	0.645859227966298
324.784	0.645617860502966
324.944	0.645364199721485
325.104	0.645099908301177
325.264	0.644826571618637
325.424	0.644545593558291
325.584	0.644258163343807
325.744	0.643965281756778
325.904	0.643667831065272
326.064	0.643366680512486
326.224	0.643062786131736
326.384	0.642757236513148
326.544	0.642451255526225
326.704	0.642146170434103
326.864	0.641843342847892
327.024	0.641544105753951
327.184	0.641249728363505
327.344	0.640961400576657
327.504	0.640680248786452
327.664	0.640407374816391
327.824	0.640143887864838
327.984	0.639890928499767
328.144	0.639649680287789
328.304	0.639421343138224
328.464	0.639207083721089
328.624	0.639007977980214
328.784	0.638824936066044
328.944	0.638658615721738
329.104	0.638509339825191
329.264	0.638377015028368
329.424	0.638261056456827
329.584	0.638160330409278
329.744	0.638073115389602
329.904	0.637997083903997
330.064	0.637929312123447
330.224	0.637866315354927
330.384	0.637804107981424
330.544	0.637738286635908
330.704	0.637664131399902
330.864	0.637576714798001
331.024	0.637471007850877
331.184	0.637341975531058
331.344	0.637184660934849
331.504	0.636994266872193
331.664	0.636766237799861
331.824	0.636496334158551
331.984	0.636180690742435
332.144	0.635815850361837
332.304	0.635398772088479
332.464	0.634926836007139
332.624	0.634397865426649
332.784	0.633810173548795
332.944	0.63316265217361
333.104	0.632454886374603
333.264	0.631687240919177
333.424	0.630860893648901
333.584	0.629977806736974
333.744	0.629040630894565
333.904	0.628052568506405
334.064	0.627017242010311
334.224	0.625938589823022
334.384	0.624820801561896
334.544	0.623668304515036
334.704	0.622485785070808
334.864	0.621278221589932
335.024	0.620050912231704
335.184	0.618809458198371
335.344	0.617559672257471
335.504	0.616307467589081
335.664	0.615058718940531
335.824	0.613819120460789
335.984	0.612594100422825
336.144	0.611388818724095
336.304	0.610208184973885
336.464	0.609056865311118
336.624	0.607939269620942
336.784	0.606859468441485
336.944	0.605821120182895
337.104	0.604827444009175
337.264	0.60388121460312
337.424	0.602984839107762
337.584	0.602140515882525
337.744	0.601350366303791
337.904	0.60061647267446
338.064	0.599940875182142
338.224	0.599325457487453
338.384	0.598771772162877
338.544	0.598280904767648
338.704	0.5978533308122
338.864	0.597488810480513
339.024	0.597186365810217
339.184	0.596944276690806
339.344	0.596760038210846
339.504	0.596630396646447
339.664	0.596551487606234
339.824	0.596519023917267
339.984	0.596528521087635
340.144	0.596575520827287
340.304	0.596655810078005
340.464	0.596765590479777
340.624	0.596901554096689
340.784	0.597060914509825
340.944	0.597241390150771
341.104	0.597441170838579
341.264	0.597658861399054
341.424	0.597893405557102
341.584	0.598143954993361
341.744	0.598409783124566
341.904	0.598690226324265
342.064	0.598984622085595
342.224	0.599292299713284
342.384	0.599612703094294
342.544	0.599945554166766
342.704	0.600291012777348
342.864	0.60064979966694
343.024	0.601023252602886
343.184	0.601413321125278
343.344	0.601822525902094
343.504	0.602253848946134
343.664	0.602710592173594
343.824	0.603196239608565
343.984	0.603714305705921
344.144	0.604268152958525
344.304	0.604860798768073
344.464	0.605494708471838
344.624	0.606171654784816
344.784	0.606892676909752
344.944	0.607658100914364
345.104	0.608467595487468
345.264	0.609320276350559
345.424	0.610214797873027
345.584	0.611149344677074
345.744	0.612121540966541
345.904	0.613128377610678
346.064	0.614166144680325
346.224	0.615230398777271
346.384	0.616315994963202
346.544	0.617417199915621
346.704	0.618527832323366
346.864	0.619641443043406
347.024	0.620751515917277
347.184	0.62185163632796
347.344	0.622935622786713
347.504	0.623997647608007
347.664	0.625032334679304
347.824	0.626034820338077
347.984	0.627000819246973
348.144	0.627926685287662
348.304	0.628809427530655
348.464	0.629646700259059
348.624	0.630436775620979
348.784	0.631178482067185
348.944	0.631871119453422
349.104	0.632514384805859
349.264	0.633108334950634
349.424	0.773405332768107
349.584	0.771435667749302
349.744	0.769619025000338
349.904	0.767957031360766
350.064	0.766449241792998
350.224	0.765093245823209
350.384	0.763884883505398
350.544	0.762818489951769
350.704	0.761887133175605
350.864	0.761082824584719
351.024	0.760396651010069
351.184	0.759818925252603
351.344	0.759339388244825
351.504	0.75894746028689
351.664	0.75863251295732
351.824	0.758384164473227
351.984	0.758192537140985
352.144	0.758048455408698
352.304	0.757943567271923
352.464	0.757870398678733
352.624	0.757822351336017
352.784	0.75779366377219
352.944	0.757779352210946
353.104	0.757775151489568
353.264	0.757777463675211
353.424	0.757783315564211
353.584	0.757790323153586
353.744	0.757796660187978
353.904	0.757801032077168
354.064	0.757802656942204
354.224	0.75780125432675
354.384	0.757797046404903
354.544	0.757790771621785
354.704	0.757783704988924
354.864	0.757777684251323
355.024	0.757775141096772
355.184	0.757779127218328
355.344	0.757793326964475
355.504	0.757822050596133
355.664	0.757870199166518
355.824	0.757943204394451
355.984	0.75804695506622
356.144	0.758187720635306
356.304	0.758372089635031
356.464	0.758606934601175
356.624	0.758899384121378
356.784	0.759256788037874
356.944	0.75968665917253
357.104	0.760196554366757
357.264	0.760793895873121
357.424	0.761485760790947
357.584	0.762278658016385
357.744	0.763178316950416
357.904	0.764189515057751
358.064	0.765315947303407
358.224	0.766560147382279
358.384	0.767923429628809
358.544	0.769405829082189
358.704	0.771006071602187
358.864	0.772721584114606
359.024	0.774548445938763
359.184	0.776481312066153
359.344	0.778513322275558
359.504	0.780635982240256
359.664	0.782839046138633
359.824	0.785110523697313
359.984	0.787436826023168
360.144	0.789803108018077
360.304	0.792193714486075
360.464	0.794592676326374
360.624	0.796984111181246
360.784	0.79935249309483
360.944	0.801682751535282
361.104	0.803960323647061
361.264	0.806171140481183
361.424	0.808301739028593
361.584	0.810339576985371
361.744	0.812273388975427
361.904	0.814093341525677
362.064	0.815791150218956
362.224	0.817360047615239
362.384	0.818794510656971
362.544	0.820089911051127
362.704	0.821242365545459
362.864	0.822248722466156
363.024	0.823106743573135
363.184	0.823815396502596
363.344	0.824375081333073
363.504	0.824787727018247
363.664	0.825056772353037
363.824	0.825186994168234
363.984	0.8251842375862
364.144	0.825055102079659
364.304	0.824806635042933
364.464	0.82444601261659
364.624	0.823980191797546
364.784	0.823415583499354
364.944	0.822757861093578
365.104	0.822011915508938
365.264	0.821181864585469
365.424	0.820271218979997
365.584	0.819283066166918
365.744	0.818220113767438
365.904	0.817084622588027
366.064	0.815878332477496
366.224	0.814602377494793
366.384	0.813257343304485
366.544	0.811843554413372
366.704	0.810361447692685
366.864	0.808811982449242
367.024	0.807197026756967
367.184	0.805519569114495
367.344	0.803783759005
367.504	0.801994817753894
367.664	0.800158806969648
367.824	0.798282343140727
367.984	0.796372400570817
368.144	0.794436165796924
368.304	0.79248094690638
368.464	0.790514202719805
368.624	0.788543593062514
368.784	0.786577046130787
368.944	0.784622854230747
369.104	0.782689709014903
369.264	0.780786635654749
369.424	0.778922893477556
369.584	0.777107767483812
369.744	0.775350218991207
369.904	0.773658496371809
370.064	0.772039791972475
370.224	0.770499959345671
370.384	0.769043400085593
370.544	0.767673110725354
370.704	0.76639085717261
370.864	0.76519743946983
371.024	0.76409299261968
371.184	0.763077222467928
371.344	0.762149633308127
371.504	0.761309748998883
371.664	0.760557300723576
371.824	0.759892370722355
371.984	0.75931550411542
372.144	0.758827727520384
372.304	0.758430465584297
372.464	0.758125391530939
372.624	0.757914233280189
372.784	0.757798574493336
372.944	0.757779704460063
373.104	0.757858527749249
373.264	0.758035530481266
373.424	0.758310796969909
373.584	0.758684032256951
373.744	0.759154541781299
373.904	0.759721149493544
374.064	0.760382038049556
374.224	0.761134535632209
374.384	0.761974913631548
374.544	0.762898248635338
374.704	0.763898354242428
374.864	0.764967788643389
375.024	0.766097869541682
375.184	0.767278632687976
375.344	0.768498755808196
375.504	0.769745497040731
375.664	0.771004671503306
375.824	0.772260736834596
375.984	0.77349704771359
376.144	0.774696225360913
376.304	0.775840590330063
376.464	0.776912601439562
376.624	0.77789522656667
376.784	0.778772232137726
376.944	0.779528408939314
377.104	0.780149717370023
377.264	0.78062336330504
377.424	0.780937855945467
377.584	0.781083066590782
377.744	0.781050283996137
377.904	0.780832291231036
378.064	0.780423475981024
378.224	0.779819974957263
378.384	0.779019870246429
378.544	0.778023474837482
378.704	0.776833769814857
378.864	0.775457001009727
379.024	0.773903386976144
379.184	0.772187801464042
379.344	0.770330295561052
379.504	0.768356261489771
379.664	0.766296060803597
379.824	0.764184072194894
379.984	0.762057369495324
380.144	0.759954232883956
380.304	0.757912744690202
380.464	0.755969704128347
380.624	0.754160003691595
380.784	0.752516306506095
380.944	0.751068931639111
381.104	0.749845723747512
381.264	0.748871701842745
381.424	0.748168416053431
381.584	0.747753157056195
381.744	0.747638059929614
381.904	0.747829331128287
382.064	0.748326786857888
382.224	0.749123693286037
382.384	0.750206883381452
382.544	0.751557207736823
382.704	0.75315021680899
382.864	0.754956856434092
383.024	0.756944115307761
383.184	0.759075682375169
383.344	0.761312516486669
383.504	0.763613338621781
383.664	0.765935027859541
383.824	0.768233079947549
383.984	0.770462294731715
384.144	0.772577643518616
384.304	0.77453538031159
384.464	0.776294454528852
384.624	0.777818032698178
384.784	0.779074899064199
384.944	0.780040649743114
385.104	0.780698530680183
385.264	0.78103988153407
385.424	0.781064247673839
385.584	0.780779174438521
385.744	0.780199736839222
385.904	0.779347853069794
386.064	0.778251373192234
386.224	0.776943033074986
386.384	0.775459376563504
386.544	0.773839712399877
386.704	0.772125187721485
386.864	0.770357976837204
387.024	0.768580459882742
387.184	0.766834349867622
387.344	0.765159690023665
387.504	0.763593725536793
387.664	0.762169781212378
387.824	0.760916298077518
387.984	0.759856075031621
388.144	0.75900580059124
388.304	0.758375867913401
388.464	0.757970434436629
388.624	0.757787691610702
388.784	0.757820340773378
388.944	0.758056252160259
389.104	0.758479266103222
389.264	0.759070076790977
389.424	0.759807129806632
389.584	0.760667456469946
389.744	0.761627428174052
389.904	0.762663420257468
390.064	0.763752352794199
390.224	0.764872103131438
390.384	0.766001814784886
390.544	0.767122039683727
390.704	0.768214780079234
390.864	0.76926353180761
391.024	0.770253386873719
391.184	0.771171213786602
391.344	0.772005938863458
391.504	0.772748790505375
391.664	0.773393433168621
391.824	0.773935963979511
391.984	0.774374737049129
392.144	0.774709992008411
392.304	0.774943435404111
392.464	0.775077829544443
392.624	0.775116672064087
392.784	0.77506401117671
392.944	0.774924353768711
393.104	0.774702614522994
393.264	0.774404093659086
393.424	0.774034428786308
393.584	0.773599515768638
393.744	0.773105444447992
393.904	0.772558473312984
394.064	0.771965011351767
394.224	0.771331620467663
394.384	0.770664993891387
394.544	0.769971894523678
394.704	0.769259048057847
394.864	0.768533038541591
395.024	0.76780022018238
395.184	0.767066655921099
395.344	0.766338092155365
395.504	0.76561996076498
395.664	0.764917376597168
395.824	0.764235117004773
395.984	0.763577583802089
396.144	0.762948751478234
396.304	0.762352122337234
396.464	0.761790702892995
396.624	0.761266975555827
396.784	0.760782853436922
396.944	0.760339646178636
397.104	0.759938013807641
397.264	0.759577934838944
397.424	0.759258708247671
397.584	0.758978993295841
397.744	0.758736879874505
397.904	0.758529997360256
398.064	0.758355637110526
398.224	0.758210874535962
398.384	0.758092689126443
398.544	0.757998071337624
398.704	0.757924105009351
398.864	0.757868037289427
399.024	0.757827329679003
399.184	0.757799689395597
399.344	0.757783091732108
399.504	0.757775793104429
399.664	0.757776330741308
399.824	0.757783516668042
399.984	0.75779642565567
400.144	0.757814374960162
400.304	0.757836897201287
400.464	0.757863704674037
400.624	0.757894648525053
400.784	0.757929677883567
400.944	0.757968799415266
401.104	0.758012041517304
401.264	0.758059429109835
401.424	0.758110957484405
401.584	0.75816655828703
401.744	0.758226066361658
401.904	0.758289186620914
402.064	0.758355455429864
402.224	0.758424208728229
402.384	0.758494565226556
402.544	0.758565424692733
402.704	0.758635488951313
402.864	0.75870331291253
403.024	0.758767375710249
403.184	0.758826163153117
403.344	0.758878259669018
403.504	0.75892242719101
403.664	0.758957650682078
403.824	0.758983151779375
403.984	0.758998372758015
404.144	0.759002939997572
404.304	0.758996625832424
404.464	0.758979329321392
404.624	0.758951081523719
404.784	0.758912066122775
404.944	0.758862627121289
405.104	0.758803275135051
405.264	0.758734680696307
405.424	0.758657652955208
405.584	0.758573129891829
405.744	0.758482216413086
405.904	0.75838626502582
406.064	0.758286995271646
406.224	0.758186638731331
406.384	0.758088072958799
406.544	0.757994908386081
406.704	0.757911528561181
406.864	0.757843088169921
407.024	0.757795490083936
407.184	0.75777536645046
407.344	0.757790083341661
407.504	0.757847768866213
407.664	0.757957355138842
407.824	0.758128623253924
407.984	0.758372232320198
408.144	0.758699721819994
408.304	0.759123507028107
408.464	0.759656851042109
408.624	0.760313785197923
408.784	0.761108999955923
408.944	0.762057696572356
409.104	0.763175369380861
409.264	0.764477578200513
409.424	0.765979766829787
409.584	0.767697070290069
409.744	0.769644139363209
409.904	0.77183504840059
410.064	0.77428315314819
410.224	0.777000837706964
410.384	0.779999172732914
410.544	0.783287456453309
410.704	0.786872591083466
410.864	0.790758409234058
411.024	0.794944976145871
411.184	0.7994278573683
411.344	0.804197467305585
411.504	0.809238599181754
411.664	0.814530091417964
411.824	0.82004471319442
411.984	0.825749326328605
412.144	0.831605315129764
412.304	0.837569105401144
412.464	0.843592700011413
412.624	0.849624125449282
412.784	0.855607882997447
412.944	0.8614854461307
413.104	0.867195924388852
413.264	0.87267703344196
413.424	0.877866348318548
413.584	0.882702627058734
413.744	0.887126977712342
413.904	0.891083753874682
414.064	0.894521138229265
414.224	0.897391541021989
414.384	0.899652078553572
414.544	0.901265343720752
414.704	0.902200555539366
414.864	0.902434990447091
415.024	0.901955398107475
415.184	0.900759170863694
415.344	0.898855170076331
415.504	0.896264162238822
415.664	0.893018949798261
415.824	0.889164241717026
415.984	0.884756081045907
416.144	0.879860610130436
416.304	0.874552269482137
416.464	0.86891143002731
416.624	0.863021832167306
416.784	0.856968435295585
416.944	0.850836098108175
417.104	0.844708945895491
417.264	0.838670551144332
417.424	0.83280435662391
417.584	0.827193511259338
417.744	0.821920072482953
417.904	0.817064178846067
418.064	0.812702947835078
418.224	0.808909125525588
418.384	0.805749912733063
418.544	0.803285856631646
418.704	0.801569237023159
418.864	0.80064213391006
419.024	0.800534365188014
419.184	0.801261420138417
419.344	0.802822878370989
419.504	0.805201763980676
419.664	0.808364711939703
419.824	0.812262585976441
419.984	0.816831511577675
420.144	0.821994189111592
420.304	0.827660999954333
420.464	0.833730814026694
420.624	0.84009246355572
420.784	0.846627494838231
420.944	0.853213900079481
421.104	0.859730566513917
421.264	0.866062108220376
421.424	0.872102957064726
421.584	0.877759982623047
421.744	0.882953662152886
421.904	0.887617996884273
422.064	0.891699688176686
422.224	0.895157282980563
422.384	0.897960542809869
422.544	0.900090086894579
422.704	0.901537389580426
422.864	0.902304933710639
423.024	0.902406248600073
423.184	0.901865715805343
423.344	0.900718018355747
423.504	0.899007123457977
423.664	0.896784804058825
423.824	0.894108786584638
423.984	0.891040744931615
424.144	0.887644341023133
424.304	0.883983391330275
424.464	0.880120228088799
424.624	0.876114269658956
424.784	0.872020700392113
424.944	0.867889283673776
425.104	0.863763482507693
425.264	0.859680023711462
425.424	0.855668974746095
425.584	0.851754369456557
425.744	0.84795526980497
425.904	0.844287034986792
426.064	0.840762504913528
426.224	0.837392860207274
426.384	0.834187973947792
426.544	0.831156268539871
426.704	0.828304300147011
426.864	0.825636392788056
427.024	0.823154485288342
427.184	0.820858278884316
427.344	0.818745768377539
427.504	0.816813994930726
427.664	0.815059750568707
427.824	0.813480034511031
427.984	0.812072236722543
428.144	0.810834003008949
428.304	0.80976293426329
428.464	0.808856289107553
428.624	0.808110832325383
428.784	0.807522799171693
428.944	0.807087969366421
429.104	0.806801720653766
429.264	0.806658985802187
429.424	0.806654110065665
429.584	0.806780720828556
429.744	0.80703159498853
429.904	0.807398607912091
430.064	0.807872815113569
430.224	0.808444682888421
430.384	0.809104343684794
430.544	0.809841862946541
430.704	0.81064750424639
430.864	0.811511878591318
431.024	0.812426035538465
431.184	0.813381521638348
431.344	0.814370344063263
431.504	0.81538489244349
431.664	0.816417900897704
431.824	0.817462332140622
431.984	0.81851129998131
432.144	0.819558132049224
432.304	0.820596464487153
432.464	0.821620290664669
432.624	0.822624111210189
432.784	0.82360306936198
432.944	0.824552933222094
433.104	0.825470136371678
433.264	0.826351867515314
433.424	0.827195983072215
433.584	0.828000877706927
433.744	0.828765437446691
433.904	0.829488857323213
434.064	0.830170507577805
434.224	0.830810050925265
434.384	0.831407586596924
434.544	0.831963738574359
434.704	0.83247986845663
434.864	0.832958283705466
435.024	0.833402202358684
435.184	0.833815639601653
435.344	0.834203312244881
435.504	0.834570391754369
435.664	0.834922085927701
435.824	0.835263322505398
435.984	0.835598494430542
436.144	0.835931348486611
436.304	0.83626504945596
436.464	0.836602524245336
436.624	0.836946823293601
436.784	0.837301466595363
436.944	0.837670591236474
437.104	0.838058851325968
437.264	0.838470958410198
437.424	0.838911230554459
437.584	0.839383264501976
437.744	0.839889929202855
437.904	0.840433705623127
438.064	0.841017298128918
438.224	0.841644236076263
438.384	0.842319268428128
438.544	0.843048313316558
438.704	0.843837979274667
438.864	0.844694736098518
439.024	0.845623940748283
439.184	0.846628985917505
439.344	0.847710925407682
439.504	0.848868655952629
439.664	0.850099529579438
439.824	0.85140018644006
439.984	0.852767230149311
440.144	0.854197522624872
440.304	0.855688069084408
440.464	0.857235677006884
440.624	0.858836599317783
440.784	0.860486374493576
440.944	0.862179954428484
441.104	0.863911996002116
441.264	0.865677043446794
441.424	0.867469437436284
441.584	0.869283056201766
441.744	0.871110990951365
441.904	0.872945168374372
442.064	0.874776187724365
442.224	0.876593506287008
442.384	0.878385851014627
442.544	0.880141774029198
442.704	0.881850306191609
442.864	0.882532301927768
443.024	0.883265013662367
443.184	0.884028215120907
443.344	0.884805996313389
443.504	0.885585961893867
443.664	0.886358582352386
443.824	0.887116667456667
443.984	0.887854928233992
444.144	0.888569596970683
444.304	0.88925810320643
444.464	0.889918801105068
444.624	0.890550738391994
444.784	0.891153467467575
444.944	0.89172690487203
445.104	0.892271227614856
445.264	0.892786797434837
445.424	0.893274110351285
445.584	0.893733763454748
445.744	0.894166431255599
445.904	0.894572852367219
446.064	0.894953824646564
446.224	0.895310200853146
446.384	0.895642885361212
446.544	0.895952829491307
446.704	0.896241020424441
446.864	0.89650846372615
447.024	0.896756165011993
447.184	0.896985111603044
447.344	0.897196258234999
447.504	0.897390518962766
447.664	0.897568764553853
447.824	0.897731822811238
447.984	0.897880480546974
448.144	0.898015482668143
448.304	0.89813752834425
448.464	0.898247266633462
448.624	0.898345293178409
448.784	0.898432148303527
448.944	0.898508319437042
449.104	0.898574247133638
449.264	0.898630332552329
449.424	0.898676944160343
449.584	0.898714422380635
449.744	0.898743080554141
449.904	0.898763203127146
450.064	0.898775042892794
450.224	0.898778819806921
450.384	0.898774721765676
450.544	0.898762907235778
450.704	0.898743510028453
450.864	0.898716645230252
451.024	0.898682413823281
451.184	0.898640906042147
451.344	0.898592204598117
451.504	0.898536386568139
451.664	0.898473523958728
451.824	0.898403684103414
451.984	0.898326929891027
452.144	0.898243318839832
452.304	0.898152902164384
452.464	0.898055723636844
452.624	0.897951817986268
452.784	0.897841209058697
452.944	0.897723909092292
453.104	0.897599918462674
453.264	0.897469226105841
453.424	0.897331811147978
453.584	0.897187646067778
453.744	0.897036700107037
453.904	0.896878942687636
454.064	0.896714346214594
454.224	0.896542887902342
454.384	0.896364550862472
454.544	0.896179324711284
454.704	0.895987206042719
454.864	0.895788199902654
455.024	0.895582321812526
455.184	0.895369598754314
455.344	0.89515006945885
455.504	0.894923783429022
455.664	0.894690798004831
455.824	0.894451174186088
455.984	0.894204972908028
456.144	0.893952250686652
456.304	0.893693055681524
456.464	0.893427425915888
456.624	0.893155388659125
456.784	0.892876959653677
456.944	0.892592143843558
457.104	0.892300936583979
457.264	0.892003323795052
457.424	0.891699282222817
457.584	0.891388781020851
457.744	0.891071783391908
457.904	0.890748248909858
458.064	0.890418136871176
458.224	0.890081410160292
458.384	0.889738037730694
458.544	0.889387996013738
458.704	0.889031268809504
458.864	0.888667844639258
459.024	0.888297711290306
459.184	0.887920849963393
459.344	0.887537229708414
459.504	0.887146803402629
459.664	0.886749506502838
459.824	0.886345259984864
459.984	0.885933974854652
460.144	0.885515557810777
460.304	0.885089916349443
460.464	0.884656961502969
460.624	0.884216606823884
460.784	0.883768766709636
460.944	0.8833133547746
461.104	0.88285028416658
461.264	0.882379471838703
461.424	0.881900845877226
461.584	0.881414353930722
461.744	0.88091996999583
461.904	0.880417696220775
462.064	0.87990755882447
462.224	0.879389598712351
462.384	0.878863858007662
462.544	0.878330366326281
462.704	0.877789131606278
462.864	0.877240137872377
463.024	0.876683350430085
463.184	0.876118728229358
463.344	0.875546236695754
463.504	0.874965858138694
463.664	0.87437759699651
463.824	0.873781479520858
463.984	0.873177549685806
464.144	0.872565867300636
464.304	0.87194651107302
464.464	0.8713195861651
464.624	0.870685231208427
464.784	0.8700436203967
464.944	0.869394959814144
465.104	0.86873947794038
465.264	0.868077406117209
465.424	0.867408958671604
465.584	0.866734318690305
465.744	0.866053631529667
465.904	0.865367007575969
