0.144	0.116760474938474
0.304	0.114832927858515
0.464	0.112911505071452
0.624	0.11099731642571
0.784	0.109091419283686
0.944	0.107194828005049
1.104	0.105308523058739
1.264	0.103433461240002
1.424	0.101570590151141
1.584	0.0997208571664032
1.744	0.0978852116168127
1.904	0.0960646002620251
2.064	0.0942599590584905
2.224	0.0924722049408047
2.384	0.0907022296180457
2.544	0.0889508946022488
2.704	0.0872190272234548
2.864	0.0855074175101436
3.024	0.0838168154307368
3.184	0.0821479289332956
3.344	0.0805014236643729
3.504	0.078877925955112
3.664	0.0772780286677062
3.824	0.0757022989578218
3.984	0.0741512853383028
4.144	0.0726255224907391
4.304	0.0711255321812132
4.464	0.0696518217762332
4.624	0.0682048800136954
4.784	0.0667851714936205
4.944	0.0653931315040381
5.104	0.064029162995439
5.264	0.0626936349431162
5.424	0.0613868828569366
5.584	0.0601092107194745
5.744	0.0588608935047432
5.904	0.0576421799186164
6.064	0.0564532948334318
6.224	0.055294440264106
6.384	0.0541657959283839
6.544	0.0530675197119308
6.704	0.0519997469483542
6.864	0.0509625888312257
7.024	0.0499561310650734
7.184	0.0489804319398672
7.344	0.0480355200606937
7.504	0.0471213930741214
7.664	0.0462380170295091
7.824	0.045385326389578
7.984	0.0445632255205055
8.144	0.0437715915510353
8.304	0.0430102774552097
8.464	0.0422791152104764
8.624	0.0415779188140277
8.784	0.0409064862722062
8.944	0.0402646002739857
9.104	0.039652028217688
9.264	0.0390685221141212
9.424	0.0385138184303742
9.584	0.0379876385450189
9.744	0.0374896902535511
9.904	0.0370196699896042
10.064	0.0365772649163318
10.224	0.0361621547231152
10.384	0.0357740126827366
10.544	0.0354125056462635
10.704	0.0350772931470829
10.864	0.0347680261780852
11.024	0.0344843457326078
11.184	0.034225881505904
11.344	0.0339922510510178
11.504	0.0337830595240121
11.664	0.0335978996176891
11.824	0.0334363517358724
11.984	0.033297984497267
12.144	0.033182355343115
12.304	0.0330890110860764
12.464	0.033017488661244
12.624	0.032967315985843
12.784	0.0329380127805052
12.944	0.0329290913834939
13.104	0.0329400576561056
13.264	0.0329704119574217
13.424	0.0330196502293347
13.584	0.0330872651277332
13.744	0.0331727470706937
13.904	0.0332755850818103
14.064	0.0333952671505813
14.224	0.0335312799140866
14.384	0.0336831077931947
14.544	0.0338502315321421
14.704	0.034032126350553
14.864	0.0342282600806811
15.024	0.0344380914847306
15.184	0.0346610691422029
15.344	0.0348966316148562
15.504	0.0351442088586964
15.664	0.0354032249769034
15.824	0.0356731023460952
15.984	0.0359532661134381
16.144	0.0362431480388068
16.304	0.0365421901459513
16.464	0.0368498478833317
16.624	0.0371655926319363
16.784	0.0374889147886961
16.944	0.0378193274631258
17.104	0.038156369784474
17.264	0.038499609691371
17.424	0.038848645612461
17.584	0.0392031059159308
17.744	0.0395626466176964
17.904	0.0399269486640605
18.064	0.0402957157705259
18.224	0.0406686742583133
18.384	0.0410455759447359
18.544	0.0414262034173589
18.704	0.0418103761568318
18.864	0.0421979562031538
19.024	0.0425888517896738
19.184	0.0429830181612942
19.344	0.0433804550308423
19.504	0.0437812015354666
19.664	0.04418532988484
19.824	0.0445929383282646
19.984	0.0450041445191118
20.144	0.0454190798078571
20.304	0.0458378848300072
20.464	0.0462607073438903
20.624	0.0466877023718553
20.784	0.0471190328249804
20.944	0.0475548702687547
21.104	0.0479953932422177
21.264	0.0484407789896295
21.424	0.0488911855699143
21.584	0.049346724139582
21.744	0.0498074206955152
21.904	0.0502731684407536
22.064	0.0507436712682647
22.224	0.0512183790649487
22.384	0.0516964145026577
22.544	0.0521764966233604
22.704	0.0526568656621293
22.864	0.0531352186807226
23.024	0.0536086717429498
23.184	0.0540737701281842
23.344	0.0545265643171433
23.504	0.0550223526383888
23.664	0.0555060042515834
23.824	0.0559759888994904
23.984	0.0564311607641912
24.144	0.0568707020674992
24.304	0.0572940328690947
24.464	0.0577007009585486
24.624	0.0580902661216669
24.784	0.0584621699647414
24.944	0.0588156667625981
25.104	0.0591498268541955
25.264	0.0594636099912123
25.424	0.0597559802401975
25.584	0.0600260311636021
25.744	0.060273091959516
25.904	0.0604967992555885
26.064	0.0606971271326984
26.224	0.0608743685813806
26.384	0.061029072704855
26.544	0.0611619578005502
26.704	0.0612738131524111
26.864	0.0613653881971459
27.024	0.0614372834812684
27.184	0.0614898592174313
27.344	0.0615231667343323
27.504	0.0615369128639713
27.664	0.0615304683316253
27.824	0.0615029163093368
27.984	0.0614531412228416
28.144	0.0613799436346198
28.304	0.0612821577120712
28.464	0.0611587659373072
28.624	0.061009007127609
28.784	0.0608324852167925
28.944	0.0606292949677254
29.104	0.0604001805138523
29.264	0.0601467207591213
29.424	0.0598715222859028
29.584	0.0595783743607399
29.744	0.0592723527537373
29.904	0.0589598687208763
30.064	0.0586486342474473
30.224	0.0583475216010356
30.384	0.0580663354032822
30.544	0.0578154729845437
30.704	0.0576054587319277
30.864	0.0574463892451149
31.024	0.0573473294336964
31.184	0.0573157104012125
31.344	0.0573567843136971
31.504	0.0574731715933012
31.664	0.0576644830844089
31.824	0.0579270444070517
31.984	0.0582537638414351
32.144	0.0586341560040182
32.304	0.0590544939590245
32.464	0.0594981342596839
32.624	0.0599460234975595
32.784	0.0603773377382595
32.944	0.0607702332205236
33.104	0.0611026907882888
33.264	0.0613533976670624
33.424	0.0615025913812133
33.584	0.0615328103000365
33.744	0.0614295072095956
33.904	0.0611815000468141
34.064	0.0607812542100419
34.224	0.0602250069788397
34.384	0.0595127472213335
34.544	0.0586480629548305
34.704	0.057637877567231
34.864	0.0564920955810067
35.024	0.0552232131948358
35.184	0.0538459616645923
35.344	0.0523770020165557
35.504	0.0508346572016762
35.664	0.0492386908324534
35.824	0.0476100831159556
35.984	0.0459707531126696
36.144	0.0443432266115451
36.304	0.0427502601405649
36.464	0.0412144102758703
36.624	0.0397575598119602
36.784	0.0384004372642721
36.944	0.0371621469884076
37.104	0.0360597466840318
37.264	0.0351078942267122
37.424	0.0343185895499118
37.584	0.0337010339592325
37.744	0.0332616340356253
37.904	0.0330041343116818
38.064	0.0329298779283818
38.224	0.0330381658473016
38.384	0.0333266843861111
38.544	0.0337919767965786
38.704	0.0344299043392766
38.864	0.0352360536990091
39.024	0.0362060617853786
39.184	0.0373358254153118
39.344	0.0386216106035135
39.504	0.0400601360680639
39.664	0.0416486195539392
39.824	0.0433847930564752
39.984	0.0452669110247825
40.144	0.047293704984213
40.304	0.0494642503751948
40.464	0.0517778199296117
40.624	0.0542337764675267
40.784	0.0568315060661462
40.944	0.0595704467607447
41.104	0.062450162742266
41.264	0.0654703853806495
41.424	0.0686309005334351
41.584	0.0719312464188988
41.744	0.0753702288144495
41.904	0.0789453535330722
42.064	0.0826522813422343
42.224	0.0864844631851156
42.384	0.0904329541458537
42.544	0.0944863946058376
42.704	0.0986311455194482
42.864	0.102851562742444
43.024	0.107130352462264
43.184	0.111449039154195
43.344	0.115788537158778
43.504	0.120129807057083
43.664	0.124454449539598
43.824	0.128745131321466
43.984	0.13298577264959
44.144	0.137161471375748
44.304	0.141258128918253
44.464	0.145261932223548
44.624	0.149158841128383
44.784	0.152934175235714
44.944	0.15657235910021
45.104	0.160056858821463
45.264	0.163370221733885
45.424	0.166494258279954
45.584	0.169410366677539
45.744	0.17209999145598
45.904	0.174545126874591
46.064	0.176728833255993
46.224	0.178635674290035
46.384	0.180252053036611
46.544	0.181566448074591
46.704	0.182569632209152
46.864	0.183254895535583
47.024	0.183618296596023
47.184	0.183658937104155
47.344	0.183379249126801
47.504	0.182785261582922
47.664	0.18188681512197
47.824	0.18069770242937
47.984	0.179235725998069
48.144	0.17752264027672
48.304	0.175583959328833
48.464	0.173448647822852
48.624	0.171148750625434
48.784	0.168718945794126
48.944	0.166196079734164
49.104	0.163618587102064
49.264	0.161025761569817
49.424	0.158456951998005
49.584	0.155950794343653
49.744	0.153544440613814
49.904	0.151273077144879
50.064	0.149169725241791
50.224	0.14726509934485
50.384	0.145587477752997
50.544	0.144162766135196
50.704	0.143014417732957
50.864	0.142163259066365
51.024	0.141627357945481
51.184	0.141421754939302
51.344	0.141557835248022
51.504	0.14204261693294
51.664	0.142877886235283
51.824	0.144059115200662
51.984	0.145574465321033
52.144	0.147404072699601
52.304	0.149519694332184
52.464	0.15188492683842
52.624	0.15445606841422
52.784	0.157183457538167
52.944	0.16001311551895
53.104	0.162888567049094
53.264	0.165752662975592
53.424	0.168549304199814
53.584	0.171224979885665
53.744	0.173730176665231
53.904	0.176020561970518
54.064	0.178057898861198
54.224	0.179810637059745
54.384	0.181254146706351
54.544	0.182370584985165
54.704	0.183148510706815
54.864	0.183582319528114
55.024	0.183671601548895
55.184	0.183420534418929
55.344	0.18283732672171
55.504	0.181933706857762
55.664	0.18072441360755
55.824	0.179226622527722
55.984	0.17745934222944
56.144	0.175442813179188
56.304	0.173197917092239
56.464	0.170745710284336
56.624	0.168107151826007
56.784	0.165302941725486
56.944	0.162353509917921
57.104	0.159279159187918
57.264	0.156100275915151
57.424	0.152837515841838
57.584	0.149511914529285
57.744	0.146144794052589
57.904	0.142757481133685
58.064	0.139370837687693
58.224	0.136004607999212
58.384	0.132676755891225
58.544	0.129402960145399
58.704	0.126196264041255
58.864	0.123067000774654
59.024	0.120022960607457
59.184	0.117069637026361
59.344	0.114210517401943
59.504	0.111447468906135
59.664	0.10878109690907
59.824	0.106211122987588
59.984	0.103736839826752
60.144	0.101357507780904
60.304	0.0990725799183565
60.464	0.0968818655553605
60.624	0.0947855921745031
60.784	0.0927843307565581
60.944	0.090878867344145
61.104	0.0890700784175351
61.264	0.0873588218528312
61.424	0.0857458861241867
61.584	0.0842319431683336
61.744	0.082817488189221
61.904	0.0815027483922677
62.064	0.0802875332274198
62.224	0.079171087734494
62.384	0.0781520509203801
62.544	0.0772285297766757
62.704	0.0763982907586751
62.864	0.0756590433697966
63.024	0.0750087094029368
63.184	0.0744456354276508
63.344	0.0739686723562727
63.504	0.0735770461083121
63.664	0.0732700865700053
63.824	0.0730469364418695
63.984	0.0729063260687326
64.144	0.0728464754197375
64.304	0.0728651958251021
64.464	0.0729601092273242
64.624	0.0731289040265892
64.784	0.0733696084687381
64.944	0.0736808167702065
65.104	0.0740618258499808
65.264	0.0745127045133813
65.424	0.0750342706369338
65.584	0.075627935981629
65.744	0.0762954662652646
65.904	0.0770387173149629
66.064	0.0778593513657597
66.224	0.0787585691493859
66.384	0.0797369126936474
66.544	0.0807941311796867
66.704	0.0819291186862756
66.864	0.083139918599727
67.024	0.0844237650603645
67.184	0.0857771476260041
67.344	0.087195944643554
67.504	0.0886755570231799
67.664	0.0902110676247503
67.824	0.091797443045607
67.984	0.093429664782434
68.144	0.0951027477260595
68.304	0.0968117956429069
68.464	0.0985520269712197
68.624	0.100318690448603
68.784	0.102106973200762
68.944	0.10391189090501
69.104	0.1057280310647
69.264	0.107549325566652
69.424	0.109369031732285
69.584	0.111179871757031
69.744	0.112974285725386
69.904	0.114744833973191
70.064	0.116484593687346
70.224	0.118187376879405
70.384	0.119847831651441
70.544	0.121461422221728
70.704	0.123024321414505
70.864	0.124533329072847
71.024	0.125985933554148
71.184	0.12738042430442
71.344	0.128716038265338
71.504	0.129993152979523
71.664	0.131213529097295
71.824	0.132380472668501
71.984	0.133498953928211
72.144	0.134575658935319
72.304	0.135618905709634
72.464	0.136638403188499
72.624	0.137644925386439
72.784	0.138649897403639
72.944	0.139664999049046
73.104	0.140701867709822
73.264	0.141771857223375
73.424	0.142885787947989
73.584	0.14405373235968
73.744	0.145284758348907
73.904	0.146586574398725
74.064	0.147965157339968
74.224	0.149424443666248
74.384	0.150966033984105
74.544	0.152589038450287
74.704	0.154290081441104
74.864	0.156063367698152
75.024	0.157900816302572
75.184	0.159792284164496
75.344	0.16172578637179
75.504	0.163687664273084
75.664	0.165662718536396
75.824	0.167634321860987
75.984	0.169584517669819
76.144	0.171494131483314
76.304	0.173342879105121
76.464	0.175109488951648
76.624	0.176771882170442
76.784	0.17830741968578
76.944	0.179693209286825
77.104	0.180906490535563
77.264	0.181925144874413
77.424	0.182728314884571
77.584	0.183297075704331
77.744	0.183615119531623
77.904	0.183669402895703
78.064	0.183450662268569
78.224	0.182953755942663
78.384	0.182177841293424
78.544	0.181126412632466
78.704	0.179807237998148
78.864	0.178232184722674
79.024	0.176416958528989
79.184	0.17438078214559
79.344	0.172145964392939
79.504	0.169737286366399
79.664	0.167181300268339
79.824	0.16450570919892
79.984	0.161738870836643
80.144	0.1589094663575
80.304	0.156046509625639
80.464	0.153179716296563
80.624	0.150339970788991
80.784	0.147559567835515
80.944	0.144872079351671
81.104	0.142311614587015
81.264	0.139911447067789
81.424	0.137702258231684
81.584	0.135710373608163
81.744	0.133956317701404
81.904	0.13245411533444
82.064	0.13121136678933
82.224	0.130229681775063
82.384	0.1295053243025
82.544	0.129030014930549
82.704	0.128791750671326
82.864	0.128775570923381
83.024	0.128964347744159
83.184	0.129339559802702
83.344	0.129881922226559
83.504	0.130571814363975
83.664	0.131389474011257
83.824	0.132315044388861
83.984	0.133328583783623
84.144	0.13441023250175
84.304	0.135540468346335
84.464	0.136700523436502
84.624	0.137872830650394
84.784	0.139041520361843
84.944	0.140192907962046
85.104	0.141315839897516
85.264	0.142401833187705
85.424	0.14344517224049
85.584	0.144442852997827
85.744	0.145394308985487
85.904	0.146300896239836
86.064	0.147165394489548
86.224	0.14799148460952
86.384	0.14878337911091
86.544	0.14954567995801
86.704	0.150283505924563
86.864	0.151002634338511
87.024	0.151709602799883
87.184	0.152411536000955
87.344	0.153115529905108
87.504	0.153827729774321
87.664	0.154552427306726
87.824	0.155291358031945
87.984	0.15604343438099
88.144	0.156805161630928
88.304	0.157571573269024
88.464	0.158337235921181
88.624	0.159097133848263
88.784	0.15984725228077
88.944	0.160584687404025
89.104	0.161307458729198
89.264	0.162014279064351
89.424	0.162704411098957
89.584	0.163377691329515
89.744	0.164034706493567
89.904	0.164676946632426
90.064	0.165306837215894
90.224	0.165927642410452
90.384	0.166543244959485
90.544	0.167157818554642
90.704	0.167775482862226
90.864	0.168400011218864
91.024	0.169034596615575
91.184	0.169681618499908
91.344	0.170342428777758
91.504	0.17101721757399
91.664	0.171704960832813
91.824	0.172403488245209
91.984	0.173109708609672
92.144	0.173819902683817
92.304	0.174530019123722
92.464	0.175235920539308
92.624	0.175933494735318
92.784	0.176618645723465
92.944	0.177287268497821
93.104	0.177935245334083
93.264	0.178558476624403
93.424	0.179152987823272
93.584	0.179715104630304
93.744	0.180241640710165
93.904	0.180730078329589
94.064	0.181178716297609
94.224	0.181586720207633
94.384	0.181954089089459
94.544	0.182281562377966
94.704	0.182570458364125
94.864	0.182822459837098
95.024	0.18303939021871
95.184	0.183222997575513
95.344	0.183374764726977
95.504	0.183495774630273
95.664	0.18358663268441
95.824	0.183647442160009
95.984	0.183677847055833
96.144	0.183677132876483
96.304	0.183644370315051
96.464	0.183578584783845
96.624	0.183478914300622
96.784	0.183344727267922
96.944	0.183175692610803
97.104	0.182971791978389
97.264	0.182733295076105
97.424	0.182460726654199
97.584	0.182154834726816
97.744	0.181816574550794
97.904	0.181447111704074
98.064	0.181047816037335
98.224	0.180620237741095
98.384	0.180166089689465
98.544	0.179687208984433
98.704	0.179185523428032
98.864	0.178663058120264
99.024	0.17812194594967
99.184	0.177564428523738
99.344	0.176992864530348
99.504	0.176409734410981
99.664	0.175817589898315
99.824	0.175218998566606
99.984	0.174616500712546
100.144	0.174012562116332
100.304	0.173409572344553
100.464	0.172809894446345
100.624	0.172215919523524
100.784	0.171630126743821
100.944	0.171055140261842
101.104	0.170493728186102
101.264	0.169948751770335
101.424	0.169423090157352
101.584	0.168919493356725
101.744	0.168440450407843
101.904	0.167988104661163
102.064	0.16756424932646
102.224	0.16717041992888
102.384	0.166808012712181
102.544	0.166478306777435
102.704	0.166182438847727
102.864	0.165921372992898
103.024	0.165695790857171
103.184	0.165505949810949
103.344	0.165351635338766
103.504	0.165232187275706
103.664	0.165146576539883
103.824	0.165093538086467
103.984	0.165071749741401
104.144	0.165080000923808
104.304	0.165117377791603
104.464	0.165183455638044
104.624	0.165278485898398
104.784	0.16540355987695
104.944	0.16556067880947
105.104	0.165752673349061
105.264	0.165982908925571
105.424	0.166254810148303
105.584	0.166571379711058
105.744	0.166934784064324
105.904	0.167346039063887
106.064	0.167804885209307
106.224	0.168309870905659
106.384	0.168858550057621
106.544	0.169447698732938
106.704	0.170073524735699
106.864	0.170731800521253
107.024	0.171417927771245
107.184	0.172126940389489
107.344	0.172853523842605
107.504	0.173592081856668
107.664	0.174336858769266
107.824	0.175082103962268
107.984	0.175822261264329
108.144	0.176552097225567
108.304	0.17726674000869
108.464	0.177961646926178
108.624	0.178632503445897
108.784	0.179275070651329
108.944	0.17988511362023
109.104	0.180458443045836
109.264	0.18099104647581
109.424	0.181479297701799
109.584	0.181920190460232
109.744	0.182311515394986
109.904	0.18265195892468
110.064	0.182941116998336
110.224	0.183179454498259
110.384	0.183368254089146
110.544	0.18350958109977
110.704	0.1836062809125
110.864	0.183662017297138
111.024	0.18368131484408
111.184	0.183669568702953
111.344	0.183632987733745
111.504	0.183578445815783
111.664	0.183513243933021
111.824	0.183444790040539
111.984	0.183380216210708
112.144	0.183325975274556
112.304	0.18328744321343
112.464	0.183268540778727
112.624	0.183271428654507
112.784	0.183296298424921
112.944	0.183341265156514
113.104	0.183402363810956
113.264	0.183473638507621
113.424	0.183547296947609
113.584	0.183613912788587
113.744	0.183662642349873
113.904	0.183681439771817
114.064	0.183657275532141
114.224	0.183576368754075
114.384	0.183424449805443
114.544	0.183187095014318
114.704	0.182850174101986
114.864	0.182400407269142
115.024	0.181826026296449
115.184	0.181117474468465
115.344	0.180268050682798
115.504	0.179274399772567
115.664	0.178136757091806
115.824	0.176858872135199
115.984	0.175447659371912
116.144	0.173912698377308
116.304	0.172265655846104
116.464	0.320079821004981
116.624	0.320066166340382
116.784	0.32011433203769
116.944	0.320221965052895
117.104	0.320385716631733
117.264	0.320601339355278
117.424	0.320863805883789
117.584	0.321167451163262
117.744	0.321506112117675
117.904	0.321873266509954
118.064	0.322262168505347
118.224	0.322665982528122
118.384	0.323077919117566
118.544	0.323491397330542
118.704	0.323900198818535
118.864	0.324298588436875
119.024	0.324681391512001
119.184	0.32504401520913
119.344	0.325382418306788
119.504	0.325693076751293
119.664	0.325972966795632
119.824	0.326219573895912
119.984	0.326430930300774
120.144	0.326605663371936
120.304	0.326743010524012
120.464	0.326842811770518
120.624	0.326905467776157
120.784	0.326931863178004
120.944	0.326923301849035
121.104	0.326881475566267
121.264	0.32680843398083
121.424	0.326706557487967
121.584	0.326578542006416
121.744	0.326427334812195
121.904	0.32625601888293
122.064	0.326067689476019
122.224	0.325865335977767
122.384	0.3256517302097
122.544	0.325429372849783
122.704	0.3252004814305
122.864	0.324966987339565
123.024	0.32473054576343
123.184	0.324492574009753
123.344	0.324254275173587
123.504	0.324016663193504
123.664	0.323780592801029
123.824	0.32354680025918
123.984	0.323315929929038
124.144	0.323088557192193
124.304	0.322865211480064
124.464	0.322646415130009
124.624	0.322432715485263
124.784	0.322224710421267
124.944	0.322023066256804
125.104	0.321828516412495
125.264	0.321641822460094
125.424	0.321463720001873
125.584	0.321294869346445
125.744	0.321135819327026
125.904	0.320986994308157
126.064	0.320848701210423
126.224	0.320721140001467
126.384	0.320604414501247
126.544	0.32049856160296
126.704	0.320403592119135
126.864	0.320319541061451
127.024	0.320246533797842
127.184	0.32018485704242
127.344	0.320134998421452
127.504	0.320097643434735
127.664	0.320073629052501
127.824	0.320063863064831
127.984	0.320069227317333
128.144	0.320090486733932
128.304	0.320128215919283
128.464	0.320182747886236
128.624	0.320254141394287
128.784	0.320342161935912
128.944	0.320446282653108
129.104	0.320565699925226
129.264	0.320699355699333
129.424	0.320845965384194
129.584	0.321004045482084
129.744	0.321171928317369
129.904	0.321347774502954
130.064	0.321529589775025
130.224	0.321715240422634
130.384	0.321902482054327
130.544	0.322089015053677
130.704	0.322272542223288
130.864	0.322450807775965
131.024	0.322621639375427
131.184	0.322782990641088
131.344	0.322932972725255
131.504	0.323069902263285
131.664	0.323192366826731
131.824	0.323299290008606
131.984	0.323389999687549
132.144	0.323464288320736
132.304	0.323522437462714
132.464	0.323565204974955
132.624	0.323593809885722
132.784	0.323609898702387
132.944	0.323615483862739
133.104	0.323612853886914
133.264	0.323604462142782
133.424	0.32359277799668
133.584	0.323580125889464
133.744	0.323568540851454
133.904	0.323559684946247
134.064	0.323554847692719
134.224	0.323555037602716
134.384	0.323561124830519
134.544	0.323574011272228
134.704	0.3235947588459
134.864	0.323624633978568
135.024	0.323665044359984
135.184	0.32371741914875
135.344	0.323783049810743
135.504	0.323862944033579
135.664	0.323957724677655
135.824	0.324067604404661
135.984	0.324192411108413
136.144	0.324331653211118
136.304	0.324484602753444
136.464	0.324650368667506
136.624	0.324827953008651
136.784	0.325016308187458
136.944	0.325214366045145
137.104	0.325421032476868
137.264	0.325635157136674
137.424	0.325855488197647
137.584	0.326080599068234
137.744	0.326308805168935
137.904	0.326538101815174
138.064	0.326766137035008
138.224	0.326990233191452
138.384	0.327207466966399
138.544	0.32741475079996
138.704	0.327608883495884
138.864	0.327786590225685
139.024	0.327944565373343
139.184	0.328079505023595
139.344	0.328188162881077
139.504	0.328267426344098
139.664	0.328314412493626
139.824	0.328326547567883
139.984	0.328301631335023
140.144	0.328237870639157
140.304	0.328133929840476
140.464	0.327989010661156
140.624	0.327802957621941
140.784	0.327576353885604
140.944	0.32731063121463
141.104	0.327008127812576
141.264	0.326672066746312
141.424	0.326306433449133
141.584	0.325915788959662
141.744	0.325505078299727
141.904	0.325079488762128
142.064	0.324644350645428
142.224	0.324205076256874
142.384	0.323767111830819
142.544	0.323335876643512
142.704	0.322916665024593
142.864	0.322514524875885
143.024	0.322134126917888
143.184	0.321779633512676
143.344	0.321454582916374
143.504	0.321161799022946
143.664	0.32090332946035
143.824	0.320680410951297
143.984	0.320493477755633
144.144	0.320342204728547
144.304	0.320225589689869
144.464	0.320142062887442
144.624	0.320089595128763
144.784	0.320065783467896
144.944	0.320067910201885
145.104	0.32009297117537
145.264	0.320137690219497
145.424	0.320198546736663
145.584	0.320271826632222
145.744	0.320353707018
145.904	0.320440369471896
146.064	0.320528121395625
146.224	0.32061350448879
146.384	0.320693379790953
146.544	0.32076496880353
146.704	0.320825867239989
146.864	0.320874044929894
147.024	0.320907834260368
147.184	0.320925922143203
147.344	0.320927364921715
147.504	0.320911615489138
147.664	0.320878567238367
147.824	0.320828624712874
147.984	0.320762800302361
148.144	0.32068282215522
148.304	0.32059125064751
148.464	0.320491594272369
148.624	0.320388424426881
148.784	0.320287481467119
148.944	0.32019576303145
149.104	0.320121584777496
149.264	0.32007459561504
149.424	0.32006572156314
149.584	0.320107025788673
149.744	0.320211488971097
149.904	0.32039272946821
150.064	0.320664693942888
150.224	0.321041350153735
150.384	0.321536407043538
150.544	0.322163055768613
150.704	0.322933719080254
150.864	0.323859796570275
151.024	0.324951402686963
151.184	0.326217091705701
151.344	0.327663587706127
151.504	0.329295541382805
151.664	0.331115324095379
151.824	0.333122882096575
151.984	0.335315608890539
152.144	0.337688203419873
152.304	0.340232540453314
152.464	0.342937575034455
152.624	0.345789267729913
152.784	0.348770649591586
152.944	0.351862035520696
153.104	0.355041352174965
153.264	0.35828448145088
153.424	0.361565608343369
153.584	0.364857447748079
153.744	0.368131386009907
153.904	0.371357540974657
154.064	0.37450487797804
154.224	0.37754142314833
154.384	0.38043463450748
154.544	0.38315192500221
154.704	0.385661303225049
154.864	0.387932015644253
155.024	0.389935170350498
155.184	0.391644324912875
155.344	0.393035967971116
155.504	0.394089894204114
155.664	0.394789533094524
155.824	0.39512221219087
155.984	0.395079361276373
156.144	0.394656686236374
156.304	0.393854250684115
156.464	0.392676433362283
156.624	0.3911317773115
156.784	0.389232728242575
156.944	0.386995324336056
157.104	0.384438837729419
157.264	0.381585375253223
157.424	0.378459447988632
157.584	0.375087453022559
157.744	0.371497032204559
157.904	0.367716405800991
158.064	0.3637737163628
158.224	0.359696523226773
158.384	0.355511559894182
158.544	0.351244690498049
158.704	0.346921110585697
158.864	0.342565796703127
159.024	0.33820387399868
159.184	0.33386068038152
159.344	0.329561770604812
159.504	0.325332703390984
159.664	0.321198514033938
159.824	0.317183103341392
159.984	0.31330870815367
160.144	0.30959539949589
160.304	0.306060832486253
160.464	0.302720221148263
160.624	0.299586372605688
160.784	0.296669934690897
160.944	0.293980104662467
161.104	0.291525583121654
161.264	0.289315654010068
161.424	0.287361092647814
161.584	0.285674734852762
161.744	0.284271198572185
161.904	0.283165839620494
162.064	0.282373068314598
162.224	0.281904390071702
162.384	0.281766618417066
162.544	0.281960757868262
162.704	0.282481524550519
162.864	0.283317339306848
163.024	0.28445089881069
163.184	0.285860052839496
163.344	0.287518561735112
163.504	0.289397030728821
163.664	0.291464107543959
163.824	0.29368781540046
163.984	0.296036842168121
164.144	0.29848169644373
164.304	0.300995474271247
164.464	0.303554135630691
164.624	0.306136682189333
164.784	0.308725294910289
164.944	0.311305547911786
165.104	0.313866681152092
165.264	0.316402017522421
165.424	0.318909052951483
165.584	0.321389062167952
165.744	0.323846267899569
165.904	0.326286739848626
166.064	0.328717107602586
166.224	0.331143531840496
166.384	0.333571160654799
166.544	0.336003886823107
166.704	0.338444311857245
166.864	0.34089390386174
167.024	0.343353051000747
167.184	0.345820971855971
167.344	0.34829563170473
167.504	0.350773645648303
167.664	0.353250229939874
167.824	0.355719246443812
167.984	0.358173420699075
168.144	0.360604647243861
168.304	0.363004385174634
168.464	0.36536405634314
168.624	0.367675408394632
168.784	0.369930748553941
168.944	0.372123052072709
169.104	0.374245908179034
169.264	0.376293405901777
169.424	0.378259975261187
169.584	0.380140313143954
169.744	0.38192932948408
169.904	0.383622133806227
170.064	0.385214013642496
170.224	0.386700424813114
170.384	0.388076955946133
170.544	0.389339337539866
170.704	0.390483508310751
170.864	0.391505769420917
171.024	0.392403037726979
171.184	0.393173137175097
171.344	0.393815017116538
171.504	0.394328865381283
171.664	0.394716084776007
171.824	0.394979118449498
171.984	0.395121152147738
172.144	0.395145772364629
172.304	0.395056641971394
172.464	0.394857243297508
172.624	0.394550723531154
172.784	0.394139857918333
172.944	0.393627120549297
173.104	0.393014836690725
173.264	0.392305362778359
173.424	0.391501275681946
173.584	0.390605551982333
173.744	0.38962171508382
173.904	0.388553904715707
174.064	0.387406924008189
174.224	0.38618625855446
174.384	0.384898067900565
174.544	0.383549118906728
174.704	0.382146703246633
174.864	0.380698486142762
175.024	0.379212304047712
175.184	0.377695934143446
175.344	0.376156913406874
175.504	0.374602421535599
175.664	0.373039341007996
175.824	0.371474428242152
175.984	0.369914517706718
176.144	0.368366686441675
176.304	0.366838343361394
176.464	0.365337129493071
176.624	0.363870695522735
176.784	0.362446463320737
176.944	0.361071395787974
177.104	0.359751824320426
177.264	0.358493444793737
177.424	0.35730138087655
177.584	0.356180161159216
177.744	0.355133654898907
177.904	0.354164957860746
178.064	0.353276157528114
178.224	0.352468131309877
178.384	0.351740496607306
178.544	0.351091636840636
178.704	0.350518840511711
178.864	0.350018571212274
179.024	0.349586748186027
179.184	0.34921897457042
179.344	0.348910768391022
179.504	0.34865774039298
179.664	0.348455675661796
179.824	0.348300579810882
179.984	0.348188676490224
180.144	0.348116306364943
180.304	0.348079774432506
180.464	0.348075202891494
180.624	0.348098432677432
180.784	0.348145023644008
180.944	0.348210399984907
181.104	0.348290107428681
181.264	0.348380122523565
181.424	0.348477116770198
181.584	0.348578631661155
181.744	0.348683087936877
181.904	0.348789663719288
182.064	0.348898075848581
182.224	0.349008297853914
182.384	0.349120236511169
182.544	0.349233482157331
182.704	0.349347115810758
182.864	0.34945957513213
183.024	0.349568633814613
183.184	0.349671492689993
183.344	0.349764901323795
183.504	0.349845349980285
183.664	0.349909300431989
183.824	0.349953348703536
183.984	0.349974309698553
184.144	0.349969311024495
184.304	0.349935839151783
184.464	0.349871734145097
184.624	0.349775195092832
184.784	0.349644767325287
184.944	0.349479298599078
185.104	0.34927793143828
185.264	0.349040058198796
185.424	0.348765159609172
185.584	0.348452618465842
185.744	0.348101615453913
185.904	0.347711092536144
186.064	0.347279809132203
186.224	0.346806490566166
186.384	0.346290023650624
186.544	0.345729597616298
186.704	0.345124764492255
186.864	0.344475349450875
187.024	0.34378129900432
187.184	0.343042522182429
187.344	0.342258785030197
187.504	0.341429675241159
187.664	0.340554732612588
187.824	0.339633688008405
187.984	0.338666784868735
188.144	0.337655077563284
188.304	0.336600678471029
188.464	0.335506966296578
188.624	0.334378778335747
188.784	0.333222497355962
188.944	0.332046054873842
189.104	0.330858839814653
189.264	0.329671537181582
189.424	0.328495922164564
189.584	0.327344640056424
189.744	0.326230952341973
189.904	0.325168499830568
190.064	0.324171073064861
190.224	0.323252368122155
190.384	0.322425755926986
190.544	0.321704103737318
190.704	0.321099641739636
190.864	0.320623881974768
191.024	0.32028758140649
191.184	0.320100710472104
191.344	0.320072390733856
191.504	0.32021078701581
191.664	0.320522949299118
191.824	0.321014612202305
191.984	0.321689973703485
192.144	0.322551483661016
192.304	0.323599659692661
192.464	0.324832972890988
192.624	0.326247840172471
192.784	0.327838722279182
192.944	0.329598332442572
193.104	0.331517942879429
193.264	0.333587677220009
193.424	0.335796768276794
193.584	0.338133784544141
193.744	0.340586758765937
193.904	0.343143247729529
194.064	0.345790436606592
194.224	0.348515288727583
194.384	0.351304701122388
194.544	0.354145705291046
194.704	0.357025692711034
194.864	0.359932576845665
195.024	0.362854782852253
195.184	0.365781104690711
195.344	0.368700484737872
195.504	0.371601762834814
195.664	0.374473491308606
195.824	0.377304004651876
195.984	0.380081668636592
196.144	0.382795249306298
196.304	0.38543435862556
196.464	0.387989814926129
196.624	0.390453698903286
196.784	0.392819261076568
196.944	0.395080720787234
197.104	0.397232942046742
197.264	0.399271162455022
197.424	0.401190898949551
197.584	0.402987947980534
197.744	0.404658462234181
197.904	0.406199120817803
198.064	0.407607308924014
198.224	0.408881270689392
198.384	0.410020262285627
198.544	0.411024668098378
198.704	0.411896071334297
198.864	0.41263727707377
199.024	0.413252271799763
199.184	0.413746122230521
199.344	0.414124857168474
199.504	0.414395346843264
199.664	0.41456521475078
199.824	0.41464278745201
199.984	0.414637048085922
200.144	0.414557554614191
200.304	0.414414303095498
200.464	0.414217526790424
200.624	0.413977459741602
200.784	0.41370411558745
200.944	0.413407105517592
201.104	0.413095496471612
201.264	0.412777690948531
201.424	0.412461294292996
201.584	0.412152975491892
201.744	0.411858354071626
201.904	0.411581957768988
202.064	0.411327269794072
202.224	0.411096865877369
202.384	0.410892590511651
202.544	0.410715734016946
202.704	0.410567162988457
202.864	0.410447415515421
203.024	0.410356780205404
203.184	0.410295402575741
203.344	0.410263353304401
203.504	0.410260673129812
203.664	0.410287356195511
203.824	0.410343265422341
203.984	0.410427998372313
204.144	0.410540801887066
204.304	0.410680551625148
204.464	0.410845803868312
204.624	0.411034895405294
204.784	0.411246022632838
204.944	0.411477230012281
205.104	0.411726328892826
205.264	0.41199075702076
205.424	0.412267405513887
205.584	0.41255248554188
205.744	0.412841499092735
205.904	0.413129290160839
206.064	0.4134101678207
206.224	0.413678063497116
206.384	0.413926668515671
206.544	0.414149518153124
206.704	0.414339993689453
206.864	0.414491236855667
207.024	0.41459601984667
207.184	0.414646599027321
207.344	0.414634571556064
207.504	0.414550751328704
207.664	0.414385078953671
207.824	0.41412659987526
207.984	0.413763568096158
208.144	0.413283710342682
208.304	0.412674687077526
208.464	0.411924743862244
208.624	0.411023445140756
208.784	0.409962372790517
208.944	0.408735741130329
209.104	0.40734082682269
209.264	0.405778162224294
209.424	0.404051574844004
209.584	0.402168065157355
209.744	0.400137524638637
209.904	0.397972360253618
210.064	0.395687023766698
210.224	0.393297411815354
210.384	0.390820250309105
210.544	0.388272592884448
210.704	0.385671369817544
210.864	0.383032957743296
211.024	0.380372796309473
211.184	0.377705053065654
211.344	0.375042374849897
211.504	0.372395761771656
211.664	0.369774630148697
211.824	0.367187031926676
211.984	0.364640015328348
212.144	0.36213998197212
212.304	0.359692963796704
212.464	0.357304772744499
212.624	0.354981013118675
212.784	0.352726961668679
212.944	0.35054738798425
213.104	0.348446441737622
213.264	0.346427612777177
213.424	0.344493732681428
213.584	0.342647025570784
213.744	0.340889155489378
213.904	0.339221199698898
214.064	0.33764358310458
214.224	0.336156006109434
214.384	0.334757377337553
214.544	0.33344576593862
214.704	0.332218464749019
214.864	0.331072130081736
215.024	0.330002961123625
215.184	0.329006914544777
215.344	0.328079935549056
215.504	0.327218130233575
215.664	0.326417892060078
215.824	0.325675992257118
215.984	0.324989619781661
216.144	0.324356353142036
216.304	0.323774115328149
216.464	0.32324110037456
216.624	0.322755677826024
216.784	0.322316289568278
216.944	0.321921360400609
217.104	0.321569235107688
217.264	0.321258164951075
217.424	0.320986345080371
217.584	0.320751997137847
217.744	0.320553490774898
217.904	0.32038948006533
218.064	0.320259017691512
218.224	0.32016162538315
218.384	0.320097303064301
218.544	0.320066475593819
218.704	0.320069891315768
218.864	0.320108497320859
219.024	0.320183315859538
219.184	0.320295341430835
219.344	0.320445464183365
219.504	0.320634423797799
219.664	0.320862794532047
219.824	0.321130994326893
219.984	0.321439308667493
220.144	0.321787924255602
220.304	0.322176968394558
220.464	0.322606558363475
220.624	0.323076843100296
220.784	0.323588029927748
220.944	0.324140392831794
221.104	0.324734271961177
221.264	0.325370053025551
221.424	0.326048156338118
221.584	0.326769036161011
221.744	0.327533171627636
221.904	0.328341021943459
222.064	0.32919294714128
222.224	0.330089067181632
222.384	0.331029126593592
222.544	0.332012403018496
222.704	0.333037670034344
222.864	0.334103216028041
223.024	0.335206930024412
223.184	0.336346385242621
223.344	0.337518875258809
223.504	0.338721419454203
223.664	0.33995075174397
223.824	0.341203322490571
223.984	0.342475375678021
224.144	0.343763121189056
224.304	0.345062912378069
224.464	0.346371409062556
224.624	0.347685689249545
224.784	0.349003249523719
224.944	0.350321933298744
225.104	0.351639889629666
225.264	0.352955524166134
225.424	0.354267455996421
225.584	0.355574466556561
225.744	0.356875415226057
225.904	0.358169122411198
226.064	0.359454298389153
226.224	0.360729498761145
226.384	0.361993121765124
226.544	0.363243522589016
226.704	0.364479173019788
226.864	0.365698731124155
227.024	0.366901022369063
227.184	0.368084944282089
227.344	0.369249310791872
227.504	0.370392697103341
227.664	0.371513369697084
227.824	0.372609320172558
227.984	0.373678395555942
228.144	0.374718460108568
228.304	0.375727523913554
228.464	0.37670380423009
228.624	0.377645751030911
228.784	0.378552072739865
228.944	0.379421771932527
229.104	0.380254176716505
229.264	0.381048994769287
229.424	0.381806334465125
229.584	0.382526634044495
229.744	0.383210516132237
229.904	0.383858634167325
230.064	0.384471550554679
230.224	0.385049675732205
230.384	0.385593315580479
230.544	0.386102786832168
230.704	0.386578561207841
230.864	0.387021393935299
231.024	0.387432410571535
231.184	0.387813109635033
231.344	0.388165331929883
231.504	0.388491205599109
231.664	0.388793080613311
231.824	0.389073458605196
231.984	0.389334934077567
232.144	0.389580087026332
232.304	0.389811359132352
232.464	0.390030939477526
232.624	0.390240676129167
232.784	0.390442028341965
232.944	0.484738020506938
233.104	0.481657081118556
233.264	0.478575938845552
233.424	0.475489463806753
233.584	0.472392815571311
233.744	0.469281472355306
233.904	0.466152123869051
234.064	0.463004483894565
234.224	0.459843750661548
234.384	0.456682758588158
234.544	0.453543686253852
234.704	0.45045899464867
234.864	0.44747152280479
235.024	0.444633907571642
235.184	0.442007688811373
235.344	0.439661753911878
235.504	0.43767023470582
235.664	0.436110013059533
235.824	0.435057693947329
235.984	0.434585543659068
236.144	0.434757065705071
236.304	0.43562285750204
236.464	0.437217595050697
236.624	0.439558420689082
236.784	0.442644959958216
236.944	0.446460795028997
237.104	0.450976506579991
237.264	0.456153507053841
237.424	0.461947748574403
237.584	0.468312683852218
237.744	0.475201453768477
237.904	0.482567372936046
238.064	0.490362603607082
238.224	0.498535719833399
238.384	0.507029062199308
238.544	0.515776335456849
238.704	0.524701524562715
238.864	0.533719316902079
239.024	0.542736803191019
239.184	0.551656245403592
239.344	0.560378400758509
239.504	0.568805722407433
239.664	0.576845216841775
239.824	0.584411128688316
239.984	0.591427132582339
240.144	0.59782794751527
240.304	0.6035604839185
240.464	0.608584540694665
240.624	0.612873007827602
240.784	0.616411773090022
240.944	0.619199537368786
241.104	0.621247425015554
241.264	0.622578427014105
241.424	0.623226612051894
241.584	0.623235965611912
241.744	0.622658817178035
241.904	0.62155399422636
242.064	0.619984821926209
242.224	0.618017145713111
242.384	0.615717550709178
242.544	0.613151718098834
242.704	0.610382986419154
242.864	0.607471068886753
243.024	0.60447089618583
243.184	0.60143160637972
243.344	0.598395987559798
243.504	0.595400264601722
243.664	0.592474260708059
243.824	0.589641887505877
243.984	0.586921836069905
244.144	0.584328227804235
244.304	0.581871237891846
244.464	0.579557663557807
244.624	0.577391445415287
244.784	0.575374148771971
244.944	0.573505407969151
245.104	0.57178329471617
245.264	0.570204614529302
245.424	0.568765132290082
245.584	0.567459771741142
245.744	0.566282822096127
245.904	0.565228135425514
246.064	0.564289344751614
246.224	0.563460080730238
246.384	0.562734132140122
246.544	0.562105535619139
246.704	0.56156863048318
246.864	0.561118063573758
247.024	0.560748740372674
247.184	0.560455746960088
247.344	0.560234269202283
247.504	0.560079505185513
247.664	0.559986580274654
247.824	0.559950477020266
247.984	0.559965996468691
248.144	0.560027756264844
248.304	0.560130220043447
248.464	0.560267738338098
248.624	0.560434577294018
248.784	0.56062491829698
248.944	0.560832826184651
249.104	0.561052215213294
249.264	0.561276857159555
249.424	0.561500458672981
249.584	0.561716824199266
249.744	0.561920095504775
249.904	0.562104976716455
250.064	0.562266903107684
250.224	0.562402126905454
250.384	0.562507721856036
250.544	0.562581536808011
250.704	0.562622153197026
250.864	0.56262885291153
251.024	0.562601607242414
251.184	0.562541090800096
251.344	0.562448710878471
251.504	0.562326641399068
251.664	0.56217786188472
251.824	0.562006154420033
251.984	0.561816072148304
252.144	0.561612852218332
252.304	0.561402259402257
252.464	0.561190337143216
252.624	0.560983115849467
252.784	0.560786271695633
252.944	0.560604797545693
253.104	0.560442734049957
253.264	0.560302983638849
253.424	0.560187220208263
253.584	0.560095917241142
253.744	0.560028448162939
253.904	0.559983236280914
254.064	0.559957938311072
254.224	0.559949641969524
254.384	0.559955061233723
254.544	0.559970728374992
254.704	0.559993169070822
254.864	0.560019057450063
255.024	0.560045355474813
255.184	0.560069433135595
255.344	0.560089173452525
255.504	0.560103058309778
255.664	0.560110213735697
255.824	0.560110401540896
255.984	0.560103966025508
256.144	0.56009173299617
256.304	0.560074881621858
256.464	0.560054817202854
256.624	0.560033059179204
256.784	0.56001115459776
256.944	0.559990624904913
257.104	0.559972931651373
257.264	0.559959443995922
257.424	0.559951407004064
257.584	0.559949910510568
257.744	0.559955853329029
257.904	0.559969902557441
258.064	0.559992448327193
258.224	0.56002355022656
258.384	0.560062874061714
258.544	0.560109627817383
258.704	0.560162516151195
258.864	0.560219737323223
259.024	0.560279035290023
259.184	0.560337815812545
259.344	0.560393308766379
259.504	0.560442750364473
259.664	0.560483549327273
259.824	0.560513436752899
259.984	0.560530603190728
260.144	0.560533813774327
260.304	0.560522499849412
260.464	0.560496826709368
260.624	0.560457708878403
260.784	0.560406781762595
260.944	0.56034634119942
261.104	0.560279267302121
261.264	0.560208938712549
261.424	0.560139164358134
261.584	0.560074114635881
261.744	0.560018245382253
261.904	0.559976217706662
262.064	0.559952818310649
262.224	0.55995288062195
262.384	0.559981221882936
262.544	0.560042587955195
262.704	0.560141580132495
262.864	0.56028254932653
263.024	0.560469444728824
263.184	0.560705629114182
263.344	0.560993685394806
263.504	0.561335273487657
263.664	0.561731080452319
263.824	0.562180908571918
263.984	0.562683881451903
264.144	0.563238731533147
264.304	0.563844098229765
264.464	0.564498792073664
264.624	0.565201908641484
264.784	0.56595278384566
264.944	0.566750795495409
265.104	0.567595120412534
265.264	0.56848449346262
265.424	0.569417088598584
265.584	0.57039051777474
265.744	0.571401942510875
265.904	0.572448215091299
266.064	0.573525957430775
266.224	0.574631456731822
266.384	0.5757604215637
266.544	0.576907698765808
266.704	0.578067007897062
266.864	0.57923076353336
267.024	0.580390155153964
267.184	0.581535528188851
267.344	0.582656945378858
267.504	0.583744770172871
267.664	0.584790117986358
267.824	0.585785123529149
267.984	0.586723014083418
268.144	0.587598030637764
268.304	0.588405296063229
268.464	0.589140682307061
268.624	0.589800715168622
268.784	0.59038247448234
268.944	0.590883451206992
269.104	0.591301361122987
269.264	0.591634012679151
269.424	0.591879230578797
269.584	0.592034893254549
269.744	0.592099132760723
269.904	0.59207069379454
270.064	0.59194925834754
270.224	0.591735720833185
270.384	0.591432281411926
270.544	0.591042357815695
270.704	0.590570350187136
270.864	0.590021414880994
271.024	0.589401186955456
271.184	0.588715577787752
271.344	0.587970671240782
271.504	0.587172695707068
271.664	0.586328068653984
271.824	0.58544356597713
271.984	0.584526491159068
272.144	0.583584806704039
272.304	0.582627162079461
272.464	0.581662783210504
272.624	0.580701203899025
272.784	0.579751921156003
272.944	0.578824021464698
273.104	0.577925875827077
273.264	0.577064971094387
273.424	0.576247873496413
273.584	0.575480286634502
273.744	0.574767171634903
273.904	0.574112862034326
274.064	0.573521150880424
274.224	0.57299534594722
274.384	0.572538275046554
274.544	0.57215226361086
274.704	0.571839169574105
274.864	0.57160044749844
275.024	0.571437169387082
275.184	0.571350059821725
275.344	0.571339555572649
275.504	0.571405838122246
275.664	0.571548856897152
275.824	0.571768372387396
275.984	0.572063963524215
276.144	0.572434986687313
276.304	0.57288049475801
276.464	0.573399089662871
276.624	0.573988747632484
276.784	0.574646722662237
276.944	0.575369472705006
277.104	0.57615262032823
277.264	0.576991004484171
277.424	0.577878821417926
277.584	0.578809682176598
277.744	0.57977661437917
277.904	0.580771989471486
278.064	0.581787428413463
278.224	0.582813754958352
278.384	0.583841105305055
278.544	0.584859178498391
278.704	0.585857619648323
278.864	0.586826408578872
279.024	0.587756209858071
279.184	0.588638603835079
279.344	0.589466177009399
279.504	0.590232557479339
279.664	0.590932447132673
279.824	0.591561622150493
279.984	0.592116948870625
280.144	0.592596454822797
280.304	0.592999272427278
280.464	0.59332548071734
280.624	0.593575893696197
280.784	0.593751824377705
280.944	0.59385485570283
281.104	0.593886760822443
281.264	0.593849568253518
281.424	0.593745714870693
281.584	0.593578214046374
281.744	0.593350778974582
281.904	0.593067761341899
282.064	0.592733873224006
282.224	0.592353742908472
282.384	0.591931466886763
282.544	0.591470253732496
282.704	0.590972318918375
282.864	0.590439069032527
283.024	0.58987154201759
283.184	0.589270909759307
283.344	0.58863892492127
283.504	0.587978225270945
283.664	0.587292466720555
283.824	0.586586215470106
283.984	0.585864669341845
284.144	0.58513327583978
284.304	0.584397282942973
284.464	0.583661213099276
284.624	0.582928458578408
284.784	0.582201068140876
284.944	0.581479771426984
285.104	0.580764278824518
285.264	0.580053804935687
285.424	0.579347576453529
285.584	0.57864523150829
285.744	0.577947048334408
285.904	0.577253941725303
286.064	0.576567352477014
286.224	0.575889127584105
286.384	0.575221380663152
286.544	0.574566322110059
286.704	0.573926085890434
286.864	0.573302482462623
287.024	0.572696720792464
287.184	0.572109188482955
287.344	0.571539352233685
287.504	0.57098580506181
287.664	0.570446480555347
287.824	0.569918966437854
287.984	0.569400829008828
288.144	0.568889897468125
288.304	0.568384454891657
288.464	0.567883342986988
288.624	0.567385992364962
288.784	0.566892442264816
288.944	0.5664033144717
289.104	0.565919750383273
289.264	0.565443277264876
289.424	0.564975665988186
289.584	0.564518769333972
289.744	0.564074403710492
289.904	0.563644269116139
290.064	0.563229931384285
290.224	0.562832843565502
290.384	0.562454418961806
290.544	0.56209608814288
290.704	0.561759346361669
290.864	0.561445779231235
291.024	0.561157076418112
291.184	0.560895020806583
291.344	0.560661467936825
291.504	0.560458290889528
291.664	0.560287284670721
291.824	0.560150046225772
291.984	0.560047850586216
292.144	0.559981552233239
292.304	0.559951546844331
292.464	0.559957798630876
292.624	0.5599999218216
292.784	0.56007730506326
292.944	0.560189253983935
293.104	0.560335126534937
293.264	0.560514440756833
293.424	0.560726939955657
293.584	0.560972614097864
293.744	0.561251692861788
293.904	0.561564645674025
294.064	0.561912229241443
294.224	0.562295600854213
294.384	0.562716495284349
294.544	0.563177435075431
294.704	0.56368190884541
294.864	0.564234469590247
295.024	0.56484074127593
295.184	0.565507329476986
295.344	0.566241650458778
295.504	0.567051727625312
295.664	0.56794600994408
295.824	0.568933204957375
295.984	0.570022162115947
296.144	0.571221779110147
296.304	0.572540960919014
296.464	0.573988589529563
296.624	0.5755734766758
296.784	0.577304261704285
296.944	0.579189249240244
297.104	0.581236127708053
297.264	0.583451548942776
297.424	0.585840527889104
297.584	0.588405739670179
297.744	0.591146734121594
297.904	0.594059195247155
298.064	0.597134327880212
298.224	0.600358518852318
298.384	0.603713289345706
298.544	0.60717548446928
298.704	0.610717634659068
298.864	0.614308340715525
299.024	0.617912628382783
299.184	0.621492302080242
299.344	0.625006435923297
299.504	0.628412022408611
299.664	0.631664851347978
299.824	0.634720574921175
299.984	0.637535846843548
300.144	0.640069365431827
300.304	0.642282777755554
300.464	0.644141437833696
300.624	0.645615042362351
300.784	0.646678183563836
300.944	0.647310939046747
301.104	0.647499424805119
301.264	0.647236189910927
301.424	0.646520354411678
301.584	0.645357409850931
301.744	0.643758763525057
301.904	0.641741302036735
302.064	0.63932717659236
302.224	0.636543958291895
302.384	0.633425324470863
302.544	0.630011870955514
302.704	0.626351602033992
302.864	0.622499835429608
303.024	0.618518345049324
303.184	0.614473519136936
303.344	0.610433913306679
303.504	0.606467669922949
303.664	0.602640198053905
303.824	0.599012245162612
303.984	0.595638524507649
304.144	0.59256676609175
304.304	0.589837299797637
304.464	0.587482907629692
304.624	0.58552893721162
304.784	0.583993490105513
304.944	0.582887780929468
305.104	0.582216756664366
305.264	0.581979959037653
305.424	0.582172269560488
305.584	0.582784478131089
305.744	0.583804114764007
305.904	0.585216039737588
306.064	0.587002620989097
306.224	0.589143839486951
306.384	0.591617261092779
306.544	0.594397373507945
306.704	0.597454567731347
306.864	0.600754241892446
307.024	0.604256156362226
307.184	0.607914337038437
307.344	0.611678051266153
307.504	0.615493436343513
307.664	0.619305343695032
307.824	0.623059050171378
307.984	0.626701653527107
308.144	0.630182761139167
308.304	0.633454789115149
308.464	0.63647310506758
308.624	0.639196221143266
308.784	0.641586053586707
308.944	0.643608373644838
309.104	0.64523324854099
309.264	0.646435405793909
309.424	0.647194562181994
309.584	0.647495846113543
309.744	0.647330294280891
309.904	0.646695440251733
310.064	0.645595880855126
310.224	0.644043636901642
310.384	0.642058156627627
310.544	0.639665841254555
310.704	0.636899126907792
310.864	0.633795309328434
311.024	0.630395319946274
311.184	0.62674259366986
311.344	0.622882281599686
311.504	0.618860798942023
311.664	0.614725459593046
311.824	0.610524000715031
311.984	0.606303901914089
312.144	0.602111347403934
312.304	0.597989954947934
312.464	0.593979538278745
312.624	0.590115016041182
312.784	0.586425720487114
312.944	0.582935348739284
313.104	0.579662428803658
313.264	0.576620967016879
313.424	0.573821340275117
313.584	0.571271240691658
313.744	0.568976355091309
313.904	0.566940739032816
314.064	0.565166977189165
314.224	0.563656182730938
314.384	0.56240794174164
314.544	0.561420260085015
314.704	0.560689539672694
314.864	0.560210624006231
315.024	0.559976933562666
315.184	0.559980664095292
315.344	0.560213037141239
315.504	0.560664576520594
315.664	0.56132534386461
315.824	0.562185068147755
315.984	0.563233164357825
316.144	0.564458659808679
316.304	0.565850079758548
316.464	0.567395363876585
316.624	0.569081902171547
316.784	0.570896646555866
316.944	0.572826289886962
317.104	0.574857425125174
317.264	0.576976619675861
317.424	0.579170402638283
317.584	0.581425253840735
317.744	0.583727504829312
317.904	0.586063186243791
318.064	0.588417879266217
318.224	0.590776592688144
318.384	0.59312370482121
318.544	0.59544313487504
318.704	0.597718662188072
318.864	0.599934367281548
319.024	0.602075163515565
319.184	0.604127366028933
319.344	0.606079145466083
319.504	0.607920839642702
319.664	0.609645093971722
319.824	0.611246845738151
319.984	0.61272317641351
320.144	0.614073091634509
320.304	0.615297285523866
320.464	0.616397976919416
320.624	0.617378813891719
320.784	0.618244790012341
320.944	0.619002141288092
321.104	0.619658197316767
321.264	0.620221121557279
321.424	0.620699590394452
321.584	0.621102466841421
321.744	0.62143846074332
321.904	0.621715847892574
322.064	0.621942296926591
322.224	0.622124764024647
322.384	0.622269419302484
322.544	0.622381632711495
322.704	0.622465974326133
322.864	0.622526199846561
323.024	0.622565251173455
323.184	0.622585290012012
323.344	0.622587741003827
323.504	0.622573379343976
323.664	0.622542466592222
323.824	0.62249491319244
323.984	0.622430470414201
324.144	0.622348976825833
324.304	0.622250586812243
324.464	0.622135938633164
324.624	0.622006249003334
324.784	0.621863311000652
324.944	0.621709370283952
325.104	0.621546955770555
325.264	0.621378720973098
325.424	0.62120730244942
325.584	0.621035209877391
325.744	0.620864771477954
325.904	0.620698090826863
326.064	0.620536975528466
326.224	0.620382893352598
326.384	0.620236947832836
326.544	0.620099858328558
326.704	0.619971978374906
326.864	0.619853397575298
327.024	0.619744031661412
327.184	0.619643707852902
327.344	0.61955223200539
327.504	0.619469416710217
327.664	0.619395030961186
327.824	0.619328755327388
327.984	0.619270117832002
328.144	0.619218442747751
328.304	0.619172845931189
328.464	0.619132322643509
328.624	0.619095858328819
328.784	0.6190625690856
328.944	0.619031801376423
329.104	0.619003177268041
329.264	0.618976549400486
329.424	0.618951904604273
329.584	0.618929215949265
329.744	0.618908347882552
329.904	0.618889025232875
330.064	0.618870862942003
330.224	0.618853421660333
330.384	0.618836283878863
330.544	0.618819093594084
330.704	0.618801567640276
330.864	0.618783453538072
331.024	0.618764491608545
331.184	0.618744373400204
331.344	0.618722688503567
331.504	0.618698821572707
331.664	0.618671872966388
331.824	0.618640614392007
331.984	0.618603502045971
332.144	0.61855876157324
332.304	0.618504566975844
332.464	0.618439267022495
332.624	0.618361624909539
332.784	0.61827105578277
332.944	0.61816780766685
333.104	0.618053007900471
333.264	0.617928584783385
333.424	0.617797041161339
333.584	0.617661069242331
333.744	0.617523098139372
333.904	0.617384922694782
334.064	0.61724746423215
334.224	0.617110673025763
334.384	0.616973641176173
334.544	0.616834853614364
334.704	0.616692457221234
334.864	0.616544467839503
335.024	0.616388886394361
335.184	0.616223701263607
335.344	0.616046825311514
335.504	0.615856059234375
335.664	0.615649077001308
335.824	0.615423418714727
335.984	0.61517646776565
336.144	0.614905412851385
336.304	0.614607191812411
336.464	0.61427845089429
336.624	0.613915612077562
336.784	0.61351503295964
336.944	0.613073178960349
337.104	0.612586787378405
337.264	0.612052985462014
337.424	0.61146930996847
337.584	0.610833652116071
337.744	0.610144239357851
337.904	0.609399634952297
338.064	0.608598806401005
338.224	0.607741266187531
338.384	0.606827194750167
338.544	0.605857493962048
338.704	0.604833764894011
338.864	0.603758166842908
339.024	0.602633205704933
339.184	0.601461571725395
339.344	0.600246024736862
339.504	0.598989353080924
339.664	0.597694411619614
339.824	0.596364179401007
339.984	0.595001834619779
340.144	0.593610825059386
340.304	0.592194900706545
340.464	0.590758119206384
340.624	0.58930483931772
340.784	0.587839570811866
340.944	0.586366745734722
341.104	0.584890531427391
341.264	0.58341466794127
341.424	0.581942398714546
341.584	0.580476622310471
341.744	0.579020161758763
341.904	0.577576069412771
342.064	0.576147958434831
342.224	0.574740264068623
342.384	0.573358275540613
342.544	0.572008005962289
342.704	0.570695955161227
342.864	0.569428837984105
343.024	0.56821334555616
343.184	0.567056054104341
343.344	0.565963427061888
343.504	0.564941829896725
343.664	0.563997522728187
343.824	0.563136652054254
343.984	0.562365232434331
344.144	0.561689169741385
344.304	0.561114356213238
344.464	0.560646851287402
344.624	0.56029307437575
344.784	0.560059955209454
344.944	0.559954974582524
345.104	0.55998605830473
345.264	0.560161339456045
345.424	0.560488856596294
345.584	0.560976254308571
345.744	0.56163052538659
345.904	0.562457824930334
346.064	0.563463354929354
346.224	0.564651290393613
346.384	0.566024741009187
346.544	0.56758570737702
346.704	0.569335001188392
346.864	0.571272154435519
347.024	0.573395303261805
347.184	0.57570108191112
347.344	0.578184596508891
347.504	0.580839400251079
347.664	0.58365748586084
347.824	0.58662936200426
347.984	0.589744132010765
348.144	0.592989501789361
348.304	0.59635181895419
348.464	0.599816049496894
348.624	0.603365561219562
348.784	0.606981910641935
348.944	0.61064454776033
349.104	0.614330209983109
349.264	0.618012268269467
349.424	0.82736354172161
349.584	0.827142081427354
349.744	0.826823101659073
349.904	0.826399399367205
350.064	0.825864014680946
350.224	0.825210355870098
350.384	0.824432276697024
350.544	0.82352412374118
350.704	0.822480796952362
350.864	0.821297847729369
351.024	0.81997163351852
351.184	0.818499533183257
351.344	0.816880152661469
351.504	0.815113434305516
351.664	0.81320065326608
351.824	0.811144332189741
351.984	0.808948120784606
352.144	0.80661666086425
352.304	0.804155488655937
352.464	0.801571101829694
352.624	0.798871147178346
352.784	0.796064595478327
352.944	0.793161959402113
353.104	0.790175542202263
353.264	0.787119488411321
353.424	0.784009643598296
353.584	0.780863300019149
353.744	0.777698674042171
353.904	0.774534229167529
354.064	0.771388151591935
354.224	0.768277979512362
354.384	0.765220192262831
354.544	0.762229977305282
354.704	0.759321090189445
354.864	0.756505620342381
355.024	0.753793823563882
355.184	0.751194281126317
355.344	0.748714195986025
355.504	0.746359846980425
355.664	0.744137169746608
355.824	0.742052262771239
355.984	0.740111515683196
356.144	0.7383214500463
356.304	0.736688282422818
356.464	0.735217361796998
356.624	0.733912638251326
356.784	0.732776405895009
356.944	0.731809328600519
357.104	0.73101076748739
357.264	0.730379142812552
357.424	0.729912335290095
357.584	0.729608006951224
357.744	0.729463825289571
357.904	0.72947754755748
358.064	0.729647085647883
358.224	0.729970362969453
358.384	0.730445118277856
358.544	0.731068677612683
358.704	0.731837718808066
358.864	0.732747909112589
359.024	0.73379365126172
359.184	0.734967877569915
359.344	0.736262136820272
359.504	0.737666990859765
359.664	0.739172661876268
359.824	0.740769705960105
359.984	0.742449794382964
360.144	0.744206172030289
360.304	0.746033641180219
360.464	0.747928366660943
360.624	0.749887586073413
360.784	0.751909157784411
360.944	0.753991161014909
361.104	0.756131559115119
361.264	0.758327777832818
361.424	0.760576296640778
361.584	0.762872453638778
361.744	0.765210349301441
361.904	0.767582899166626
362.064	0.769982157463659
362.224	0.772399663700384
362.384	0.774826703937691
362.544	0.777254544163469
362.704	0.779674652517741
362.864	0.782078822671991
363.024	0.784459330182784
363.184	0.786809124331711
363.344	0.789122009520582
363.504	0.791392751084203
363.664	0.793617075678043
363.824	0.79579154618861
363.984	0.797913329003421
364.144	0.79997991421223
364.304	0.80198894499253
364.464	0.803938176097148
364.624	0.805825432846376
364.784	0.807648525732787
364.944	0.80940517087285
365.104	0.81109290664503
365.264	0.812709061458662
365.424	0.814250813757411
365.584	0.815715354793582
365.744	0.817100075333741
365.904	0.818402762158456
366.064	0.819621720482445
366.224	0.820755788027526
366.384	0.82180423420354
366.544	0.822766613519633
366.704	0.823642588099545
366.864	0.824431769337338
367.024	0.825133614529449
367.184	0.825747417877409
367.344	0.826272357766214
367.504	0.826707585782714
367.664	0.827052337293338
367.824	0.827306057304867
367.984	0.827468498321281
368.144	0.827539785758034
368.304	0.827520451822096
368.464	0.827411450654125
368.624	0.827214175765079
368.784	0.82693049648978
368.944	0.826562817250164
369.104	0.82611416017582
369.264	0.825588252291908
369.424	0.82498959278675
369.584	0.824323495317429
369.744	0.823596096328828
369.904	0.822814306735239
370.064	0.821985720548554
370.224	0.821118488433711
370.384	0.820221167413223
370.544	0.819302572850091
370.704	0.818371653370804
370.864	0.817437361191054
371.024	0.816508542765604
371.184	0.815593829322978
371.344	0.814701498738913
371.504	0.813839303045796
371.664	0.813014297128888
371.824	0.812232657659678
371.984	0.811499528438247
372.144	0.810818934054822
372.304	0.810193765745879
372.464	0.80962582164895
372.624	0.809115910514237
372.784	0.808663989792962
372.944	0.808269305429889
373.104	0.807930529814911
373.264	0.807645891356145
373.424	0.807413275614721
373.584	0.807230300935629
373.744	0.807094376957679
373.904	0.807002747551991
374.064	0.806952531152405
374.224	0.80694076593042
374.384	0.806964456393501
374.544	0.807020618374594
374.704	0.807106315934192
374.864	0.807218679581609
375.024	0.80735490470019
375.184	0.807512236524502
375.344	0.807687944163462
375.504	0.807879298283154
375.664	0.808083556479772
375.824	0.808297966632466
375.984	0.808519783842456
376.144	0.808746300907018
376.304	0.808974877696727
376.464	0.809202980918457
376.624	0.809428222023229
376.784	0.809648386657585
376.944	0.809861454814808
377.104	0.810065614873878
377.264	0.810259250820621
377.424	0.810440920379705
377.584	0.810609325084073
377.744	0.810763285259185
377.904	0.810901725869911
378.064	0.811023675154473
378.224	0.811128241942669
378.384	0.811214591650327
378.544	0.811281928750958
378.704	0.811329464548606
378.864	0.811356382134903
379.024	0.811361841038632
379.184	0.811345028401519
379.344	0.811305241506915
379.504	0.811242016004343
379.664	0.811155265169049
379.824	0.811045387982603
379.984	0.810913317963781
380.144	0.810760497379846
380.304	0.810588780380698
380.464	0.810400303022419
380.624	0.810197348217997
380.784	0.809982246547264
380.944	0.809757331525105
381.104	0.80952495538574
381.264	0.809287540073086
381.424	0.809047645230606
381.584	0.808808009774538
381.744	0.808571555102134
381.904	0.808341337183919
382.064	0.808120450502628
382.224	0.807911902050336
382.384	0.807718490354745
382.544	0.807542701671622
382.704	0.807386646801405
382.864	0.807252048954268
383.024	0.807140277950083
383.184	0.807052411886588
383.344	0.806989314694164
383.504	0.806951709657227
383.664	0.806940240863668
383.824	0.806955523123833
383.984	0.806998183104469
384.144	0.807068893897821
384.304	0.807168401392317
384.464	0.807297534596131
384.624	0.807457194896045
384.784	0.807648326407701
384.944	0.80787186342522
385.104	0.808128668610692
385.264	0.808419473954672
385.424	0.808744834527459
385.584	0.809105100860251
385.744	0.80950042321669
385.904	0.809930776219147
386.064	0.810395988666841
386.224	0.8108957601182
386.384	0.811429653695626
386.544	0.8119970507814
386.704	0.812597079598021
386.864	0.813228520257866
387.024	0.813889706888375
387.184	0.814578440628424
387.344	0.815291931809128
387.504	0.816026779563089
387.664	0.816778993801194
387.824	0.817544035772556
387.984	0.8183168867848
388.144	0.819092141092
388.304	0.819864103481081
388.464	0.820626881934203
388.624	0.821374483986546
388.784	0.82210090396822
388.944	0.822800214926446
389.104	0.823466668445207
389.264	0.824094810415289
389.424	0.824679607554657
389.584	0.825216585130846
389.744	0.825701942528639
389.904	0.826132641375665
390.064	0.826506462446645
390.224	0.826822045909893
390.384	0.827078925226687
390.544	0.82727755514199
390.704	0.827419315934407
390.864	0.827506486159081
391.024	0.827542165222297
391.184	0.827530139507843
391.344	0.827474714987346
391.504	0.827380548068248
391.664	0.827252510968918
391.824	0.827095615648062
391.984	0.826914990586914
392.144	0.826715886249502
392.304	0.826503682265951
392.464	0.826283860173447
392.624	0.82606193300407
392.784	0.825843346107575
392.944	0.825633366082769
393.104	0.825436965643547
393.264	0.825258727456202
393.424	0.825102781367917
393.584	0.824972763691193
393.744	0.824871774554907
393.904	0.824802321485862
394.064	0.824766245917971
394.224	0.824764641709038
394.384	0.824797793697343
394.544	0.824865137731734
394.704	0.82496524926475
394.864	0.825095873354115
395.024	0.825253986503952
395.184	0.825435848081241
395.344	0.825637066341159
395.504	0.825852672010996
395.664	0.82607719743018
395.824	0.826304783491736
395.984	0.82652933852259
396.144	0.826744717979949
396.304	0.826944917697432
396.464	0.827124243369752
396.624	0.827277423819027
396.784	0.827399666751575
396.944	0.827486685813909
397.104	0.827534713353629
397.264	0.827540523032638
397.424	0.827501469869816
397.584	0.827415533007496
397.744	0.827281344066108
397.904	0.827098186268216
398.064	0.826865958089883
398.224	0.826585113703658
398.384	0.826256597680498
398.544	0.825881780431786
398.704	0.825462396426673
398.864	0.825000474669622
399.024	0.824498263775098
399.184	0.823958155808526
399.344	0.823382621337686
399.504	0.822774174744467
399.664	0.822135382235132
399.824	0.821468898609368
399.984	0.820777521187523
400.144	0.820064241098265
400.304	0.819332274101015
400.464	0.818585067146927
400.624	0.81782628134701
400.784	0.817059746260469
400.944	0.816289399032343
401.104	0.815519251820291
401.264	0.814753390786876
401.424	0.813996006545921
401.584	0.813251453354127
401.744	0.812524314962815
401.904	0.811819421961985
402.064	0.81114182120254
402.224	0.810496709963644
402.384	0.809889347517782
402.544	0.809324963232797
402.704	0.808808690583049
402.864	0.808345528063427
403.024	0.807940320855181
403.184	0.807597755098612
403.344	0.807322344929929
403.504	0.807118395201059
403.664	0.806989935552991
403.824	0.806940630184016
403.984	0.806973673582746
404.144	0.807091682255503
404.304	0.807296593716131
404.464	0.807589585724003
404.624	0.807971020674671
404.784	0.808440424680811
404.944	0.808996513594337
405.104	0.809637258838592
405.264	0.810360002928263
405.424	0.811161620804313
405.584	0.812038684223666
405.744	0.812987587371339
405.904	0.81400460889526
406.064	0.815085861983761
406.224	0.816227143778036
406.384	0.817423762252787
406.544	0.818670395604471
406.704	0.819961029379982
406.864	0.821289004224099
407.024	0.822647148545997
407.184	0.824027970385913
407.344	0.825423886274024
407.504	0.826827400243445
407.664	0.828231215629302
407.824	0.829628319016791
407.984	0.831012044637731
408.144	0.832376114622406
408.304	0.833714746497861
408.464	0.835022793293746
408.624	0.83629589295137
408.784	0.837530600659392
408.944	0.838724444984877
409.104	0.839875819209823
409.264	0.840983774357454
409.424	0.842047774203223
409.584	0.843067432598986
409.744	0.844042263200976
409.904	0.844971555300702
410.064	0.845854341527428
410.224	0.846689439173332
410.384	0.847475556105991
410.544	0.848211448391879
410.704	0.848896038864581
410.864	0.849528489320818
411.024	0.850108265824105
411.184	0.85063518905676
411.344	0.851109388775825
411.504	0.851531191010025
411.664	0.851900946453583
411.824	0.85221876660259
411.984	0.852484246529997
412.144	0.852696267153277
412.304	0.852852916279602
412.464	0.852951553879706
412.624	0.85298902123165
412.784	0.852961912955578
412.944	0.852866898944143
413.104	0.852701034307273
413.264	0.852462002966803
413.424	0.852148230245319
413.584	0.851758907980951
413.744	0.851293946074492
413.904	0.850753925397129
414.064	0.850140043303412
414.224	0.849454054905294
414.384	0.848698183868095
414.544	0.847875095648504
414.704	0.846987885886477
414.864	0.846040073616876
415.024	0.845035585035674
415.184	0.843978742329767
415.344	0.842874220909238
415.504	0.841726991924673
415.664	0.840542255966255
415.824	0.839325360310767
415.984	0.838081704461018
416.144	0.836816661898951
416.304	0.835535504672833
416.464	0.834243354297968
416.624	0.83294519682326
416.784	0.831645966644913
416.944	0.830350689201254
417.104	0.829064604786794
417.264	0.827793183664511
417.424	0.826542023867859
417.584	0.825316658786363
417.744	0.824122248844304
417.904	0.822963250280026
418.064	0.821843189261898
418.224	0.82076458293929
418.384	0.819728983655267
418.544	0.818737144091045
418.704	0.817789236814605
418.864	0.816885057170765
419.024	0.816024199625502
419.184	0.815206197299716
419.344	0.81443058798763
419.504	0.813696946425665
419.664	0.813004902378424
419.824	0.812354135583149
419.984	0.811744339599812
420.144	0.811175183664744
420.304	0.810646273101923
420.464	0.810157106455762
420.624	0.809707045240856
420.784	0.809295302544768
420.944	0.808920944571554
421.104	0.808582912952687
421.264	0.808280070034556
421.424	0.808011246506538
421.584	0.807775282560414
421.744	0.807571056322075
421.904	0.807397490834745
422.064	0.807253536209458
422.224	0.80713814250791
422.384	0.807050235083551
422.544	0.80698870437115
422.704	0.806952408611068
422.864	0.806940187132199
423.024	0.806950875617503
423.184	0.806983315980773
423.344	0.807036356127327
423.504	0.80710884059701
423.664	0.807199593291415
423.824	0.807307393549507
423.984	0.807430953017246
424.144	0.807568899287475
424.304	0.807719773690877
424.464	0.807882045663604
424.624	0.808054141121573
424.784	0.808234475038347
424.944	0.808421487293543
425.104	0.808613676795488
425.264	0.808809623093538
425.424	0.809008004353558
425.584	0.809207618945351
425.744	0.809407409078602
425.904	0.809606474795117
426.064	0.809804085686523
426.224	0.80999967854811
426.384	0.810192839594464
426.544	0.810383272539497
426.704	0.810570781179507
426.864	0.810755276539197
427.024	0.810936808558921
427.184	0.81111560749909
427.344	0.811292136407332
427.504	0.811467120159449
427.664	0.811641543208651
427.824	0.811816615064316
427.984	0.811993712664588
428.144	0.812174289589251
428.304	0.812359780908963
428.464	0.812551510348129
428.624	0.812750611396581
428.784	0.812957982738766
428.944	0.813174294452637
429.104	0.813400012014966
429.264	0.813635433155326
429.424	0.813880723232131
429.584	0.814135927933279
429.744	0.814400945259734
429.904	0.814675481134572
430.064	0.814958996170702
430.224	0.815250667220852
430.384	0.815549401232801
430.544	0.815853916012514
430.704	0.816162868659916
430.864	0.816475012707514
431.024	0.816789347755019
431.184	0.817105226470829
431.344	0.817422396851583
431.504	0.817740984868209
431.664	0.818061403148903
431.824	0.818384208438005
431.984	0.818709942326194
432.144	0.819038988883193
432.304	0.819371461756731
432.464	0.819707152049403
432.624	0.820045552245205
432.784	0.820385937668192
432.944	0.820727470177047
433.104	0.821069308613659
433.264	0.821410695458979
433.424	0.821751004882202
433.584	0.822089738210906
433.744	0.822426484310967
433.904	0.822760861635373
434.064	0.823092484284047
434.224	0.823420948804795
434.384	0.823745832911612
434.544	0.824066697551046
434.704	0.824383082355411
434.864	0.824694462104361
435.024	0.825000174812516
435.184	0.825299331487571
435.344	0.825590730547077
435.504	0.825872794597302
435.664	0.826143544773885
435.824	0.826400589346775
435.984	0.826641126146313
436.144	0.826861950182632
436.304	0.827059452384759
436.464	0.827229604445023
436.624	0.827367955336371
436.784	0.827469644071215
436.944	0.827529438922141
437.104	0.827541811812665
437.264	0.827501045444563
437.424	0.827401360777316
437.584	0.827237054730034
437.744	0.827002633862975
437.904	0.826692938637251
438.064	0.826303252789756
438.224	0.825829382093133
438.384	0.825267723155179
438.544	0.824615327978194
438.704	0.823869938528532
438.864	0.823029978523977
439.024	0.822094523183495
439.184	0.821063199671443
439.344	0.819936058954653
439.504	0.818713494533625
439.664	0.817396235735799
439.824	0.815985394862963
439.984	0.814482589669836
440.144	0.8128900672219
440.304	0.811210747570811
440.464	0.809448149554072
440.624	0.807606220192127
440.784	0.80568912067676
440.944	0.803701080745981
441.104	0.801646473805107
441.264	0.799530110700829
441.424	0.797357642643959
441.584	0.795136011428639
441.744	0.792873870124794
441.904	0.790581645748233
442.064	0.78827127529425
442.224	0.785955819910072
442.384	0.783649004012403
442.544	0.781364698538908
442.704	0.779116727430591
442.864	0.778595555027294
443.024	0.778219309229456
443.184	0.77798168761953
443.344	0.777875074716093
443.504	0.777891119836084
443.664	0.77802123002877
443.824	0.7782569367034
443.984	0.778590136905308
444.144	0.779013232512597
444.304	0.779519191936146
444.464	0.780101559481153
444.624	0.780754439948595
444.784	0.781472469093245
444.944	0.782250773920026
445.104	0.783084926661871
445.264	0.783970892155565
445.424	0.784904964644596
445.584	0.785883700297603
445.744	0.786903853654479
445.904	0.787962320861737
446.064	0.789056094881261
446.224	0.790182236872027
446.384	0.791337857888578
446.544	0.792520103874352
446.704	0.793726142713211
446.864	0.794953152411921
447.024	0.796198308791162
447.184	0.797458773550915
447.344	0.798731685513047
447.504	0.800014152255784
447.664	0.801303240635974
447.824	0.80259596858852
447.984	0.803889300664167
448.144	0.805180145910498
448.304	0.80646535882417
448.464	0.807741741966169
448.624	0.80900605009387
448.784	0.810254995408258
448.944	0.811485255051451
449.104	0.81269347988686
449.264	0.813876306525088
449.424	0.815030372401878
449.584	0.816152332429709
449.744	0.817238875219886
449.904	0.818286738701744
450.064	0.81929272338013
450.224	0.820253703378256
450.384	0.821166637127789
450.544	0.822028580103137
450.704	0.822836700195325
450.864	0.823588296149268
451.024	0.824280817203856
451.184	0.824911882271948
451.344	0.825479297867417
451.504	0.825981074385908
451.664	0.826415440241789
451.824	0.826780854222847
451.984	0.827076017057124
452.144	0.827299882951678
452.304	0.827451671643843
452.464	0.827530881494994
452.624	0.827537303540424
452.784	0.827471035837874
452.944	0.827332497454762
453.104	0.827122441451792
453.264	0.826841966515502
453.424	0.826492527293652
453.584	0.826075943565201
453.744	0.825594408860496
453.904	0.825050499257344
454.064	0.824447182573039
454.224	0.823787827691007
454.384	0.823076213669282
454.544	0.822316537800447
454.704	0.821513421739468
454.864	0.820671914920894
455.024	0.819797494731205
455.184	0.8188960630591
455.344	0.817973939680854
455.504	0.817037852752804
455.664	0.816094926751333
455.824	0.815152668161971
455.984	0.814218949468199
456.144	0.813301991548968
456.304	0.812410344088192
456.464	0.811552863674223
456.624	0.810738689486215
456.784	0.809977216066244
456.944	0.809278062757329
457.104	0.808651039896603
457.264	0.808106111974411
457.424	0.807653357903376
457.584	0.807302928362077
457.744	0.807064999921039
457.904	0.8069497257205
458.064	0.806967182470515
458.224	0.807127313630161
458.384	0.807439868962973
458.544	0.807914340847418
458.704	0.808559897582285
458.864	0.809385313643787
459.024	0.810398896737837
459.184	0.81160841154994
459.344	0.813021000098132
459.504	0.814643098625737
459.664	0.816480351532704
459.824	0.818537522889955
459.984	0.820818405393169
460.144	0.823325726403567
460.304	0.826061050505444
460.464	0.829024678298509
460.624	0.832215540880242
460.784	0.835631090122973
460.944	0.839267184805948
461.104	0.843117973733882
461.264	0.847175775871932
461.424	0.851430956340522
461.584	0.855871796697187
461.744	0.860484359430387
461.904	0.86525234651296
462.064	0.870156951201551
462.224	0.875176703159894
462.384	0.880287309135923
462.544	0.885461488502273
462.704	0.890668804555816
462.864	0.895875492159547
463.024	0.90104428144727
463.184	0.906134215905098
463.344	0.911100465331486
463.504	0.915894131989688
463.664	0.920462048727899
463.824	0.924746570642213
463.984	0.928685363200515
464.144	0.932211188434366
464.304	0.935251691953312
464.464	0.937729191707007
464.624	0.939560466065785
464.784	0.940656536397881
464.944	0.940922440218941
465.104	0.940256990953202
465.264	0.938552523989046
465.424	0.935694633630732
465.584	0.931561905612597
465.744	0.926025648237072
465.904	0.918949622149029
