0.144	-0.0813247553433172
0.304	-0.0707051114248856
0.464	-0.0604387689848664
0.624	-0.0505179082761202
0.784	-0.0409349152634064
0.944	-0.0316823321503108
1.104	-0.022752818329721
1.264	-0.0141391205491033
1.424	-0.00583405078693033
1.584	0.00216953221719507
1.744	0.0098787356886163
1.904	0.0173006360679295
2.064	0.0244422747567654
2.224	0.0313106533336764
2.384	0.0379127319310584
2.544	0.0442554256708121
2.704	0.05034560241414
2.864	0.0561900808560409
3.024	0.0617956276409615
3.184	0.0671689525900803
3.344	0.0723167004080238
3.504	0.0772454355650467
3.664	0.0819616237536565
3.824	0.0864716124629155
3.984	0.0907816120209901
4.144	0.0948976806171657
4.304	0.0988257174498557
4.464	0.102571459757186
4.624	0.1061404813385
4.784	0.109538193945227
4.944	0.112769850081392
5.104	0.115840546643071
5.264	0.118755230271844
5.424	0.121518703194212
5.584	0.124135628815665
5.744	0.126610537019516
5.904	0.128947828211793
6.064	0.131151776228464
6.224	0.133226532117575
6.384	0.135176128229276
6.544	0.137004482826612
6.704	0.138715405811368
6.864	0.140312604939126
7.024	0.141799690761857
7.184	0.143180180960186
7.344	0.14445750272732
7.504	0.145634993676524
7.664	0.14671590263994
7.824	0.147703390712863
7.984	0.148600532028397
8.144	0.149410315160495
8.304	0.150135645193629
8.464	0.150779346200792
8.624	0.151344163740461
8.784	0.151832767382515
8.944	0.152247752923941
9.104	0.152591644315194
9.264	0.152866895431359
9.424	0.153075892073829
9.584	0.153220954419353
9.744	0.153304340055328
9.904	0.153328247511965
10.064	0.153294820001761
10.224	0.153206148950645
10.384	0.153064277083999
10.544	0.15287120094554
10.704	0.152628872953827
10.864	0.152339203460357
11.024	0.15200406321442
11.184	0.151625286169107
11.344	0.151204672566863
11.504	0.15074399198754
11.664	0.150244985764871
11.824	0.149709368428844
11.984	0.149138828298035
12.144	0.148535027369249
12.304	0.147899601012298
12.464	0.147234157948688
12.624	0.146540280368711
12.784	0.145819523621086
12.944	0.14507341540984
13.104	0.144303454246923
13.264	0.143511107289456
13.424	0.142697807802264
13.584	0.141864952652227
13.744	0.141013900673713
13.904	0.140145971923474
14.064	0.139262447653024
14.224	0.138364571375988
14.384	0.137453551048267
14.544	0.136530561605824
14.704	0.135596747633613
14.864	0.134653226435901
15.024	0.13370109039856
15.184	0.132741408404897
15.344	0.131775226116346
15.504	0.130803565778436
15.664	0.129827426700999
15.824	0.128847787665435
15.984	0.127865611635329
16.144	0.126881852819324
16.304	0.12589746482341
16.464	0.124913408207092
16.624	0.123930656323537
16.784	0.122950198526766
16.944	0.121973039979892
17.104	0.121000199277191
17.264	0.120032704777785
17.424	0.119071590036853
17.584	0.118117890307971
17.744	0.117172641303696
17.904	0.116236879539358
18.064	0.115311644331982
18.224	0.114397981200639
18.384	0.113496944265151
18.544	0.112609596622448
18.704	0.111737008920798
18.864	0.11088025615048
19.024	0.110040414123873
19.184	0.109218557963814
19.344	0.10841576420772
19.504	0.107633115804802
19.664	0.106871708681084
19.824	0.106132656261863
19.984	0.105417090680746
20.144	0.104726160989927
20.304	0.104061029484072
20.464	0.103422866195828
20.624	0.102812843840653
20.784	0.102232132913755
20.944	0.101681895083246
21.104	0.101163272033645
21.264	0.100677367352361
21.424	0.100225217189561
21.584	0.0998077451218791
21.744	0.0994256957392992
21.904	0.0990795391541752
22.064	0.0987693380266847
22.224	0.0984945691724732
22.384	0.0982538902004393
22.544	0.098044841324608
22.704	0.0978634780440046
22.864	0.0977039363335024
23.024	0.0975579403766318
23.184	0.0974142781140159
23.344	0.0972582892560041
23.504	0.0968030210747628
23.664	0.0963566181893185
23.824	0.0959170834962748
23.984	0.0954828273648189
24.144	0.0950527360918301
24.304	0.0946262617090809
24.464	0.094203499330419
24.624	0.0937851798478704
24.784	0.0933725807569914
24.944	0.0929673591901548
25.104	0.0925713329236117
25.264	0.0921862629424339
25.424	0.0918137123819207
25.584	0.0914549819814141
25.744	0.0911111157712838
25.904	0.0907829643230826
26.064	0.0904712560849106
26.224	0.0901766367230863
26.384	0.0898996714129936
26.544	0.0896408136571125
26.704	0.0894003542528452
26.864	0.0891783867972578
27.024	0.0889747969095396
27.184	0.0887892718647691
27.344	0.0886213230043467
27.504	0.088470308341968
27.664	0.0883354308641771
27.824	0.0882157384723854
27.984	0.0881101384472203
28.144	0.0880174165397847
28.304	0.0879362689774297
28.464	0.0878653489337893
28.624	0.0878032974285787
28.784	0.0877487553668033
28.944	0.0877003666211209
29.104	0.0876567808850979
29.264	0.0876166746377152
29.424	0.0875787936032992
29.584	0.0875419938019633
29.744	0.0875052805306922
29.904	0.0874678361562218
30.064	0.0874290069178159
30.224	0.0873882486676365
30.384	0.0873450677269574
30.544	0.0872989520700713
30.704	0.0872493355226567
30.864	0.0871956044293398
31.024	0.0871371219319172
31.184	0.0870732602016488
31.344	0.0870034493520535
31.504	0.0869272141809034
31.664	0.0868441958055115
31.824	0.086754165340281
31.984	0.0866570421132877
32.144	0.0865529038543826
32.304	0.0864419994469898
32.464	0.0863247746133453
32.624	0.0862019233463656
32.784	0.0860744504754933
32.944	0.0859437383521566
33.104	0.0858116007536438
33.264	0.0856803052856634
33.424	0.0855525509249304
33.584	0.0854314094921875
33.744	0.085320250605335
33.904	0.0852226627232113
34.064	0.085142397028207
34.224	0.0850833394768955
34.384	0.0850494940893753
34.544	0.0850449573940892
34.704	0.0850738711496462
34.864	0.0851403450828201
35.024	0.085248351869339
35.184	0.085401606612507
35.344	0.0856034422863132
35.504	0.0858566896154542
35.664	0.0861635676871373
35.824	0.0865255871765243
35.984	0.0869434626236938
36.144	0.0874170432630734
36.304	0.0879452631753423
36.464	0.0885261196324763
36.624	0.0891566712220282
36.784	0.0898330576948609
36.944	0.0905505515673184
37.104	0.0913036279425086
37.264	0.0920860730609974
37.424	0.0928911458783404
37.584	0.0937117678001727
37.744	0.0945407143634469
37.904	0.0953708107463598
38.064	0.0961950990913323
38.224	0.097006916913287
38.384	0.0977999157349103
38.544	0.0985680598235916
38.704	0.0993056560392205
38.864	0.100007433673952
39.024	0.100668682483658
39.184	0.101285396018213
39.344	0.10185434937766
39.504	0.102373074484078
39.664	0.102839747459299
39.824	0.103253019322082
39.984	0.103611854335711
40.144	0.10391543712602
40.304	0.104163165094732
40.464	0.104354690886382
40.624	0.104490026086452
40.784	0.1045696889244
40.944	0.104594793889461
41.104	0.104567045431267
41.264	0.104488626074371
41.424	0.104361952403266
41.584	0.104189345861172
41.744	0.103972743084668
41.904	0.103713530090133
42.064	0.103412553258678
42.224	0.103070348162689
42.384	0.102687507749167
42.544	0.102265032502586
42.704	0.101804511388295
42.864	0.101308073911341
43.024	0.100778146901277
43.184	0.100217175249028
43.344	0.0996274598910958
43.504	0.0990111682477135
43.664	0.0983704564984436
43.824	0.0977076951357816
43.984	0.0970256564906862
44.144	0.0963275874152458
44.304	0.0956171619611013
44.464	0.0948983810804833
44.624	0.0941754286129566
44.784	0.0934525589929507
44.944	0.0927340325467156
45.104	0.0920240610683862
45.264	0.0913267922749554
45.424	0.0906463537072995
45.584	0.0899868880407979
45.744	0.0893525772418542
45.904	0.0887476661830959
46.064	0.0881764389878157
46.224	0.0876431168791072
46.384	0.0871517218744629
46.544	0.0867059201379874
46.704	0.0863088825450831
46.864	0.0859632090879785
47.024	0.085670921362393
47.184	0.0854334858639021
47.344	0.0852518622920542
47.504	0.0851265627107836
47.664	0.0850577035946998
47.824	0.0850450497677997
47.984	0.0850880589221532
48.144	0.0851859191491116
48.304	0.0853375785651025
48.464	0.0855417620720544
48.624	0.0857969748254988
48.784	0.0861015103661913
48.944	0.0864534582959067
49.104	0.086850722478502
49.264	0.087291060065823
49.424	0.0877721316773972
49.584	0.0882915317556723
49.744	0.0888468080977276
49.904	0.0894354480832789
50.064	0.0900548494222875
50.224	0.0907022950121501
50.384	0.0913749433904485
50.544	0.0920698401105682
50.704	0.0927839864442461
50.864	0.0935144458296548
51.024	0.0942584554209844
51.184	0.0950135374934149
51.344	0.0957775683707069
51.504	0.0965487848929598
51.664	0.097325759520956
51.824	0.0981073710295135
51.984	0.0988927834033433
52.144	0.0996814517231286
52.304	0.100473138157227
52.464	0.101267893825238
52.624	0.102066004853995
52.784	0.102867925936565
52.944	0.103674192390528
53.104	0.10448531517612
53.264	0.10530170435014
53.424	0.106123627607801
53.584	0.106951176301706
53.744	0.107784257380544
53.904	0.108622597681958
54.064	0.109465703029812
54.224	0.110312833391376
54.384	0.111163030785761
54.544	0.112015164230897
54.704	0.112867994072374
54.864	0.113720283399672
55.024	0.11457087234372
55.184	0.115418671707275
55.344	0.116262623310618
55.504	0.117101612808071
55.664	0.117934325559943
55.824	0.118759116507348
55.984	0.119573941529822
56.144	0.120376348761326
56.304	0.121163584164478
56.464	0.121932801683542
56.624	0.122681280592147
56.784	0.123406603618534
56.944	0.124106771028622
57.104	0.124780212643358
57.264	0.125425694178617
57.424	0.126042156533842
57.584	0.126628569098827
57.744	0.127183832132786
57.904	0.127706730346446
58.064	0.128195906117909
58.224	0.128649829768662
58.384	0.129066737910605
58.544	0.129444544204162
58.704	0.129780742113027
58.864	0.130072331423023
59.024	0.130315803436545
59.184	0.130507200155492
59.344	0.130642232973102
59.504	0.130716394354565
59.664	0.130725049730543
59.824	0.130663536325912
59.984	0.130527275490337
60.144	0.13031188896953
60.304	0.130013312221692
60.464	0.129627939556386
60.624	0.129152748893532
60.784	0.128585368210324
60.944	0.127924113675348
61.104	0.127168007383474
61.264	0.126316788903566
61.424	0.125370959160691
61.584	0.124331847417025
61.744	0.123201662631217
61.904	0.121983541722258
62.064	0.120681551770716
62.224	0.119300631691019
62.384	0.117846477196323
62.544	0.116325398389179
62.704	0.114744167937673
62.864	0.113109951902103
63.024	0.111430353140676
63.184	0.109713519344567
63.344	0.107968304427985
63.504	0.106204453296343
63.664	0.104432698506272
63.824	0.10266475685593
63.984	0.100913208318659
64.144	0.0991912528851771
64.304	0.0975124014259308
64.464	0.0958901702181407
64.624	0.0943377927671492
64.784	0.0928680171458751
64.944	0.091493015452798
65.104	0.090224350645812
65.264	0.0890729563176222
65.424	0.0880490979594839
65.584	0.0871622849270324
65.744	0.0864211146017482
65.904	0.0858330877124871
66.064	0.0854044372539278
66.224	0.0851400302762357
66.384	0.0850433714693537
66.544	0.085116701460052
66.704	0.0853611628827338
66.864	0.0857769856829265
67.024	0.0863636426082763
67.184	0.0871199513063488
67.344	0.0880441170224202
67.504	0.0891337096166893
67.664	0.0903855831854656
67.824	0.0917957520853605
67.984	0.0933592772120022
68.144	0.0950701786426151
68.304	0.0969213630112762
68.464	0.0989045794838574
68.624	0.101010444638391
68.784	0.103228523443747
68.944	0.105547484382768
69.104	0.107955314955618
69.264	0.11043956008443
69.424	0.112987551509704
69.584	0.11558656664964
69.744	0.118223916358531
69.904	0.120887028082379
70.064	0.123563592589775
70.224	0.126241767946098
70.384	0.128910482748083
70.544	0.131559690316394
70.704	0.134180523408403
70.864	0.136765209274003
71.024	0.139306753968
71.184	0.141798381558189
71.344	0.144232971765618
71.504	0.146602516563561
71.664	0.148897728771018
71.824	0.151107840885217
71.984	0.153220657095162
72.144	0.155222657471924
72.304	0.157099289414973
72.464	0.158835337470791
72.624	0.160415387965983
72.784	0.161824354384962
72.944	0.163048086030457
73.104	0.16407385906102
73.264	0.164890715076396
73.424	0.165489578277104
73.584	0.165863215393856
73.744	0.16600606220338
73.904	0.16591401543694
74.064	0.165584317610566
74.224	0.165015543437718
74.384	0.164207627861273
74.544	0.163161915948749
74.704	0.161881172760943
74.864	0.160369459049136
75.024	0.158631952287791
75.184	0.156674809390822
75.344	0.15450520869193
75.504	0.152131673550954
75.664	0.14956463622984
75.824	0.146817035222782
75.984	0.143904707307442
76.144	0.140846445552299
76.304	0.137663712540174
76.464	0.134380056964332
76.624	0.13102042273043
76.784	0.127610521725316
76.944	0.124176421552576
77.104	0.120744303301237
77.264	0.117340318096964
77.424	0.113990414488214
77.584	0.110720145478794
77.744	0.107554477860774
77.904	0.104517580759634
78.064	0.101632631917184
78.224	0.0989216665029033
78.384	0.0964054233788119
78.544	0.0941031616356298
78.704	0.0920324584009649
78.864	0.0902090066574459
79.024	0.0886463950335354
79.184	0.0873558760013537
79.344	0.0863460878784537
79.504	0.085622771863413
79.664	0.0851885684925406
79.824	0.0850429613492878
79.984	0.0851823958112021
80.144	0.085600565618293
80.304	0.0862887987673133
80.464	0.087236454508556
80.624	0.0884312613703031
80.784	0.089859566332521
80.944	0.0915065186505188
81.104	0.0933562201800697
81.264	0.0953918714273101
81.424	0.0975959078736963
81.584	0.0999501373390927
81.744	0.102435858327411
81.904	0.105033932690489
82.064	0.107724801606892
82.224	0.110488480893522
82.384	0.113304521782183
82.544	0.116151998708531
82.704	0.119009588200996
82.864	0.121855783285682
83.024	0.124669224944213
83.184	0.12742912275705
83.344	0.130115687104009
83.504	0.13271050503532
83.664	0.135196770346127
83.824	0.137559399078484
83.984	0.139785060399916
84.144	0.141862174698318
84.304	0.143780887399245
84.464	0.145533057242361
84.624	0.147112252648171
84.784	0.148513753177198
84.944	0.149734547122378
85.104	0.150773332396156
85.264	0.151630492872684
85.424	0.152308038762371
85.584	0.152809512714882
85.744	0.153139854503522
85.904	0.153305239975097
86.064	0.153312911019029
86.224	0.153170995612825
86.384	0.152888317573613
86.544	0.152474205715166
86.704	0.151938316760081
86.864	0.151290483759496
87.024	0.150540601529244
87.184	0.149698555506106
87.344	0.148774192582792
87.504	0.147777335975988
87.664	0.146717848613278
87.824	0.145605747579438
87.984	0.144451329085811
88.144	0.143265278273404
88.304	0.142058693494889
88.464	0.140842950995747
88.624	0.139629419382445
88.784	0.138429099138918
88.944	0.137252274571537
89.104	0.136108332337912
89.264	0.13500581218112
89.424	0.13395258382694
89.584	0.132956029295102
89.744	0.132023124915335
89.904	0.131160312937467
90.064	0.130373222810064
90.224	0.129666394507112
90.384	0.129043027933889
90.544	0.128504877835994
90.704	0.128052321682233
90.864	0.127684534637794
91.024	0.127399692587844
91.184	0.127195251834692
91.344	0.127068177626299
91.504	0.127015143372248
91.664	0.127032717802891
91.824	0.127117434639089
91.984	0.127265763282438
92.144	0.127474078127833
92.304	0.127738603448861
92.464	0.12805538440152
92.624	0.128420335727824
92.784	0.128829354791705
92.944	0.129278419141357
93.104	0.129763661032015
93.264	0.13028137448957
93.424	0.130827954344525
93.584	0.131399864621457
93.744	0.131993686201881
93.904	0.132606195340244
94.064	0.133234443163545
94.224	0.133875838803462
94.384	0.134528219073374
94.544	0.135189845019411
94.704	0.135859336914464
94.864	0.136535563879121
95.024	0.1372175482188
95.184	0.137904363650463
95.344	0.138595037893239
95.504	0.139288447957185
95.664	0.139983261699726
95.824	0.140677890492057
95.984	0.141370462857694
96.144	0.142058827249272
96.304	0.142740599013408
96.464	0.143413251974593
96.624	0.144074293115423
96.784	0.144721416757292
96.944	0.145352611196884
97.104	0.145966233691937
97.264	0.146561007960102
97.424	0.14713590081594
97.584	0.147689965030381
97.744	0.148222215943846
97.904	0.148731560805189
98.064	0.149216825374211
98.224	0.149676861030471
98.384	0.150110665169606
98.544	0.150517477704327
98.704	0.150896819695348
98.864	0.151248442016666
99.024	0.15157222463732
99.184	0.151868084155026
99.344	0.152135927566931
99.504	0.152375660319805
99.664	0.152587249682441
99.824	0.15277081211751
99.984	0.1529266859025
100.144	0.153055461586959
100.304	0.153157972293783
100.464	0.153235257992279
100.624	0.153288525597404
100.784	0.153319113779119
100.944	0.153328459927721
101.104	0.153318064009611
101.264	0.153289447597658
101.424	0.153244116108439
101.584	0.15318353943006
101.744	0.153109161771837
101.904	0.153022439971792
102.064	0.152924890733672
102.224	0.152818119207254
102.384	0.152703806732106
102.544	0.152583655338546
102.704	0.152459299941953
102.864	0.152332216376166
103.024	0.152203655402943
103.184	0.152074627302298
103.344	0.151945930332531
103.504	0.151818195291114
103.664	0.151691924600911
103.824	0.151567520227829
103.984	0.151445291813317
104.144	0.151325452707553
104.304	0.151208132719816
104.464	0.151093417874975
104.624	0.150981420055572
104.784	0.150872363309603
104.944	0.150766641214474
105.104	0.150664812421255
105.264	0.150567558030801
105.424	0.150475594890551
105.584	0.150389559536265
105.744	0.150309896200767
105.904	0.150236780808356
106.064	0.150170080206109
106.224	0.150109342329401
106.384	0.150053785314284
106.544	0.150002294009127
106.704	0.149953437178468
106.864	0.149905503439598
107.024	0.1498565409929
107.184	0.149804425357402
107.344	0.149746950543388
107.504	0.149681911476264
107.664	0.14960716749421
107.824	0.14952067901153
107.984	0.14942051500536
108.144	0.149304850090388
108.304	0.149171972460934
108.464	0.149020295778129
108.624	0.148848396851278
108.784	0.148655075875539
108.944	0.148439427893791
109.104	0.148200873382208
109.264	0.147939123391652
109.424	0.147654067064806
109.584	0.147345603737492
109.744	0.147013445894586
109.904	0.146656928970444
110.064	0.146274877374353
110.224	0.145865561918001
110.384	0.145426735407412
110.544	0.144955722930789
110.704	0.144449549567824
110.864	0.143905072610252
111.024	0.143319093330646
111.184	0.142688434706301
111.344	0.142009975798103
111.504	0.141280653665589
111.664	0.140497482972179
111.824	0.139657618000754
111.984	0.138758460996385
112.144	0.137797805953156
112.304	0.136774014965212
112.464	0.135686153548917
112.624	0.134534048470258
112.784	0.133318255207016
112.944	0.13203994496358
113.104	0.130700782862093
113.264	0.129302848551347
113.424	0.127848620782473
113.584	0.12634101366514
113.744	0.124783450447509
113.904	0.123179915888002
114.064	0.121534956018465
114.224	0.119853593235305
114.384	0.118141220935101
114.544	0.116403519513611
114.704	0.114646431310987
114.864	0.112876185808332
115.024	0.111099392976868
115.184	0.109323173391047
115.344	0.10755527884244
115.504	0.105804139700112
115.664	0.104078788000251
115.824	0.102388632888889
115.984	0.1007431456906
116.144	0.0991515094546997
116.304	0.0976223238821916
116.464	0.34350912963464
116.624	0.340897146207681
116.784	0.338082068502445
116.944	0.335069888011049
117.104	0.331869349511635
117.264	0.328491951816659
117.424	0.324951783512915
117.584	0.32126512438299
117.744	0.317449821216087
117.904	0.313524521481213
118.064	0.309507835681416
118.224	0.305417577328626
118.384	0.301270321751417
118.544	0.29708143336029
118.704	0.292865547352449
118.864	0.288637559628569
119.024	0.284413800959555
119.184	0.280212915885386
119.344	0.276056105881707
119.504	0.271966573022382
119.664	0.267968222445234
119.824	0.264084053046645
119.984	0.260334755047552
120.144	0.256737850523677
120.304	0.253307440716071
120.464	0.250054540770179
120.624	0.246987750256267
120.784	0.24411387617738
120.944	0.241438354000366
121.104	0.238965552321133
121.264	0.23669882521699
121.424	0.234640484596184
121.584	0.232791893576632
121.744	0.231153606428961
121.904	0.229725428518122
122.064	0.228506529118931
122.224	0.227495605108743
122.384	0.226690957402752
122.544	0.226090474316607
122.704	0.22569163426806
122.864	0.225491451310518
123.024	0.225486357498085
123.184	0.225672124366611
123.344	0.226043691400264
123.504	0.226594961141927
123.664	0.227318623788506
123.824	0.228206218345349
123.984	0.22924843578221
124.144	0.230435775906244
124.304	0.231759406846777
124.464	0.233211975332779
124.624	0.234788096195189
124.784	0.236484419931003
124.944	0.238299210224341
125.104	0.240231644817413
125.264	0.242281066795385
125.424	0.244446307854105
125.584	0.246725151670034
125.744	0.249114190351065
125.904	0.251608734324691
126.064	0.254202707974855
126.224	0.256888588657603
126.384	0.259657447678819
126.544	0.26249896278523
126.704	0.265401720595037
126.864	0.268353707195274
127.024	0.271342803525386
127.184	0.274357324959965
127.344	0.277386523907353
127.504	0.280420744702496
127.664	0.283451465656981
127.824	0.286471347174029
127.984	0.289474246500959
128.144	0.292455160642021
128.304	0.295410290566451
128.464	0.298336980489694
128.624	0.301233408412827
128.784	0.304098024045288
128.944	0.30692880902734
129.104	0.309722570378653
129.264	0.312474642041252
129.424	0.315179013819943
129.584	0.317828809962066
129.744	0.320417046487364
129.904	0.322937395326335
130.064	0.325384656582173
130.224	0.327754861980793
130.384	0.330045046389387
130.544	0.332252849254928
130.704	0.334376192503441
130.864	0.336413132014968
131.024	0.338361871285088
131.184	0.340220894937829
131.344	0.341989209422536
131.504	0.343666525435992
131.664	0.345253320131633
131.824	0.346750819148383
131.984	0.348160919008023
132.144	0.349486000051684
132.304	0.350728692154462
132.464	0.351891637882318
132.624	0.352977287376689
132.784	0.353987766719683
132.944	0.354924872279753
133.104	0.355790153241514
133.264	0.356585036425258
133.424	0.357310988981226
133.584	0.357969691363905
133.744	0.358563163255894
133.904	0.359093839266961
134.064	0.359564610198504
134.224	0.359978827943905
134.384	0.360340287795225
134.544	0.360653192631162
134.704	0.360922103505345
134.864	0.361151870065441
135.024	0.361347551465087
135.184	0.361514325500593
135.344	0.361657389998527
135.504	0.361781863670785
135.664	0.361892697737858
135.824	0.361994595301439
135.984	0.362091939124184
136.144	0.362188725128817
136.304	0.362288494007771
136.464	0.362394255991376
136.624	0.362508412076068
136.784	0.362632676187786
136.944	0.362768010063974
137.104	0.362914586193256
137.264	0.363071793134168
137.424	0.363238284085583
137.584	0.363412072290657
137.744	0.363590662397428
137.904	0.363771193371122
138.064	0.363950577082733
138.224	0.364125623650125
138.384	0.364293143693658
138.544	0.364450037768165
138.704	0.364593377039
138.864	0.364720477896299
139.024	0.364828961947296
139.184	0.364916793919747
139.344	0.364982284807411
139.504	0.365024077262206
139.664	0.365041134058174
139.824	0.365032774819838
139.984	0.364998759177297
140.144	0.364939410955685
140.304	0.364855744248644
140.464	0.364749540000957
140.624	0.364623315758763
140.784	0.364480196534487
140.944	0.36432371576575
141.104	0.364157589131992
141.264	0.363985495375346
141.424	0.363810913524276
141.584	0.363637016868552
141.744	0.363466606416523
141.904	0.363302062052298
142.064	0.363145315551037
142.224	0.36299782870401
142.384	0.362860576056846
142.544	0.36273403992459
142.704	0.362618225697133
142.864	0.362512691008988
143.024	0.362416602087478
143.184	0.362328817469006
143.344	0.36224798841431
143.504	0.362172666615152
143.664	0.362101414238168
143.824	0.362032900447502
143.984	0.361965977146156
144.144	0.361899737838939
144.304	0.361833564664266
144.464	0.361767162105025
144.624	0.361700578974705
144.784	0.361634217932533
144.944	0.361568824921505
145.104	0.361505451303856
145.264	0.36144538625922
145.424	0.361390061532575
145.584	0.36134093948931
145.744	0.361299401277847
145.904	0.361266650615107
146.064	0.361243643623538
146.224	0.361231045757449
146.384	0.361229213079014
146.544	0.361238186434548
146.704	0.361257698135432
146.864	0.361287184415005
147.024	0.361325810677727
147.184	0.361372510243655
147.344	0.361426039932667
147.504	0.361485051185355
147.664	0.361548174217205
147.824	0.361614107308924
147.984	0.361681705609271
148.144	0.361750063704903
148.304	0.361818584014145
148.464	0.361887025626174
148.624	0.361955532334832
148.784	0.362024633301189
148.944	0.362095218482409
149.104	0.362168491904413
149.264	0.362245905123018
149.424	0.362329070155283
149.584	0.362419655062922
149.744	0.362519262915839
149.904	0.362629297340391
150.064	0.362750821112058
150.224	0.362884412246331
150.384	0.363030029437141
150.544	0.36318690370058
150.704	0.36335346977512
150.864	0.363527350667937
151.024	0.363705416037647
151.184	0.363883920473427
151.344	0.364058707347795
151.504	0.364225454193502
151.664	0.364379925237699
151.824	0.364518192120158
151.984	0.364636806398948
152.144	0.364732915532613
152.304	0.364804320484382
152.464	0.364849496632814
152.624	0.364867603993162
152.784	0.364858486308094
152.944	0.364822650466749
153.104	0.364761225594066
153.264	0.364675913780047
153.424	0.36456892010915
153.584	0.364442860900226
153.744	0.364300663744416
153.904	0.364145475146188
154.064	0.363980572295759
154.224	0.363809273325842
154.384	0.363634844684384
154.544	0.363460398474672
154.704	0.363288785551731
154.864	0.363122496730284
155.024	0.362963569681597
155.184	0.362813502600829
155.344	0.362673181519767
155.504	0.362542812457832
155.664	0.362421846956522
155.824	0.362308901848337
155.984	0.36220168473119
156.144	0.362096941269328
156.304	0.361990441342641
156.464	0.361877009951968
156.624	0.361750601308586
156.784	0.361604408551102
156.944	0.361431000338143
157.104	0.361222474400847
157.264	0.360970624812353
157.424	0.360667118474339
157.584	0.360303675360683
157.744	0.359872244674534
157.904	0.359365167736541
158.064	0.358775308252916
158.224	0.358096153777296
158.384	0.357321894083725
158.544	0.356447500109425
158.704	0.35546882850349
158.864	0.354382764342972
159.024	0.353187417924119
159.184	0.351882363916502
159.344	0.350468876745708
159.504	0.348950083614909
159.664	0.347331011793358
159.824	0.345618518229912
159.984	0.343821123022053
160.144	0.341948821370352
160.304	0.340012901516729
160.464	0.33802578850873
160.624	0.33600095570182
160.784	0.333952860427416
160.944	0.331896785119397
161.104	0.329848607912481
161.264	0.327824547024193
161.424	0.325840800122478
161.584	0.323913110063586
161.744	0.322056337926369
161.904	0.32028409028635
162.064	0.318608434667567
162.224	0.317039781882613
162.384	0.315586896498644
162.544	0.31425694785321
162.704	0.313055534986688
162.864	0.311986611815428
163.024	0.311052370367179
163.184	0.310253134652612
163.344	0.309587285608814
163.504	0.309051349344372
163.664	0.308640273762194
163.824	0.308347818906896
163.984	0.308166906209863
164.144	0.308089900185223
164.304	0.308108737236125
164.464	0.308215041666699
164.624	0.308400257883477
164.784	0.308655767663367
164.944	0.308972963712222
165.104	0.309343441997044
165.264	0.309759232601209
165.424	0.310212959657747
165.584	0.310698001554101
165.744	0.31120876967907
165.904	0.311740974936583
166.064	0.312291818058384
166.224	0.312860027004717
166.384	0.313445740041971
166.544	0.314050207040964
166.704	0.314675394547976
166.864	0.315323500319664
167.024	0.315996452019135
167.184	0.316695568389605
167.344	0.317421388961066
167.504	0.318173700106399
167.664	0.318951784112414
167.824	0.319754858099714
167.984	0.320582466499218
168.144	0.321434764133301
168.304	0.322312571406655
168.464	0.323217113387273
168.624	0.324149500435396
168.784	0.325110246420991
168.944	0.326098904315131
169.104	0.327113977907629
169.264	0.328153149358059
169.424	0.329213773359243
169.584	0.330293378680835
169.744	0.331390073576358
169.904	0.332502691332365
170.064	0.333630601848427
170.224	0.334773239537299
170.384	0.335929557265899
170.544	0.337097550810313
170.704	0.338273972334264
170.864	0.339454344144542
171.024	0.340633275653772
171.184	0.341804948337085
171.344	0.342963617756141
171.504	0.344104010396222
171.664	0.345221517819937
171.824	0.346312202031186
171.984	0.347372678540523
172.144	0.348399963665997
172.304	0.349391332197001
172.464	0.350344284249331
172.624	0.351256588318392
172.784	0.352126332307762
172.944	0.352951947340443
173.104	0.353732244936964
173.264	0.354466437532437
173.424	0.355154158010919
173.584	0.355795497411464
173.744	0.356391036758851
173.904	0.356941857639413
174.064	0.357449532116561
174.224	0.357916063785069
174.384	0.358343777613982
174.544	0.358735196610724
174.704	0.359092924629294
174.864	0.35941953514839
175.024	0.359717491433912
175.184	0.359989102837744
175.344	0.360236496300786
175.504	0.360461601910174
175.664	0.360666148583505
175.824	0.360851685106581
175.984	0.361019623263928
176.144	0.361171298815407
176.304	0.361308029297334
176.464	0.361431165147678
176.624	0.361542117780118
176.784	0.361642362686325
176.944	0.361733422452289
177.104	0.361816840503707
177.264	0.361894146960594
177.424	0.361966824009414
177.584	0.362036269694727
177.744	0.362103761183789
177.904	0.362170415039373
178.064	0.362237152509806
178.224	0.362304666370392
178.384	0.36237339191166
178.544	0.362443484644928
178.704	0.362514812437894
178.864	0.362586961036868
179.024	0.362659257177711
179.184	0.362730808121796
179.344	0.362800548857876
179.504	0.362867290239592
179.664	0.362929770426945
179.824	0.362986705891672
179.984	0.363036835905405
180.144	0.363078969126036
180.304	0.363112030633602
180.464	0.363135100757063
180.624	0.363147443780917
180.784	0.363148531939487
180.944	0.363138056762409
181.104	0.363115944067431
181.264	0.363082376751663
181.424	0.363037823054356
181.584	0.362983060933402
181.744	0.362919193621337
181.904	0.362847627494375
182.064	0.362770003306423
182.224	0.362688081025681
182.384	0.362603591958532
182.544	0.362518072799048
182.704	0.362432708962842
182.864	0.362348201407031
183.024	0.362264662824145
183.184	0.362181543504676
183.344	0.362097585052879
183.504	0.36201079314219
183.664	0.361918427234059
183.824	0.361817007733862
183.984	0.361702344789819
184.144	0.361569589661713
184.304	0.361413310840589
184.464	0.361227594310549
184.624	0.361006166067
184.784	0.360742532459426
184.944	0.360430138468018
185.104	0.360062542935339
185.264	0.35963360663618
185.424	0.359137687182738
185.584	0.358569837453842
185.744	0.357925988773331
185.904	0.357203099993512
186.064	0.356399247420086
186.224	0.355513658917971
186.384	0.35454668994862
186.544	0.353499779719186
186.704	0.352375420921362
186.864	0.351177186179257
187.024	0.34990981638839
187.184	0.34857935342302
187.344	0.347193249209568
187.504	0.345760389388488
187.664	0.344291011611404
187.824	0.342796565283152
187.984	0.341289486023243
188.144	0.339782962146728
188.304	0.338290776870508
188.464	0.336827250150691
188.624	0.335407146018042
188.784	0.33404565820365
188.944	0.332758420114033
189.104	0.331561403013438
189.264	0.330470736101688
189.424	0.329502542632554
189.584	0.328672592651401
189.744	0.327995789115903
189.904	0.327485608137977
190.064	0.327153485648523
190.224	0.327008109689359
190.384	0.32705487238718
190.544	0.327295512332512
190.704	0.3277278834139
190.864	0.328345941572934
191.024	0.329140007698243
191.184	0.330097144641059
191.344	0.331201585358485
191.504	0.332435319665819
191.664	0.333778797702962
191.824	0.335211652108228
191.984	0.336713427016548
192.144	0.338264295849967
192.304	0.339845579321945
192.464	0.341440022980805
192.624	0.343031898621348
192.784	0.344606991436649
192.944	0.346152476146017
193.104	0.347656794675459
193.264	0.349109531805425
193.424	0.350501323935532
193.584	0.351823810019823
193.744	0.353069677810254
193.904	0.354232754721806
194.064	0.355308150871224
194.224	0.356292434938268
194.384	0.357183780181231
194.544	0.357982031817301
194.704	0.358688694979492
194.864	0.359306838218799
195.024	0.359840933268515
195.184	0.360296683604702
195.344	0.360680862951085
195.504	0.361001155889426
195.664	0.361265990472475
195.824	0.361484358981215
195.984	0.36166561549112
196.144	0.361819265329814
196.304	0.361954765194241
196.464	0.362081347331241
196.624	0.362207870268776
196.784	0.362342695714915
196.944	0.362493580097635
197.104	0.362667569811492
197.264	0.362870896293543
197.424	0.363108884033863
197.584	0.363385888399307
197.744	0.363705286571758
197.904	0.364069540238916
198.064	0.364480329395519
198.224	0.364938723694195
198.384	0.365445365451023
198.544	0.366000646728253
198.704	0.366604850390559
198.864	0.367258253990258
199.024	0.367961194528334
199.184	0.368714094740653
199.344	0.369517448450779
199.504	0.370371793593449
199.664	0.371277660646683
199.824	0.372235528878946
199.984	0.373245855381128
200.144	0.374309157052721
200.304	0.375426083966431
200.464	0.376597418651954
200.624	0.377824005488492
200.784	0.379106585817226
200.944	0.380445555557571
201.104	0.381840704646038
201.264	0.383291024051005
201.424	0.384794583917483
201.584	0.386348587263228
201.744	0.387949549430914
201.904	0.389593582599446
202.064	0.391276700625895
202.224	0.392995153609945
202.384	0.394745657903968
202.544	0.396525569934511
202.704	0.398332937760188
202.864	0.400166438009819
203.024	0.402025166182511
203.184	0.403908339952068
203.344	0.405814851683772
203.504	0.407742756122843
203.664	0.409688721364773
203.824	0.411647450607234
203.984	0.413611160877053
204.144	0.41556926542944
204.304	0.41750825174131
204.464	0.419411761484525
204.624	0.421260892143437
204.784	0.42303456587797
204.944	0.424709982760305
205.104	0.426263118780525
205.264	0.427669394169698
205.424	0.428904492803895
205.584	0.429945175444573
205.744	0.430770148616375
205.904	0.431361157187439
206.064	0.43170404135094
206.224	0.431789488049162
206.384	0.431613552100544
206.544	0.431177661883339
206.704	0.430487999808975
206.864	0.429554605404292
207.024	0.428390333573134
207.184	0.427009713357165
207.344	0.425428202003104
207.504	0.423661907162341
207.664	0.421727483858149
207.824	0.419642243714634
207.984	0.417424490244457
208.144	0.415093573515605
208.304	0.412669734742849
208.464	0.410173842902623
208.624	0.407627053098395
208.784	0.405050376608415
208.944	0.402464361970033
209.104	0.399888724552056
209.264	0.397342036955706
209.424	0.394841554059894
209.584	0.39240306634656
209.744	0.390040752942241
209.904	0.387767086784152
210.064	0.38559272044381
210.224	0.383526352963145
210.384	0.381574686180329
210.544	0.379742506358525
210.704	0.3780327681568
210.864	0.376446713745736
211.024	0.374984039850915
211.184	0.373643068267711
211.344	0.372420887071257
211.504	0.371313478447519
211.664	0.370315830906748
211.824	0.369422057509382
211.984	0.368625537774051
212.144	0.36791907505085
212.304	0.367295055787963
212.464	0.366745637860959
212.624	0.366262960561926
212.784	0.365839369577316
212.944	0.365467624999837
213.104	0.36514108867641
213.264	0.364853867392412
213.424	0.364600874120015
213.584	0.364377800905913
213.744	0.364181036072978
213.904	0.3640075553526
214.064	0.363854793917653
214.224	0.363720533890046
214.384	0.363602827691921
214.544	0.363499945819058
214.704	0.363410343287796
214.864	0.363332642906244
215.024	0.363265618632568
215.184	0.363208171786937
215.344	0.36315930291812
215.504	0.36311809033532
215.664	0.363083667021783
215.824	0.363055207758634
215.984	0.363031924300458
216.144	0.363013072147623
216.304	0.362997964095257
216.464	0.362985989071603
216.624	0.362976627515764
216.784	0.362969458372845
216.944	0.362964155812961
217.104	0.362960481626033
217.264	0.362958273309459
217.424	0.362957427946185
217.584	0.36295788352254
217.744	0.362959603728314
217.904	0.362962558079744
218.064	0.362966696420699
218.224	0.362971923721489
218.384	0.362978088135378
218.544	0.362984980417878
218.704	0.362992345329076
218.864	0.362999906684763
219.024	0.363007398939544
219.184	0.363014589972408
219.344	0.363021286633511
219.504	0.363027314029296
219.664	0.363032475229602
219.824	0.363036513145744
219.984	0.363039094518399
220.144	0.363039813383466
220.304	0.363038225365926
220.464	0.363033903033056
220.624	0.36302649244135
220.784	0.363015750415116
220.944	0.36300156003108
221.104	0.362983917819292
221.264	0.362962904563119
221.424	0.362938653871652
221.584	0.362911325596315
221.744	0.362881090085011
221.904	0.362848127048665
222.064	0.3628126313547
222.224	0.362774816625006
222.384	0.362734918713613
222.544	0.362693198885609
222.704	0.362649946434658
222.864	0.362605479726199
223.024	0.362560141537188
223.184	0.362514282802294
223.344	0.3624682372606
223.504	0.362422289645792
223.664	0.362376646010716
223.824	0.36233141015714
223.984	0.362286572475568
224.144	0.362242014512049
224.304	0.362197527352919
224.464	0.362152834996778
224.624	0.362107615569357
224.784	0.362061516096446
224.944	0.362014160008812
225.104	0.361965151095546
225.264	0.361914074663218
225.424	0.361860500031298
225.584	0.361803983934124
225.744	0.361744076086325
225.904	0.36168032390492
226.064	0.361612275934476
226.224	0.361539484240893
226.384	0.361461510747176
226.544	0.361377937922043
226.704	0.361288378671588
226.864	0.361192485564061
227.024	0.361089954628369
227.184	0.360980515328492
227.344	0.360863903018981
227.504	0.360739823742051
227.664	0.360607912097521
227.824	0.36046769571908
227.984	0.360318578718534
228.144	0.360159838737445
228.304	0.359990628214291
228.464	0.359809985111951
228.624	0.359616845207711
228.784	0.359410052862586
228.944	0.35918837559052
229.104	0.358950527401703
229.264	0.358695193100175
229.424	0.358421052686481
229.584	0.358126799658294
229.744	0.357811137902445
229.904	0.357472756099696
230.064	0.357110287410705
230.224	0.356722273410469
230.384	0.356307146273821
230.544	0.355863246712261
230.704	0.355388857586377
230.864	0.354882248404465
231.024	0.354341704561648
231.184	0.35376552249204
231.344	0.353151964355675
231.504	0.352499198834721
231.664	0.351805263309416
231.824	0.351068067478082
231.984	0.35028546987769
232.144	0.349455403097863
232.304	0.348576023850001
232.464	0.347645845540683
232.624	0.346663827827797
232.784	0.345629385003804
232.944	0.558683683671802
233.104	0.557952437786412
233.264	0.557241933625733
233.424	0.556553812878178
233.584	0.55588942704469
233.744	0.555249781504585
233.904	0.554635491492149
234.064	0.554046771549451
234.224	0.553483455162791
234.384	0.552945045979754
234.544	0.552430839889553
234.704	0.551940085657975
234.864	0.551472165295195
235.024	0.551026775952664
235.184	0.550604069142196
235.344	0.55020471737464
235.504	0.549829920431989
235.664	0.549481344910532
235.824	0.549160987658411
235.984	0.548871017391662
236.144	0.548613635327797
236.304	0.548390960493293
236.464	0.548204942688358
236.624	0.548057315194114
236.784	0.547949563402085
236.944	0.547882881443343
237.104	0.547858098142683
237.264	0.547875575416015
237.424	0.5479350931422
237.584	0.548035747085009
237.744	0.548175891731603
237.904	0.548353147102375
238.064	0.548564480923119
238.224	0.548806350659675
238.384	0.549074877514954
238.544	0.549366032974945
238.704	0.549675828946533
238.864	0.550000462775301
239.024	0.550336416641471
239.184	0.550680521453955
239.344	0.551029970067134
239.504	0.551382248058076
239.664	0.551735027166501
239.824	0.552086056274106
239.984	0.552433065238233
240.144	0.552773731000229
240.304	0.553105705698613
240.464	0.553426671970215
240.624	0.553734391367129
240.784	0.554026725635254
240.944	0.554301576276089
241.104	0.554556768933594
241.264	0.554789945458765
241.424	0.554998528905685
241.584	0.555179773610121
241.744	0.555330929697334
241.904	0.555449480395396
242.064	0.555533394186
242.224	0.555581296236483
242.384	0.555592550088591
242.544	0.555567207969148
242.704	0.555505887876166
242.864	0.555409615450912
243.024	0.55527969118873
243.184	0.555117594238141
243.344	0.554924963591134
243.504	0.554703663190253
243.664	0.554455876848692
243.824	0.554184175419664
243.984	0.553891525935228
244.144	0.553581215510462
244.304	0.553256718400576
244.464	0.552921547263736
244.624	0.552579120554924
244.784	0.552232669664022
244.944	0.551885211985677
245.104	0.551539579782116
245.264	0.551198462768184
245.424	0.550864448860352
245.584	0.550540039752264
245.744	0.5502276424603
245.904	0.549929531937892
246.064	0.549647806039161
246.224	0.549384330449925
246.384	0.549140683553901
246.544	0.54891810817719
246.704	0.548717469713552
246.864	0.54853923069038
247.024	0.548383459590582
247.184	0.548249873829604
247.344	0.548137889294253
247.504	0.548046667033418
247.664	0.547975147581269
247.824	0.547922069544143
247.984	0.547885975134591
248.144	0.547865219723803
248.304	0.547857991796377
248.464	0.547862352675907
248.624	0.547876293597142
248.784	0.547897799521365
248.944	0.547924907143056
249.104	0.547955748129766
249.264	0.547988578586342
249.424	0.548021799317098
249.584	0.54805397722123
249.744	0.548083873097653
249.904	0.548110474739019
250.064	0.548133021526951
250.224	0.548151018974181
250.384	0.548164233268267
250.544	0.54817266100838
250.704	0.548176484544797
250.864	0.54817602990704
251.024	0.548171726267697
251.184	0.548164072437771
251.344	0.548153611753492
251.504	0.548140906846697
251.664	0.54812651039208
251.824	0.548110939859384
251.984	0.548094659816684
252.144	0.548078071073519
252.304	0.548061506739828
252.464	0.548045239624457
252.624	0.548029497893253
252.784	0.548014482896519
252.944	0.548000383786416
253.104	0.547987386470936
253.264	0.54797567410094
253.424	0.547965422209813
253.584	0.5479567932083
253.744	0.54794993510302
253.904	0.547944988253334
254.064	0.54794210380885
254.224	0.547941471309855
254.384	0.547943351268373
254.544	0.54794811328054
254.704	0.547956277738535
254.864	0.547968557779882
255.024	0.547985902328605
255.184	0.548009535992946
255.344	0.548040997297335
255.504	0.548082178171057
255.664	0.548135362800053
255.824	0.548203252256712
255.984	0.548288978539972
256.144	0.548396108280372
256.304	0.54852862278301
256.464	0.548690868813878
256.624	0.548887490701759
256.784	0.54912333488403
256.944	0.549403317733663
257.104	0.549732281164665
257.264	0.550114863080012
257.424	0.550555383633878
257.584	0.551057780641599
257.744	0.551625622196639
257.904	0.552262172897713
258.064	0.55297048908767
258.224	0.553753535773126
258.384	0.554614283510659
258.544	0.555555733485903
258.704	0.556580884918162
258.864	0.557692637950026
259.024	0.558893595976201
259.184	0.560185790700757
259.344	0.561570385244408
259.504	0.563047380558032
259.664	0.564615358743708
259.824	0.566271330558607
259.984	0.568010734795621
260.144	0.569827532902195
260.304	0.571714368280368
260.464	0.573662798126293
260.624	0.575663593966397
260.784	0.577707079674269
260.944	0.579783518042291
261.104	0.581883517443771
261.264	0.583998349451235
261.424	0.58612012379524
261.584	0.588241803704591
261.744	0.590356993603677
261.904	0.59245958643794
262.064	0.594543433546164
262.224	0.596602124495917
262.384	0.598628933025225
262.544	0.600616994430652
262.704	0.60255960594202
262.864	0.604450527874519
263.024	0.606284283482523
263.184	0.608056354448649
263.344	0.609763202408089
263.504	0.611402181554126
263.664	0.612971396890202
263.824	0.61446952518952
263.984	0.615895671613202
264.144	0.617249288358948
264.304	0.61853006842
264.464	0.619737851659806
264.624	0.620872568572281
264.784	0.621934138897018
264.944	0.622922331337236
265.104	0.623836678997009
265.264	0.624676427468671
265.424	0.625440491193899
265.584	0.62612744600699
265.744	0.626735583873483
265.904	0.627263006513544
266.064	0.627707779236857
266.224	0.628068115513429
266.384	0.628342578973502
266.544	0.6285302976504
266.704	0.628631160120108
266.864	0.628645935113468
267.024	0.628576293251058
267.184	0.628424709378919
267.344	0.628194241051574
267.504	0.627888232902137
267.664	0.627510043065172
267.824	0.627062899915813
267.984	0.626549949227297
268.144	0.625974470989263
268.304	0.625340195276408
268.464	0.6246516078794
268.624	0.623914147217988
268.784	0.623134232515781
268.944	0.62231921329942
269.104	0.621477310565638
269.264	0.620617614652815
269.424	0.61975007649869
269.584	0.618885455355326
269.744	0.618035115609814
269.904	0.617210632104729
270.064	0.616423231943941
270.224	0.615683218554636
270.384	0.61499951479766
270.544	0.614379571468703
270.704	0.613829633728187
270.864	0.613355217236972
271.024	0.612961670360505
271.184	0.612654670545112
271.344	0.612440404544373
271.504	0.612325408928541
271.664	0.612316154387486
271.824	0.612418382420287
271.984	0.612636399617372
272.144	0.612972500958108
272.304	0.613426627258264
272.464	0.613996224845209
272.624	0.614676322733089
272.784	0.615459666886522
272.944	0.616336794577251
273.104	0.617296048802586
273.264	0.6183235804898
273.424	0.619403348985884
273.584	0.620517196000606
273.744	0.621645042408886
273.904	0.622765209145768
274.064	0.623854805745964
274.224	0.62489014405935
274.384	0.625847139025723
274.544	0.626701654989233
274.704	0.627429785976233
274.864	0.6280080884668
275.024	0.628413752279926
275.184	0.628624696661404
275.344	0.628619579903329
275.504	0.628377783590508
275.664	0.627879488415715
275.824	0.627105955398633
275.984	0.626040114403963
276.144	0.624667470057716
276.304	0.622977206544761
276.464	0.620963318896543
276.624	0.618625575483634
276.784	0.615970144832204
276.944	0.613009849267769
277.104	0.609764122263982
277.264	0.606258767522718
277.424	0.602525582307976
277.584	0.598601879838839
277.744	0.594529857616067
277.904	0.590355793002686
278.064	0.586129107519696
278.224	0.581901332392249
278.384	0.577725009575147
278.544	0.573652576969039
278.704	0.569735298684805
278.864	0.566022266325831
279.024	0.56255948647015
279.184	0.559389105345986
279.344	0.556548782938876
279.504	0.554071215279123
279.664	0.55198378405828
279.824	0.550308283832123
279.984	0.549060688699569
280.144	0.548250948139298
280.304	0.547882796673889
280.464	0.547953616129121
280.624	0.54845443811098
280.784	0.549370155113024
280.944	0.550679965808627
281.104	0.552358042734227
281.264	0.554374349302293
281.424	0.55669548782123
281.584	0.559285465035714
281.744	0.56210629959503
281.904	0.565118483793299
282.064	0.56828136654542
282.224	0.571553544776975
282.384	0.574893326237202
282.544	0.578259285177751
282.704	0.581610886244448
282.864	0.584909098785261
283.024	0.588116942082593
283.184	0.591199981596105
283.344	0.594126721555654
283.504	0.596868871882975
283.664	0.599401469681538
283.824	0.601702935489698
283.984	0.603755057797457
284.144	0.605542964585197
284.304	0.607055085540537
284.464	0.608283109354829
284.624	0.609221905493882
284.784	0.609869429462719
284.944	0.610226598434451
285.104	0.610297166396663
285.264	0.61008763070538
285.424	0.609607165961165
285.584	0.60886756462321
285.744	0.60788313412047
285.904	0.606670480531534
286.064	0.605248179211571
286.224	0.60363639988725
286.384	0.601856561573982
286.544	0.599931071601418
286.704	0.597883132057518
286.864	0.595736500045746
287.024	0.593515225041642
287.184	0.591243306899628
287.344	0.588944323114333
287.504	0.586641168155325
287.664	0.584356012488911
287.824	0.582110432797322
287.984	0.579925799713124
288.144	0.577823663780123
288.304	0.575825980035347
288.464	0.573955083469968
288.624	0.57223343914518
288.784	0.570683025848552
288.944	0.5693247579228
289.104	0.568177970797819
289.264	0.567259966586221
289.424	0.566585677428861
289.584	0.566167514107633
289.744	0.566015214806043
289.904	0.566135779572846
290.064	0.566533350815348
290.224	0.567208745887342
290.384	0.568158804559857
290.544	0.569375828716943
290.704	0.570847125272735
290.864	0.572554789190576
291.024	0.57447589054334
291.184	0.576582997284618
291.344	0.578844940295653
291.504	0.581227801010186
291.664	0.583696015002602
291.824	0.586213351707897
291.984	0.588743836568824
292.144	0.59125254673188
292.304	0.593706271419137
292.464	0.596073994891754
292.624	0.598327260276051
292.784	0.600440335633152
292.944	0.60239024803775
293.104	0.604156783351186
293.264	0.605722499074886
293.424	0.60707282066403
293.584	0.608196206934622
293.744	0.60908428721666
293.904	0.609731933414764
294.064	0.610137289468526
294.224	0.610301746054461
294.384	0.610229872851846
294.544	0.609929302019168
294.704	0.609410524144891
294.864	0.608686542720875
295.024	0.607772333098524
295.184	0.60668415501766
295.344	0.605438835753716
295.504	0.604053168704809
295.664	0.602543525677333
295.824	0.600925748851637
295.984	0.599215245901519
296.144	0.597427182129081
296.304	0.59557663980911
296.464	0.593678669513224
296.624	0.59174821255499
296.784	0.589799971985826
296.944	0.587848236115292
297.104	0.585906690578099
297.264	0.583988289751119
297.424	0.582105183701401
297.584	0.58026860056782
297.744	0.578488709300359
297.904	0.576774523491054
298.064	0.575133805176279
298.224	0.573572963101356
298.384	0.572097047307921
298.544	0.570709831203544
298.704	0.569413904306543
298.864	0.568210809602192
299.024	0.567101217015875
299.184	0.566085056093357
299.344	0.565161640191832
299.504	0.564329808368598
299.664	0.563588060468987
299.824	0.562934701565041
299.984	0.56236803307695
300.144	0.561886495381145
300.304	0.561488745611655
300.464	0.561173691434419
300.624	0.560940499351887
300.784	0.560788537148596
300.944	0.560717318741695
301.104	0.560726498310373
301.264	0.560815912615794
301.424	0.560985648337805
301.584	0.561236120522949
301.744	0.561568081503879
301.904	0.561982581960024
302.064	0.562480883159537
302.224	0.563064285038195
302.384	0.563733882028714
302.544	0.564490351294239
302.704	0.565333770722987
302.864	0.566263450596921
303.024	0.567277791035281
303.184	0.568374171678556
303.344	0.569548850766637
303.504	0.570796897940113
303.664	0.572112193005864
303.824	0.573487469584393
303.984	0.574914407619531
304.144	0.576383796930827
304.304	0.577885748551921
304.464	0.579409891757791
304.624	0.580945576242698
304.784	0.582482087637231
304.944	0.584008854544095
305.104	0.585515612942686
305.264	0.58699257978185
305.424	0.588430653930914
305.584	0.589821592195108
305.744	0.591158174579391
305.904	0.592434354497414
306.064	0.593645338636975
306.224	0.594787590869942
306.384	0.595858771504822
306.544	0.59685760926584
306.704	0.597783710133513
306.864	0.598637367099741
307.024	0.599419405756066
307.184	0.600131054068584
307.344	0.600773848915992
307.504	0.601349562581504
307.664	0.601860138535699
307.824	0.602307606509271
307.984	0.602694020041667
308.144	0.603021410008182
308.304	0.603291754070483
308.464	0.603506969882233
308.624	0.603668945733602
308.784	0.603779583982828
308.944	0.603840861559888
309.104	0.603854881980055
309.264	0.603823915326188
309.424	0.603750424222994
309.584	0.603637101265917
309.744	0.603486864461388
309.904	0.603302822679211
310.064	0.603088213087972
310.224	0.602846300666329
310.384	0.602580237301368
310.544	0.602292923847358
310.704	0.601986911289146
310.864	0.601664361491999
311.024	0.601327119480061
311.184	0.600976868685279
311.344	0.600615243551033
311.504	0.600243878050946
311.664	0.599864352289728
311.824	0.599477993394771
311.984	0.599085572957733
312.144	0.598687061561463
312.304	0.598281538479
312.464	0.597867299049426
312.624	0.597442175451647
312.784	0.597003962044141
312.944	0.596550807093877
313.104	0.596081498567287
313.264	0.595595552007921
313.424	0.595093089952456
313.584	0.594574593709126
313.744	0.59404063691079
313.904	0.593491583239825
314.064	0.592927315946213
314.224	0.592347045399379
314.384	0.591749229754782
314.544	0.591131582749199
314.704	0.590491185690439
314.864	0.589824654976269
315.024	0.589128329020127
315.184	0.588398453694822
315.344	0.587631368700272
315.504	0.586823637789507
315.664	0.585972166331317
315.824	0.58507434060482
315.984	0.584128155912708
316.144	0.583132266529788
316.304	0.582086023245552
316.464	0.580989479081268
316.624	0.57984330093575
316.784	0.57864865595991
316.944	0.577407155478909
317.104	0.5761208166399
317.264	0.574792069732098
317.424	0.573423859137506
317.584	0.572019744414206
317.744	0.57058400111589
317.904	0.569121753664945
318.064	0.567639092091326
318.224	0.566143097607323
318.384	0.564641811690194
318.544	0.563144136842197
318.704	0.561659673699182
318.864	0.560198556470482
319.024	0.558771307049142
319.184	0.557388700863953
319.344	0.556061637944708
319.504	0.554800990297167
319.664	0.553617405214823
319.824	0.552521109313943
319.984	0.55152172686519
320.144	0.550628115546601
320.304	0.5498482562856
320.464	0.54918918845749
320.624	0.54865697765706
320.784	0.54825673046787
320.944	0.547992647630849
321.104	0.547868104726717
321.264	0.547885762342389
321.424	0.548047683228901
321.584	0.548355421127212
321.744	0.548810053045486
321.904	0.549412109880791
322.064	0.55016138480903
322.224	0.5510566482684
322.384	0.552095298413064
322.544	0.553272989218272
322.704	0.554583343428817
322.864	0.556017809598302
323.024	0.557565683561847
323.184	0.559214310921675
323.344	0.560949426067396
323.504	0.562755547849861
323.664	0.564616382397503
323.824	0.566515208804162
323.984	0.568435198878774
324.144	0.57035967057152
324.304	0.572272323098218
324.464	0.574157442345381
324.624	0.576000096347684
324.784	0.577786363308292
324.944	0.579503624591212
325.104	0.581140854678893
325.264	0.582688872328276
325.424	0.584140464726147
325.584	0.585490381834802
325.744	0.586735156158625
325.904	0.587872795185262
326.064	0.588902375479051
326.224	0.589823644240028
326.384	0.590636676753888
326.544	0.591341690479453
326.704	0.591939034271604
326.864	0.592429353996181
327.024	0.592813849016579
327.184	0.593094532947703
327.344	0.593274395973481
327.504	0.593357394795589
327.664	0.593348274411369
327.824	0.59325227438319
327.984	0.59307479955703
328.144	0.592821144108598
328.304	0.592496342973277
328.464	0.592105150606017
328.624	0.591652094605593
328.784	0.591141504509665
328.944	0.590577473941835
329.104	0.589963735612969
329.264	0.589303552736624
329.424	0.588599655636585
329.584	0.587854293134455
329.744	0.587069408438651
329.904	0.586246910972591
330.064	0.585388960755949
330.224	0.584498185722964
330.384	0.583577824673398
330.544	0.582631800762442
330.704	0.581664749710058
330.864	0.580681959106983
331.024	0.579689213055303
331.184	0.578692620033621
331.344	0.57769842131222
331.504	0.576712776767977
331.664	0.575741579952478
331.824	0.574790387550252
331.984	0.573864447917344
332.144	0.572968818058939
332.304	0.572108534040694
332.464	0.571288730347874
332.624	0.570514647129016
332.784	0.569791552091033
332.944	0.569124557825376
333.104	0.568518399393611
333.264	0.567977279342017
333.424	0.567504817780787
333.584	0.567104044648545
333.744	0.566777451232042
333.904	0.566527059316854
334.064	0.566354519476931
334.224	0.566261230406894
334.384	0.566248446599161
334.544	0.56631734690302
334.704	0.566469104080511
334.864	0.566704886410093
335.024	0.567025809878373
335.184	0.567432860178656
335.344	0.567926816344993
335.504	0.568508152283016
335.664	0.569177024455598
335.824	0.569933326299292
335.984	0.570776762231731
336.144	0.571706929724883
336.304	0.572723386628581
336.464	0.573825641630151
336.624	0.575013123790882
336.784	0.57628513691941
336.944	0.577640811403967
337.104	0.579079065246901
337.264	0.580598611382698
337.424	0.582197951694411
337.584	0.583875375635785
337.744	0.585628937946581
337.904	0.587456375529314
338.064	0.589354915203899
338.224	0.591320985808011
338.384	0.593349868734208
338.544	0.595435315048803
338.704	0.597569234101798
338.864	0.599741507749854
339.024	0.601939958792968
339.184	0.604150511238799
339.344	0.60635753882309
339.504	0.608544310672983
339.664	0.610693486801551
339.824	0.612787645525373
339.984	0.614809758010892
340.144	0.616743564144485
340.304	0.618573837260442
340.464	0.620286480199525
340.624	0.621868488766609
340.784	0.623307852248786
340.944	0.624593477754729
341.104	0.625715222802569
341.264	0.626664113691163
341.424	0.62743273229205
341.584	0.628015705818029
341.744	0.628410185689859
341.904	0.628616195707878
342.064	0.628636787763639
342.224	0.628477992170815
342.384	0.628148598879648
342.544	0.627659839644025
342.704	0.627025031490007
342.864	0.626259226741809
343.024	0.625378876959871
343.184	0.624401496359383
343.344	0.623345299055359
343.504	0.622228767941237
343.664	0.621070103745183
343.824	0.619886588138002
343.984	0.61869394994676
344.144	0.617505857638321
344.304	0.616333603327234
344.464	0.615186066857063
344.624	0.614069993547787
344.784	0.612990458901209
344.944	0.611951294775622
345.104	0.610955409783969
345.264	0.610004933257756
345.424	0.609101159175566
345.584	0.608244415705826
345.744	0.607433971438127
345.904	0.606668008844167
346.064	0.605943759346815
346.224	0.605257819824487
346.384	0.604606499786428
346.544	0.603986152363518
346.704	0.603393579714862
346.864	0.60282636830641
347.024	0.602283130137835
347.184	0.601763676109044
347.344	0.601269154756778
347.504	0.600802037864128
347.664	0.600366005823275
347.824	0.59996571340173
347.984	0.599606507287604
348.144	0.599294172786017
348.304	0.599034799000151
348.464	0.598834654394409
348.624	0.598700146577016
348.784	0.598637888903454
348.944	0.598654769733344
349.104	0.59875788158854
349.264	0.598954392383689
349.424	0.714561754381748
349.584	0.715847954051014
349.744	0.717499837714286
349.904	0.719537913949125
350.064	0.721979049822721
350.224	0.724834597168183
350.384	0.728108415728229
350.544	0.731794965357722
350.704	0.735878036292661
350.864	0.740330544721701
351.024	0.745115412947371
351.184	0.750187338987189
351.344	0.755495170745007
351.504	0.760984550686999
351.664	0.766600514301672
351.824	0.772289566648169
351.984	0.77800110936073
352.144	0.783688465103978
352.304	0.789309493996143
352.464	0.794826738364236
352.624	0.800207130385161
352.784	0.805421558856096
352.944	0.810444301231428
353.104	0.815252251852371
353.264	0.819824035753982
353.424	0.824139124115163
353.584	0.828176989623216
353.744	0.831916583384782
353.904	0.835336201321979
354.064	0.838413755350985
354.224	0.841127480550085
354.384	0.843457039217128
354.544	0.845384802582657
354.704	0.846897187482
354.864	0.84798580338861
355.024	0.848648265529164
355.184	0.848888603955629
355.344	0.848717337671815
355.504	0.848151277042462
355.664	0.847213105338369
355.824	0.845930759302291
355.984	0.844336574765521
356.144	0.842466196312444
356.304	0.840357313178856
356.464	0.838048372595722
356.624	0.835577402544686
356.784	0.832981139398044
356.944	0.830294487371475
357.104	0.827550254221705
357.264	0.824779053266639
357.424	0.822009226081491
357.584	0.81926665493188
357.744	0.816574502784306
357.904	0.8139529287389
358.064	0.811418819888559
358.224	0.8089856679901
358.384	0.806663694022745
358.544	0.804460159819655
358.704	0.802379846355734
358.864	0.800425633081204
359.024	0.798599046602931
359.184	0.796900684737238
359.344	0.795330448285995
359.504	0.793887561847214
359.664	0.79257045960162
359.824	0.791376627411637
359.984	0.790302492736146
360.144	0.789343397675793
360.304	0.788493656901437
360.464	0.78774667194034
360.624	0.787095129812542
360.784	0.786531229119873
360.944	0.786046919596401
361.104	0.785634138208252
361.264	0.785285051672645
361.424	0.784992250990172
361.584	0.784748883368366
361.744	0.784548745484926
361.904	0.784386316985774
362.064	0.784256708359635
362.224	0.784155572874397
362.384	0.784079001578675
362.544	0.784023410571308
362.704	0.783985467264074
362.864	0.783962070543339
363.024	0.783950341450463
363.184	0.783947636143921
363.344	0.783951598992417
363.504	0.783960191359483
363.664	0.783971676474494
363.824	0.783984596425171
363.984	0.783997731279442
364.144	0.784010007106872
364.304	0.784020428345457
364.464	0.784028033375989
364.624	0.784031867663316
364.784	0.784030981152455
364.944	0.78402445343886
365.104	0.784011403226714
365.264	0.783990995872728
365.424	0.783962448000921
365.584	0.783924984398482
365.744	0.783877772215192
365.904	0.7838198821471
366.064	0.783750272598127
366.224	0.783667799378918
366.384	0.783571288496887
366.544	0.78345965357471
366.704	0.783332032469616
366.864	0.783187940839298
367.024	0.783027398043714
367.184	0.782851010700369
367.344	0.782660037747291
367.504	0.7824564055461
367.664	0.782242659514623
367.824	0.782021888990357
367.984	0.781797635642533
368.144	0.781573771021385
368.304	0.781354394321852
368.464	0.781143759755423
368.624	0.780946209537206
368.784	0.780766117351732
368.944	0.780607820326395
369.104	0.780475500003604
369.264	0.780373020130128
369.424	0.78030376061065
369.584	0.780270468095978
369.744	0.780275170994855
369.904	0.780319181445293
370.064	0.780403160169726
370.224	0.780527204787859
370.384	0.780690915889636
370.544	0.780893404612243
370.704	0.781133254309452
370.864	0.781408483685254
371.024	0.781716542139975
371.184	0.782054376628139
371.344	0.782418566147271
371.504	0.782805479077751
371.664	0.783211396489378
371.824	0.783632579378491
371.984	0.784065255807263
372.144	0.784505565975223
372.304	0.784949505750546
372.464	0.785392908287804
372.624	0.785831497575373
372.784	0.78626102081239
372.944	0.786677422232742
373.104	0.787077057379292
373.264	0.787456887275539
373.424	0.787814582500459
373.584	0.788148545461581
373.744	0.788457867862007
373.904	0.788742201102423
374.064	0.789001584144671
374.224	0.789236345557356
374.384	0.789447050497756
374.544	0.789634504056039
374.704	0.789799797420301
374.864	0.789944346986658
375.024	0.79006986186937
375.184	0.790178266559224
375.344	0.790271574491044
375.504	0.790351753938694
375.664	0.790420623470482
375.824	0.79047983319083
375.984	0.790530884884674
376.144	0.790575195051815
376.304	0.790614168067577
376.464	0.790649263502701
376.624	0.790682003445681
376.784	0.790713938009276
376.944	0.790746619138872
377.104	0.790781546186508
377.264	0.790820079001378
377.424	0.790863341989962
377.584	0.790912130997413
377.744	0.790966839370185
377.904	0.791027436821196
378.064	0.791093504911942
378.224	0.791164344187337
378.384	0.791239134976195
378.544	0.791317105723238
378.704	0.79139767544234
378.864	0.791480539530994
379.024	0.791565656928242
379.184	0.791653142858877
379.344	0.791743103972976
379.504	0.791835476942424
379.664	0.791929930398283
379.824	0.792025845789567
379.984	0.792122320134467
380.144	0.792218129408639
380.304	0.792311686941275
380.464	0.792401031129657
380.624	0.792483865949862
380.784	0.79255766590336
380.944	0.792619871387387
381.104	0.792668132743302
381.264	0.792700509218548
381.424	0.792715589531099
381.584	0.79271253814909
381.744	0.792691013559079
381.904	0.792651028773207
382.064	0.792592863442906
382.224	0.792517010462461
382.384	0.79242413924635
382.544	0.792315110478512
382.704	0.792190949093992
382.864	0.792052732683032
383.024	0.79190143854953
383.184	0.791737807324125
383.344	0.791562238401411
383.504	0.791374794025387
383.664	0.79117527480571
383.824	0.790963318196873
383.984	0.790738499857753
384.144	0.790500423296862
384.304	0.790248718961038
384.464	0.789982938142884
384.624	0.789702409413849
384.784	0.789406128005567
384.944	0.789092738579939
385.104	0.78876064744486
385.264	0.78840828702937
385.424	0.788034469381955
385.584	0.787638756044316
385.744	0.787221777880177
385.904	0.786785421380728
386.064	0.786332819384143
386.224	0.785868195682497
386.384	0.785396584765977
386.544	0.784923437591488
386.704	0.784454176093959
386.864	0.783993809475987
387.024	0.783546659156627
387.184	0.783116255318191
387.344	0.782705408686752
387.504	0.782316441571083
387.664	0.781951503135815
387.824	0.781612898804951
387.984	0.781303339415672
388.144	0.781026073990915
388.304	0.780784900262688
388.464	0.780584103567662
388.624	0.780428341921606
388.784	0.780322508989457
388.944	0.780271606641008
389.104	0.780280627866659
389.264	0.780354434901483
389.424	0.780497635611709
389.584	0.780714441976897
389.744	0.781008500081725
389.904	0.781382705661372
390.064	0.78183900645422
390.224	0.782378232419205
390.384	0.783000017735276
390.544	0.783702830269931
390.704	0.784484103641944
390.864	0.785340475608564
391.024	0.786268047628027
391.184	0.787262552535822
391.344	0.788319422319319
391.504	0.789433758464156
391.664	0.790600212707204
391.824	0.791812850234919
391.984	0.793065117444485
392.144	0.794349902256954
392.304	0.795659611515248
392.464	0.796986267117745
392.624	0.798321630647706
392.784	0.799657284817613
392.944	0.80098466978211
393.104	0.802295152828947
393.264	0.803580144671059
393.424	0.80483125650585
393.584	0.806040526627612
393.744	0.807200656353643
393.904	0.808305163250907
394.064	0.809348444988473
394.224	0.810325778091055
394.384	0.811233235724785
394.544	0.812067570642967
394.704	0.812826140250536
394.864	0.813506857687344
395.024	0.814108116888065
395.184	0.814628739964746
395.344	0.815067932734792
395.504	0.815425233284941
395.664	0.815700457415232
395.824	0.815893690207986
395.984	0.816005289510258
396.144	0.816035877375498
396.304	0.815986268956067
396.464	0.81585729178164
396.624	0.815649532092493
396.784	0.815363071395268
396.944	0.814997260158862
397.104	0.814550634761645
397.264	0.814021087366882
397.424	0.813406292986429
397.584	0.812704235768024
397.744	0.811913815305843
397.904	0.811035401615982
398.064	0.810071197518255
398.224	0.809025331415569
398.384	0.80790370904856
398.544	0.806713676040772
398.704	0.805463595274205
398.864	0.804162489669352
399.024	0.802819758228225
399.184	0.801444989971742
399.344	0.800047898350158
399.504	0.79863829981764
399.664	0.797226013072986
399.824	0.79582070982292
399.984	0.794431764710907
400.144	0.793068125047057
400.304	0.791738237816162
400.464	0.790450081794688
400.624	0.789211228169961
400.784	0.788028914853157
400.944	0.786910081500309
401.104	0.785861366532799
401.264	0.784889038334541
401.424	0.783998903721795
401.584	0.783196194765651
401.744	0.7824854322173
401.904	0.781870303673031
402.064	0.781353585543684
402.224	0.780937079327259
402.384	0.780621553631363
402.544	0.780406693110081
402.704	0.780291029276896
402.864	0.780271864315864
403.024	0.780345219419587
403.184	0.780505820079952
403.344	0.780747133915384
403.504	0.781061466428355
403.664	0.781440094511481
403.824	0.781873420539114
403.984	0.782351140473793
404.144	0.782862423488723
404.304	0.783396114631387
404.464	0.783940976070653
404.624	0.784485942851234
404.784	0.785020411847881
404.944	0.785534536762725
405.104	0.786019503946363
405.264	0.786467784599836
405.424	0.786873389800121
405.584	0.78723201133721
405.744	0.787540976367609
405.904	0.787798993805382
406.064	0.788005778051911
406.224	0.788161586356409
406.384	0.788266799730309
406.544	0.788321633855276
406.704	0.788325994283923
406.864	0.788279433996422
407.024	0.788181266199672
407.184	0.788030731350545
407.344	0.787827175313168
407.504	0.787570306184307
407.664	0.787260500062757
407.824	0.786899065533134
407.984	0.786488510653953
408.144	0.786032802103136
408.304	0.785537508922744
408.464	0.785009818815752
408.624	0.784458484893321
408.784	0.783893698018574
408.944	0.783326897278812
409.104	0.782770552720422
409.264	0.782237881060382
409.424	0.78174249831568
409.584	0.781298067223133
409.744	0.780917949417699
409.904	0.780614858763101
410.064	0.780400532703652
410.224	0.780285426042838
410.384	0.780278444265377
410.544	0.780386762398621
410.704	0.780615750503557
410.864	0.780968999745028
411.024	0.781448429953116
411.184	0.782054424327953
411.344	0.782785959831699
411.504	0.783640744740069
411.664	0.78461535511201
411.824	0.785705357599227
411.984	0.786905425291707
412.144	0.788209434741248
412.304	0.78961050409157
412.464	0.791100970481011
412.624	0.792672347673715
412.784	0.794315311757373
412.944	0.79601976322806
413.104	0.797774974814047
413.264	0.799569834132626
413.424	0.801393142528696
413.584	0.80323392672085
413.744	0.805081738040599
413.904	0.806926963140313
414.064	0.808761126162381
414.224	0.810577145608249
414.384	0.812369490792435
414.544	0.81413417019462
414.704	0.815868471210479
414.864	0.817570445062074
415.024	0.819238291833017
415.184	0.820869816121785
415.344	0.822462042782035
415.504	0.824011169140931
415.664	0.825512900416243
415.824	0.826962976491586
415.984	0.828357683563581
416.144	0.829694272148799
416.304	0.830971074929721
416.464	0.832187280293283
416.624	0.833342596785087
416.784	0.83443697669577
416.944	0.835470433001092
417.104	0.836443018966975
417.264	0.837354960351831
417.424	0.838206786465662
417.584	0.838999369868134
417.744	0.839733935437607
417.904	0.840411997165347
418.064	0.841035261031493
418.224	0.841605569470858
418.384	0.842124899578039
418.544	0.842595344075335
418.704	0.843019087130187
418.864	0.84339836349659
419.024	0.843735398613035
419.184	0.844032344620018
419.344	0.844291223035043
419.504	0.844513885396964
419.664	0.844702042120161
419.824	0.844857323700353
419.984	0.844981351590604
420.144	0.845075814148686
420.304	0.84514254032706
420.464	0.84518352447526
420.624	0.845200906987657
420.784	0.84519695007225
420.944	0.845173992987611
421.104	0.845134424438356
421.264	0.845080693184855
421.424	0.845015344594003
421.584	0.844941042602613
421.744	0.844860601345999
421.904	0.844776977525953
422.064	0.844693203193629
422.224	0.844612279079001
422.384	0.844537090629501
422.544	0.84447033561014
422.704	0.844414471072696
422.864	0.844371687279136
423.024	0.844343887193418
423.184	0.844332622397587
423.344	0.844339039318356
423.504	0.844363853022287
423.664	0.844407307260326
423.824	0.844469154191529
423.984	0.8445486811504
424.144	0.844644733917676
424.304	0.844755765616583
424.464	0.844879971735963
424.624	0.845015454122176
424.784	0.845160382534459
424.944	0.845313130289242
425.104	0.845472339367234
425.264	0.845636846198204
425.424	0.845805542039443
425.584	0.845977215495395
425.744	0.84615042639939
425.904	0.84632346444937
426.064	0.846494433055113
426.224	0.846661390616873
426.384	0.846822500720236
426.544	0.846976137718912
426.704	0.84712094540987
426.864	0.84725586340096
427.024	0.84738014835898
427.184	0.847493389950387
427.344	0.847595534181664
427.504	0.847686878752711
427.664	0.847768015407155
427.824	0.84783972692253
427.984	0.847902865423521
428.144	0.847958221636191
428.304	0.848006431834847
428.464	0.848047949747752
428.624	0.84808306776381
428.784	0.848111955477862
428.944	0.848134710837485
429.104	0.848151385303709
429.264	0.848161952955024
429.424	0.848166255376555
429.584	0.84816394048562
429.744	0.84815439894669
429.904	0.848136727650626
430.064	0.84810974641573
430.224	0.84807204810545
430.384	0.848022074040045
430.544	0.84795822242927
430.704	0.847878972145509
430.864	0.847782994101863
431.024	0.847669246948271
431.184	0.847537078306914
431.344	0.847386326344122
431.504	0.847217433721426
431.664	0.847031586048843
431.824	0.846830849515527
431.984	0.846618244563388
432.144	0.846397725340239
432.304	0.846174022352216
432.464	0.845952329396596
432.624	0.845737902002611
432.784	0.845535683312619
432.944	0.845350014847781
433.104	0.845184473863128
433.264	0.845041886748504
433.424	0.844924492577547
433.584	0.844834175476308
433.744	0.844772713543307
433.904	0.844741995876802
434.064	0.844744151125042
434.224	0.844781534355434
434.384	0.844856549980477
434.544	0.84497132628735
434.704	0.845127275803634
434.864	0.845324630568257
435.024	0.845562071673839
435.184	0.845836506665137
435.344	0.846143010809783
435.504	0.846474933075342
435.664	0.846824083034107
435.824	0.84718090831916
435.984	0.847534672674328
436.144	0.847873617286268
436.304	0.848185124722249
436.464	0.848455917300953
436.624	0.848672328924067
436.784	0.848820628799558
436.944	0.84888739722669
437.104	0.848859937607131
437.264	0.848726695204959
437.424	0.848477645464982
437.584	0.848104598108648
437.744	0.847601356335645
437.904	0.846963684055709
438.064	0.846189065230419
438.224	0.845276286942635
438.384	0.844224983072081
438.544	0.843035251448555
438.704	0.841707449836349
438.864	0.840242195644578
439.024	0.83864058194672
439.184	0.836904524456486
439.344	0.835037159962894
439.504	0.833043218807006
439.664	0.830929369400792
439.824	0.828704573085133
439.984	0.826380490137808
440.144	0.823971838864736
440.304	0.821496671450632
440.464	0.818976458521092
440.624	0.816435920020695
440.784	0.813902571897643
440.944	0.811405994481674
441.104	0.808976960273185
441.264	0.806646628978569
441.424	0.804445861160048
441.584	0.80240473279423
441.744	0.800552316369021
441.904	0.798916413765483
442.064	0.79752325725417
442.224	0.796397151104657
442.384	0.795559987620209
442.544	0.795030602512952
442.704	0.794824341033518
442.864	0.800558115009835
443.024	0.806216788489792
443.184	0.811689106142467
443.344	0.816881482476902
443.504	0.821722738528251
443.664	0.826164509490127
443.824	0.830179037689732
443.984	0.833755698933828
444.144	0.836897178180834
444.304	0.839615854060185
444.464	0.841930681067652
444.624	0.843864665809406
444.784	0.845442929679621
444.944	0.846691296505242
445.104	0.847635309932912
445.264	0.848299588214331
445.424	0.848707432395486
445.584	0.848880614228847
445.744	0.848839288368026
445.904	0.84860199091213
446.064	0.848185695477468
446.224	0.847605905936916
446.384	0.846876770217705
446.544	0.846011201674855
446.704	0.845021000616953
446.864	0.843916971995668
447.024	0.842709035531925
447.184	0.841406326902643
447.344	0.840017290225433
447.504	0.838549759656189
447.664	0.837011032428791
447.824	0.835407938193157
447.984	0.833746904728969
448.144	0.832034020372475
448.304	0.830275093556111
448.464	0.828475706155359
448.624	0.826641255396908
448.784	0.824776987911491
448.944	0.82288802853077
449.104	0.820979405700882
449.264	0.81905607683052
449.424	0.817122956512549
449.584	0.8151849449157
449.744	0.813246953746557
449.904	0.811313925355762
450.064	0.809390844728796
450.224	0.807482746538653
450.384	0.805594720987074
450.544	0.803731919697611
450.704	0.801899563683719
450.864	0.800102951548297
451.024	0.798347464947028
451.184	0.796638570044934
451.344	0.794981814394987
451.504	0.793382819000499
451.664	0.791847269307027
451.824	0.790380907205645
451.984	0.788989523670125
452.144	0.787678951696535
452.304	0.786455058930869
452.464	0.785323737531826
452.624	0.784290890112288
452.784	0.78336241368811
452.944	0.782544183068012
453.104	0.781842034588635
453.264	0.781261751780903
453.424	0.780809052904942
453.584	0.780489578314473
453.744	0.780308875690253
453.904	0.780272381663281
454.064	0.780385398752287
454.224	0.780653068033416
454.384	0.781080338902711
454.544	0.781671937352939
454.704	0.78243233382068
454.864	0.78336571102659
455.024	0.784475931317729
455.184	0.785766503566037
455.344	0.787240550521119
455.504	0.788900777168465
455.664	0.790749441209982
455.824	0.7927883270047
455.984	0.795018722497616
456.144	0.797441397346802
456.304	0.800056580608498
456.464	0.802863936590938
456.624	0.80586253688557
456.784	0.809050828165482
456.944	0.812426596823343
457.104	0.815986931392899
457.264	0.819728183726284
457.424	0.823645931005331
457.584	0.827734941328117
457.744	0.831989145024409
457.904	0.836401613380758
458.064	0.840964546189525
458.224	0.845669266471077
458.384	0.850506218360124
458.544	0.855464964584598
458.704	0.860534181378853
458.864	0.865701649331413
459.024	0.87095424181166
459.184	0.876277914868069
459.344	0.881657699915877
459.504	0.887077700361033
459.664	0.892521091579283
459.824	0.897970123804726
459.984	0.903406124815547
460.144	0.908809502971735
460.304	0.914159751326906
460.464	0.91943545288882
460.624	0.924614285460621
460.784	0.92967302678494
460.944	0.934587557566147
461.104	0.939332861493085
461.264	0.943883022242289
461.424	0.948211221601696
461.584	0.952289743701613
461.744	0.956089990578903
461.904	0.959582509692837
462.064	0.962737033338954
462.224	0.965522524730432
462.384	0.967907224066721
462.544	0.969858690105639
462.704	0.971343836160258
462.864	0.972328960120421
463.024	0.972779770972693
463.184	0.97266141434352
463.344	0.971938496889152
463.504	0.970575109019364
463.664	0.968534845146451
463.824	0.965780820543614
463.984	0.962275687465763
464.144	0.957981654404421
464.304	0.952860512487632
464.464	0.94687367052461
464.624	0.939982196531446
464.784	0.932146861205865
464.944	0.923328177568465
465.104	0.913486432205673
465.264	0.902581716621853
465.424	0.890573960587744
465.584	0.877422965426149
465.744	0.86308843841357
465.904	0.84753002211869
