4.0952	0.322017017799379
4.1032	0.320180900115353
4.1112	0.318273991720134
4.1192	0.316302876205411
4.1272	0.314273940858666
4.1352	0.312193393527729
4.1432	0.310066962990445
4.1512	0.30789916599058
4.1592	0.305692697765857
4.1672	0.303448167055405
4.1752	0.301164226168385
4.1832	0.298838241070636
4.1912	0.29646769954729
4.1992	0.294051680570493
4.2072	0.291591995207561
4.2152	0.28909369588726
4.2232	0.286564417251621
4.2312	0.284012642865765
4.2392	0.281446118908269
4.2472	0.278870585970395
4.2552	0.276289412891977
4.2632	0.273704637856389
4.2712	0.271119447783754
4.2792	0.268540431322141
4.2872	0.265979606088599
4.2952	0.263455558854623
4.3032	0.260993315156187
4.3112	0.258622891220883
4.3192	0.256377032752175
4.3272	0.254288417076631
4.3352	0.252386834170459
4.3432	0.250696877129513
4.3512	0.249236835570695
4.3592	0.248018586491752
4.3672	0.247048474652868
4.3752	0.246328827071552
4.3832	0.245859768250022
4.3912	0.245640233484602
4.3992	0.245668215050511
4.4072	0.245940256374969
4.4152	0.246450019174983
4.4232	0.247186317257734
4.4312	0.248132253152691
4.4392	0.24926595415225
4.4472	0.250562325375935
4.4552	0.251995829151444
4.4632	0.253543720819264
4.4712	0.255187970214296
4.4792	0.256915783200297
4.4872	0.258718936895732
4.4952	0.26059209632627
4.5032	0.262530557406014
4.5112	0.264528841887313
4.5192	0.266580446649583
4.5272	0.268678405600667
4.5352	0.270816459736725
4.5432	0.272990485948921
4.5512	0.275199113508629
4.5592	0.277443746632114
4.5672	0.279728200549881
4.5752	0.282058079761294
4.5832	0.284440058623797
4.5912	0.286881258417881
4.5992	0.289388351331033
4.6072	0.291966405663758
4.6152	0.294617662621543
4.6232	0.297340343799367
4.6312	0.300127865526711
4.6392	0.302968494382303
4.6472	0.305846030182024
4.6552	0.30874133482736
4.6632	0.311634660331258
4.6712	0.314507972778351
4.6792	0.317346899979216
4.6872	0.320141604859805
4.6952	0.322886430656912
4.7032	0.325578511802147
4.7112	0.328216172221876
4.7192	0.330797216417273
4.7272	0.333317728425769
4.7352	0.335771473961793
4.7432	0.338149777364658
4.7512	0.340441774873148
4.7592	0.342635310457205
4.7672	0.344717973486538
4.7752	0.34667821388404
4.7832	0.348506579091292
4.7912	0.350196759802792
4.7992	0.351746028654667
4.8072	0.353155160486976
4.8152	0.3544279391362
4.8232	0.355570386725998
4.8312	0.356590010276499
4.8392	0.357495227706727
4.8472	0.358294959194606
4.8552	0.358998372832488
4.8632	0.359614740387405
4.8712	0.360153285961755
4.8792	0.360622981167693
4.8872	0.361032362457779
4.8952	0.361389395548189
4.9032	0.361701379429554
4.9112	0.361974868451314
4.9192	0.362215634101466
4.9272	0.362428641234447
4.9352	0.362618060541593
4.9432	0.362787313843562
4.9512	0.362939149046096
4.9592	0.363075726326075
4.9672	0.363198733400938
4.9752	0.36330949868844
4.9832	0.36340907381057
4.9912	0.363498277659615
4.9992	0.363577730485053
5.0072	0.363647870680883
5.0152	0.363708976683516
5.0232	0.363761197540526
5.0312	0.363804597997027
5.0392	0.363839201587636
5.0472	0.363865019420508
5.0552	0.363882061608507
5.0632	0.363890334082828
5.0712	0.363889824350301
5.0792	0.363880493784671
5.0872	0.363862276654472
5.0952	0.363835085590774
5.1032	0.363798825135271
5.1112	0.363753407550378
5.1192	0.36369875068652
5.1272	0.363634760610281
5.1352	0.363561291969147
5.1432	0.363478090425245
5.1512	0.363384737262504
5.1592	0.363280619052321
5.1672	0.363164928636269
5.1752	0.363036706488221
5.1832	0.362894915342771
5.1912	0.36273853198796
5.1992	0.362566632770027
5.2072	0.362378451270179
5.2152	0.362173391635724
5.2232	0.361951013084489
5.2312	0.361711003166302
5.2392	0.361453162960637
5.2472	0.361177420085804
5.2552	0.360883888482469
5.2632	0.360572987297414
5.2712	0.360245596286502
5.2792	0.359903209428339
5.2872	0.359548090104253
5.2952	0.359183424191468
5.3032	0.358813397640488
5.3112	0.358443146383124
5.3192	0.358078536623329
5.3272	0.357725822345793
5.3352	0.357391227993026
5.3432	0.357080539875543
5.3512	0.356798735971613
5.3592	0.35654976594041
5.3672	0.356336528704085
5.3752	0.356160983855781
5.3832	0.356024334029583
5.3912	0.355927279653358
5.3992	0.355870268807838
5.4072	0.355853682407441
5.4152	0.355877879230523
5.4232	0.355943046236077
5.4312	0.356048936720038
5.4392	0.356194605942863
5.4472	0.356378223717301
5.4552	0.356597068095724
5.4632	0.356847728164865
5.4712	0.357126392017586
5.4792	0.357429228625735
5.4872	0.357752715872088
5.4952	0.358093806224532
5.5032	0.358449931251932
5.5112	0.358818934920186
5.5192	0.359198848900493
5.5272	0.35958761146681
5.5352	0.35998283325799
5.5432	0.360381644472746
5.5512	0.360780640064601
5.5592	0.361176030504918
5.5672	0.361563959123838
5.5752	0.361940922517737
5.5832	0.362304241014642
5.5912	0.362652497822161
5.5992	0.362985925599311
5.6072	0.363306710195151
5.6152	0.363619150616573
5.6232	0.363929648968961
5.6312	0.364246554060545
5.6392	0.364579864154904
5.6472	0.364940843817705
5.6552	0.365341617861736
5.6632	0.365794750671755
5.6712	0.366312778523739
5.6792	0.36690772663233
5.6872	0.36759062505011
5.6952	0.368371038005577
5.7032	0.3692566852514
5.7112	0.370253255617713
5.7192	0.371364321167253
5.7272	0.372591270616448
5.7352	0.37393329606198
5.7432	0.37538741979671
5.7512	0.376948555326716
5.7592	0.378609627006347
5.7672	0.380361761569983
5.7752	0.382194552276734
5.7832	0.384096399595622
5.7912	0.386055034318206
5.7992	0.38805820591726
5.8072	0.390094456784963
5.8152	0.392153912613661
5.8232	0.394229018792109
5.8312	0.396314964331254
5.8392	0.398409689637752
5.8472	0.400513517056783
5.8552	0.402628410161691
5.8632	0.404756883828174
5.8712	0.406900804723126
5.8792	0.409060071219815
5.8872	0.411231424154085
5.8952	0.413407503054532
5.9032	0.415576416176698
5.9112	0.417721802412869
5.9192	0.419823599409429
5.9272	0.4218592976923
5.9352	0.423805365949397
5.9432	0.425638481699639
5.9512	0.427336225843564
5.9592	0.428877359526683
5.9672	0.43024194043512
5.9752	0.431411316494142
5.9832	0.432368381501488
5.9912	0.433098279928041
5.9992	0.433589295968552
6.0072	0.433833580695772
6.0152	0.433827645141895
6.0232	0.433572269794818
6.0312	0.433071890782476
6.0392	0.432333847224796
6.0472	0.431367512269394
6.0552	0.430183297530366
6.0632	0.428791858516685
6.0712	0.427203921623414
6.0792	0.425430510731698
6.0872	0.423483560351785
6.0952	0.421376905315143
6.1032	0.41912727125472
6.1112	0.416754722895245
6.1192	0.414282642511707
6.1272	0.411737159418533
6.1352	0.409145982506021
6.1432	0.406536955341362
6.1512	0.403936918312462
6.1592	0.401370752007196
6.1672	0.398860691114167
6.1752	0.396425973606586
6.1832	0.39408261027837
6.1912	0.391843333008761
6.1992	0.389717868622954
6.2072	0.38771334540907
6.2152	0.385834707643188
6.2232	0.384085129820264
6.2312	0.382466355818516
6.2392	0.380978789835761
6.2472	0.379621430222938
6.2552	0.378391842249057
6.2632	0.377286216660166
6.2712	0.376299453186015
6.2792	0.375425310470243
6.2872	0.374656612474824
6.2952	0.373985498457504
6.3032	0.373403683936071
6.3112	0.372902740705136
6.3192	0.37247434871406
6.3272	0.372110532014399
6.3352	0.371803852603896
6.3432	0.371547586151208
6.3512	0.371335771675191
6.3592	0.371163212291148
6.3672	0.371025436255485
6.3752	0.37091864789972
6.3832	0.370839643334501
6.3912	0.370785737741483
6.3992	0.37075470500658
6.4072	0.370744784701922
6.4152	0.370754699771954
6.4232	0.370783728118664
6.4312	0.370831756044351
6.4392	0.370899308793293
6.4472	0.370987559852062
6.4552	0.371098301400317
6.4632	0.371233870542574
6.4712	0.371397058671567
6.4792	0.37159100503147
6.4872	0.371819007200119
6.4952	0.372084247127632
6.5032	0.372389502250542
6.5112	0.372736934719797
6.5192	0.373127987367935
6.5272	0.373563435847283
6.5352	0.374043609055275
6.5432	0.374568704181517
6.5512	0.375139040455135
6.5592	0.375755096350677
6.5672	0.376417231468946
6.5752	0.377125191470775
6.5832	0.377877531449943
6.5912	0.378671113116076
6.5992	0.379500762084365
6.6072	0.38035920790896
6.6152	0.381237273393241
6.6232	0.382124115530125
6.6312	0.383007441499516
6.6392	0.383873860272392
6.6472	0.384709369269778
6.6552	0.385499924131236
6.6632	0.386232055556083
6.6712	0.386893495784964
6.6792	0.387473606723856
6.6872	0.387963546648336
6.6952	0.388356317113151
6.7032	0.388646714548135
6.7112	0.388831223102303
6.7192	0.388908010184756
6.7272	0.38887698925161
6.7352	0.388739786504965
6.7432	0.388499610998257
6.7512	0.388161015327345
6.7592	0.387729453719308
6.7672	0.38721078282125
6.7752	0.386610894096798
6.7832	0.385935420857379
6.7912	0.385189654090197
6.7992	0.384378693251576
6.8072	0.383507753877759
6.8152	0.382582478358402
6.8232	0.381609284834793
6.8312	0.380595602063208
6.8392	0.379549930249034
6.8472	0.37848172124737
6.8552	0.377401086646731
6.8632	0.376318389651225
6.8712	0.37524385794935
6.8792	0.374187216527202
6.8872	0.373157448096977
6.8952	0.372162695797896
6.9032	0.371210252645699
6.9112	0.370306530678068
6.9192	0.36945700761776
6.9272	0.368666079357155
6.9352	0.367936826965251
6.9432	0.367270734997008
6.9512	0.366667404810171
6.9592	0.366124319122286
6.9672	0.365636724453752
6.9752	0.365197627504609
6.9832	0.364797902079292
6.9912	0.364426518519258
6.9992	0.364070870017777
7.0072	0.363717168371047
7.0152	0.363350917375161
7.0232	0.362957468324301
7.0312	0.362522634029095
7.0392	0.362033332769765
7.0472	0.361478211746402
7.0552	0.360848176015313
7.0632	0.360136745756945
7.0712	0.359340202628029
7.0792	0.358457537368034
7.0872	0.357490244651654
7.0952	0.356442029619807
7.1032	0.355318478697307
7.1112	0.35412677756979
7.1192	0.352875504759727
7.1272	0.351574506754771
7.1352	0.35023485246453
7.1432	0.348868860927364
7.1512	0.347490070736104
7.1592	0.346113142560435
7.1672	0.344753593138019
7.1752	0.343427429482794
7.1832	0.342150706679217
7.1912	0.340939088083735
7.1992	0.33980743476694
7.2072	0.338769539376716
7.2152	0.337837936107246
7.2232	0.337023801688559
7.2312	0.336336800849949
7.2392	0.335784889329291
7.2472	0.335374135911745
7.2552	0.335108727449735
7.2632	0.334991083609176
7.2712	0.335022096595089
7.2792	0.335201493121972
7.2872	0.335528164333253
7.2952	0.336000244074795
7.3032	0.3366149947709
7.3112	0.337368530364191
7.3192	0.338255406869992
7.3272	0.339268322349338
7.3352	0.340397954510238
7.3432	0.34163308654649
7.3512	0.342960953406236
7.3592	0.344367550507673
7.3672	0.345837718423125
7.3752	0.347355047635034
7.3832	0.348901589574134
7.3912	0.350457553474928
7.3992	0.352001220590578
7.4072	0.353509426199144
7.4152	0.354958583219478
7.4232	0.356326263211931
7.4312	0.35759302844666
7.4392	0.35874415428373
7.4472	0.359770934954276
7.4552	0.360671451819197
7.4632	0.361450684815408
7.4712	0.362120081704718
7.4792	0.362696752564776
7.4872	0.363202439699272
7.4952	0.363662393478531
7.5032	0.364104269953662
7.5112	0.364557092934299
7.5192	0.365050293447646
7.5272	0.365612828260772
7.5352	0.366272382475014
7.5432	0.367054649952716
7.5512	0.367982711835802
7.5592	0.369076545009372
7.5672	0.370352649204932
7.5752	0.371823787538772
7.5832	0.373498835781963
7.5912	0.375382737689159
7.5992	0.377476558465697
7.6072	0.379777628434511
7.6152	0.382279770624165
7.6232	0.384973603325126
7.6312	0.387846894550769
7.6392	0.390884954365745
7.6472	0.394071051294945
7.6552	0.397386838182539
7.6632	0.400812773443542
7.6712	0.404328524467441
7.6792	0.407913340931046
7.6872	0.411546359551197
7.6952	0.415206783687355
7.7032	0.418874145202981
7.7112	0.422528677836668
7.7192	0.426151746931302
7.7272	0.429726298525485
7.7352	0.433237262829894
7.7432	0.436671466204525
7.7512	0.440017234342733
7.7592	0.443263824044009
7.7672	0.446400745808642
7.7752	0.44941717769367
7.7832	0.452301969155983
7.7912	0.455043864154625
7.7992	0.457631756316053
7.8072	0.460054887053211
7.8152	0.462302665315974
7.8232	0.464364078206029
7.8312	0.4662272938982
7.8392	0.467879545446193
7.8472	0.469307212662876
7.8552	0.470496065096639
7.8632	0.471432357595678
7.8712	0.47210424766358
7.8792	0.472503099934126
7.8872	0.472624918328866
7.8952	0.472472019378939
7.9032	0.472054005382036
7.9112	0.471387818567315
7.9192	0.470497112540893
7.9272	0.469410698574223
7.9352	0.468160339058195
7.9432	0.466778766000876
7.9512	0.465298165692574
7.9592	0.463749192913971
7.9672	0.462160890433459
7.9752	0.460561177258893
7.9832	0.458977173977832
7.9912	0.457435376178613
7.9992	0.45596170866793
8.0072	0.454581167476216
8.0152	0.453317132535155
8.0232	0.45219004550313
8.0312	0.451216026225018
8.0392	0.450405826948442
8.0472	0.449764190607977
8.0552	0.449289688349704
8.0632	0.448975224901611
8.0712	0.448808750341692
8.0792	0.448774107505194
8.0872	0.448851852728631
8.0952	0.449020179074766
8.1032	0.449255758151834
8.1112	0.449534649761006
8.1192	0.449833169432846
8.1272	0.450128473375873
8.1352	0.450398703880083
8.1432	0.450623051339264
8.1512	0.450781790856146
8.1592	0.450856315610981
8.1672	0.450829710261221
8.1752	0.4506880301837
8.1832	0.450422025400229
