12.2872	0.822164277564468
12.2952	0.82223395687208
12.3032	0.822300539371798
12.3112	0.82236262953206
12.3192	0.822417724999477
12.3272	0.82246240383615
12.3352	0.82249270971766
12.3432	0.822504639132112
12.3512	0.822494602835123
12.3592	0.822459758391787
12.3672	0.822398162252004
12.3752	0.822308786374917
12.3832	0.822191488071967
12.3912	0.822047003537154
12.3992	0.821876973087771
12.4072	0.821684017458296
12.4152	0.821471845135961
12.4232	0.821245325923148
12.4312	0.821010427328185
12.4392	0.820774040331397
12.4472	0.820543703579775
12.4552	0.820327233426093
12.4632	0.820132261330648
12.4712	0.819965778267891
12.4792	0.819833716415709
12.4872	0.819740641955621
12.4952	0.819689589132511
12.5032	0.819682040666195
12.5112	0.819718011313403
12.5192	0.819796206299359
12.5272	0.819914192531202
12.5352	0.8200685724519
12.5432	0.820255211056893
12.5512	0.820469504339632
12.5592	0.820706692150283
12.5672	0.820962174957971
12.5752	0.821231789792852
12.5832	0.821511969827585
12.5912	0.821799840256899
12.5992	0.822093212061838
12.6072	0.822390522154925
12.6152	0.822690763671297
12.6232	0.822993476195402
12.6312	0.823298725794358
12.6392	0.823607164819793
12.6472	0.823920161521887
12.6552	0.82423987849748
12.6632	0.824569232681091
12.6712	0.8249117734397
12.6792	0.82527142173854
12.6872	0.825652096037847
12.6952	0.826057334363252
12.7032	0.826489971523695
12.7112	0.82695193439446
12.7192	0.827444303304064
12.7272	0.827967500514465
12.7352	0.828521537571594
12.7432	0.82910612854464
12.7512	0.829720574023892
12.7592	0.830363367606557
12.7672	0.831031707532193
12.7752	0.831721019980137
12.7832	0.832424747908995
12.7912	0.833134378115385
12.7992	0.83383969558109
12.8072	0.834529197829135
12.8152	0.835190650404581
12.8232	0.835811499577627
12.8312	0.836379262856778
12.8392	0.836881918585393
12.8472	0.837308305362859
12.8552	0.837648479737043
12.8632	0.837894191992052
12.8712	0.838039253100627
12.8792	0.838079789346797
12.8872	0.838014459814566
12.8952	0.83784449655053
12.9032	0.837573601784463
12.9112	0.837207911726036
12.9192	0.836755872087561
12.9272	0.836227784866818
12.9352	0.835635193182
12.9432	0.834990191589733
12.9512	0.834304555279636
12.9592	0.833588904303836
12.9672	0.832852207704015
12.9752	0.832101468026907
12.9832	0.831341664002426
12.9912	0.830576102127529
12.9992	0.829806982794254
13.0072	0.829035997132172
13.0152	0.828265101410383
13.0232	0.827497222407566
13.0312	0.826736752309215
13.0392	0.825989654182395
13.0472	0.825263110392166
13.0552	0.824564736876584
13.0632	0.823901669800169
13.0712	0.823279725882768
13.0792	0.822702940517581
13.0872	0.82217361375112
13.0952	0.821692736122766
13.1032	0.821260596546704
13.1112	0.820877437295563
13.1192	0.820543866686317
13.1272	0.820261039438953
13.1352	0.820030740707316
13.1432	0.819855430295027
13.1512	0.819738288035503
13.1592	0.819683347659358
13.1672	0.819695623507925
13.1752	0.819781131369568
13.1832	0.819946774860411
13.1912	0.820200126762184
13.1992	0.820549196605279
13.2072	0.821002253643354
13.2152	0.821567682493857
13.2232	0.822253893026297
13.2312	0.823069297955326
13.2392	0.824022288699668
13.2472	0.825121180817123
13.2552	0.826374136029075
13.2632	0.827788921512754
13.2712	0.829372500834378
13.2792	0.831130502025634
13.2872	0.833066592419941
13.2952	0.835181839200864
13.3032	0.837474334674989
13.3112	0.839938951017533
13.3192	0.84256718072951
13.3272	0.845347122133334
13.3352	0.848263600855773
13.3432	0.851298221731729
13.3512	0.854429622474455
13.3592	0.85763400331939
13.3672	0.860885829916727
13.3752	0.864158611348434
13.3832	0.867425661358589
13.3912	0.870660308579884
13.3992	0.87383578550394
13.4072	0.87692505603318
13.4152	0.879900833488111
13.4232	0.882735862404184
13.4312	0.885403481814228
13.4392	0.88787800339848
13.4472	0.890134976710401
13.4552	0.89215124613324
13.4632	0.893904668695324
13.4712	0.895373669934042
13.4792	0.896537254205614
13.4872	0.897375308706651
13.4952	0.897869176136278
13.5032	0.898002473064225
13.5112	0.897762076645253
13.5192	0.89713880576123
13.5272	0.896127956937214
13.5352	0.894729564811555
13.5432	0.892948348639913
13.5512	0.890793637285033
13.5592	0.888279490589453
13.5672	0.885424762723875
13.5752	0.882253222699428
13.5832	0.878793949886159
13.5912	0.875081625782548
13.5992	0.871156803112335
13.6072	0.867066081045958
13.6152	0.862861965824199
13.6232	0.858602069847351
13.6312	0.854347634351587
13.6392	0.850161120987938
13.6472	0.846103116202609
13.6552	0.842229020973015
13.6632	0.838586487496013
13.6712	0.835213927644904
13.6792	0.832140480851449
13.6872	0.829387089629527
13.6952	0.826968186327054
13.7032	0.824893203175929
13.7112	0.823167608410469
13.7192	0.821793196578868
13.7272	0.820767901864021
13.7352	0.820085513209277
13.7432	0.81973568685391
13.7512	0.819704331364155
13.7592	0.819974429509621
13.7672	0.820527142069358
13.7752	0.821342819112239
13.7832	0.822401677016121
13.7912	0.823683999611257
13.7992	0.825169860820104
13.8072	0.826838607261706
13.8152	0.828668443817126
13.8232	0.830636347510609
13.8312	0.832718581497968
13.8392	0.83489187456219
13.8472	0.837134949468144
13.8552	0.839429912857706
13.8632	0.841763018659792
13.8712	0.844124413986325
13.8792	0.846506850553864
13.8872	0.848903772822049
13.8952	0.851307349263892
13.9032	0.853707079745832
13.9112	0.85608928732173
13.9192	0.858437607012096
13.9272	0.860734260446139
13.9352	0.862961554765834
13.9432	0.865103068348805
13.9512	0.867144396234856
13.9592	0.869073357510887
13.9672	0.870879831586846
13.9752	0.872555267095026
13.9832	0.87409218462201
13.9912	0.875483664361278
13.9992	0.876722825462145
14.0072	0.877802301824264
14.0152	0.878714128778683
14.0232	0.879450080919753
14.0312	0.880002419293926
14.0392	0.880365050365609
14.0472	0.880534783719844
14.0552	0.880512028082968
14.0632	0.880300962217555
14.0712	0.879909199411555
14.0792	0.879346897002895
14.0872	0.878625643337359
14.0952	0.877757695262319
14.1032	0.876755394059726
14.1112	0.875630793105158
14.1192	0.874395587192697
14.1272	0.873061192969396
14.1352	0.871638719913264
14.1432	0.870138940355681
14.1512	0.868572221930275
14.1592	0.866948382327528
14.1672	0.865276601875877
14.1752	0.863565399500219
14.1832	0.861822404231748
14.1912	0.860054035698952
14.1992	0.858265190544627
14.2072	0.856458976085217
14.2152	0.854636649538189
14.2232	0.852798039495009
14.2312	0.850942296172063
14.2392	0.849068785745731
14.2472	0.847177967796043
14.2552	0.845272134367123
14.2632	0.84335583236716
14.2712	0.841436011036735
14.2792	0.83952176132054
14.2872	0.837623760368761
14.2952	0.835753713717771
14.3032	0.833923944859031
14.3112	0.83214708417245
14.3192	0.830435975807735
14.3272	0.828803743592077
14.3352	0.82726391781723
14.3432	0.825830550673741
14.3512	0.824518144721246
14.3592	0.823341087188587
14.3672	0.822312830249285
14.3752	0.821444876341865
14.3832	0.820745831972398
14.3912	0.820220941469025
14.3992	0.81987237690516
14.4072	0.819700092060187
14.4152	0.819702973410015
14.4232	0.819879867926462
14.4312	0.82023014399904
14.4392	0.820753723057073
14.4472	0.82145066336616
14.4552	0.822320536209973
14.4632	0.823361916003591
14.4712	0.824572071741251
14.4792	0.825946737930897
14.4872	0.827479965514991
14.4952	0.829163901626576
14.5032	0.830988393640351
14.5112	0.832940516708351
14.5192	0.835004194281195
14.5272	0.837160140228445
14.5352	0.83938608586449
14.5432	0.84165745440382
14.5512	0.843948355004505
14.5592	0.846232696244838
14.5672	0.848485088386709
14.5752	0.850681282287458
14.5832	0.852798096106181
14.5912	0.854812966500964
14.5992	0.856703361456158
14.6072	0.858446514382977
14.6152	0.860019704325813
14.6232	0.86140088393943
14.6312	0.862569475328022
14.6392	0.86350707901632
14.6472	0.864197613175739
14.6552	0.86462712079005
14.6632	0.864783542482009
14.6712	0.864656376840402
14.6792	0.864236756204335
14.6872	0.863518372174659
14.6952	0.862498860371627
14.7032	0.861181065603555
14.7112	0.859574228477217
14.7192	0.857694488385936
14.7272	0.855564602354115
14.7352	0.853213210690953
14.7432	0.850673677226747
14.7512	0.847982955703749
14.7592	0.845181085903668
14.7672	0.84231099113774
14.7752	0.839418268026075
14.7832	0.836550952820635
14.7912	0.833758954725538
14.7992	0.831092977458613
14.8072	0.828603189095706
14.8152	0.82633783815918
14.8232	0.82434216112599
14.8312	0.822657619238087
14.8392	0.821321252104355
14.8472	0.820364949357626
14.8552	0.819814626115148
14.8632	0.81968930947537
14.8712	0.82000019737677
14.8792	0.820749857618888
14.8872	0.821931770469084
14.8952	0.82353037162017
14.9032	0.825521650100124
14.9112	0.82787437790309
14.9192	0.83055177422423
14.9272	0.833513219568487
14.9352	0.836715715966873
14.9432	0.840115082021464
14.9512	0.843666818654188
14.9592	0.84732689309678
14.9672	0.851052452162553
14.9752	0.854802612722393
14.9832	0.858539394666677
14.9912	0.862228647281342
14.9992	0.865840662373248
15.0072	0.869350613786937
15.0152	0.872738776287859
15.0232	0.87599064146323
15.0312	0.879096825973355
15.0392	0.882052929972334
15.0472	0.884858964014531
15.0552	0.88751844373863
15.0632	0.890037286233186
15.0712	0.892422810987839
15.0792	0.894682922420478
15.0872	0.896825757998351
15.0952	0.898859507472174
15.1032	0.900792317219764
15.1112	0.902632023497921
15.1192	0.904385813433556
15.1272	0.906059774483978
15.1352	0.907658650426538
15.1432	0.909185673178972
15.1512	0.910642621872226
15.1592	0.912030020957444
15.1672	0.913347566906219
15.1752	0.914594617994969
15.1832	0.915770769968668
15.1912	0.916876172163488
15.1992	0.917911743455596
15.2072	0.918879357608981
15.2152	0.919781893985027
15.2232	0.920623125452935
15.2312	0.921407534019757
15.2392	0.92214000114401
15.2472	0.922825330270922
15.2552	0.923467748208855
15.2632	0.924070475527655
15.2712	0.924635466553058
15.2792	0.925163400762275
15.2872	0.925653931730319
15.2952	0.926106084060298
15.3032	0.926518736196754
15.3112	0.926891035933
15.3192	0.927222692126997
15.3272	0.927514113467647
15.3352	0.927766432186602
15.3432	0.927981421529614
15.3512	0.928161419967857
15.3592	0.928309227657746
15.3672	0.928427976785469
15.3752	0.928520947927252
15.3832	0.928591356602206
15.3912	0.928642143203215
15.3992	0.928675758825108
15.4072	0.928693959094871
15.4152	0.928697616463796
15.4232	0.928686521967131
15.4312	0.928659151352384
15.4392	0.928612390146695
15.4472	0.928541190329978
15.4552	0.928438151495324
15.4632	0.928293101144621
15.4712	0.928092776309328
15.4792	0.927820727206625
15.4872	0.92745757178881
15.4952	0.926981635852077
15.5032	0.926369884417019
15.5112	0.925598983143041
15.5192	0.924646282463433
15.5272	0.923490519370322
15.5352	0.922112295786709
15.5432	0.920494475635223
15.5512	0.918622625900679
15.5592	0.91648566440728
15.5672	0.914076697711397
15.5752	0.91199131243825
15.5832	0.909706285534125
15.5912	0.907247579061525
15.5992	0.904643096824737
15.6072	0.901920051387768
15.6152	0.899103443888595
15.6232	0.8962154185249
15.6312	0.893275192089866
15.6392	0.890299284494901
15.6472	0.887301869233869
15.6552	0.884295141856162
15.6632	0.881289658172504
15.6712	0.87829462677675
15.6792	0.875318156080976
15.6872	0.872367458639903
15.6952	0.86944902255784
15.7032	0.866568761312195
15.7112	0.863732141874884
15.7192	0.860944295543269
15.7272	0.858210120580634
15.7352	0.855534357147793
15.7432	0.852921625104111
15.7512	0.850376433026327
15.7592	0.847903167157116
15.7672	0.84550606946088
15.7752	0.843189235518554
15.7832	0.840956631527849
15.7912	0.838812126559279
15.7992	0.83675954107686
15.8072	0.834802698754634
15.8152	0.832945461919419
15.8232	0.831191752989437
15.8312	0.829545564763782
15.8392	0.828010959497723
15.8472	0.826592060191567
15.8552	0.825293042043601
15.8632	0.824118117494357
15.8712	0.823071515309809
15.8792	0.822157456593661
15.8872	0.821380130162907
15.8952	0.820743669969786
15.9032	0.820252138244928
15.9112	0.819909511665562
15.9192	0.819719667586181
15.9272	0.819686367611282
15.9352	0.81981323805347
15.9432	0.820103748059842
15.9512	0.820561186860818
15.9592	0.821188642226263
15.9672	0.821988981463823
15.9752	0.822964834723441
15.9832	0.824118578445394
15.9912	0.825452317324112
15.9992	0.826967861415767
16.0072	0.828666700093904
16.0152	0.83054997330444
16.0232	0.832618440123849
16.0312	0.834872445962703
16.0392	0.837311892034297
16.0472	0.839936202236342
16.0552	0.84274428666171
16.0632	0.845734502196607
16.0712	0.848904609639132
16.0792	0.85225172488233
16.0872	0.855772268512492
16.0952	0.859461914817048
16.1032	0.863315541125652
16.1112	0.867327178896865
16.1192	0.871489966759014
16.1272	0.875796101982928
16.1352	0.88023679113108
16.1432	0.884802200424409
16.1512	0.88948140592721
16.1592	0.894262343663461
16.1672	0.899131759791853
16.1752	0.904075160981209
16.1832	0.909076765143122
16.1912	0.914119452694227
16.1992	0.919184718536539
16.2072	0.924252624960552
16.2152	0.929301755019738
16.2232	0.934309164815779
16.2312	0.939250339176807
16.2392	0.944099156961767
16.2472	0.948827865091122
16.2552	0.95340705831561
16.2632	0.957805661677243
16.2712	0.961990905534649
16.2792	0.965928281896439
16.2872	0.969581479340436
16.2952	0.972912297977978
16.3032	0.975880550431909
16.3112	0.978443961693031
16.3192	0.980558076839097
16.3272	0.982176178356573
16.3352	0.983249213502213
16.3432	0.98372572791019
16.3512	0.983551798348788
16.3592	0.982670963296014
16.3672	0.981024153393803
16.3752	0.978549622258947
16.3832	0.975182877718316
