8.1912	0.452141785653778
8.1992	0.454539715939368
8.2072	0.457440303464341
8.2152	0.460756084485256
8.2232	0.46438328264477
8.2312	0.468213360947578
8.2392	0.472142986201467
8.2472	0.476080162392538
8.2552	0.479947995197153
8.2632	0.483686528636405
8.2712	0.487252905601987
8.2792	0.490620419415331
8.2872	0.493777823735442
8.2952	0.496727355169122
8.3032	0.499481955367024
8.3112	0.502061987735391
8.3192	0.504492696291821
8.3272	0.506801647103005
8.3352	0.509017677458549
8.3432	0.51117064907835
8.3512	0.513290386516538
8.3592	0.5154044215459
8.3672	0.517535753788522
8.3752	0.519699937612158
8.3832	0.521902228101315
8.3912	0.524137563742129
8.3992	0.526393032587547
8.4072	0.528651224713981
8.4152	0.530894628538475
8.4232	0.533109885197735
8.4312	0.535290467421336
8.4392	0.537437851197556
8.4472	0.539562169711312
8.4552	0.541682138455607
8.4632	0.543823398096051
8.4712	0.54601628624139
8.4792	0.548293021569736
8.4872	0.55068432744464
8.4952	0.553215905677598
8.5032	0.555906809715692
8.5112	0.55876948924293
8.5192	0.561810119619573
8.5272	0.565029041991308
8.5352	0.568421178844588
8.5432	0.57197568813746
8.5512	0.575675236642334
8.5592	0.579495955120769
8.5672	0.583408023384852
8.5752	0.587376776964772
8.5832	0.591364589081351
8.5912	0.595332680466524
8.5992	0.5992419639677
8.6072	0.603053257823637
8.6152	0.606727150317744
8.6232	0.610223261201896
8.6312	0.613499329532704
8.6392	0.616510532798413
8.6472	0.619209270041921
8.6552	0.621545791842126
8.6632	0.623470179411863
8.6712	0.624935562657717
8.6792	0.625902190805601
8.6872	0.626341539128657
8.6952	0.626239608105704
8.7032	0.625598860845779
8.7112	0.62443872026713
8.7192	0.622794879832978
8.7272	0.620717819358963
8.7352	0.618270850361507
8.7432	0.615527948612069
8.7512	0.61257151311241
8.7592	0.60948994489795
8.7672	0.606375064600958
8.7752	0.603319391218521
8.7832	0.600413139966304
8.7912	0.597741036948209
8.7992	0.59537920574416
8.8072	0.593392619246558
8.8152	0.591833433102226
8.8232	0.590740318390272
8.8312	0.590138551601076
8.8392	0.590040524508433
8.8472	0.590446316776954
8.8552	0.591344212655303
8.8632	0.592711231505979
8.8712	0.594513800323911
8.8792	0.596708706612574
8.8872	0.599244313038658
8.8952	0.602061976404348
8.9032	0.605097794843043
8.9112	0.608284673279729
8.9192	0.611554623645174
8.9272	0.614841394145608
8.9352	0.618083210725032
8.9432	0.621225179417773
8.9512	0.624221305177717
8.9592	0.627035842702909
8.9672	0.629643970346984
8.9752	0.632031308383527
8.9832	0.634192501308127
8.9912	0.63612892906994
8.9992	0.637845992689459
9.0072	0.639350248683626
9.0152	0.640647369889814
9.0232	0.641741007256891
9.0312	0.642632583408296
9.0392	0.64332180729746
9.0472	0.64380770361749
9.0552	0.64408930560816
9.0632	0.644166253803918
9.0712	0.644039243480781
9.0792	0.643710414557368
9.0872	0.643183711786248
9.0952	0.642465351125599
9.1032	0.641563887157054
9.1112	0.640489927762995
9.1192	0.639255582793605
9.1272	0.637873620193303
9.1352	0.636356811325617
9.1432	0.634717814612231
9.1512	0.632969437469245
9.1592	0.631125157379718
9.1672	0.629199750677837
9.1752	0.627209339978134
9.1832	0.625170974808534
9.1912	0.623101889902057
9.1992	0.621018543324719
9.2072	0.618935711409766
9.2152	0.616866379445333
9.2232	0.614821803179814
9.2312	0.612811431938362
9.2392	0.610842851461848
9.2472	0.608921780040905
9.2552	0.607051946468837
9.2632	0.605235461977819
9.2712	0.60347385192505
9.2792	0.60176942698842
9.2872	0.60012675934865
9.2952	0.598554030711259
9.3032	0.597063406071382
9.3112	0.595670451277781
9.3192	0.594392975523973
9.3272	0.593249567635058
9.3352	0.59225800811593
9.3432	0.591434080986317
9.3512	0.590790765685888
9.3592	0.590337602540244
9.3672	0.590080293602605
9.3752	0.59002063028848
9.3832	0.590156705692688
9.3912	0.590483469322642
9.3992	0.590993521445408
9.4072	0.591677925013041
9.4152	0.592526922961938
9.4232	0.593530330465028
9.4312	0.594677494083953
9.4392	0.595956966273513
9.4472	0.597356017139311
9.4552	0.598860032515993
9.4632	0.600452076993284
9.4712	0.602112721782569
9.4792	0.603820027576771
9.4872	0.605549655297651
9.4952	0.607275382614638
9.5032	0.608969973029035
9.5112	0.610606381790102
9.5192	0.612159234691494
9.5272	0.613606487477449
9.5352	0.61493073755527
9.5432	0.616119905627551
9.5512	0.617167198987052
9.5592	0.618070384324049
9.5672	0.618830519840956
9.5752	0.619450552861134
9.5832	0.619934017699772
9.5912	0.620283934575853
9.5992	0.620501952719451
9.6072	0.620587726695949
9.6152	0.620538487023095
9.6232	0.620348829453671
9.6312	0.620010802687976
9.6392	0.619514393900733
9.6472	0.618848474350305
9.6552	0.618002048086922
9.6632	0.616965777936513
9.6712	0.615733747597758
9.6792	0.614305256933262
9.6872	0.612686460813508
9.6952	0.610891813917385
9.7032	0.608944996749665
9.7112	0.606879031548876
9.7192	0.604735537243112
9.7272	0.602563178698811
9.7352	0.600415306530614
9.7432	0.598347123627673
9.7512	0.596412982668312
9.7592	0.594663963720949
9.7672	0.59314590010851
9.7752	0.591897898327438
9.7832	0.590951096751112
9.7912	0.590327401710767
9.7992	0.590038423601526
9.8072	0.590084772261897
9.8152	0.590455993971053
9.8232	0.591131375489665
9.8312	0.592081498435347
9.8392	0.593270239844157
9.8472	0.594656827730352
9.8552	0.596197684088698
9.8632	0.597847895691607
9.8712	0.599562517760588
9.8792	0.601297717444403
9.8872	0.603011949227637
9.8952	0.604667086362031
9.9032	0.606229515579355
9.9112	0.607670780022942
9.9192	0.608967954951402
9.9272	0.610103636917118
9.9352	0.611065694455806
9.9432	0.611846604412535
9.9512	0.612442930617239
9.9592	0.612854982997935
9.9672	0.613086670230222
9.9752	0.613145447965713
9.9832	0.613042277327334
9.9912	0.612791230191962
9.9992	0.612408786575086
10.0072	0.611912879921511
10.0152	0.611321709284162
10.0232	0.610652680762074
10.0312	0.609921854673146
10.0392	0.609143725197155
10.0472	0.608331190991032
10.0552	0.607495700264461
10.0632	0.606647379105755
10.0712	0.605795104641804
10.0792	0.60494661579575
10.0872	0.60410885696751
10.0952	0.603288206903332
10.1032	0.602490665162717
10.1112	0.601721935929832
10.1192	0.600987261447158
10.1272	0.600290991360461
10.1352	0.599636331632666
10.1432	0.599025344367871
10.1512	0.598459007457531
10.1592	0.597937366183939
10.1672	0.597459766521632
10.1752	0.597024957389109
10.1832	0.596631046351901
10.1912	0.596275469605538
10.1992	0.595954960390498
10.2072	0.59566552886388
10.2152	0.595402630024693
10.2232	0.595161484322991
10.2312	0.594937271311026
10.2392	0.59472524919413
10.2472	0.594520836111826
10.2552	0.594319643961901
10.2632	0.594117510509421
10.2712	0.593910645337919
10.2792	0.593695819509921
10.2872	0.593470569538579
10.2952	0.593233401125434
10.3032	0.592983820231763
10.3112	0.592722225255926
10.3192	0.592449795166739
10.3272	0.59216842463542
10.3352	0.591880743501249
10.3432	0.591590317432751
10.3512	0.591301890852248
10.3592	0.591021592747597
10.3672	0.590757058893922
10.3752	0.590517336113655
10.3832	0.590312549248809
10.3912	0.590153512890474
10.3992	0.590051306854069
10.4072	0.590016847756789
10.4152	0.590060524368093
10.4232	0.590191869889981
10.4312	0.590419223237959
10.4392	0.590749365929854
10.4472	0.591187113059214
10.4552	0.591734916716483
10.4632	0.592392540469104
10.4712	0.593156789089112
10.4792	0.594021333026775
10.4872	0.594976653224633
10.4952	0.596010132769055
10.5032	0.59710636060266
10.5112	0.598247677635538
10.5192	0.599414973393217
10.5272	0.600588717887467
10.5352	0.601750009062814
10.5432	0.602881467207898
10.5512	0.603967856336831
10.5592	0.604996343223586
10.5672	0.605956400462256
10.5752	0.606839517819403
10.5832	0.607638932716345
10.5912	0.608349414582454
10.5992	0.608967053646504
10.6072	0.609489327084978
10.6152	0.609915327493783
10.6232	0.610245930667403
10.6312	0.610483880792194
10.6392	0.610633838956452
10.6472	0.610702062118404
10.6552	0.610695849618728
10.6632	0.610622961969225
10.6712	0.610491104043622
10.6792	0.610307688820323
10.6872	0.610080177498858
10.6952	0.609816661649561
10.7032	0.609526407883204
10.7112	0.609220208475742
10.7192	0.608910251553687
10.7272	0.608609420887666
10.7352	0.608330384799413
10.7432	0.608084794127647
10.7512	0.607882885907537
10.7592	0.60773367311028
10.7672	0.607645436794593
10.7752	0.607626265349062
10.7832	0.607684426008701
10.7912	0.607828287483423
10.7992	0.608065647326447
10.8072	0.60840305137102
10.8152	0.60884523050941
10.8232	0.609394773162858
10.8312	0.610052042319326
10.8392	0.61081530607023
10.8472	0.611680432664428
10.8552	0.612640498282947
10.8632	0.613685475554572
10.8712	0.614802053135253
10.8792	0.615973705348736
10.8872	0.617181565878357
10.8952	0.618405476750254
10.9032	0.619624701235479
10.9112	0.620818129222565
10.9192	0.621963954439137
10.9272	0.623038685881121
10.9352	0.624016283007199
10.9432	0.624867680734827
10.9512	0.625560756938075
10.9592	0.626060730595662
10.9672	0.626330911972729
10.9752	0.626333441713352
10.9832	0.626030263276665
10.9912	0.625384718285811
10.9992	0.624363897159933
11.0072	0.622941964976042
11.0152	0.621104279129741
11.0232	0.618851396389355
11.0312	0.616202094966872
11.0392	0.613194780760219
11.0472	0.609886475148888
11.0552	0.606350012220248
11.0632	0.602670616369981
11.0712	0.598942435938753
11.0792	0.595265870187833
11.0872	0.591746528564662
11.0952	0.588494474583791
11.1032	0.585622648623102
11.1112	0.58324386616206
11.1192	0.58146555578261
11.1272	0.580382177284605
11.1352	0.580067193463253
11.1432	0.580565770945815
11.1512	0.581889378788907
11.1592	0.584012953340179
11.1672	0.586874774226567
11.1752	0.590378838385825
11.1832	0.594399131094418
11.1912	0.598784788511617
11.1992	0.603366048137935
11.2072	0.607960991474452
11.2152	0.612382989007
11.2232	0.616448838540542
11.2312	0.619987570008638
11.2392	0.622849165863933
11.2472	0.624912519395849
11.2552	0.6260920683483
11.2632	0.626342586312621
11.2712	0.625662034079844
11.2792	0.624092323463842
11.2872	0.621717863483956
11.2952	0.618662008666252
11.3032	0.615081521074286
11.3112	0.611159142347067
11.3192	0.607094495833253
11.3272	0.603093552140841
11.3352	0.599357197783609
11.3432	0.596069877998901
11.3512	0.593389445292796
11.3592	0.591439464974924
11.3672	0.590305001033181
11.3752	0.590032204716236
11.3832	0.590631417207507
11.3912	0.592082965837298
11.3992	0.594344591406628
11.4072	0.597358879340393
11.4152	0.601058995320329
11.4232	0.605371971530924
11.4312	0.610219353290499
11.4392	0.615515720775441
11.4472	0.621167295831595
11.4552	0.627072503481075
11.4632	0.633124958665602
11.4712	0.639218917230735
11.4792	0.645255937895962
11.4872	0.651150181616699
11.4952	0.656831421034906
11.5032	0.662245942768032
11.5112	0.667355336953651
11.5192	0.67213415979109
11.5272	0.676568303026849
11.5352	0.680653952580206
11.5432	0.684396325767513
11.5512	0.687808142529712
11.5592	0.690907846860806
11.5672	0.693717535757757
11.5752	0.696260699395141
11.5832	0.698560564378419
11.5912	0.700638891365158
11.5992	0.702515002778568
11.6072	0.704205140093159
11.6152	0.705722154458053
11.6232	0.707075273336778
11.6312	0.708270190514047
11.6392	0.709309463258984
11.6472	0.71019304645604
11.6552	0.710919064852184
11.6632	0.711484940236456
11.6712	0.711888630025777
11.6792	0.712129952550766
11.6872	0.712211915629783
11.6952	0.712141731116284
11.7032	0.711931272285759
11.7112	0.71159696897291
11.7192	0.711159275407711
11.7272	0.710641997401795
11.7352	0.710071757232387
11.7432	0.709477632147588
11.7512	0.708890719940347
11.7592	0.70834319685024
11.7672	0.707866730735618
11.7752	0.707490390183172
11.7832	0.707238510756709
11.7912	0.707128943862416
11.7992	0.707171853476728
11.8072	0.707368929679429
11.8152	0.707712988187024
11.8232	0.708187689667749
11.8312	0.708767347673333
11.8392	0.709417377151037
11.8472	0.710095774650111
11.8552	0.710755253891782
11.8632	0.711345787824358
11.8712	0.711817093221712
11.8792	0.712120489785202
11.8872	0.712209968172457
11.8952	0.712042815369507
11.9032	0.711580167876359
11.9112	0.710787949270198
11.9192	0.709638402881466
11.9272	0.708112157130487
11.9352	0.706200499446264
11.9432	0.703907181683925
11.9512	0.701249213242295
11.9592	0.698256499111314
11.9672	0.694970338385605
11.9752	0.691441159397825
11.9832	0.687725877425043
11.9912	0.68388512267645
11.9992	0.679980638180649
12.0072	0.676072973332866
12.0152	0.672219236417912
12.0232	0.668471433929781
12.0312	0.664874952361797
12.0392	0.661467229906689
12.0472	0.658276602085887
12.0552	0.655321715900232
12.0632	0.65261115964749
12.0712	0.650143989981751
12.0792	0.647911006846841
12.0872	0.645896749016154
12.0952	0.644081976765287
12.1032	0.642446458636392
12.1112	0.640971140428541
12.1192	0.639639797880277
12.1272	0.638439676561629
12.1352	0.637360985290081
12.1432	0.636395380242401
12.1512	0.635534346815187
12.1592	0.634767528813018
12.1672	0.634081665303796
12.1752	0.63346039796222
12.1832	0.632885123081859
12.1912	0.632336706712402
12.1992	0.631797859745535
12.2072	0.631255748081144
12.2152	0.630703849882758
12.2232	0.63014244253576
12.2312	0.629577761204005
12.2392	0.629019819116335
12.2472	0.628479360266675
12.2552	0.627965070841483
12.2632	0.627481844615733
12.2712	0.627030252550255
12.2792	0.626607432775349
