8.0472	0.588966727965021
8.0552	0.59033493057519
8.0632	0.591927794449564
8.0712	0.593728128349086
8.0792	0.595711245198789
8.0872	0.597843840246986
8.0952	0.60008366323548
8.1032	0.602380411628745
8.1112	0.604677833987724
8.1192	0.606916941262658
8.1272	0.609039343739492
8.1352	0.610989725049826
8.1432	0.612716615455603
8.1512	0.614172121509234
8.1592	0.615311028154458
8.1672	0.616090877138816
8.1752	0.616473744439442
8.1832	0.616430092632974
8.1912	0.615943420783023
8.1992	0.61501483979659
8.2072	0.613665586624554
8.2152	0.611936860568849
8.2232	0.609887107502062
8.2312	0.607587831429057
8.2392	0.605118500395375
8.2472	0.602561549338859
8.2552	0.599998033293567
8.2632	0.597504106209624
8.2712	0.595147938996273
8.2792	0.592987466084598
8.2872	0.591069143521221
8.2952	0.589427460174507
8.3032	0.588084874035684
8.3112	0.58705197021264
8.3192	0.586327699580164
8.3272	0.58589973208288
8.3352	0.585745328919029
8.3432	0.585833035100892
8.3512	0.586125153833135
8.3592	0.586580730275998
8.3672	0.587158499784242
8.3752	0.587819245702888
8.3832	0.588527370455393
8.3912	0.589251669867129
8.3992	0.589965576516994
8.4072	0.590647173413272
8.4152	0.5912791510028
8.4232	0.591848677529025
8.4312	0.59234733199427
8.4392	0.592770836299641
8.4472	0.593118579079368
8.4552	0.593392989823371
8.4632	0.593598992174788
8.4712	0.59374337224352
8.4792	0.59383420104586
8.4872	0.593880274998318
8.4952	0.593890634346632
8.5032	0.593874082536698
8.5112	0.593838802289853
8.5192	0.593791957206129
8.5272	0.593739520409928
8.5352	0.593686318327975
8.5432	0.593636227802749
8.5512	0.593592305693529
8.5592	0.593556970747843
8.5672	0.59353201386601
8.5752	0.593518400738069
8.5832	0.593515916632001
8.5912	0.593522792716532
8.5992	0.593535421600927
8.6072	0.593548378703539
8.6152	0.593554752083025
8.6232	0.593546697930416
8.6312	0.593516171429904
8.6392	0.593455743387271
8.6472	0.593359233262264
8.6552	0.593222162871875
8.6632	0.593042012696731
8.6712	0.592818263682717
8.6792	0.592552315536618
8.6872	0.59224737790156
8.6952	0.591908236729687
8.7032	0.5915409041539
8.7112	0.591152250229823
8.7192	0.590749583638087
8.7272	0.590340318512013
8.7352	0.589931682047661
8.7432	0.589530450625201
8.7512	0.589142746169943
8.7592	0.588773894663641
8.7672	0.588428241605529
8.7752	0.588109028985918
8.7832	0.587818379905771
8.7912	0.587557401882838
8.7992	0.587326337582874
8.8072	0.587124734642429
8.8152	0.586951566685676
8.8232	0.586805321325034
8.8312	0.586684057596931
8.8392	0.586585473308079
8.8472	0.58650701967216
8.8552	0.586446072391277
8.8632	0.586400119337395
8.8712	0.586366938970425
8.8792	0.586344730724781
8.8872	0.586332195725958
8.8952	0.586328565636865
8.9032	0.58633358485648
8.9112	0.586347415354403
8.9192	0.586370501431137
8.9272	0.586403416214747
8.9352	0.58644670259835
8.9432	0.586500707948941
8.9512	0.58656546222337
8.9592	0.5866406361394
8.9672	0.586725606258668
8.9752	0.586819568372263
8.9832	0.586921704806763
8.9912	0.587031305052191
8.9992	0.587147794043574
9.0072	0.587270641565727
9.0152	0.587399232804424
9.0232	0.587532695612051
9.0312	0.587669794882396
9.0392	0.587808916595866
9.0472	0.587948137051959
9.0552	0.588085330554212
9.0632	0.588218334967948
9.0712	0.588345114993515
9.0792	0.588463831598161
9.0872	0.588572806273208
9.0952	0.58867044416789
9.1032	0.588755103264579
9.1112	0.588824979357626
9.1192	0.58887809888682
9.1272	0.588912437822497
9.1352	0.588926154302687
9.1432	0.588917934912203
9.1512	0.588887448274126
9.1592	0.588835632904608
9.1672	0.588764767637581
9.1752	0.588678338318717
9.1832	0.588580633871047
9.1912	0.588476110824833
9.1992	0.588368844555818
9.2072	0.588262165073618
9.2152	0.588158523504876
9.2232	0.588059616391357
9.2312	0.587966729730794
9.2392	0.587881059585373
9.2472	0.587803974269049
9.2552	0.587737037942936
9.2632	0.587681786475815
9.2712	0.587639348226583
9.2792	0.587610142103988
9.2872	0.587593612257254
9.2952	0.587588142400271
9.3032	0.587591111185279
9.3112	0.58759905517796
9.3192	0.587607877122052
9.3272	0.587613127618819
9.3352	0.587610240412228
9.3432	0.587594784549613
9.3512	0.587562712609655
9.3592	0.58751061744904
9.3672	0.587435925924379
9.3752	0.587337120091095
9.3832	0.587213943497863
9.3912	0.587067582449722
9.3992	0.58690082159664
9.4072	0.586718218357606
9.4152	0.586526247165282
9.4232	0.586333321055744
9.4312	0.586149615920936
9.4392	0.585986651504492
9.4472	0.585856667405661
9.4552	0.585771890492945
9.4632	0.585743879125915
9.4712	0.585783041779314
9.4792	0.585898412447469
9.4872	0.586097675916465
9.4952	0.586387323645511
9.5032	0.586772790728632
9.5112	0.587258471941725
9.5192	0.587847577270205
9.5272	0.58854179784144
9.5352	0.589340831771628
9.5432	0.590241850671321
9.5512	0.591238932841248
9.5592	0.592322373112203
9.5672	0.593478093658461
9.5752	0.5946873295404
9.5832	0.595926642450695
9.5912	0.597168276220972
9.5992	0.598381319761741
9.6072	0.599533515861236
9.6152	0.600593412001647
9.6232	0.601532744053101
9.6312	0.602328494496925
9.6392	0.602963873530595
9.6472	0.603428357404387
9.6552	0.603716915843076
9.6632	0.603828411386873
9.6712	0.603763723070864
9.6792	0.603524449599289
9.6872	0.603112293758043
9.6952	0.602529281745467
9.7032	0.601778790223604
9.7112	0.600867097659637
9.7192	0.599805036872238
9.7272	0.598609353707063
9.7352	0.59730343729334
9.7432	0.595917216252705
9.7512	0.59448633922451
9.7592	0.593050489032938
9.7672	0.591651213526002
9.7752	0.590329572659493
9.7832	0.58912388735782
9.7912	0.588067780606766
9.7992	0.587188886717404
9.8072	0.586508065918171
9.8152	0.586039094727276
9.8232	0.585788796298252
9.8312	0.58575748656146
9.8392	0.585939603621742
9.8472	0.586324574694393
9.8552	0.586897842212494
9.8632	0.587641997349662
9.8712	0.588538003685779
9.8792	0.589566305690988
9.8872	0.590707679379212
9.8952	0.591943754550617
9.9032	0.593257155437477
9.9112	0.594631364610847
9.9192	0.596050562239556
9.9272	0.597499540171898
9.9352	0.59896381453264
9.9432	0.600429966993958
9.9512	0.601886091628403
9.9592	0.603322255649118
9.9672	0.604730829588186
9.9752	0.60610644163154
9.9832	0.607445490986685
9.9912	0.608745350627331
9.9992	0.610003401263619
10.0072	0.611216164293916
10.0152	0.612378736604619
10.0232	0.613484613784842
10.0312	0.614525916667059
10.0392	0.615493957836865
10.0472	0.61637994567035
10.0552	0.617175639010293
10.0632	0.617873893446499
10.0712	0.618469065870901
10.0792	0.618957284723261
10.0872	0.619336659493548
10.0952	0.619607464174139
10.1032	0.619772248977006
10.1112	0.619835841759659
10.1192	0.619805213201449
10.1272	0.619689232713126
10.1352	0.619498334491447
10.1432	0.619244093901765
10.1512	0.618938732902458
10.1592	0.618594529127177
10.1672	0.6182231990776
10.1752	0.617835350268776
10.1832	0.617440076662487
10.1912	0.617044775935581
10.1992	0.616655315826084
10.2072	0.616276401175756
10.2152	0.615912008524488
10.2232	0.61556582332156
10.2312	0.615241568934207
10.2392	0.614943071729768
10.2472	0.614674214339074
10.2552	0.614438817658248
10.2632	0.61424048198879
10.2712	0.614082461149654
10.2792	0.613967603940151
10.2872	0.613898314660182
10.2952	0.613876576582389
10.3032	0.613904019175565
10.3112	0.613981906961718
10.3192	0.614111207828986
10.3272	0.614292618984357
10.3352	0.614526562963516
10.3432	0.614813115305334
10.3512	0.615151815187082
10.3592	0.615541196347734
10.3672	0.615978128828549
10.3752	0.616456932033855
10.3832	0.616968447423615
10.3912	0.617499332054638
10.3992	0.618031760079123
10.4072	0.618543530726144
10.4152	0.619008626085561
10.4232	0.6193980840057
10.4312	0.619680961678952
10.4392	0.61982525324315
10.4472	0.619798785308376
10.4552	0.619570197928971
10.4632	0.619110182102065
10.4712	0.618393060442251
10.4792	0.617398689970015
10.4872	0.616114544922572
10.4952	0.614537764357927
10.5032	0.612676938912095
10.5112	0.610553463857751
10.5192	0.608202206094665
10.5272	0.605671343169409
10.5352	0.603021243856774
10.5432	0.600322372953756
10.5512	0.597652227897212
10.5592	0.595091558170064
10.5672	0.592720177305752
10.5752	0.590612537532499
10.5832	0.588833349753784
10.5912	0.5874335551876
10.5992	0.586446917213361
10.6072	0.585887579096345
10.6152	0.585748993163985
10.6232	0.58600442509258
10.6312	0.58660899025467
10.6392	0.587502867836456
10.6472	0.588615206734369
10.6552	0.589868351902985
10.6632	0.591182067761573
10.6712	0.592477460591231
10.6792	0.593680642202407
10.6872	0.594726184843543
10.6952	0.595560152675383
10.7032	0.596142619520871
10.7112	0.596449577468059
10.7192	0.596473825917751
10.7272	0.596224636428352
10.7352	0.59572615376572
10.7432	0.595014658309442
10.7512	0.594135050917116
10.7592	0.593137160572021
10.7672	0.592072182001536
10.7752	0.590989515550169
10.7832	0.589934398559794
10.7912	0.58894632435202
10.7992	0.588058024517505
10.8072	0.587295057820302
10.8152	0.586675814728863
10.8232	0.586211652421295
10.8312	0.585907115878332
10.8392	0.585760296011986
10.8472	0.585763440379361
10.8552	0.585904019553777
10.8632	0.586166160828885
10.8712	0.586532232989781
10.8792	0.586984374955543
10.8872	0.5875056411058
10.8952	0.588080694523321
10.9032	0.588696137433313
10.9112	0.589340476557357
10.9192	0.590003801050992
10.9272	0.590677452892368
10.9352	0.591353644704117
10.9432	0.592025077532377
10.9512	0.592684715461025
10.9592	0.593325729125608
10.9672	0.593941488888094
10.9752	0.594525754633644
10.9832	0.595072983760485
10.9912	0.595578507419092
10.9992	0.596038581697949
11.0072	0.596450354990584
11.0152	0.596811774619209
11.0232	0.597121367090776
11.0312	0.597378098015676
11.0392	0.597581299927535
11.0472	0.597730742220294
11.0552	0.597826680778953
11.0632	0.597870008555547
11.0712	0.59786240763572
11.0792	0.597806490408473
11.0872	0.597705688462413
11.0952	0.597564054254096
11.1032	0.597386024864401
11.1112	0.597176185917808
11.1192	0.596938998880412
11.1272	0.596678692235897
11.1352	0.596399143500422
11.1432	0.596103788739395
11.1512	0.595795632403047
11.1592	0.595477328643954
11.1672	0.595151216281529
11.1752	0.594819491446594
11.1832	0.594484533065179
11.1912	0.594149173502599
11.1992	0.593816708628674
11.2072	0.593490737819619
11.2152	0.593174793224638
11.2232	0.592871750088399
11.2312	0.592583228703552
11.2392	0.592309238135862
11.2472	0.592048101618696
11.2552	0.591796666071216
11.2632	0.591550769793558
11.2712	0.591305809150201
11.2792	0.59105721686024
11.2872	0.59080086762287
11.2952	0.590533295303729
11.3032	0.590251722069074
11.3112	0.589954071268221
11.3192	0.589639033641173
11.3272	0.589306128148333
11.3352	0.588955860804101
11.3432	0.588590007317992
11.3512	0.588211805488109
11.3592	0.587826125684694
11.3672	0.587439653375235
11.3752	0.587061040958527
11.3832	0.586701097761399
11.3912	0.586373167846138
11.3992	0.58609354514449
11.4072	0.585881873367044
11.4152	0.585761468281392
11.4232	0.585759385773542
11.4312	0.585906157081581
11.4392	0.586235225983955
11.4472	0.586782036362771
11.4552	0.587582810128585
11.4632	0.588673038208831
11.4712	0.590085594042742
11.4792	0.591848807853988
11.4872	0.593984799526688
11.4952	0.596508325359079
11.5032	0.599426457251758
11.5112	0.602739296807383
11.5192	0.606441120804575
11.5272	0.610521681848317
11.5352	0.614967213713248
11.5432	0.619760719126643
11.5512	0.624881296448037
11.5592	0.63030316261265
11.5672	0.635994672101338
11.5752	0.641917780926894
11.5832	0.648028506226536
11.5912	0.654278652792445
11.5992	0.660617606384619
11.6072	0.666993304750595
11.6152	0.673352065777408
11.6232	0.679637773854699
11.6312	0.685790052028051
11.6392	0.691742735719803
11.6472	0.697423704293668
11.6552	0.702756081201933
11.6632	0.707659710641781
11.6712	0.712053338292725
11.6792	0.715857378394506
11.6872	0.71899643387474
11.6952	0.721401722816034
11.7032	0.723014101405102
11.7112	0.723786966882288
11.7192	0.723688566510515
11.7272	0.722703637298486
11.7352	0.720834279305586
11.7432	0.718099741924249
11.7512	0.714536078768923
11.7592	0.710195396034733
11.7672	0.705144082402507
11.7752	0.699461023049624
11.7832	0.693235756770596
11.7912	0.686566301218213
11.7992	0.679556548343442
11.8072	0.672314349613671
11.8152	0.664950158538103
11.8232	0.657575622298317
11.8312	0.650301059687092
11.8392	0.643231773751897
11.8472	0.636463531642231
11.8552	0.630078022569833
11.8632	0.624138988278601
11.8712	0.618689699731031
11.8792	0.613752157510813
11.8872	0.609328782727147
11.8952	0.605405797379079
11.9032	0.601957359604795
11.9112	0.598949710296766
11.9192	0.596345371869865
11.9272	0.594106407893186
11.9352	0.592196757729848
11.9432	0.590583865878751
11.9512	0.589239654531644
11.9592	0.588140639722928
11.9672	0.587267509309838
11.9752	0.586604251334747
11.9832	0.586137222119742
11.9912	0.585854510041955
11.9992	0.585745670543926
12.0072	0.585801656949617
12.0152	0.586014850895647
12.0232	0.586378970999474
12.0312	0.586888701479346
12.0392	0.587539118865397
12.0472	0.588325051310668
12.0552	0.589240550773825
12.0632	0.590278626606946
