8.2232	0.61055970749663
8.2312	0.610503419800821
8.2392	0.61048131023493
8.2472	0.610496839570119
8.2552	0.610553917625721
8.2632	0.610656654020514
8.2712	0.610809088851366
8.2792	0.611014879095019
8.2872	0.611276927263811
8.2952	0.611597014551252
8.3032	0.611975520824764
8.3112	0.612411250152345
8.3192	0.612901388656166
8.3272	0.613441620988123
8.3352	0.614026318696485
8.3432	0.614648705056667
8.3512	0.615300893929403
8.3592	0.61597371060368
8.3672	0.616656383207407
8.3752	0.617336258701024
8.3832	0.617998582433998
8.3912	0.618626436238098
8.3992	0.619201177491495
8.4072	0.619703365020635
8.4152	0.620113997330787
8.4232	0.62041600320354
8.4312	0.620595726109961
8.4392	0.620644026273636
8.4472	0.620556802335176
8.4552	0.620335029762443
8.4632	0.619984397079538
8.4712	0.619514752500084
8.4792	0.618939669348291
8.4872	0.618276006975924
8.4952	0.61754333128025
8.5032	0.6167631784707
8.5112	0.615958083556242
8.5192	0.615150426058092
8.5272	0.614361428934804
8.5352	0.613610475964309
8.5432	0.612914677837526
8.5512	0.612288654892233
8.5592	0.611744493967892
8.5672	0.611291650715678
8.5752	0.610936755798116
8.5832	0.610683448031579
8.5912	0.610532333152374
8.5992	0.610481143503357
8.6072	0.610525184298789
8.6152	0.610658050956898
8.6232	0.610872479922745
8.6312	0.611161120404399
8.6392	0.611517059044336
8.6472	0.611934053281879
8.6552	0.612406494798764
8.6632	0.612929217917074
8.6712	0.613497336094176
8.6792	0.614106303283925
8.6872	0.614752181684999
8.6952	0.615432025606739
8.7032	0.616144281253991
8.7112	0.616889059221244
8.7192	0.617668072325442
8.7272	0.618484273366513
8.7352	0.619341223261989
8.7432	0.620242310621153
8.7512	0.621190001977163
8.7592	0.622185337482632
8.7672	0.623227582743936
8.7752	0.624314156267969
8.7832	0.625440847861784
8.7912	0.626602166705808
8.7992	0.627791609142698
8.8072	0.629001992408957
8.8152	0.630225810406303
8.8232	0.63145547798545
8.8312	0.632683529189514
8.8392	0.633902862591663
8.8472	0.635106874453725
8.8552	0.636289400850696
8.8632	0.637444599681386
8.8712	0.63856682935305
8.8792	0.639650506403585
8.8872	0.64069000276088
8.8952	0.641679653476549
8.9032	0.642613735061236
8.9112	0.643486469617494
8.9192	0.644292154436535
8.9272	0.645025438774642
8.9352	0.645681695769443
8.9432	0.64625748958927
8.9512	0.646750958182768
8.9592	0.647161944943327
8.9672	0.647491790640031
8.9752	0.647742839104025
8.9832	0.647917715142663
8.9912	0.648018542594454
8.9992	0.648046249326434
9.0072	0.648000080922879
9.0152	0.647877374052007
9.0232	0.647673576063832
9.0312	0.647382470212033
9.0392	0.646996575756684
9.0472	0.646507694283699
9.0552	0.645907542624042
9.0632	0.645188442015342
9.0712	0.644344020750033
9.0792	0.643369868581409
9.0872	0.642264085251711
9.0952	0.641027699736411
9.1032	0.639664877425772
9.1112	0.63818299143338
9.1192	0.636592577599008
9.1272	0.634907054809863
9.1352	0.63314226671471
9.1432	0.631315987984399
9.1512	0.629447287178769
9.1592	0.627555761446496
9.1672	0.625660881901865
9.1752	0.623781400393651
9.1832	0.621934735541059
9.1912	0.620136394708122
9.1992	0.618399300546752
9.2072	0.616733038047878
9.2152	0.615143365477795
9.2232	0.613631982443158
9.2312	0.612196692778366
9.2392	0.61083223937635
9.2472	0.609531685256336
9.2552	0.608287888786551
9.2632	0.607094915324436
9.2712	0.605948983805695
9.2792	0.604848667657959
9.2872	0.603794439061669
9.2952	0.60278776537033
9.3032	0.601829942405551
9.3112	0.600921187986866
9.3192	0.600060151771346
9.3272	0.599243818527718
9.3352	0.598467712444833
9.3432	0.59772638337718
9.3512	0.597013845172848
9.3592	0.596323913793182
9.3672	0.595650505071168
9.3752	0.594987923874387
9.3832	0.594331122043399
9.3912	0.593675979739192
9.3992	0.593019669094755
9.4072	0.592360931373774
9.4152	0.591700208284198
9.4232	0.591039611936841
9.4312	0.590382662033621
9.4392	0.589733773920138
9.4472	0.589097651241899
9.4552	0.58847873202842
9.4632	0.587880872371541
9.4712	0.587307355323258
9.4792	0.586761166499504
9.4872	0.586245357296545
9.4952	0.585763370008885
9.5032	0.585319183964194
9.5112	0.584917230375599
9.5192	0.584562136624925
9.5272	0.584258442250107
9.5352	0.584010478571697
9.5432	0.583822469374203
9.5512	0.583698753402838
9.5592	0.583644074479723
9.5672	0.583663857982794
9.5752	0.583764295569768
9.5832	0.583952150755116
9.5912	0.584234275614512
9.5992	0.584616816034392
9.6072	0.585104212767018
9.6152	0.585698141929013
9.6232	0.586396537141921
9.6312	0.587192922920067
9.6392	0.588076275583522
9.6472	0.589031281921819
9.6552	0.590038991240436
9.6632	0.591077765871353
9.6712	0.5921242024547
9.6792	0.593153749564176
9.6872	0.594141272989566
9.6952	0.595061652150923
9.7032	0.595890554795372
9.7112	0.596605344969965
9.7192	0.597186315114898
9.7272	0.597617836655526
9.7352	0.597889090317519
9.7432	0.597994116078009
9.7512	0.597931408853126
9.7592	0.597703150945937
9.7672	0.597314592888501
9.7752	0.596774046533531
9.7832	0.596093531688298
9.7912	0.595289517675132
9.7992	0.594383420972092
9.8072	0.593401144700526
9.8152	0.592371538320591
9.8232	0.591324194673329
9.8312	0.590287254116483
9.8392	0.589285470963967
9.8472	0.588339138989823
9.8552	0.587463938320689
9.8632	0.586671297190147
9.8712	0.585968960209405
9.8792	0.585361495030234
9.8872	0.584850635715538
9.8952	0.584435588655168
9.9032	0.584113424940208
9.9112	0.583879558529895
9.9192	0.583728261040297
9.9272	0.583653136620615
9.9352	0.583647408807455
9.9432	0.583703972612615
9.9512	0.583815317392457
9.9592	0.583973458299693
9.9672	0.584169952780608
9.9752	0.58439609155386
9.9832	0.584643254482905
9.9912	0.584903373288194
9.9992	0.585169392834576
10.0072	0.58543566723917
10.0152	0.585698152426458
10.0232	0.585954395558513
10.0312	0.58620329078245
10.0392	0.586444667384408
10.0472	0.586678827941244
10.0552	0.586906229549539
10.0632	0.58712729915399
10.0712	0.587342450469144
10.0792	0.587552191648164
10.0872	0.587757250779293
10.0952	0.58795853099347
10.1032	0.58815694611141
10.1112	0.588353112762476
10.1192	0.588547066377579
10.1272	0.588738099066689
10.1352	0.588924802056974
10.1432	0.589105271335879
10.1512	0.589277444673897
10.1592	0.589439393560979
10.1672	0.589589453560233
10.1752	0.589726230112651
10.1832	0.589848572571902
10.1912	0.589955486140738
10.1992	0.590045979879139
10.2072	0.590119076305724
10.2152	0.590173930417583
10.2232	0.590209952049314
10.2312	0.590226945257246
10.2392	0.590225265892913
10.2472	0.590205779797363
10.2552	0.590169599957026
10.2632	0.590117824179437
10.2712	0.590051407391972
10.2792	0.58997118857807
10.2872	0.58987817366168
10.2952	0.589774032623177
10.3032	0.589661552611684
10.3112	0.589544885359834
10.3192	0.589429551291581
10.3272	0.589322095255705
10.3352	0.589229460551141
10.3432	0.589158381776043
10.3512	0.589114844769338
10.3592	0.589103682966182
10.3672	0.589128445557669
10.3752	0.589191485400679
10.3832	0.589294158890646
10.3912	0.589437236097005
10.3992	0.589621461300272
10.4072	0.589848075464631
10.4152	0.590119305576391
10.4232	0.590438696718288
10.4312	0.59081120606604
10.4392	0.591243131350204
10.4472	0.59174196987405
10.4552	0.59231614294334
10.4632	0.592974646130862
10.4712	0.593726767949369
10.4792	0.594581734662835
10.4872	0.595548260203003
10.4952	0.596634116027122
10.5032	0.597845799306175
10.5112	0.599188149831871
10.5192	0.600663873403146
10.5272	0.602272965198171
10.5352	0.604012193902014
10.5432	0.60587461621624
10.5512	0.60784945915006
10.5592	0.609922557252452
10.5672	0.612077388289485
10.5752	0.614296368006831
10.5832	0.616562190006185
10.5912	0.618858623237444
10.5992	0.621170639827701
10.6072	0.623483991970484
10.6152	0.62578462456387
10.6232	0.628058053765774
10.6312	0.630288982717374
10.6392	0.63246126338958
10.6472	0.634558091647894
10.6552	0.636562247996486
10.6632	0.638456321312339
10.6712	0.640222838942695
10.6792	0.641844514081889
10.6872	0.643304771678612
10.6952	0.644588420528708
10.7032	0.645682361744393
10.7112	0.646576148953893
10.7192	0.647262243145959
10.7272	0.647735829798381
10.7352	0.647994342782799
10.7432	0.648036865918091
10.7512	0.647863665744188
10.7592	0.647476050112182
10.7672	0.646876588912895
10.7752	0.646069645675621
10.7832	0.645062062915002
10.7912	0.643863734686892
10.7992	0.642487886442499
10.8072	0.640951055398062
10.8152	0.639272724028568
10.8232	0.637474736885556
10.8312	0.635580679850492
10.8392	0.633615429859283
10.8472	0.631604947463095
10.8552	0.629576241566392
10.8632	0.627557255493376
10.8712	0.625576521522357
10.8792	0.623662426898156
10.8872	0.621842044147251
10.8952	0.620139668882538
10.9032	0.618575362410281
10.9112	0.617163731489994
10.9192	0.615913263889404
10.9272	0.614826296020358
10.9352	0.613899447954587
10.9432	0.613124441389149
10.9512	0.612489213680998
10.9592	0.611979085378247
10.9672	0.611577892043661
10.9752	0.611269069180431
10.9832	0.611036590692904
10.9912	0.610865669469538
10.9992	0.610743218772207
11.0072	0.61065804175379
11.0152	0.610600808293865
11.0232	0.610563964471755
11.0312	0.610541647419487
11.0392	0.610529610596031
11.0472	0.610525135226268
11.0552	0.610526903884577
11.0632	0.610534801553319
11.0712	0.610549660899973
11.0792	0.610572998147401
11.0872	0.610606782687769
11.0952	0.610653260205323
11.1032	0.610714847304329
11.1112	0.610794082071727
11.1192	0.610893600643663
11.1272	0.611016125398541
11.1352	0.611164468821938
11.1432	0.611341506140388
11.1512	0.611550103572921
11.1592	0.611793039520682
11.1672	0.612072991123174
11.1752	0.612392621757623
11.1832	0.612754728386952
11.1912	0.613162344571464
11.1992	0.613618770523181
11.2072	0.614127520091216
11.2152	0.614692143728126
11.2232	0.615315952119701
11.2312	0.616001798206999
11.2392	0.616751997726019
11.2472	0.61756834414305
11.2552	0.618452205830644
11.2632	0.619404596156577
11.2712	0.620426147454157
11.2792	0.621516980747614
11.2872	0.622676569948219
11.2952	0.623903538469048
11.3032	0.625195435123422
11.3112	0.626548546013733
11.3192	0.627957685908678
11.3272	0.629415843912209
11.3352	0.630913870490861
11.3432	0.632440357548179
11.3512	0.633981772424938
11.3592	0.63552275981195
11.3672	0.637046650655269
11.3752	0.638536054368007
11.3832	0.639973306798108
11.3912	0.641340726142815
11.3992	0.642620814898801
11.4072	0.643796492640546
11.4152	0.64485148989139
11.4232	0.645771072253005
11.4312	0.646542964273962
11.4392	0.647158236187863
11.4472	0.647611959378603
11.4552	0.647903504565729
11.4632	0.648036438121872
11.4712	0.648018147761366
11.4792	0.647859336427958
11.4872	0.647573475222898
11.4952	0.647176280660272
11.5032	0.64668519566502
11.5112	0.646118846068541
11.5192	0.645496462287154
11.5272	0.64483736382192
11.5352	0.644160536832005
11.5432	0.643484341990481
11.5512	0.642826328448902
11.5592	0.642203135357075
11.5672	0.641630325353499
11.5752	0.641122134936689
11.5832	0.640691093060485
11.5912	0.640347540813632
11.5992	0.640099167502886
11.6072	0.639950697638408
11.6152	0.639903670936146
11.6232	0.639956419003745
11.6312	0.640104363916777
11.6392	0.640340604087463
11.6472	0.64065660880774
11.6552	0.64104295232421
11.6632	0.641489928790359
11.6712	0.64198783764092
11.6792	0.642526927279064
11.6872	0.643097107921582
11.6952	0.643687619185289
11.7032	0.644286839565885
11.7112	0.644882371263242
11.7192	0.645461332154111
11.7272	0.646010743756578
11.7352	0.646517898258379
11.7432	0.646970614942308
11.7512	0.647357355931344
11.7592	0.647667303669923
11.7672	0.647890519254448
11.7752	0.648018201072219
11.7832	0.648042992927573
11.7912	0.647959280910458
11.7992	0.64776340701674
11.8072	0.647453765205815
11.8152	0.647030816619681
11.8232	0.646497042901107
11.8312	0.645856794362383
11.8392	0.645115992896672
11.8472	0.644281687236775
11.8552	0.643361477229789
11.8632	0.642362905453631
11.8712	0.641292980532981
11.8792	0.640157957209857
11.8872	0.638963434534889
11.8952	0.637714696500243
11.9032	0.636417160294625
11.9112	0.635076717068274
11.9192	0.633699879017352
11.9272	0.632293681028005
11.9352	0.630865418982337
11.9432	0.629422348409876
11.9512	0.627971537361353
11.9592	0.626519897348243
11.9672	0.625074362132057
11.9752	0.623642123068326
11.9832	0.622230912946616
11.9912	0.620849223563577
11.9992	0.619506432343409
12.0072	0.618212839845709
12.0152	0.616979598938147
12.0232	0.615818548314197
12.0312	0.614741991321567
12.0392	0.61376234972082
12.0472	0.612891669990394
12.0552	0.612141140012898
12.0632	0.611520700867652
12.0712	0.6110388516036
12.0792	0.610702648613201
12.0872	0.610517859823952
12.0952	0.610489138555943
12.1032	0.610620088200737
12.1112	0.610913087968588
12.1192	0.611368851661191
12.1272	0.611985783550856
12.1352	0.612759242390894
12.1432	0.613680911614003
12.1512	0.614738464656332
12.1592	0.615915618085318
12.1672	0.617192540509891
12.1752	0.618546447230405
12.1832	0.619952315956156
12.1912	0.621383621160322
12.1992	0.62281311366041
12.2072	0.624213675882915
12.2152	0.625559475588876
12.2232	0.62682729957412
12.2312	0.627997940937521
12.2392	0.629057125473849
12.2472	0.629995945193312
12.2552	0.630810553508254
12.2632	0.631501550589393
12.2712	0.632073235250618
12.2792	0.632533024997411
12.2872	0.632890891366369
12.2952	0.633158790532026
12.3032	0.633349653399984
12.3112	0.633476113240208
12.3192	0.633548824603749
12.3272	0.633575084072572
