0.0072	-0.130931000385725
0.0152	-0.104094395895227
0.0232	-0.079105611533938
0.0312	-0.055881297026387
0.0392	-0.0343403775985634
0.0472	-0.0144039089451589
0.0552	0.00400504133728578
0.0632	0.0209614795470724
0.0712	0.0365385285984167
0.0792	0.0508074511209137
0.0872	0.0638376810853946
0.0952	0.0756968426408706
0.1032	0.0864507236222795
0.1112	0.096163210372715
0.1192	0.104896190807689
0.1272	0.112709462475664
0.1352	0.119660664430876
0.1432	0.12580524476995
0.1512	0.131196456660797
0.1592	0.135885376815428
0.1672	0.139920947718488
0.1752	0.143350037171421
0.1832	0.146217501935583
0.1912	0.148566246538293
0.1992	0.150437270350262
0.2072	0.15186969668389
0.2152	0.152900784725281
0.2232	0.15356593514879
0.2312	0.153898701415451
0.2392	0.153930815413843
0.2472	0.153692231119951
0.2552	0.153211182005454
0.2632	0.152514245192078
0.2712	0.151626405836715
0.2792	0.150571116769362
0.2872	0.149370353479775
0.2952	0.148044667198623
0.3032	0.146613239445259
0.3112	0.145093939814426
0.3192	0.143503384926946
0.3272	0.141856994872349
0.3352	0.140169046206088
0.3432	0.138452720675454
0.3512	0.136720148626041
0.3592	0.134982450312302
0.3672	0.133249779285725
0.3752	0.131531368203904
0.3832	0.129835577138294
0.3912	0.128169943510555
0.3992	0.126541229927053
0.4072	0.124955469372059
0.4152	0.1234180074689
0.4232	0.121933541567578
0.4312	0.120506154010366
0.4392	0.119139342238905
0.4472	0.11783604601652
0.4552	0.116598672427145
0.4632	0.115429119732112
0.4712	0.114328801132641
0.4792	0.113298669700741
0.4872	0.112339245687891
0.4952	0.111450643691792
0.5032	0.110632599033414
0.5112	0.109884494926363
0.5192	0.109205389889028
0.5272	0.108594043536099
0.5352	0.108048941947169
0.5432	0.107568324230677
0.5512	0.107150211356399
0.5592	0.106792439644543
0.5672	0.106492699725936
0.5752	0.106248579285373
0.5832	0.10605760761561
0.5912	0.105917298986276
0.5992	0.105825189494341
0.6072	0.105778865094955
0.6152	0.105775981123757
0.6232	0.105814274457862
0.6312	0.105891570609923
0.6392	0.1060057880028
0.6472	0.106154940160108
0.6552	0.106337135088144
0.6632	0.106550571252435
0.6712	0.106793529654175
0.6792	0.107064361275879
0.6872	0.107361468876043
0.6952	0.107683281743284
0.7032	0.108028221562825
0.7112	0.108394657007757
0.7192	0.108780844081626
0.7272	0.109184848711943
0.7352	0.109604447859056
0.7432	0.110037005928832
0.7512	0.110479325433162
0.7592	0.110927476155651
0.7672	0.111376618044433
0.7752	0.111820853391268
0.7832	0.112253178396529
0.7912	0.112665657707973
0.7992	0.113050019324496
0.8072	0.113398953579573
0.8152	0.11370847716618
0.8232	0.113981767932976
0.8312	0.113664378272532
0.8392	0.113322037306552
0.8472	0.112961024531805
0.8552	0.11258644318554
0.8632	0.11220233978977
0.8712	0.111811830704857
0.8792	0.111417241871978
0.8872	0.111020223906119
0.8952	0.110621934504246
0.9032	0.110223328869346
0.9112	0.10982556496209
0.9192	0.109430431521126
0.9272	0.109040663027566
0.9352	0.108660000135857
0.9432	0.108293017800886
0.9512	0.10794471083137
0.9592	0.107619907868247
0.9672	0.107322651154441
0.9752	0.107055654434375
0.9832	0.106819975678738
0.9912	0.106615022756723
0.9992	0.106438863541422
1.0072	0.106288727752118
1.0152	0.106161591027188
1.0232	0.106054706583858
1.0312	0.10596595666339
1.0392	0.105894004370201
1.0472	0.105838295227873
1.0552	0.105798963219831
1.0632	0.105776743375128
1.0712	0.10577293582855
1.0792	0.105789426649183
1.0872	0.10582873751164
1.0952	0.105894052484342
1.1032	0.105989179152796
1.1112	0.106118438208368
1.1192	0.106286510524532
1.1272	0.106498289104778
1.1352	0.106758756817862
1.1432	0.107072870788137
1.1512	0.10744539849438
1.1592	0.107880656023767
1.1672	0.108382087206039
1.1752	0.108951696845775
1.1832	0.109589440833629
1.1912	0.110292738797052
1.1992	0.111056178359399
1.2072	0.111871503506841
1.2152	0.112727793806703
1.2232	0.113611793983113
1.2312	0.114508287117597
1.2392	0.115400609567795
1.2472	0.11627117657402
1.2552	0.117102129631357
1.2632	0.117876100168816
1.2712	0.118577095540117
1.2792	0.119191301785371
1.2872	0.119707743092733
1.2952	0.120118687585958
1.3032	0.120419891387097
1.3112	0.120610642101651
1.3192	0.120693547017492
1.3272	0.120674141614586
1.3352	0.120560479582348
1.3432	0.12036255122484
1.3512	0.12009152457779
1.3592	0.119758993967943
1.3672	0.119376258400409
1.3752	0.118953722605368
1.3832	0.118500541224912
1.3912	0.118024474158793
1.3992	0.117531902346903
1.4072	0.117028157347933
1.4152	0.116517866778917
1.4232	0.116005138585133
1.4312	0.115493632033718
1.4392	0.114986578543853
1.4472	0.11448666112437
1.4552	0.113995924210553
1.4632	0.113515809597356
1.4712	0.113047351252276
1.4792	0.112591367711178
1.4872	0.112148597738783
1.4952	0.111719714215058
1.5032	0.111305274949753
1.5112	0.110905646282657
1.5192	0.110520918416207
1.5272	0.110150850306953
1.5352	0.109794921512803
1.5432	0.109452445135191
1.5512	0.109122682746689
1.5592	0.108804955992596
1.5672	0.108498761703189
1.5752	0.108203872304804
1.5832	0.107920404301307
1.5912	0.107648851109236
1.5992	0.107390075889921
1.6072	0.107145269415761
1.6152	0.106915881349033
1.6232	0.106703532348715
1.6312	0.106509886373117
1.6392	0.10633653765465
1.6472	0.106184910288951
1.6552	0.106056175789179
1.6632	0.105951195188031
1.6712	0.105870475612318
1.6792	0.105814102089671
1.6872	0.105781648906361
1.6952	0.105772089063999
1.7032	0.105783730248662
1.7112	0.105814221595439
1.7192	0.105860651786528
1.7272	0.105919714027642
1.7352	0.105987898077394
1.7432	0.106061660615801
1.7512	0.106137533475471
1.7592	0.106212170595393
1.7672	0.106282368229472
1.7752	0.106345097988381
1.7832	0.106397586990371
1.7912	0.106437436156646
1.7992	0.106462751217565
1.8072	0.106472242605604
1.8152	0.106465304641419
1.8232	0.106442070316026
1.8312	0.106403429262743
1.8392	0.106351010925574
1.8472	0.106287164548567
1.8552	0.106214893398663
1.8632	0.10613773114527
1.8712	0.106059564789771
1.8792	0.105984410944502
1.8872	0.105916151947162
1.8952	0.105858289190324
1.9032	0.105813736073626
1.9112	0.105784665486391
1.9192	0.105772418425315
1.9272	0.105777471390485
1.9352	0.10579946077386
1.9432	0.10583725402472
1.9512	0.105889048255387
1.9592	0.105952475960844
1.9672	0.106024694460134
1.9752	0.106102469484012
1.9832	0.106182287797606
1.9912	0.106260480546731
1.9992	0.10633335162016
2.0072	0.106397319840309
2.0152	0.106449047779417
2.0232	0.106485554279173
2.0312	0.106504343574733
2.0392	0.106503554498281
2.0472	0.106482130553858
2.0552	0.106440046695023
2.0632	0.106378515023335
2.0712	0.106300105164839
2.0792	0.106208791454491
2.0872	0.106109929381489
2.0952	0.106010159706952
2.1032	0.105917286325975
2.1112	0.105840145053988
2.1192	0.105788420213191
2.1272	0.105772341012206
2.1352	0.105802214932727
2.1432	0.105887824460154
2.1512	0.106037757844671
2.1592	0.106258817833811
2.1672	0.106555690829595
2.1752	0.106930998200815
2.1832	0.10738577728254
2.1912	0.107920316709675
2.1992	0.10853507798826
2.2072	0.109231505336168
2.2152	0.110012548421831
2.2232	0.110882687264162
2.2312	0.111847497902183
2.2392	0.112912984231635
2.2472	0.114084720904598
2.2552	0.115366969206063
2.2632	0.116762033382189
2.2712	0.118269860329021
2.2792	0.1198877639043
2.2872	0.121610325528742
2.2952	0.123429504655588
2.3032	0.125334879001398
2.3112	0.127314027794511
2.3192	0.129353032932508
2.3272	0.131437056407574
2.3352	0.133550784739947
2.3432	0.135678655010877
2.3512	0.137804807777283
2.3592	0.139912906225462
2.3672	0.141986062517784
2.3752	0.144007029441344
2.3832	0.145958749215307
2.3912	0.147825232300443
2.3992	0.149592524731779
2.4072	0.151249603036042
2.4152	0.152788968693295
2.4232	0.15420676875728
2.4312	0.155502465754597
2.4392	0.156678262649133
2.4472	0.157738329649686
2.4552	0.158687930496366
2.4632	0.159532697907285
2.4712	0.160278110365639
2.4792	0.160929146730456
2.4872	0.161490162254132
2.4952	0.16196495021743
2.5032	0.162356952396001
2.5112	0.162669569256948
2.5192	0.162906493271129
2.5272	0.163072050333481
2.5352	0.163171543162608
2.5432	0.16321158528832
2.5512	0.163200419902474
2.5592	0.163148092431283
2.5672	0.16306634981731
2.5752	0.162968171047461
2.5832	0.162866886893739
2.5912	0.162775050872645
2.5992	0.162703302025306
2.6072	0.162659443800957
2.6152	0.162647920373783
2.6232	0.162669716307243
2.6312	0.162722502063144
2.6392	0.162800905976858
2.6472	0.162896803069782
2.6552	0.16299956674389
2.6632	0.163096335913084
2.6712	0.16317233795058
2.6792	0.163211291686155
2.6872	0.163195939973248
2.6952	0.163108710498733
2.7032	0.162932537022371
2.7112	0.162651811182451
2.7192	0.162253355307128
2.7272	0.161727284250397
2.7352	0.161067547903004
2.7432	0.160272068861275
2.7512	0.159342537885805
2.7592	0.158283908795351
2.7672	0.157103679746875
2.7752	0.155811132863496
2.7832	0.154416548887205
2.7912	0.152930433292994
2.7992	0.151362962207909
2.8072	0.149723829661219
2.8152	0.148022398522519
2.8232	0.14626803586596
2.8312	0.144470574461667
2.8392	0.142640607672483
2.8472	0.140789453879026
2.8552	0.138928804411266
2.8632	0.137070236690989
2.8712	0.135224626278427
2.8792	0.133401711387003
2.8872	0.131609872650159
2.8952	0.129856034304976
2.9032	0.128145535546112
2.9112	0.126482098901708
2.9192	0.124867878622338
2.9272	0.12330363159335
2.9352	0.121789163241435
2.9432	0.120323916669368
2.9512	0.118907644743829
2.9592	0.117541041781986
2.9672	0.116226164147308
2.9752	0.114966559278793
2.9832	0.113767168737259
2.9912	0.112633895686802
2.9992	0.111573025806097
3.0072	0.110590604294682
3.0152	0.109691918568649
3.0232	0.108881154984475
3.0312	0.108161342884178
3.0392	0.1075344339299
3.0472	0.107001558444393
3.0552	0.106563372116619
3.0632	0.106220414072102
3.0712	0.105973398977007
3.0792	0.105823435697324
3.0872	0.105772055662531
3.0952	0.105821023124362
3.1032	0.105971971815679
3.1112	0.10622595736795
3.1192	0.106583063578199
3.1272	0.10704217213999
3.1352	0.107600957292016
3.1432	0.10825611045848
3.1512	0.109003679603694
3.1592	0.109839364388026
3.1672	0.110758745892566
3.1752	0.111757395013507
3.1832	0.112830798507083
3.1912	0.113974179335288
3.1992	0.115182347508527
3.2072	0.116449604092446
3.2152	0.117769725840361
3.2232	0.119136035878064
3.2312	0.120541563815878
3.2392	0.12197927155395
3.2472	0.123442314469972
3.2552	0.124924302389327
3.2632	0.126419433013763
3.2712	0.127922600658638
3.2792	0.129429348900896
3.2872	0.130935513225987
3.2952	0.132436593475011
3.3032	0.133927092402835
3.3112	0.135399965371512
3.3192	0.136846399680443
3.3272	0.138256130169391
3.3352	0.139618232670938
3.3432	0.140922145611859
3.3512	0.142158752042863
3.3592	0.143321115298824
3.3672	0.14440469901869
3.3752	0.14540718431997
3.3832	0.146328084095253
3.3912	0.147168226751913
3.3992	0.147929385295853
3.4072	0.148614123247022
3.4152	0.149225746573832
3.4232	0.14976829637497
3.4312	0.150246523978851
3.4392	0.150665763289866
3.4472	0.151031747927249
3.4552	0.151350415524744
3.4632	0.151627647420673
3.4712	0.151868999843963
3.4792	0.152079527165026
3.4872	0.152263668442167
3.4952	0.152425176747012
3.5032	0.152567143156109
3.5112	0.152692086388307
3.5192	0.15280207457653
3.5272	0.152898864125509
3.5352	0.152984027474943
3.5432	0.153059019547421
3.5512	0.153125211866451
3.5592	0.153183900154299
3.5672	0.153236284006514
3.5752	0.153283436420435
3.5832	0.15332630136857
3.5912	0.153365696946357
3.5992	0.153402323856628
3.6072	0.153436784778491
3.6152	0.153469617871069
3.6232	0.153501305265813
3.6312	0.153532255005361
3.6392	0.153562760720858
3.6472	0.153592944820661
3.6552	0.15362269245102
3.6632	0.153651621800165
3.6712	0.153679102719408
3.6792	0.153704318738132
3.6872	0.153726355872962
3.6952	0.153744286559228
3.7032	0.15375719727713
3.7112	0.153764147858396
3.7192	0.153764056753713
3.7272	0.153755512641929
3.7352	0.153736525136626
3.7432	0.153704254911132
3.7512	0.153654744548857
3.7592	0.153582687406166
3.7672	0.153481293859428
3.7752	0.153342308564661
3.7832	0.153156181429532
3.7912	0.152912379883137
3.7992	0.152599793526833
3.8072	0.152207074928189
3.8152	0.151722764147507
3.8232	0.151135140028388
3.8312	0.150431777558003
3.8392	0.149598951752973
3.8472	0.14862113063169
3.8552	0.147480808201927
3.8632	0.146158879273889
3.8712	0.144635805571446
3.8792	0.142893571977821
3.8872	0.140918289761229
3.8952	0.138703108356098
3.9032	0.136251106366435
3.9112	0.133577727601594
3.9192	0.130712472029283
3.9272	0.127699448181854
3.9352	0.124596822424178
3.9432	0.121475241658153
3.9512	0.118415303200767
3.9592	0.115504128965426
3.9672	0.112831287214895
3.9752	0.110484226767489
3.9832	0.108543640142343
3.9912	0.107079023556318
3.9992	0.106144767777738
4.0072	0.1057771373878
4.0152	0.105992354649032
4.0232	0.106785816468554
4.0312	0.10813241192338
4.0392	0.109987825494554
4.0472	0.112290795313975
4.0552	0.114966315283833
4.0632	0.117929774439874
4.0712	0.121091995753494
4.0792	0.124364673648411
