12.2632	0.839874564494375
12.2712	0.840953692623331
12.2792	0.842102468977972
12.2872	0.8433051892791
12.2952	0.844545539091426
12.3032	0.845806540165126
12.3112	0.847070446326831
12.3192	0.848318766400066
12.3272	0.849532514515474
12.3352	0.850692546959925
12.3432	0.851780064754281
12.3512	0.85277701406234
12.3592	0.853666302623242
12.3672	0.854431876183371
12.3752	0.855058792766739
12.3832	0.855533193861125
12.3912	0.855842485105283
12.3992	0.855975763628158
12.4072	0.855924454544346
12.4152	0.855683014848394
12.4232	0.855249736270275
12.4312	0.854627429552086
12.4392	0.85382399799535
12.4472	0.85285285013009
12.4552	0.851732889744811
12.4632	0.850487939606674
12.4712	0.849145763185126
12.4792	0.84773676855996
12.4872	0.846292498445665
12.4952	0.844844147006226
12.5032	0.843421382065292
12.5112	0.842051598409908
12.5192	0.840759580871778
12.5272	0.839567395593875
12.5352	0.83849442445033
12.5432	0.837557512692833
12.5512	0.836771165405659
12.5592	0.836147621227452
12.5672	0.835696818472473
12.5752	0.835426413576914
12.5832	0.835341930695696
12.5912	0.835447061388753
12.5992	0.835744122185131
12.6072	0.83623453546394
12.6152	0.836919065822227
12.6232	0.837797596740976
12.6312	0.838868394159518
12.6392	0.840127051865663
12.6472	0.841565382797844
12.6552	0.843170487907492
12.6632	0.844924223641723
12.6712	0.846803193789692
12.6792	0.848779105691458
12.6872	0.850819306978914
12.6952	0.852887604271622
12.7032	0.854945401131573
12.7112	0.856953113595501
12.7192	0.858871798693173
12.7272	0.860664883606448
12.7352	0.862299753077748
12.7432	0.863749027789358
12.7512	0.864991450693349
12.7592	0.866012360180524
12.7672	0.866803819789416
12.7752	0.867364563150874
12.7832	0.867699899125743
12.7912	0.867821563205036
12.7992	0.867747386422587
12.8072	0.867500661443916
12.8152	0.86710913108429
12.8232	0.866603630815907
12.8312	0.866016582356042
12.8392	0.865380580560709
12.8472	0.86472728298441
12.8552	0.86408670621966
12.8632	0.863486782575941
12.8712	0.862953045404753
12.8792	0.86250828154902
12.8872	0.862171883792575
12.8952	0.861958857210531
12.9032	0.861878812329308
12.9112	0.861935136780913
12.9192	0.862124532966919
12.9272	0.862437129997414
12.9352	0.862857201814125
12.9432	0.863364376552628
12.9512	0.863935021982007
12.9592	0.864543540907767
12.9672	0.865163476822236
12.9752	0.865768453224113
12.9832	0.866332987814578
12.9912	0.866833322036657
12.9992	0.867248290700169
13.0072	0.867560080332605
13.0152	0.867754777392687
13.0232	0.867822598432344
13.0312	0.867757771290468
13.0392	0.867558164041483
13.0472	0.86722479866593
13.0552	0.86676135223137
13.0632	0.86617369068593
13.0712	0.865469422807447
13.0792	0.864657393957158
13.0872	0.863747144837195
13.0952	0.862748261775061
13.1032	0.861669764421052
13.1112	0.860519702828236
13.1192	0.859305136678528
13.1272	0.858032331023429
13.1352	0.856707178883126
13.1432	0.855335731895188
13.1512	0.853924826527532
13.1592	0.85248266921563
13.1672	0.851019379768879
13.1752	0.849547329744694
13.1832	0.848081252130941
13.1912	0.84663796414568
13.1992	0.845235618131094
13.2072	0.843892533479933
13.2152	0.842625911979379
13.2232	0.841450604583175
13.2312	0.84037814075536
13.2392	0.839416192618442
13.2472	0.838568541496253
13.2552	0.837835397016639
13.2632	0.837213898719143
13.2712	0.836698674201276
13.2792	0.83628241406315
13.2872	0.83595643080444
13.2952	0.835711201105915
13.3032	0.835536839327104
13.3112	0.835423462355607
13.3192	0.835361465783397
13.3272	0.835341711072929
13.3352	0.835355607248975
13.3432	0.83539513520969
13.3512	0.835452866270246
13.3592	0.835522015718449
13.3672	0.835596578928917
13.3752	0.835671490153695
13.3832	0.83574272093536
13.3912	0.83580728685107
13.3992	0.835863121871699
13.4072	0.835908847392686
13.4152	0.835943551944293
13.4232	0.835966627603201
13.4312	0.835977684692323
13.4392	0.83597658973137
13.4472	0.835963580130509
13.4552	0.8359393423496
13.4632	0.83590504545231
13.4712	0.835862318933276
13.4792	0.835813154874691
13.4872	0.835759750607323
13.4952	0.835704354653775
13.5032	0.83564911808025
13.5112	0.835595965915217
13.5192	0.835546497416717
13.5272	0.835501933420689
13.5352	0.835463097385918
13.5432	0.835430421549936
13.5512	0.835403969132288
13.5592	0.835383466138382
13.5672	0.835368343604725
13.5752	0.83535781350155
13.5832	0.835350962327324
13.5912	0.835346851192061
13.5992	0.835344620729712
13.6072	0.835343588470517
13.6152	0.835343323543229
13.6232	0.835343696677627
13.6312	0.835344902959829
13.6392	0.835347458286241
13.6472	0.835352177347867
13.6552	0.835360150442893
13.6632	0.835372735662832
13.6712	0.835391577206838
13.6792	0.835418661372946
13.6872	0.835456411387859
13.6952	0.835507804000377
13.7032	0.835576501863653
13.7112	0.835667000214813
13.7192	0.835784776506131
13.7272	0.835936431207279
13.7352	0.836129831695775
13.7432	0.836374261282149
13.7512	0.83668058604661
13.7592	0.83706142147928
13.7672	0.837531278795416
13.7752	0.838106617531089
13.7832	0.838805735624326
13.7912	0.83964841087445
13.7992	0.84065528647877
13.8072	0.841847021745824
13.8152	0.843243265168493
13.8232	0.844861551265966
13.8312	0.846716256892893
13.8392	0.848817650434645
13.8472	0.851171073972749
13.8552	0.853776295786461
13.8632	0.856627077153468
13.8712	0.859710969682921
13.8792	0.863009302495341
13.8872	0.866497226314678
13.8952	0.870143717833991
13.9032	0.873911462122678
13.9112	0.87775656019809
13.9192	0.881628268390545
13.9272	0.885468996664635
13.9352	0.889214648245073
13.9432	0.89279528625256
13.9512	0.896136106380798
13.9592	0.899158552952327
13.9672	0.901781595137061
13.9752	0.903923369834846
13.9832	0.905503141010848
13.9912	0.906443642134977
13.9992	0.906673870088278
14.0072	0.906132342820803
14.0152	0.904770884286153
14.0232	0.902559000229499
14.0312	0.899488661122338
14.0392	0.895578967768794
14.0472	0.890879862265801
14.0552	0.885473995064592
14.0632	0.879476260806704
14.0712	0.873030580469428
14.0792	0.866304425963223
14.0872	0.859482164686273
14.0952	0.852757886603471
14.1032	0.846328053454486
14.1112	0.840384615982348
14.1192	0.835108007967302
14.1272	0.830660065565442
14.1352	0.827177508950515
14.1432	0.824765905093796
14.1512	0.823494055781689
14.1592	0.823390568121613
14.1672	0.824442997779254
14.1752	0.826598680427603
14.1832	0.829766908850686
14.1912	0.833823612927993
14.1992	0.838618556901074
14.2072	0.843984517130185
14.2152	0.849747620656393
14.2232	0.855737956020873
14.2312	0.861798513054357
14.2392	0.867791274642598
14.2472	0.873599488610705
14.2552	0.87912683921863
14.2632	0.884294506954352
14.2712	0.889037716897176
14.2792	0.893302340638905
14.2872	0.897042081195301
14.2952	0.900216535338233
14.3032	0.902790318842737
14.3112	0.904732989476712
14.3192	0.906019822575268
14.3272	0.906633255048554
14.3352	0.906564606320349
14.3432	0.905815577799199
14.3512	0.904399218447148
14.3592	0.902340361522048
14.3672	0.899675732844949
14.3752	0.896453962259787
14.3832	0.892735452698869
14.3912	0.888591989489108
14.3992	0.884105754648864
14.4072	0.879367727148452
14.4152	0.874475264026317
14.4232	0.869529068613067
14.4312	0.864629831908296
14.4392	0.859875126711805
14.4472	0.855356556559845
14.4552	0.851157389302933
14.4632	0.847350779592796
14.4712	0.84399868456372
14.4792	0.841151323209721
14.4872	0.838847123357427
14.4952	0.837112868317631
14.5032	0.835963832589145
14.5112	0.835403588422837
14.5192	0.835423469159715
14.5272	0.836001874444901
14.5352	0.837103793600074
14.5432	0.83868087751278
14.5512	0.840672268479092
14.5592	0.843006212961496
14.5672	0.845602250345275
14.5752	0.848373647256101
14.5832	0.851229986722299
14.5912	0.854079973961044
14.5992	0.856834408034537
14.6072	0.859409356395576
14.6152	0.861729446136028
14.6232	0.86373089578259
14.6312	0.865363873034812
14.6392	0.866593955776127
14.6472	0.867402517363485
14.6552	0.867786133890286
14.6632	0.867755321719021
14.6712	0.867332927542263
14.6792	0.866552424796118
14.6872	0.865456226522495
14.6952	0.864094004020256
14.7032	0.862520920189402
14.7112	0.860795701581886
14.7192	0.858978531305649
14.7272	0.857128959476542
14.7352	0.855304048761536
14.7432	0.85355696045134
14.7512	0.851935768962498
14.7592	0.850482500450387
14.7672	0.849232508310435
14.7752	0.848214267196356
14.7832	0.847449190759876
14.7912	0.846951610989682
14.7992	0.846728843886301
14.8072	0.846781231379924
14.8152	0.84710202063144
14.8232	0.847677233975187
14.8312	0.848485755829109
14.8392	0.849499940648587
14.8472	0.850686605248786
14.8552	0.852008371719138
14.8632	0.853425402698106
14.8712	0.854897449698826
14.8792	0.856385729515527
14.8872	0.857854561291037
14.8952	0.859272654029886
14.9032	0.860614014534558
14.9112	0.861858295626918
14.9192	0.86299054367193
14.9272	0.864000585749627
14.9352	0.864882361161279
14.9432	0.865633575662614
14.9512	0.86625566357817
14.9592	0.866753839908348
14.9672	0.867137036365039
14.9752	0.867417518895012
14.9832	0.867610059199899
14.9912	0.867730785684627
14.9992	0.867795964046469
15.0072	0.867820860152618
15.0152	0.867818848676066
15.0232	0.867800888718665
15.0312	0.867775351982446
15.0392	0.867748138261409
15.0472	0.867722997822125
15.0552	0.867701970543381
15.0632	0.867685882810832
15.0712	0.867674816905249
15.0792	0.867668492852192
15.0872	0.867666546469856
15.0952	0.867668686263846
15.1032	0.867674715129569
15.1112	0.867684452068923
15.1192	0.867697608059063
15.1272	0.867713662450059
15.1352	0.867731789554028
15.1432	0.867750888946374
15.1512	0.867769701414876
15.1592	0.867786963313175
15.1672	0.867801560634025
15.1752	0.867812645245743
15.1832	0.867819694495471
15.1912	0.867822539971798
15.1992	0.867821379752075
15.2072	0.867816774367396
15.2152	0.867809633377189
15.2232	0.86780117204725
15.2312	0.86779281648806
15.2392	0.867786059828421
15.2472	0.867782259422279
15.2552	0.867782387539224
15.2632	0.867786784165282
15.2712	0.867794942104716
15.2792	0.867805362337205
15.2872	0.867815526111539
15.2952	0.867821985469599
15.3032	0.867820548083294
15.3112	0.867806519207542
15.3192	0.867774945164849
15.3272	0.867720827631177
15.3352	0.867639301079888
15.3432	0.867525784258726
15.3512	0.867376139778138
15.3592	0.867186878431899
15.3672	0.866955397739366
15.3752	0.86668020768887
15.3832	0.866361067446656
15.3912	0.865998979732937
15.3992	0.865595994127733
15.4072	0.865154837669378
15.4152	0.86467843612467
15.4232	0.864169450771322
15.4312	0.863629897068263
15.4392	0.863060891250543
15.4472	0.862462543523072
15.4552	0.86183403762708
15.4632	0.861173877254369
15.4712	0.860480331439602
15.4792	0.859751989961206
15.4872	0.858988387608619
15.4952	0.858190536916584
15.5032	0.857361213939177
15.5112	0.856504875060229
15.5192	0.855627214008936
15.5272	0.854184607112992
15.5352	0.852794098771041
15.5432	0.851477144240486
15.5512	0.850245809837093
15.5592	0.849104147012107
15.5672	0.848050381934936
15.5752	0.847079077911302
15.5832	0.846182881003767
15.5912	0.845353761948618
15.5992	0.844583816079176
15.6072	0.843865723571414
15.6152	0.843192975788954
15.6232	0.842559953306022
15.6312	0.841961916603574
15.6392	0.841394951355191
15.6472	0.84085589747251
15.6552	0.840342274334095
15.6632	0.839852213127962
15.6712	0.839384399105073
15.6792	0.83893802206741
15.6872	0.838512730986839
15.6952	0.838108593022187
15.7032	0.83772605336588
15.7112	0.837365895240605
15.7192	0.837029202366195
15.7272	0.836717325497115
15.7352	0.836431855473514
15.7432	0.836174600810284
15.7512	0.835947566380042
15.7592	0.83575292816398
15.7672	0.835593000938213
15.7752	0.835470197615971
15.7832	0.835386983442727
15.7912	0.835345830331639
15.7992	0.835349176916222
15.8072	0.835399397568399
15.8152	0.83549878073028
15.8232	0.835649514933823
15.8312	0.835853679039733
15.8392	0.836113233111255
15.8472	0.836430007904637
15.8552	0.836805693033416
15.8632	0.837241823631826
15.8712	0.837739766951183
15.8792	0.838300708383483
15.8872	0.838925636938126
15.8952	0.839615330730618
15.9032	0.840370342387313
15.9112	0.841190984507322
15.9192	0.842077318140021
15.9272	0.843029145694146
15.9352	0.844046008709201
15.9432	0.845127190801039
15.9512	0.846271725359101
15.9592	0.847478402843203
15.9672	0.848745776248443
15.9752	0.850072164168138
15.9832	0.851455648610152
15.9912	0.852894069136842
15.9992	0.854385018224149
16.0072	0.855925838761224
16.0152	0.857513624317225
16.0232	0.859145223009449
16.0312	0.860817244941523
16.0392	0.862526070895253
16.0472	0.864267862386265
16.0552	0.866038572232398
16.0632	0.86783395549105
16.0712	0.869649579234899
16.0792	0.871480833021345
16.0872	0.87332293938874
16.0952	0.875170963606152
16.1032	0.877019821999224
16.1112	0.878864291417644
16.1192	0.880699020452331
16.1272	0.882518542323969
16.1352	0.884317286881083
16.1432	0.886089593347373
16.1512	0.887829720781336
16.1592	0.889531853589797
16.1672	0.891190102228255
16.1752	0.892798500068576
16.1832	0.894350998281337
16.1912	0.89584146290509
16.1992	0.897263677580879
16.2072	0.898611351597743
16.2152	0.899878132908775
16.2232	0.901057626008636
16.2312	0.90214341176427
16.2392	0.903129063713335
16.2472	0.904008158956556
16.2552	0.90477428198093
16.2632	0.905421020200172
16.2712	0.905941949514843
16.2792	0.906330611005437
16.2872	0.906580480822022
16.2952	0.906684940354362
16.3032	0.906637253053513
16.3112	0.906430555099925
16.3192	0.906057863433013
16.3272	0.905512097641486
16.3352	0.904786105579865
