4.0952	0.404462351942261
4.1032	0.404527175730727
4.1112	0.404541313412254
4.1192	0.40450127348557
4.1272	0.40440318421153
4.1352	0.404242798173769
4.1432	0.404015512482664
4.1512	0.403716346095925
4.1592	0.403339888182295
4.1672	0.402880286231843
4.1752	0.402331222293926
4.1832	0.401685937801426
4.1912	0.400937416325121
4.1992	0.400078745475252
4.2072	0.399103686377235
4.2152	0.398007278876468
4.2232	0.396786348981506
4.2312	0.395439729455641
4.2392	0.393968109550285
4.2472	0.392373446396957
4.2552	0.390658223419092
4.2632	0.388824771607319
4.2712	0.386874931446429
4.2792	0.384810181699394
4.2872	0.382632227300774
4.2952	0.380343631534149
4.3032	0.377948426265516
4.3112	0.375452511815341
4.3192	0.372863786517565
4.3272	0.370191935621217
4.3352	0.367448260450055
4.3432	0.364645472447131
4.3512	0.361797480494388
4.3592	0.358919129226692
4.3672	0.356025943152667
4.3752	0.353133812407567
4.3832	0.350258676196936
4.3912	0.347416250657049
4.3992	0.344621800592097
4.4072	0.341889873092593
4.4152	0.339234104305272
4.4232	0.336667052361574
4.4312	0.334200005327843
4.4392	0.331842763141155
4.4472	0.329603504063389
4.4552	0.327488715457829
4.4632	0.325503171763539
4.4712	0.323649955028194
4.4792	0.321930512508189
4.4872	0.32034474836965
4.4952	0.31889115313074
4.5032	0.317566960765136
4.5112	0.316368334991955
4.5192	0.315290595917488
4.5272	0.314328398798098
4.5352	0.313475856368794
4.5432	0.312726635320904
4.5512	0.312074055110187
4.5592	0.311511128756358
4.5672	0.311030620399891
4.5752	0.310625146529206
4.5832	0.310287310593646
4.5912	0.310009849779012
4.5992	0.30978581599602
4.6072	0.309608730369472
4.6152	0.309472702930482
4.6232	0.309372515967383
4.6312	0.309303661311933
4.6392	0.30926230368759
4.6472	0.309245226650034
4.6552	0.309249767118587
4.6632	0.309273737815267
4.6712	0.309315352565913
4.6792	0.309373215834711
4.6872	0.309446353045061
4.6952	0.309534231935441
4.7032	0.309636761450831
4.7112	0.309754269321553
4.7192	0.309887414741042
4.7272	0.310037032316764
4.7352	0.310203920355368
4.7432	0.310388600276211
4.7512	0.310591076319633
4.7592	0.310810606111748
4.7672	0.31104548898239
4.7752	0.311292916375188
4.7832	0.311548928389921
4.7912	0.311808483081312
4.7992	0.31206564151133
4.8072	0.312313878438789
4.8152	0.312546490482351
4.8232	0.312757052345243
4.8312	0.31293984644453
4.8392	0.313090208362001
4.8472	0.313204822234534
4.8552	0.313282034178664
4.8632	0.313322136074815
4.8712	0.313327496881515
4.8792	0.313302513613751
4.8872	0.313253289410572
4.8952	0.313187019432368
4.9032	0.313111171593889
4.9112	0.313032664430929
4.9192	0.312957204442584
4.9272	0.312888921738789
4.9352	0.312830349238422
4.9432	0.312782668245236
4.9512	0.31274607084276
4.9592	0.312720136740741
4.9672	0.312704113527751
4.9752	0.312697048882585
4.9832	0.312697801074022
4.9912	0.312705013790911
4.9992	0.312717092361745
5.0072	0.312732219142021
5.0152	0.312748393376201
5.0232	0.312763491236104
5.0312	0.312775339100527
5.0392	0.312781801025059
5.0472	0.312780900896926
5.0552	0.312770915616556
5.0632	0.312750418229536
5.0712	0.312718281131696
5.0792	0.312673643916937
5.0872	0.312615842203757
5.0952	0.312544389701659
5.1032	0.312458988609842
5.1112	0.312359558829489
5.1192	0.312246244379484
5.1272	0.312119395257455
5.1352	0.311979477203582
5.1432	0.311827021342004
5.1512	0.311662616175181
5.1592	0.311486882300504
5.1672	0.311300403861053
5.1752	0.311103703285972
5.1832	0.31089722409517
5.1912	0.310681321115528
5.1992	0.310456283438138
5.2072	0.310222419716081
5.2152	0.30998021308721
5.2232	0.309730512724815
5.2312	0.309474725101317
5.2392	0.309215001363407
5.2472	0.308954426142896
5.2552	0.308697192551636
5.2632	0.308448759051443
5.2712	0.30821594391548
5.2792	0.30800692033602
5.2872	0.307831041652824
5.2952	0.307698459446014
5.3032	0.307619553685164
5.3112	0.307604276743022
5.3192	0.307661480239242
5.3272	0.307798271723437
5.3352	0.308019471536713
5.3432	0.308327215897988
5.3512	0.308720732464304
5.3592	0.309196310449704
5.3672	0.309747420832869
5.3752	0.310364925072495
5.3832	0.311037317511797
5.3912	0.311750955976479
5.3992	0.312490262956071
5.4072	0.313237960778391
5.4152	0.313975440065288
5.4232	0.314683307877503
5.4312	0.315342122755225
5.4392	0.315933274360173
5.4472	0.31643986040846
5.4552	0.316847398924615
5.4632	0.317144308559443
5.4712	0.317322141470963
5.4792	0.317375571441722
5.4872	0.317302198368056
5.4952	0.317102455239948
5.5032	0.316779606765351
5.5112	0.316339769770261
5.5192	0.315792044909425
5.5272	0.315148709856446
5.5352	0.314425212343316
5.5432	0.313639989140042
5.5512	0.312814162078034
5.5592	0.311971033400844
5.5672	0.311135431945483
5.5752	0.310333036116867
5.5832	0.309589681033363
5.5912	0.308930706032511
5.5992	0.308380430294342
5.6072	0.307961731386436
5.6152	0.307695736183413
5.6232	0.307601614955082
5.6312	0.307696400948127
5.6392	0.307994763950653
5.6472	0.308508702969388
5.6552	0.309247155962696
5.6632	0.310215589184488
5.6712	0.311415660227939
5.6792	0.31284499827835
5.6872	0.314497138122294
5.6952	0.316361580966778
5.7032	0.318423970750082
5.7112	0.320666360465815
5.7192	0.323067620921831
5.7272	0.32560399563145
5.7352	0.328249865869156
5.7432	0.330978682581251
5.7512	0.33376396663442
5.7592	0.336580212922348
5.7672	0.339403695988549
5.7752	0.342213036945083
5.7832	0.344989483726684
5.7912	0.347716974140931
5.7992	0.350382017417386
5.8072	0.352973261513163
5.8152	0.355480943793993
5.8232	0.357896372873861
5.8312	0.360211529571529
5.8392	0.362418989075485
5.8472	0.364512159480549
5.8552	0.366485631508279
5.8632	0.368335567467476
5.8712	0.370060020026132
5.8792	0.371658956362827
5.8872	0.37313403240833
5.8952	0.374488322448423
5.9032	0.375726024719507
5.9112	0.376852202226182
5.9192	0.37787271179057
5.9272	0.378794171197447
5.9352	0.379623876439398
5.9432	0.380369659417932
5.9512	0.381039678738079
5.9592	0.38164204861065
5.9672	0.382184428877409
5.9752	0.382673634368738
5.9832	0.383115301806226
5.9912	0.383513652024163
5.9992	0.38387144685491
6.0072	0.384190148848773
6.0152	0.384470283119522
6.0232	0.38471188838767
6.0312	0.384914914256262
6.0392	0.385079372845306
6.0472	0.3852052209296
6.0552	0.385292061749706
6.0632	0.385338736817986
6.0712	0.385342871567024
6.0792	0.385300614188319
6.0872	0.385206731317918
6.0952	0.385054964425665
6.1032	0.384838549519252
6.1112	0.384550857203508
6.1192	0.384186020771639
6.1272	0.383739453092807
6.1352	0.383208166492439
6.1432	0.382590863906026
6.1512	0.381887813520179
6.1592	0.381100613329835
6.1672	0.380231884480895
6.1752	0.379284962360738
6.1832	0.378263705151468
6.1912	0.377172470110413
6.1992	0.376016213454471
6.2072	0.374800672635676
6.2152	0.373532414342235
6.2232	0.372218760817407
6.2312	0.370867642214515
6.2392	0.369487306302596
6.2472	0.368085836123352
6.2552	0.366670642011959
6.2632	0.365247982044646
6.2712	0.363822566529945
6.2792	0.362397405117174
6.2872	0.360973891653309
6.2952	0.35955212071891
6.3032	0.358131452931372
6.3112	0.356711217584485
6.3192	0.355291330913808
6.3272	0.353872810607372
6.3352	0.352458205962603
6.3432	0.351051929563426
6.3512	0.349660386114291
6.3592	0.348291960424605
6.3672	0.346956864399467
6.3752	0.34566683119479
6.3832	0.344434636717367
6.3912	0.343273482520225
6.3992	0.342196343085225
6.4072	0.341215457955892
6.4152	0.340341976525943
6.4232	0.339585724518355
6.4312	0.338955123536029
6.4392	0.338457306528951
6.4472	0.338098262497161
6.4552	0.337882989047157
6.4632	0.337815691393109
6.4712	0.337899993508434
6.4792	0.338139107968461
6.4872	0.338536033998379
6.4952	0.339093721912937
6.5032	0.339815154411446
6.5112	0.340703421628331
6.5192	0.341761712986705
6.5272	0.342993111446022
6.5352	0.344400337312517
6.5432	0.345985432201823
6.5512	0.347749397215745
6.5592	0.34969173314889
6.5672	0.351809902972232
6.5752	0.354098732488916
6.5832	0.35654983258589
6.5912	0.359151121795105
6.5992	0.36188651577702
6.6072	0.364735966473103
6.6152	0.367675897414977
6.6232	0.370679986857604
6.6312	0.373720086735319
6.6392	0.376767215235867
6.6472	0.379792550275002
6.6552	0.38276822753784
6.6632	0.385667959598574
6.6712	0.388467624143228
6.6792	0.391145837101138
6.6872	0.393684533107355
6.6952	0.396069598835582
6.7032	0.398291333511356
6.7112	0.400344605827781
6.7192	0.402228783975667
6.7272	0.403947389988664
6.7352	0.405507439840431
6.7432	0.406918726240865
6.7512	0.408193098715007
6.7592	0.409343615104147
6.7672	0.410383645252558
6.7752	0.411326130492339
6.7832	0.412182989009688
6.7912	0.412964672118352
6.7992	0.413679945186059
6.8072	0.414335903314391
6.8152	0.414938141293667
6.8232	0.415491062945705
6.8312	0.415998258971082
6.8392	0.416462840032458
6.8472	0.416887706324782
6.8552	0.417275752989514
6.8632	0.417629958928627
6.8712	0.41795336717496
6.8792	0.418249068855506
6.8872	0.418520193745314
6.8952	0.418769872017383
6.9032	0.419001188055968
6.9112	0.419217167226526
6.9192	0.419420793731796
6.9272	0.419615054850918
6.9352	0.419802987524904
6.9432	0.419987702500157
6.9512	0.420172413157046
6.9592	0.420360447276403
6.9672	0.420555216250209
6.9752	0.420760174432098
6.9832	0.420978760108532
6.9912	0.421214305310186
6.9992	0.421469959255483
7.0072	0.421748645717339
7.0152	0.422053066997808
7.0232	0.422385773699974
7.0312	0.422749260929883
7.0392	0.423146062098479
7.0472	0.423578809454551
7.0552	0.424050237337337
7.0632	0.424563098898007
7.0712	0.425120031609877
7.0792	0.425723402943478
7.0872	0.426375176761271
7.0952	0.427076831394966
7.1032	0.427829340043522
7.1112	0.428633196211811
7.1192	0.429488541209792
7.1272	0.430395282405926
7.1352	0.431353150111813
7.1432	0.432361683885978
7.1512	0.433420178318448
7.1592	0.43452743268251
7.1672	0.43568141873699
7.1752	0.436878922742643
7.1832	0.438115195743646
7.1912	0.439383664250476
7.1992	0.440675850159426
7.2072	0.441981453963954
7.2152	0.443288626551691
7.2232	0.444584483516957
7.2312	0.445855704157144
7.2392	0.447088782619043
7.2472	0.448270034261745
7.2552	0.449385403829279
7.2632	0.450420059798418
7.2712	0.451357992590549
7.2792	0.452182166064681
7.2872	0.452875260245374
7.2952	0.453420943647196
7.3032	0.453805582916921
7.3112	0.454019827960975
7.3192	0.454059568641628
7.3272	0.453926235643355
7.3352	0.453626403738908
7.3432	0.45317071182161
7.3512	0.452572622840925
7.3592	0.451847436860538
7.3672	0.451011536724023
7.3752	0.450081908276965
7.3832	0.449075801039024
7.3912	0.448010245627686
7.3992	0.446901517058297
7.4072	0.4457646248044
7.4152	0.444612869891148
7.4232	0.443457717742277
7.4312	0.442309015738719
7.4392	0.441175198581398
7.4472	0.440063415285882
7.4552	0.438979564606775
7.4632	0.437928088885022
7.4712	0.436911685683524
7.4792	0.435931249665874
7.4872	0.434986054258791
7.4952	0.43407413711878
7.5032	0.433192901542384
7.5112	0.432339713386303
7.5192	0.43151227958082
7.5272	0.430708841959033
7.5352	0.429928131255148
7.5432	0.429169127854849
7.5512	0.428430830140627
7.5592	0.427712152254574
7.5672	0.427011899191612
7.5752	0.426328841292263
7.5832	0.425661823224135
7.5912	0.425009860194719
7.5992	0.424372157209823
7.6072	0.423748047487482
7.6152	0.423136846981365
7.6232	0.422537715034728
7.6312	0.421949573161006
7.6392	0.421371135724805
7.6472	0.420801020945183
7.6552	0.420237914700429
7.6632	0.419680701213716
7.6712	0.419128512046739
7.6792	0.41858064979313
7.6872	0.418036457884011
7.6952	0.417495173083788
7.7032	0.416955779001096
7.7112	0.416416895223385
7.7192	0.415876744525216
7.7272	0.415333146241054
7.7352	0.414783528381833
7.7432	0.414224974234567
7.7512	0.413654292248064
7.7592	0.4130681054114
7.7672	0.41246296805584
7.7752	0.411835451755282
7.7832	0.411182179670132
7.7912	0.410499789665896
7.7992	0.409784814481036
7.8072	0.40903348941776
7.8152	0.408241575820077
7.8232	0.407404267326345
7.8312	0.406516267766391
7.8392	0.405572055285334
7.8472	0.404566242403266
7.8552	0.403493990306178
7.8632	0.402351503634075
7.8712	0.401136440933041
7.8792	0.39984812684859
7.8872	0.398487592324751
7.8952	0.397057463202806
7.9032	0.395561655983303
7.9112	0.394005068173959
7.9192	0.392393303717825
7.9272	0.390732512491588
7.9352	0.389029469758118
7.9432	0.387291752280441
7.9512	0.385527784958528
7.9592	0.383746783201599
7.9672	0.381958628851978
7.9752	0.38017352212583
7.9832	0.378401587189927
7.9912	0.376652682496995
7.9992	0.374936487041995
8.0072	0.373262772899109
8.0152	0.37164181010198
8.0232	0.37008461995403
8.0312	0.368603064610731
8.0392	0.367209864287948
8.0472	0.365918463602686
8.0552	0.364742649536571
8.0632	0.36369620447964
8.0712	0.362792604427417
8.0792	0.362044606276439
8.0872	0.361463773909998
8.0952	0.361060062714722
8.1032	0.360841332811085
8.1112	0.360812783747997
8.1192	0.360976476457331
8.1272	0.361330983377703
8.1352	0.36187127623932
8.1432	0.362588986205016
8.1512	0.363472983019871
8.1592	0.364510115923828
8.1672	0.365686057771009
8.1752	0.366985966416155
8.1832	0.368394895108935
