12.3592	0.826233939502092
12.3672	0.824175522921502
12.3752	0.822161650764935
12.3832	0.820198087140152
12.3912	0.818290214104541
12.3992	0.816443303577841
12.4072	0.814662775425377
12.4152	0.812954244829646
12.4232	0.811323353405591
12.4312	0.809775483728062
12.4392	0.808315384478351
12.4472	0.806946894941269
12.4552	0.805672822049791
12.4632	0.804494922956925
12.4712	0.803413916650964
12.4792	0.802429560776264
12.4872	0.80154070566531
12.4952	0.800745313665189
12.5032	0.800040501893354
12.5112	0.799422649002759
12.5192	0.798887492607246
12.5272	0.798430235172459
12.5352	0.798045656911913
12.5432	0.797728215438642
12.5512	0.797472132592453
12.5592	0.797271510531486
12.5672	0.797120475615072
12.5752	0.797013341233237
12.5832	0.796944767560797
12.5912	0.796909877812402
12.5992	0.796904318904238
12.6072	0.796924269206377
12.6152	0.796966403338283
12.6232	0.797027824374773
12.6312	0.797105969719579
12.6392	0.797198502073827
12.6472	0.797303192049186
12.6552	0.79741779405281
12.6632	0.79753993048207
12.6712	0.797667008235395
12.6792	0.797796156973247
12.6872	0.797924210152533
12.6952	0.798047745358854
12.7032	0.798163172176977
12.7112	0.798266832474059
12.7192	0.798355115211556
12.7272	0.798424560896881
12.7352	0.798471954475113
12.7432	0.798494448173498
12.7512	0.798489743759649
12.7592	0.79845633868838
12.7672	0.798393813481725
12.7752	0.798303108145079
12.7832	0.798186700825775
12.7912	0.798048603735097
12.7992	0.797894168851288
12.8072	0.797729752434453
12.8152	0.797562318707795
12.8232	0.797399103185533
12.8312	0.797247420149785
12.8392	0.797114613780135
12.8472	0.797008089641943
12.8552	0.796935336704287
12.8632	0.796903858787219
12.8712	0.796920971708056
12.8792	0.796993467691962
12.8872	0.797127206007383
12.8952	0.797326725769158
12.9032	0.797594976808776
12.9112	0.797933222457681
12.9192	0.79834111452876
12.9272	0.798816886230385
12.9352	0.799357591592628
12.9432	0.799959321267241
12.9512	0.800617373467741
12.9592	0.801326364499898
12.9672	0.802080308629945
12.9752	0.802872665282688
12.9832	0.803696431379819
12.9912	0.80454423593606
12.9992	0.805408532144719
13.0072	0.806281839387734
13.0152	0.807156980292159
13.0232	0.80802721303151
13.0312	0.808886337679936
13.0392	0.809728632959201
13.0472	0.810548685312179
13.0552	0.811341152617618
13.0632	0.812100576045596
13.0712	0.812821206490884
13.0792	0.81349706241787
13.0872	0.814122131250737
13.0952	0.814690659896563
13.1032	0.815197387078244
13.1112	0.815637776122532
13.1192	0.816008141142402
13.1272	0.81630566715733
13.1352	0.816528395899988
13.1432	0.816675312851137
13.1512	0.816746510503755
13.1592	0.81674332018826
13.1672	0.816668423451657
13.1752	0.816525873488249
13.1832	0.816320855550863
13.1912	0.816059238075308
13.1992	0.815747043718634
13.2072	0.815389833205421
13.2152	0.814992216180078
13.2232	0.814557739875601
13.2312	0.814089003724119
13.2392	0.813587897056834
13.2472	0.813055997138477
13.2552	0.812494924592906
13.2632	0.811906465286375
13.2712	0.811292573604548
13.2792	0.810655239180267
13.2872	0.809996229923191
13.2952	0.809316952649567
13.3032	0.808618531962032
13.3112	0.807902002439345
13.3192	0.807168666893064
13.3272	0.806420551345733
13.3352	0.805660706313745
13.3432	0.804893318094056
13.3512	0.804123668655089
13.3592	0.803357911485014
13.3672	0.802602749539669
13.3752	0.801865155348949
13.3832	0.801152115173124
13.3912	0.800470438971022
13.3992	0.799826725886365
13.4072	0.799227523656251
13.4152	0.798679576408645
13.4232	0.798190080057777
13.4312	0.797766864200921
13.4392	0.797418351338161
13.4472	0.7971532147982
13.4552	0.796979814651278
13.4632	0.796905557502095
13.4712	0.796936354644291
13.4792	0.79707635048447
13.4872	0.79732796820104
13.4952	0.797692194204924
13.5032	0.798168988884153
13.5112	0.79875766904996
13.5192	0.799457166775109
13.5272	0.800266149803741
13.5352	0.801182996534955
13.5432	0.802205623753524
13.5512	0.803331242002395
13.5592	0.804556030010312
13.5672	0.805874759645965
13.5752	0.807280452739324
13.5832	0.808764108035973
13.5912	0.810314545581326
13.5992	0.81191848490306
13.6072	0.813560880606989
13.6152	0.815225491462685
13.6232	0.816895648428813
13.6312	0.81855506518799
13.6392	0.820188506148797
13.6472	0.821782306719271
13.6552	0.823324712157594
13.6632	0.824805983440903
13.6712	0.826218320863512
13.6792	0.827555681377596
13.6872	0.828813498744745
13.6952	0.829988368338066
13.7032	0.831077777886232
13.7112	0.832079876682106
13.7192	0.832993299438236
13.7272	0.833817098048945
13.7352	0.834550791302327
13.7432	0.83519442356973
13.7512	0.835748588320607
13.7592	0.83621447123124
13.7672	0.836593872189711
13.7752	0.836889120245512
13.7832	0.837102935576855
13.7912	0.837238256811888
13.7992	0.837298013237641
13.8072	0.837284873758893
13.8152	0.837201063983857
13.8232	0.837048167749191
13.8312	0.836827008600753
13.8392	0.83653770234195
13.8472	0.836179785880063
13.8552	0.835752321549115
13.8632	0.835254058131465
13.8712	0.834683598530629
13.8792	0.834039485015198
13.8872	0.833320293115836
13.8952	0.832524810527077
13.9032	0.831652244392208
13.9112	0.830702498506825
13.9192	0.829676518710244
13.9272	0.828576591867689
13.9352	0.82740651749171
13.9432	0.826171693789909
13.9512	0.824879107730245
13.9592	0.823537149186915
13.9672	0.822155317406936
13.9752	0.820743870487755
13.9832	0.819313487306347
13.9912	0.817874944213598
13.9992	0.816438857367744
14.0072	0.815015505746128
14.0152	0.813614755109515
14.0232	0.812246070219524
14.0312	0.810918536827175
14.0392	0.80964078405565
14.0472	0.808420761549026
14.0552	0.807265418269635
14.0632	0.806180372229155
14.0712	0.805169671569663
14.0792	0.804235653907847
14.0872	0.803378949761285
14.0952	0.802598576114
14.1032	0.801892078729292
14.1112	0.801255708709398
14.1192	0.800684692844548
14.1272	0.800173547182147
14.1352	0.799716450334431
14.1432	0.799307645004985
14.1512	0.798941796911144
14.1592	0.798614209149608
14.1672	0.798320923727873
14.1752	0.79805871295393
14.1832	0.797825012013923
14.1912	0.79761785692145
14.1992	0.797435910971348
14.2072	0.797278551856886
14.2152	0.797146001341014
14.2232	0.797039457808662
14.2312	0.796961195756365
14.2392	0.796914614908775
14.2472	0.796904239685382
14.2552	0.796935650738492
14.2632	0.797015342558955
14.2712	0.797150523928616
14.2792	0.797348873807218
14.2872	0.797618268164365
14.2952	0.797966492439634
14.3032	0.798400926384442
14.3112	0.798928174760309
14.3192	0.799553641549
14.3272	0.800281061834774
14.3352	0.801112023227738
14.3432	0.802045566042075
14.3512	0.80307792227765
14.3592	0.804202459831012
14.3672	0.80540991895295
14.3752	0.806688976739835
14.3832	0.808027043339292
14.3912	0.809411168824551
14.3992	0.810828922755219
14.4072	0.812269082809866
14.4152	0.813721962302519
14.4232	0.81517932988306
14.4312	0.816633943789085
14.4392	0.818078895589147
14.4472	0.819506992828117
14.4552	0.820910362425683
14.4632	0.822280408319679
14.4712	0.823608169354894
14.4792	0.824884997924227
14.4872	0.826103359340919
14.4952	0.827257547578369
14.5032	0.828344197041373
14.5112	0.829362537307089
14.5192	0.830314241762698
14.5272	0.831202839741536
14.5352	0.832033018587459
14.5432	0.832810110362032
14.5512	0.833539876818385
14.5592	0.834228595751737
14.5672	0.83488335184266
14.5752	0.835512300048056
14.5832	0.8361246957433
14.5912	0.836730554477954
14.5992	0.837339965709931
14.6072	0.83796219525396
14.6152	0.838604870529584
14.6232	0.839273404946608
14.6312	0.83997082327275
14.6392	0.840697953931376
14.6472	0.841454108953849
14.6552	0.842238006809033
14.6632	0.84304865751594
14.6712	0.84388608386598
14.6792	0.84475192423981
14.6872	0.845649681510902
14.6952	0.84658454114189
14.7032	0.847562924167966
14.7112	0.848591905610592
14.7192	0.84967850921353
14.7272	0.850829142111414
14.7352	0.852049225766482
14.7432	0.853342920739485
14.7512	0.854712905724223
14.7592	0.856160231189522
14.7672	0.857684206293518
14.7752	0.859282294920469
14.7832	0.860950256280874
14.7912	0.862682491977685
14.7992	0.864472572434752
14.8072	0.866313766469504
14.8152	0.868199561624013
14.8232	0.870123912334762
14.8312	0.872081130072385
14.8392	0.874065542978204
14.8472	0.876071204576177
14.8552	0.878091668108299
14.8632	0.880120081840086
14.8712	0.882149723031797
14.8792	0.884174756897367
14.8872	0.886190866468165
14.8952	0.888195716492315
14.9032	0.890189018362178
14.9112	0.892172117672622
14.9192	0.894147407862812
14.9272	0.896117748442966
14.9352	0.898085930166006
14.9432	0.900054408920626
14.9512	0.902025293871539
14.9592	0.90400034183788
14.9672	0.905980984142478
14.9752	0.907968348959777
14.9832	0.909963031645617
14.9912	0.911964772022949
14.9992	0.91397221651515
15.0072	0.915982692598459
15.0152	0.917992153903208
15.0232	0.919995331256217
15.0312	0.921985858930659
15.0392	0.923956323897625
15.0472	0.925898319221073
15.0552	0.927802568560962
15.0632	0.929659182422518
15.0712	0.931458150753501
15.0792	0.933190033380213
15.0872	0.934846733916788
15.0952	0.936422155739636
15.1032	0.93791256701863
15.1112	0.939316635588586
15.1192	0.940635104387341
15.1272	0.941870198825601
15.1352	0.943025018997817
15.1432	0.944103009041357
15.1512	0.945107595468672
15.1592	0.946042119259526
15.1672	0.946909981075515
15.1752	0.947714786126686
15.1832	0.94846050182826
15.1912	0.949151596167074
15.1992	0.9497929815554
15.2072	0.950389802530289
15.2152	0.950947159729161
15.2232	0.951469773091408
15.2312	0.951961705531197
15.2392	0.952426245447707
15.2472	0.952865895016757
15.2552	0.953282430197205
15.2632	0.953677026627534
15.2712	0.954050334078822
15.2792	0.954402443576136
15.2872	0.954732815757431
15.2952	0.955040188157479
15.3032	0.95532246024072
15.3112	0.955576606739842
15.3192	0.955798677936045
15.3272	0.95598389228831
15.3352	0.95612684220401
15.3432	0.956221803075659
15.3512	0.956263091664485
15.3592	0.956245424836853
15.3672	0.956164235776629
15.3752	0.956015888668385
15.3832	0.955797782861069
15.3912	0.955508344944379
15.3992	0.955146864636374
15.4072	0.954713198610047
15.4152	0.954207435315901
15.4232	0.953629547035409
15.4312	0.952979118820144
15.4392	0.952255288666795
15.4472	0.95145692200406
15.4552	0.950583010148889
15.4632	0.949633297932531
15.4712	0.948608951845156
15.4792	0.947513143448933
15.4872	0.946351609907702
15.4952	0.945133140067622
15.5032	0.943869776043605
15.5112	0.942576733923721
15.5192	0.94127200809823
15.5272	0.939975596817284
15.5352	0.938708306576875
15.5432	0.937490415090114
15.5512	0.936340606294804
15.5592	0.935275375679557
15.5672	0.934308806877265
15.5752	0.933452704524058
15.5832	0.932716720395065
15.5912	0.932108228118046
15.5992	0.93163199720392
15.6072	0.931289803500758
15.6152	0.931080003864373
15.6232	0.9309974627427
15.6312	0.931034031554277
15.6392	0.931179265229157
15.6472	0.931421163701962
15.6552	0.93174689083935
15.6632	0.932143275860317
15.6712	0.9323714363962
15.6792	0.932688159295016
15.6872	0.933084120037386
15.6952	0.933544514356761
15.7032	0.934053401189129
15.7112	0.934596101890171
15.7192	0.9351602544702
15.7272	0.935736059281573
15.7352	0.936316109720201
15.7432	0.936895042645596
15.7512	0.937469140495559
15.7592	0.938035956785291
15.7672	0.938593989584147
15.7752	0.939142411058364
15.7832	0.939680858363537
15.7912	0.940209279211637
15.7992	0.940727820731597
15.8072	0.941236756463766
15.8152	0.941736439788816
15.8232	0.942227268260548
15.8312	0.942709657274634
15.8392	0.943184019059532
15.8472	0.943650744495971
15.8552	0.944110190252632
15.8632	0.944562672871836
15.8712	0.945008467383453
15.8792	0.945447808811398
15.8872	0.945880894699786
15.8952	0.946307885525058
15.9032	0.946728905625165
15.9112	0.947144045765763
15.9192	0.947553366023455
15.9272	0.94795689735671
15.9352	0.948354642932419
15.9432	0.948746578541664
15.9512	0.949132651669783
15.9592	0.949512779686507
15.9672	0.949886849653428
15.9752	0.950254715777801
15.9832	0.950616193931677
15.9912	0.95097105412434
15.9992	0.951319013449047
16.0072	0.951659729437216
16.0152	0.951992797603189
16.0232	0.952317755091742
16.0312	0.952634089909853
16.0392	0.952941253901344
16.0472	0.953238677307028
16.0552	0.953525780926026
16.0632	0.953801984076767
16.0712	0.95406670863497
16.0792	0.954319379056469
16.0872	0.954559419317673
16.0952	0.954786249502615
16.1032	0.954999283655852
16.1112	0.955197929001054
16.1192	0.955381586520262
16.1272	0.955549652952173
16.1352	0.95570152383626
16.1432	0.95583659664611
16.1512	0.955954273297221
16.1592	0.956053961586133
16.1672	0.956135075806524
16.1752	0.956197036911461
16.1832	0.956239272690592
16.1912	0.956261218174517
16.1992	0.956262316596468
16.2072	0.956242020947015
16.2152	0.956199795953806
16.2232	0.95613512057933
16.2312	0.956047491197599
16.2392	0.955936425217021
16.2472	0.95580146497554
16.2552	0.955642181811172
16.2632	0.955458179735058
16.2712	0.955249098380137
16.2792	0.955014614941222
16.2872	0.954754444663641
16.2952	0.954468340076392
16.3032	0.954156089615788
16.3112	0.953817515527461
16.3192	0.953452471240271
16.3272	0.953060839653489
16.3352	0.95264253205568
16.3432	0.952197487467002
16.3512	0.951725672324408
16.3592	0.951227081068007
16.3672	0.950701736515549
16.3752	0.950149689322169
16.3832	0.949571015866159
16.3912	0.948965816304436
16.3992	0.948334213136614
16.4072	0.947676351996533
16.4152	0.9469924048227
16.4232	0.9462825758841
16.4312	0.945547107377007
16.4392	0.944786284620595
16.4472	0.944000437318125
16.4552	0.943189934931261
16.4632	0.942355177318424
16.4712	0.941496584018154
16.4792	0.940614582994882
16.4872	0.939709602170679
