12.2152	0.896667443422066
12.2232	0.893804370904549
12.2312	0.890724465106448
12.2392	0.887419900919825
12.2472	0.88388892387789
12.2552	0.880136448691578
12.2632	0.87617443112549
12.2712	0.872021971395284
12.2792	0.867704974395915
12.2872	0.8632553601166
12.2952	0.858710209315253
12.3032	0.854111045430695
12.3112	0.849503376925611
12.3192	0.84493629134734
12.3272	0.840462002568302
12.3352	0.836134969026052
12.3432	0.832010024658244
12.3512	0.828139657864108
12.3592	0.824571035981936
12.3672	0.821343243437008
12.3752	0.818485427319926
12.3832	0.81601646741934
12.3912	0.813945910659594
12.3992	0.812275584724576
12.4072	0.81100141765168
12.4152	0.810114914453505
12.4232	0.80960406306462
12.4312	0.809453795801815
12.4392	0.80964619543632
12.4472	0.810160592587964
12.4552	0.81097364340887
12.4632	0.812059364054846
12.4712	0.813389132343822
12.4792	0.814931571502558
12.4872	0.816652337225037
12.4952	0.818514100599243
12.5032	0.820476765474904
12.5112	0.822497979183417
12.5192	0.824534122683168
12.5272	0.826541602837298
12.5352	0.828477972352701
12.5432	0.830302778098066
12.5512	0.831977702387375
12.5592	0.833465520279189
12.5672	0.834728415135618
12.5752	0.835727087873876
12.5832	0.83642092876685
12.5912	0.836770221121823
12.5992	0.836740702786642
12.6072	0.836309290696171
12.6152	0.835469555065164
12.6232	0.834235673499963
12.6312	0.832643243679824
12.6392	0.83074696856046
12.6472	0.82861619819474
12.6552	0.82632911007055
12.6632	0.82396657652166
12.6712	0.821607102370733
12.6792	0.819322975868767
12.6872	0.81717787556003
12.6952	0.815225847906857
12.7032	0.813511339151532
12.7112	0.812069691631008
12.7192	0.810927991213624
12.7272	0.810105463433109
12.7352	0.80961311623458
12.7432	0.809452964164853
12.7512	0.809617267554239
12.7592	0.81008826616833
12.7672	0.810838893803171
12.7752	0.811834514012958
12.7832	0.813035368294029
12.7912	0.814399380434214
12.7992	0.815884770998577
12.8072	0.817452097275524
12.8152	0.819065672381699
12.8232	0.820694304143425
12.8312	0.822311260179465
12.8392	0.823893833926199
12.8472	0.825422863380311
12.8552	0.826882111667112
12.8632	0.828257965130394
12.8712	0.829539289382092
12.8792	0.830717213497662
12.8872	0.831784792718439
12.8952	0.832736700763634
12.9032	0.833568591475801
12.9112	0.834276596565831
12.9192	0.834857108196779
12.9272	0.835306881970688
12.9352	0.835623273829999
12.9432	0.835804599256356
12.9512	0.835850222599474
12.9592	0.835760516410051
12.9672	0.835536773940772
12.9752	0.835181058147439
12.9832	0.834696250819329
12.9912	0.834086578754313
12.9992	0.833358228485936
13.0072	0.832519774893855
13.0152	0.831582331192106
13.0232	0.830559278939349
13.0312	0.829465747760869
13.0392	0.828317860251442
13.0472	0.827131883135017
13.0552	0.825923565039368
13.0632	0.824707785533981
13.0712	0.82349829594947
13.0792	0.822307647700299
13.0872	0.821147175367001
13.0952	0.820027004856348
13.1032	0.818956056160632
13.1112	0.817942030428949
13.1192	0.816991344871759
13.1272	0.816108994374769
13.1352	0.815298497484186
13.1432	0.814561810817439
13.1512	0.813899032939815
13.1592	0.813308145561308
13.1672	0.81278501083435
13.1752	0.812323600332938
13.1832	0.81191647013156
13.1912	0.811555552814131
13.1992	0.811233080643424
13.2072	0.81094240004529
13.2152	0.810678598060077
13.2232	0.810438797336449
13.2312	0.81022203915802
13.2392	0.810028898109087
13.2472	0.809860964131182
13.2552	0.809720216402457
13.2632	0.809608452972972
13.2712	0.809526851433404
13.2792	0.8094756416187
13.2872	0.809453955841052
13.2952	0.809459886933759
13.3032	0.809490692498834
13.3112	0.80954308823657
13.3192	0.809613519961665
13.3272	0.809698305450921
13.3352	0.809793668451551
13.3432	0.809895679592595
13.3512	0.810000153636171
13.3592	0.810102637464531
13.3672	0.8101985289117
13.3752	0.810283213969152
13.3832	0.810352226395912
13.3912	0.810401421257364
13.3992	0.810427074398952
13.4072	0.810425981878229
13.4152	0.810395680959198
13.4232	0.81033484025777
13.4312	0.810243822174533
13.4392	0.810125432314546
13.4472	0.809985711099934
13.4552	0.809834565618466
13.4632	0.809686085858855
13.4712	0.809558509907879
13.4792	0.809473728773495
13.4872	0.809456368396074
13.4952	0.809532567643043
13.5032	0.809728552888517
13.5112	0.81006908072982
13.5192	0.810575924590603
13.5272	0.811266557949288
13.5352	0.812153152016947
13.5432	0.813242189724296
13.5512	0.814534590373578
13.5592	0.816026196389746
13.5672	0.817708492318495
13.5752	0.819569364461568
13.5832	0.821593593513953
13.5912	0.823763509809337
13.5992	0.82606003595272
13.6072	0.82846408464237
13.6152	0.830957969969097
13.6232	0.833526682078006
13.6312	0.836158396973959
13.6392	0.838843942350545
13.6472	0.841575157934034
13.6552	0.844342756260101
13.6632	0.847134290688915
13.6712	0.849933078474775
13.6792	0.852718393053078
13.6872	0.855466821879618
13.6952	0.858154183513562
13.7032	0.8607576010002
13.7112	0.863257282055422
13.7192	0.865637513115358
13.7272	0.867886866853301
13.7352	0.869998057251099
13.7432	0.871967526234076
13.7512	0.873794862747165
13.7592	0.875482252487776
13.7672	0.877034114372139
13.7752	0.878456904262139
13.7832	0.87975888477086
13.7912	0.880949891538064
13.7992	0.882041241193825
13.8072	0.883045476104682
13.8152	0.88397584408087
13.8232	0.884845571300785
13.8312	0.885666986186548
13.8392	0.886450509534773
13.8472	0.88720392922013
13.8552	0.887932094273724
13.8632	0.888637059020054
13.8712	0.889318741001812
13.8792	0.889976017801446
13.8872	0.890607722117716
13.8952	0.891213297839149
13.9032	0.891793085134543
13.9112	0.892348210032585
13.9192	0.892880089161592
13.9272	0.893389953689761
13.9352	0.893878561574388
13.9432	0.894346195726241
13.9512	0.894792888164131
13.9592	0.895218816187112
13.9672	0.89562471866085
13.9752	0.896012096188683
13.9832	0.896383198846459
13.9912	0.896740804719601
13.9992	0.89708780461739
14.0072	0.897426725615938
14.0152	0.897759410592522
14.0232	0.898086866554058
14.0312	0.898409296199238
14.0392	0.89872619882342
14.0472	0.899036505593552
14.0552	0.899338661183245
14.0632	0.899630686986262
14.0712	0.899910217930271
14.0792	0.900174525378452
14.0872	0.900420579024184
14.0952	0.900645132190755
14.1032	0.900844774007206
14.1112	0.90101591325884
14.1192	0.901154691072689
14.1272	0.901256856163952
14.1352	0.901317736871659
14.1432	0.901332233258133
14.1512	0.90129481161931
14.1592	0.90119955390149
14.1672	0.901040263508451
14.1752	0.900810385337541
14.1832	0.900502861904171
14.1912	0.900110019060891
14.1992	0.899623443086332
14.2072	0.899033827528568
14.2152	0.898331068093816
14.2232	0.897504427178395
14.2312	0.896542665166161
14.2392	0.895434373578619
14.2472	0.894168295241796
14.2552	0.892733395065216
14.2632	0.89111893564659
14.2712	0.889314665638627
14.2792	0.887310740869045
14.2872	0.88509767523448
14.2952	0.88266665459369
14.3032	0.880010076682153
14.3112	0.877122281613271
14.3192	0.87400088822095
14.3272	0.870648412379841
14.3352	0.867073863362792
14.3432	0.863294337405193
14.3512	0.859336202887926
14.3592	0.855235249794424
14.3672	0.851035943272148
14.3752	0.846789910312069
14.3832	0.842553503758586
14.3912	0.838384990767297
14.3992	0.834342087279969
14.4072	0.830479873424544
14.4152	0.826848975966428
14.4232	0.823494303150476
14.4312	0.820454071908081
14.4392	0.817758991458504
14.4472	0.815431749757218
14.4552	0.813486880907849
14.4632	0.81193080404392
14.4712	0.810762198883143
14.4792	0.809972558738302
14.4872	0.80954658496346
14.4952	0.80946259276098
14.5032	0.809693144417048
14.5112	0.810206074741549
14.5192	0.810966273442883
14.5272	0.811938257696532
14.5352	0.813089102749631
14.5432	0.814391129719755
14.5512	0.815823575204899
14.5592	0.817372440041218
14.5672	0.819028610490165
14.5752	0.820784791017337
14.5832	0.822631967673181
14.5912	0.824556404174974
14.5992	0.826538180932102
14.6072	0.828551104799494
14.6152	0.830563623221089
14.6232	0.832540171532314
14.6312	0.834442494657443
14.6392	0.836230423671717
14.6472	0.837862735873269
14.6552	0.839298438270188
14.6632	0.840499302465519
14.6712	0.841433734397294
14.6792	0.842081409586162
14.6872	0.842437015468511
14.6952	0.842512024779056
14.7032	0.842333526017078
14.7112	0.841940327978367
14.7192	0.841377250789987
14.7272	0.840689029034301
14.7352	0.839914851699936
14.7432	0.839084840436408
14.7512	0.838218163110419
14.7592	0.837322721252217
14.7672	0.836395734850899
14.7752	0.835425168215108
14.7832	0.834392049038785
14.7912	0.833273747669126
14.7992	0.832047895617878
14.8072	0.830696778869216
14.8152	0.829211519259442
14.8232	0.827594617270669
14.8312	0.825860741415847
14.8392	0.824035913667458
14.8472	0.822155089883881
14.8552	0.820259241841368
14.8632	0.818392842646366
14.8712	0.816601484656053
14.8792	0.814929617776227
14.8872	0.813418927518654
14.8952	0.812107209147428
14.9032	0.811027849878911
14.9112	0.810210089040593
14.9192	0.809679536666621
14.9272	0.809458394808468
14.9352	0.809565045052361
14.9432	0.810012901433014
14.9512	0.810809049805597
14.9592	0.811953451260649
14.9672	0.813439112187522
14.9752	0.815253296405427
14.9832	0.817379410423209
14.9912	0.81979877958215
14.9992	0.82249163108952
15.0072	0.825437205432552
15.0152	0.828613138929864
15.0232	0.831994511936937
15.0312	0.835553170896798
15.0392	0.839257578156413
15.0472	0.843073097759941
15.0552	0.846962803240507
15.0632	0.850888726481273
15.0712	0.854813122136667
15.0792	0.858699665982245
15.0872	0.862514745115433
15.0952	0.866228469722294
15.1032	0.869815146341937
15.1112	0.873253465085272
15.1192	0.87652645568795
15.1272	0.879621263818501
15.1352	0.882528833561588
15.1432	0.885243688557422
15.1512	0.887763665357015
15.1592	0.890089593812485
15.1672	0.892224935626468
15.1752	0.894175413419402
15.1832	0.895948478907313
15.1912	0.897552828094893
15.1992	0.898997879237703
15.2072	0.900293230122083
15.2152	0.901448135196835
15.2232	0.902471180445973
15.2312	0.903370055818515
15.2392	0.9041515864385
15.2472	0.904821960346025
15.2552	0.905387069749468
15.2632	0.905852831138775
15.2712	0.906225535459056
15.2792	0.906511956324946
15.2872	0.906719166539945
15.2952	0.906854120404249
15.3032	0.906923152585788
15.3112	0.906931478083385
15.3192	0.906882852426806
15.3272	0.906779335724968
15.3352	0.906621210544584
15.3432	0.906407024177058
15.3512	0.906133709866873
15.3592	0.905796736424138
15.3672	0.905390369391549
15.3752	0.904907943111573
15.3832	0.904342073706013
15.3912	0.903684773651522
15.3992	0.902927456581645
15.4072	0.902060842860285
15.4152	0.901074925580149
15.4232	0.899959016213851
15.4312	0.898701927349356
15.4392	0.897292452390998
15.4472	0.895720264785799
15.4552	0.893976984334886
15.4632	0.892057329237845
15.4712	0.889960273498167
15.4792	0.886814819271455
15.4872	0.883495073427801
15.4952	0.880095508802002
15.5032	0.876707802790888
15.5112	0.873410757690605
15.5192	0.870265255620891
15.5272	0.867313428165406
15.5352	0.86458056639248
15.5432	0.862078338275131
15.5512	0.859808286418883
15.5592	0.857764984251491
15.5672	0.855938589950663
15.5752	0.854316765835053
15.5832	0.85288604090861
15.5912	0.851632720291464
15.5992	0.850543474399766
15.6072	0.849605703192603
15.6152	0.848807738504499
15.6232	0.848138935474813
15.6312	0.847589692788373
15.6392	0.847151430867333
15.6472	0.846816535239814
15.6552	0.846578279073535
15.6632	0.846430738619784
15.6712	0.846368698026151
15.6792	0.846387547290497
15.6872	0.846483190162727
15.6952	0.846651967007256
15.7032	0.84689059445048
15.7112	0.847196123705428
15.7192	0.847565905837705
15.7272	0.847997554234835
15.7352	0.848488907540922
15.7432	0.849037990728306
15.7512	0.849642973276277
15.7592	0.850302137366276
15.7672	0.851013863454195
15.7752	0.85177662734236
15.7832	0.85258900431303
15.7912	0.853449675220231
15.7992	0.854357424723485
15.8072	0.855311131289012
15.8152	0.856309748276482
15.8232	0.857352276929626
15.8312	0.85843773889683
15.8392	0.859565152636897
15.8472	0.860733511262907
15.8552	0.861941761015419
15.8632	0.863188780393143
15.8712	0.86447336001202
15.8792	0.865794183307736
15.8872	0.867149808242662
15.8952	0.868538650767681
15.9032	0.869958971086758
15.9112	0.871408858796059
15.9192	0.872886217489636
15.9272	0.874388750780001
15.9352	0.87591395104254
15.9432	0.877459091824717
15.9512	0.879021229297507
15.9592	0.880597214362373
15.9672	0.882183711935717
15.9752	0.883777227572425
15.9832	0.885374141795301
15.9912	0.886970750005398
15.9992	0.888563310196941
16.0072	0.890148103663138
16.0152	0.891721507500316
16.0232	0.893280080616611
16.0312	0.89482066770009
16.0392	0.896340521205735
16.0472	0.897837440164109
16.0552	0.899309930799427
16.0632	0.900757391313794
16.0712	0.902180322400335
16.0792	0.903580566021377
16.0872	0.904961576433452
16.0952	0.906328724267945
16.1032	0.907689635875281
16.1112	0.909054570330687
16.1192	0.910436838900841
16.1272	0.911853272612069
16.1352	0.913324741960588
16.1432	0.914876731285604
16.1512	0.916539972731199
16.1592	0.918351139982464
16.1672	0.920353601697419
16.1752	0.922598237485309
16.1832	0.925144319495116
16.1912	0.928060457593782
16.1992	0.93142561067314
16.2072	0.935330166767519
16.2152	0.939877087095914
16.2232	0.945183109713076
16.2312	0.95138001978343
16.2392	0.95861598579202
16.2472	0.96705696523181
16.2552	0.976888203139866
16.2632	0.988315858132543
16.2712	1.00156876588598
16.2792	1.01690036577102
16.2872	1.03459082067891
