0.0072	-0.0679785868409504
0.0152	-0.0528534979168449
0.0232	-0.0387139157625751
0.0312	-0.0255011096169925
0.0392	-0.0131594043344518
0.0472	-0.00163603001743787
0.0552	0.00911898716252299
0.0632	0.01915289658627
0.0712	0.0285102534981937
0.0792	0.0372330066345619
0.0872	0.0453606099055463
0.0952	0.0529301620869615
0.1032	0.0599765623375414
0.1112	0.0665326521063316
0.1192	0.0726293369694052
0.1272	0.0782956929334984
0.1352	0.0835590537755621
0.1432	0.0884450838565517
0.1512	0.0929778544197137
0.1592	0.0971799288315664
0.1672	0.101072450924522
0.1752	0.104675238542434
0.1832	0.108006882837367
0.1912	0.111084843009058
0.1992	0.113925531068507
0.2072	0.1165443884267
0.2152	0.118955951699593
0.2232	0.121173905763096
0.2312	0.123211126743938
0.2392	0.125079717892159
0.2472	0.126791043612877
0.2552	0.128355765181048
0.2632	0.129783880588201
0.2712	0.131084766062057
0.2792	0.132267219250036
0.2872	0.133339500384277
0.2952	0.134309368400102
0.3032	0.135184111498389
0.3112	0.135970573580971
0.3192	0.1366751765586
0.3272	0.137303940548365
0.3352	0.137862502889932
0.3432	0.138356136440701
0.3512	0.138789767592684
0.3592	0.139167994911638
0.3672	0.139495107619722
0.3752	0.139775104224005
0.3832	0.140011711363822
0.3912	0.140208402504646
0.3992	0.140368415863419
0.4072	0.140494772033546
0.4152	0.140590290877471
0.4232	0.140657607045112
0.4312	0.14069918413421
0.4392	0.140717327439651
0.4472	0.140714195221893
0.4552	0.140691808888708
0.4632	0.140652062641933
0.4712	0.140596732982656
0.4792	0.140527488163761
0.4872	0.140445897303468
0.4952	0.140353438833861
0.5032	0.140251507916024
0.5112	0.140141422943502
0.5192	0.14002443147237
0.5272	0.139901716575668
0.5352	0.13977440355025
0.5432	0.139643566910858
0.5512	0.139510237237122
0.5592	0.139375407102926
0.5672	0.139240034504468
0.5752	0.139105043867958
0.5832	0.138971324860058
0.5912	0.13883972994606
0.5992	0.138711072050311
0.6072	0.138586124284085
0.6152	0.138465621690688
0.6232	0.138350265733531
0.6312	0.138240731638336
0.6392	0.138137676469925
0.6472	0.138041745934543
0.6552	0.137953580758636
0.6632	0.13787382166488
0.6712	0.137803110079628
0.6792	0.137742084992194
0.6872	0.137691376699914
0.6952	0.137651596003807
0.7032	0.137623317258642
0.7112	0.137607056084188
0.7192	0.137603240858936
0.7272	0.137612176122674
0.7352	0.137633995620373
0.7432	0.137668601780023
0.7512	0.137715586504012
0.7592	0.137774132449185
0.7672	0.13784289841103
0.7752	0.137919896968157
0.7832	0.138002381999954
0.7912	0.138086792389617
0.7992	0.138168829805428
0.8072	0.138243795739143
0.8152	0.138307383239573
0.8232	0.138357216258539
0.8312	0.13820865503675
0.8392	0.138042871484036
0.8472	0.137859497462226
0.8552	0.13765800873339
0.8632	0.137437753115383
0.8712	0.13719799328796
0.8792	0.136937991652709
0.8872	0.136657186525328
0.8952	0.136355296523017
0.9032	0.136032381231322
0.9112	0.135688826400107
0.9192	0.135325214060002
0.9272	0.134942162807918
0.9352	0.134540163989779
0.9432	0.134119427427837
0.9512	0.133679810948076
0.9592	0.133220898315159
0.9672	0.132742130829786
0.9752	0.132242943699233
0.9832	0.131722928020997
0.9912	0.131181916422327
0.9992	0.130619907786594
1.0072	0.130036925751275
1.0152	0.129432867323093
1.0232	0.128807321496129
1.0312	0.12815945911208
1.0392	0.127488068922118
1.0472	0.126791715158819
1.0552	0.126069049680344
1.0632	0.125319213618246
1.0712	0.124542188898686
1.0792	0.123739004293838
1.0872	0.122911832955081
1.0952	0.122063873400209
1.1032	0.121199059214279
1.1112	0.120321753782982
1.1192	0.119436426388039
1.1272	0.118547308527272
1.1352	0.117658118967704
1.1432	0.116771846557505
1.1512	0.115890590908963
1.1592	0.115015531963479
1.1672	0.114147033533858
1.1752	0.113284805843427
1.1832	0.112428156126011
1.1912	0.111576270705426
1.1992	0.1107284248454
1.2072	0.109884122582822
1.2152	0.109043233395908
1.2232	0.10820604776595
1.2312	0.107373195192665
1.2392	0.106545552409054
1.2472	0.105724077710595
1.2552	0.104909558140491
1.2632	0.104102364261713
1.2712	0.103302329085218
1.2792	0.102508733355159
1.2872	0.101720408405763
1.2952	0.100935949164737
1.3032	0.100153945348394
1.3112	0.0993731585566805
1.3192	0.0985926774250635
1.3272	0.0978119833711321
1.3352	0.0970309582922213
1.3432	0.0962499494377117
1.3512	0.0954698773165051
1.3592	0.0946923094012559
1.3672	0.0939195946385281
1.3752	0.0931550001235517
1.3832	0.0924027194656869
1.3912	0.0916677802811776
1.3992	0.0909558988371993
1.4072	0.0902732410999764
1.4152	0.0896260884642956
1.4232	0.0890205055657626
1.4312	0.0884620070987639
1.4392	0.0879552951278435
1.4472	0.0875041637162209
1.4552	0.0871115355903001
1.4632	0.0867795592935161
1.4712	0.0865098349806616
1.4792	0.0863036753168844
1.4872	0.0861622019713325
1.4952	0.0860862884257417
1.5032	0.0860763211580077
1.5112	0.0861317856651487
1.5192	0.086250793063022
1.5272	0.0864297691658456
1.5352	0.0866634010473165
1.5432	0.0869449502646142
1.5512	0.0872668786046898
1.5592	0.0876216075052918
1.5672	0.0880022212907327
1.5752	0.088403069929356
1.5832	0.0888201468491314
1.5912	0.0892512474636211
1.5992	0.0896958626395362
1.6072	0.0901548930739481
1.6152	0.0906302078068164
1.6232	0.0911240906109421
1.6312	0.091638606964873
1.6392	0.0921750208385911
1.6472	0.0927333580589951
1.6552	0.0933121781893506
1.6632	0.0939086547637167
1.6712	0.0945188775778799
1.6792	0.095138281358847
1.6872	0.0957621773428378
1.6952	0.0963862391489529
1.7032	0.0970068063172237
1.7112	0.0976210679357533
1.7192	0.0982271107537297
1.7272	0.098823805991415
1.7352	0.0994106396973699
1.7432	0.0999875364477519
1.7512	0.100554582104076
1.7592	0.101111821783511
1.7672	0.101659083901318
1.7752	0.102195831139616
1.7832	0.102721129042301
1.7912	0.103233764639717
1.7992	0.103732382801829
1.8072	0.104215660524025
1.8152	0.104682499069082
1.8232	0.105132121547028
1.8312	0.105564066346297
1.8392	0.105978198924547
1.8472	0.106374718217377
1.8552	0.10675422954685
1.8632	0.107117927670311
1.8712	0.107467809235978
1.8792	0.107806761561865
1.8872	0.108138530840649
1.8952	0.108467512594405
1.9032	0.108798396915948
1.9112	0.109135823203867
1.9192	0.109484099609399
1.9272	0.109847043706137
1.9352	0.110227939703761
1.9432	0.110629602511002
1.9512	0.11105447593806
1.9592	0.111504713265569
1.9672	0.111982193950023
1.9752	0.112488482270699
1.9832	0.113024747243259
1.9912	0.113591643576699
1.9992	0.11418920651692
2.0072	0.114816832020202
2.0152	0.115473335980788
2.0232	0.116157075945297
2.0312	0.116866120788329
2.0392	0.117598437663287
2.0472	0.118352023073553
2.0552	0.11912498620292
2.0632	0.119915553994943
2.0712	0.12072201558973
2.0792	0.121542704600477
2.0872	0.122376002025737
2.0952	0.123220318890635
2.1032	0.12407406426082
2.1112	0.124935601434546
2.1192	0.125803202521582
2.1272	0.126675076674343
2.1352	0.127549375245306
2.1432	0.128424161587937
2.1512	0.129297356790641
2.1592	0.130166632609598
2.1672	0.131029209699874
2.1752	0.131881703755187
2.1832	0.132720069177323
2.1912	0.133539686105155
2.1992	0.134335587367951
2.2072	0.13510280622843
2.2152	0.135836697453237
2.2232	0.136533140905626
2.2312	0.137188563013925
2.2392	0.137799798026329
2.2472	0.138363839341508
2.2552	0.138877585136593
2.2632	0.139337639014948
2.2712	0.139740173601536
2.2792	0.140080842345434
2.2872	0.140354738369772
2.2952	0.140556388631395
2.3032	0.140679765580493
2.3112	0.140718342217851
2.3192	0.140665218933305
2.3272	0.140513347231438
2.3352	0.14025586608306
2.3432	0.139886530484305
2.3512	0.139400179788317
2.3592	0.138793162165774
2.3672	0.138063659110182
2.3752	0.137211924156517
2.3832	0.13624046494543
2.3912	0.135154191609406
2.3992	0.133960567358861
2.4072	0.132669693905625
2.4152	0.131294154571474
2.4232	0.12984865081846
2.4312	0.128349342538676
2.4392	0.126812999335394
2.4472	0.12525620696488
2.4552	0.123695006898522
2.4632	0.122144984247566
2.4712	0.120621809968474
2.4792	0.119141985707104
2.4872	0.11772339827836
2.4952	0.116385419196648
2.5032	0.115148580468386
2.5112	0.114033738202594
2.5192	0.113060954313903
2.5272	0.11224832624864
2.5352	0.111610949405407
2.5432	0.111159980514414
2.5512	0.110901952590454
2.5592	0.11083830985484
2.5672	0.110965304173663
2.5752	0.111274240097217
2.5832	0.111751905165419
2.5912	0.112381150491497
2.5992	0.113141725735932
2.6072	0.114011409566738
2.6152	0.114967114597967
2.6232	0.115986031315637
2.6312	0.117046811475061
2.6392	0.118130568196639
2.6472	0.119221470752643
2.6552	0.120306972503783
2.6632	0.12137761586983
2.6712	0.122426467179672
2.6792	0.123448409056638
2.6872	0.124439542388095
2.6952	0.12539680165725
2.7032	0.126317951539449
2.7112	0.127201842198734
2.7192	0.128048681785145
2.7272	0.128860111512472
2.7352	0.129639034517152
2.7432	0.130389065581971
2.7512	0.131113841675933
2.7592	0.131816365276198
2.7672	0.132498551450856
2.7752	0.133161063128737
2.7832	0.133803435639091
2.7912	0.134424442563111
2.7992	0.135022609560048
2.8072	0.135596657372832
2.8152	0.136145794587488
2.8232	0.136669814149475
2.8312	0.137168972362153
2.8392	0.137643657313556
2.8472	0.138093949912781
2.8552	0.138519139638964
2.8632	0.138917406227456
2.8712	0.139285791940774
2.8792	0.139620463351837
2.8872	0.139917162005757
2.8952	0.140171739418589
2.9032	0.140380584385641
2.9112	0.140540863661592
2.9192	0.140650601225929
2.9272	0.140708666839605
2.9352	0.140714744191741
2.9432	0.140669335072189
2.9512	0.140573795048529
2.9592	0.14043037926822
2.9672	0.140242255483184
2.9752	0.140013452776871
2.9832	0.139748738657405
2.9912	0.139453411636824
2.9992	0.139133054385986
3.0072	0.138793260927832
3.0152	0.138439352544773
3.0232	0.138076148782371
3.0312	0.137707859641828
3.0392	0.137338092998344
3.0472	0.136969976089243
3.0552	0.136606322437808
3.0632	0.136249763560658
3.0712	0.135902829620115
3.0792	0.135567981273638
3.0872	0.135247582379145
3.0952	0.134943896207828
3.1032	0.134659188579644
3.1112	0.134395905784815
3.1192	0.134156880547493
3.1272	0.133945551178853
3.1352	0.1337660350629
3.1432	0.133622957788494
3.1512	0.133521065182728
3.1592	0.133464699178918
3.1672	0.133457234588516
3.1752	0.133500666762562
3.1832	0.133595449088629
3.1912	0.133740544959415
3.1992	0.133933647086556
3.2072	0.134171528106692
3.2152	0.134450375362519
3.2232	0.134765997054519
3.2312	0.135113903678138
3.2392	0.135489302024108
3.2472	0.135887032960281
3.2552	0.13630152396844
3.2632	0.136726831074358
3.2712	0.137156742843993
3.2792	0.137584914343564
3.2872	0.138005005661015
3.2952	0.13841083639505
3.3032	0.138796515041213
3.3112	0.139156564484173
3.3192	0.139486069450738
3.3272	0.13978083653021
3.3352	0.140037535074514
3.3432	0.140253823701532
3.3512	0.140428421815644
3.3592	0.140561099058268
3.3672	0.140652576942633
3.3752	0.140704329831856
3.3832	0.140718295419183
3.3912	0.140696549522072
3.3992	0.140640990061158
3.4072	0.140553108303655
3.4152	0.140433904106287
3.4232	0.140283955292675
3.4312	0.140103636294497
3.4392	0.1398934200851
3.4472	0.13965417465462
3.4552	0.139387424118026
3.4632	0.139095536130062
3.4712	0.138781783721607
3.4792	0.138450335350053
3.4872	0.138106199921504
3.4952	0.137755073912272
3.5032	0.137403084568763
3.5112	0.137056568451459
3.5192	0.136721879712013
3.5272	0.136405265424198
3.5352	0.136112826257019
3.5432	0.135850552452477
3.5512	0.135624354056421
3.5592	0.135440024566332
3.5672	0.135303101303449
3.5752	0.135218598761567
3.5832	0.135190572741715
3.5912	0.135221646573142
3.5992	0.135312592370052
3.6072	0.135462094570335
3.6152	0.135666745366424
3.6232	0.135921371557341
3.6312	0.136219528444002
3.6392	0.136554020624778
3.6472	0.13691730792239
3.6552	0.137301741426457
3.6632	0.137699597963825
3.6712	0.138102991005031
3.6792	0.138503799625316
3.6872	0.138893709396609
3.6952	0.139264372383192
3.7032	0.139607650002353
3.7112	0.139915852814934
3.7192	0.140181954245327
3.7272	0.140399759452026
3.7352	0.140564046966639
3.7432	0.140670687296641
3.7512	0.140716729998127
3.7592	0.140700452994956
3.7672	0.140621385796044
3.7752	0.14048028441195
3.7832	0.140279051506853
3.7912	0.140020598318835
3.7992	0.139708617924736
3.8072	0.139347295676021
3.8152	0.138940989735226
3.8232	0.138493929966417
3.8312	0.138009984166304
3.8392	0.137492550286705
3.8472	0.13694453146001
3.8552	0.13636838501082
3.8632	0.135766199585984
3.8712	0.135139765169058
3.8792	0.134490572698579
3.8872	0.133819794184858
3.8952	0.133128236945473
3.9032	0.132416310788085
3.9112	0.131683976187123
3.9192	0.130930739274166
3.9272	0.130155679561876
3.9352	0.12935752816813
3.9432	0.128534762164731
3.9512	0.127685733434722
3.9592	0.126808773435406
3.9672	0.125902322666028
3.9752	0.124965069644862
3.9832	0.123996127358544
3.9912	0.122995243917423
3.9992	0.1219630631763
4.0072	0.120901302354101
4.0152	0.119812831139508
4.0232	0.118701549986433
4.0312	0.117572107270811
4.0392	0.116429522414524
4.0472	0.115278869181084
4.0552	0.114124995034161
4.0632	0.112972404273648
