8.1752	0.62465245053987
8.1832	0.623414552495474
8.1912	0.622192243952197
8.1992	0.620989190871858
8.2072	0.61980780143206
8.2152	0.618649169200809
8.2232	0.617513178412583
8.2312	0.61639868020672
8.2392	0.615303614389984
8.2472	0.614225021413001
8.2552	0.613158947693938
8.2632	0.612100247502987
8.2712	0.611042420466293
8.2792	0.609977646630058
8.2872	0.608896988904063
8.2952	0.607790781753742
8.3032	0.606649077429919
8.3112	0.605461922531214
8.3192	0.604219491145777
8.3272	0.602912162303157
8.3352	0.60153059345852
8.3432	0.600065812420739
8.3512	0.598509549144047
8.3592	0.596854753443155
8.3672	0.595096230001171
8.3752	0.593231333120365
8.3832	0.59126054442798
8.3912	0.589187824076331
8.3992	0.587020669591578
8.4072	0.584769970915914
8.4152	0.582449509910581
8.4232	0.580075136930537
8.4312	0.577663704742772
8.4392	0.575231948269478
8.4472	0.572795450505481
8.4552	0.570367905043449
8.4632	0.567960854875069
8.4712	0.565583964175469
8.4792	0.563245528113409
8.4872	0.560953080080517
8.4952	0.558713909576109
8.5032	0.556535423513204
8.5112	0.554425174043254
8.5192	0.552390732794148
8.5272	0.550439443838887
8.5352	0.548578152991842
8.5432	0.546812991995039
8.5512	0.545149305271623
8.5592	0.543591554694406
8.5672	0.542143219458808
8.5752	0.540806728812806
8.5832	0.539583360390626
8.5912	0.538473074449023
8.5992	0.537474428563465
8.6072	0.536584575690643
8.6152	0.535799340572811
8.6232	0.535113389335905
8.6312	0.534520466033666
8.6392	0.534013602647839
8.6472	0.533585319067431
8.6552	0.533227816229003
8.6632	0.532933158528165
8.6712	0.53269348288447
8.6792	0.532501249297965
8.6872	0.532349488113171
8.6952	0.5322320187821
8.7032	0.532143613233519
8.7112	0.532080071369962
8.7192	0.532038226267298
8.7272	0.532015909206471
8.7352	0.532011885561504
8.7432	0.53202577033418
8.7512	0.532057941353923
8.7592	0.532109450049933
8.7672	0.532181908012791
8.7752	0.532277347672439
8.7832	0.532398070186042
8.7912	0.532546465699443
8.7992	0.532724813522767
8.8072	0.532935086760895
8.8152	0.533178765851641
8.8232	0.533456656901028
8.8312	0.533768765793041
8.8392	0.534114247441241
8.8472	0.534491427260205
8.8552	0.534897873651657
8.8632	0.53533049435784
8.8712	0.535785570248269
8.8792	0.536258701534435
8.8872	0.536744676299649
8.8952	0.537237315654374
8.9032	0.537729407563781
8.9112	0.538212787609452
8.9192	0.538678620270731
8.9272	0.53911786255332
8.9352	0.539521805047776
8.9432	0.539882534492335
8.9512	0.540193347679665
8.9592	0.540449039867736
8.9672	0.540646027942982
8.9752	0.540782339929789
8.9832	0.540857571015305
8.9912	0.540872773852225
8.9992	0.540830282869084
9.0072	0.540733423441076
9.0152	0.540586224013565
9.0232	0.540393117996303
9.0312	0.540158723532939
9.0392	0.539887710328326
9.0472	0.539584823099487
9.0552	0.539254936160061
9.0632	0.538903205702902
9.0712	0.538535245766845
9.0792	0.53815719058739
9.0872	0.5377755686087
9.0952	0.537397088201089
9.1032	0.53702829139442
9.1112	0.536675148539315
9.1192	0.53634275267681
9.1272	0.536035196467264
9.1352	0.53575557193789
9.1432	0.535506081973886
9.1512	0.535288205922384
9.1592	0.535102872310973
9.1672	0.534950618538299
9.1752	0.53483172465114
9.1832	0.534746297326444
9.1912	0.534694330286478
9.1992	0.534675766359261
9.2072	0.534690544757043
9.2152	0.534738654256871
9.2232	0.53482017242927
9.2312	0.534935292106232
9.2392	0.535084331028326
9.2472	0.535267747247577
9.2552	0.535486124060893
9.2632	0.535740126572369
9.2712	0.536030439784498
9.2792	0.536357692693084
9.2872	0.536722351443281
9.2952	0.537124637456301
9.3032	0.537564522599022
9.3112	0.538041760423652
9.3192	0.538555936024275
9.3272	0.539106506812711
9.3352	0.539692789385047
9.3432	0.54031386402433
9.3512	0.540968452659234
9.3592	0.54165482259811
9.3672	0.542370753296387
9.3752	0.543113535753909
9.3832	0.54388006633685
9.3912	0.544666993507263
9.3992	0.545470828116904
9.4072	0.546287935290554
9.4152	0.54711444939828
9.4232	0.547946086490668
9.4312	0.548777872032747
9.4392	0.549603907272207
9.4472	0.550417226623695
9.4552	0.551209770173427
9.4632	0.551972609895941
9.4712	0.552696512317971
9.4792	0.553372660529166
9.4872	0.553993619193652
9.4952	0.554554259784706
9.5032	0.55505236426408
9.5112	0.555488780429169
9.5192	0.55586727729553
9.5272	0.5561939696
9.5352	0.556476627279834
9.5432	0.556724071375047
9.5512	0.556945725530272
9.5592	0.557151271221885
9.5672	0.557350582815191
9.5752	0.557553718190401
9.5832	0.55777097671397
9.5912	0.558012890944427
9.5992	0.55829008732508
9.6072	0.558612853925473
9.6152	0.558990696444936
9.6232	0.559431894030846
9.6312	0.559943114207192
9.6392	0.560529191185486
9.6472	0.561193252740954
9.6552	0.561937173595906
9.6632	0.562762166753847
9.6712	0.563669362389427
9.6792	0.564660200993074
9.6872	0.565736548810954
9.6952	0.566900549483263
9.7032	0.56815432861512
9.7112	0.569499678090918
9.7192	0.570937911807339
9.7272	0.572469926088145
9.7352	0.574096358342641
9.7432	0.575817724195725
9.7512	0.577634586936293
9.7592	0.579547614023962
9.7672	0.581557443523904
9.7752	0.583664405582852
9.7832	0.585868111741645
9.7912	0.588166947558321
9.7992	0.59055761302825
9.8072	0.593034808003664
9.8152	0.595591058810722
9.8232	0.59821681864306
9.8312	0.60090086855958
9.8392	0.603630841484789
9.8472	0.606393751304786
9.8552	0.609176578705094
9.8632	0.611966689272585
9.8712	0.614752083259107
9.8792	0.617521538620608
9.8872	0.620264749949281
9.8952	0.622972278212631
9.9032	0.62563544456287
9.9112	0.62824624185718
9.9192	0.630797141021094
9.9272	0.633280866076638
9.9352	0.635690192680465
9.9432	0.638017711189784
9.9512	0.640255550647257
9.9592	0.642395287455038
9.9672	0.644428081681936
9.9752	0.646344925908007
9.9832	0.648137113138453
9.9912	0.649796887535047
9.9992	0.651318053405129
10.0072	0.652696369983134
10.0152	0.653929755825602
10.0232	0.655018285680709
10.0312	0.655963975280614
10.0392	0.656770606931097
10.0472	0.657443700477124
10.0552	0.657990567246226
10.0632	0.658420334234771
10.0712	0.658743827825962
10.0792	0.658973242291192
10.0872	0.659121560351663
10.0952	0.659201979982547
10.1032	0.659227427781331
10.1112	0.659210125176904
10.1192	0.659161289024555
10.1272	0.659091009357603
10.1352	0.659008178336193
10.1432	0.658920458874225
10.1512	0.65883429167473
10.1592	0.658754905487604
10.1672	0.658686324201412
10.1752	0.6586314670083
10.1832	0.65859232709033
10.1912	0.658570244398369
10.1992	0.658566179383046
10.2072	0.658580856501743
10.2152	0.658614845381508
10.2232	0.658668458187621
10.2312	0.658741334107127
10.2392	0.658831926559443
10.2472	0.658937097246459
10.2552	0.659051847223237
10.2632	0.659169493168688
10.2712	0.659282352367431
10.2792	0.659382632135663
10.2872	0.65946333302735
10.2952	0.659519041982279
10.3032	0.659546271087118
10.3112	0.659543318483856
10.3192	0.659509923795211
10.3272	0.659446763550264
10.3352	0.659354779878838
10.3432	0.659234580984306
10.3512	0.659085957583429
10.3592	0.65890729771375
10.3672	0.658695052148949
10.3752	0.658443415266853
10.3832	0.658144339046036
10.3912	0.657787994213358
10.3992	0.657363729717445
10.4072	0.656861232420655
10.4152	0.656271627540844
10.4232	0.65558833123785
10.4312	0.654807541090779
10.4392	0.653928133019665
10.4472	0.652951232466527
10.4552	0.651879672384857
10.4632	0.650717499679333
10.4712	0.649469725301068
10.4792	0.648142605665009
10.4872	0.646744020826628
10.4952	0.645283648200096
10.5032	0.643772853689819
10.5112	0.642224228955668
10.5192	0.640650723686671
10.5272	0.639064851335781
10.5352	0.637478226901508
10.5432	0.635901290778381
10.5512	0.634343279733351
10.5592	0.632812540495344
10.5672	0.631316713930706
10.5752	0.629862714191946
10.5832	0.628456779696656
10.5912	0.627104638628026
10.5992	0.625811547550481
10.6072	0.624582529326467
10.6152	0.623422784595628
10.6232	0.622338068605968
10.6312	0.621334783214675
10.6392	0.620419846976004
10.6472	0.619600349327708
10.6552	0.618883070083619
10.6632	0.61827401145834
10.6712	0.617778115659723
10.6792	0.617399037199663
10.6872	0.617138998191784
10.6952	0.616998705509751
10.7032	0.616977346202522
10.7112	0.617072432431428
10.7192	0.617279716998338
10.7272	0.617593235603937
10.7352	0.618005491972388
10.7432	0.618507729042274
10.7512	0.619090460151522
10.7592	0.619744200989111
10.7672	0.620460225114996
10.7752	0.621231087913542
10.7832	0.62205090812543
10.7912	0.622915447189479
10.7992	0.623822014028971
10.8072	0.624769202917171
10.8152	0.62575656991898
10.8232	0.626784261186022
10.8312	0.627852525773629
10.8392	0.628961142616418
10.8472	0.630108884517046
10.8552	0.631293092588681
10.8632	0.632509430431886
10.8712	0.633751923347354
10.8792	0.6350132856603
10.8872	0.636285485575616
10.8952	0.637560417365036
10.9032	0.638830455361769
10.9112	0.640088729838561
10.9192	0.641328986537532
10.9272	0.642545123815828
10.9352	0.643730717872899
10.9432	0.644878688348655
10.9512	0.64598111421772
10.9592	0.647029153955123
10.9672	0.648012962160951
10.9752	0.648921513301411
10.9832	0.649742434383414
10.9912	0.650462035519414
10.9992	0.651065587390459
11.0072	0.651537816875011
11.0152	0.65186370810718
11.0232	0.652029489468041
11.0312	0.652023610494125
11.0392	0.651837588528267
11.0472	0.65146676695785
11.0552	0.650910945177612
11.0632	0.650174560839204
11.0712	0.64926641835473
11.0792	0.648199032823297
11.0872	0.64698754272909
11.0952	0.645648335794223
11.1032	0.644197926017763
11.1112	0.642652201838167
11.1192	0.641026213019445
11.1272	0.639334516569634
11.1352	0.637591729654173
11.1432	0.635812773572298
11.1512	0.634012933130376
11.1592	0.632207665989478
11.1672	0.630412196809709
11.1752	0.628640886533851
11.1832	0.626906522812993
11.1912	0.625219432666231
11.1992	0.623586775731146
11.2072	0.622012237354642
11.2152	0.620496476445467
11.2232	0.619038218388192
11.2312	0.617635787988791
11.2392	0.616288602748958
11.2472	0.614998302053585
11.2552	0.613769103168944
11.2632	0.612607318595061
11.2712	0.611520372436616
11.2792	0.610515783819831
11.2872	0.609600461117024
11.2952	0.608780478639263
11.3032	0.608061234184668
11.3112	0.607447688852069
11.3192	0.606944474784936
11.3272	0.6065557866097
11.3352	0.606285112608968
11.3432	0.606134789657227
11.3512	0.606105606143175
11.3592	0.606196623908468
11.3672	0.606405168904131
11.3752	0.60672686032869
11.3832	0.607156030898459
11.3912	0.607686420805008
11.3992	0.608311917321991
11.4072	0.609027260545595
11.4152	0.60982857755419
11.4232	0.610713518385497
11.4312	0.61168106490337
11.4392	0.612731119342525
11.4472	0.613863878034203
11.4552	0.615079257091233
11.4632	0.616376754399326
11.4712	0.617755586425015
11.4792	0.61921492340048
11.4872	0.620754210076584
11.4952	0.622373378173687
11.5032	0.624072875206249
11.5112	0.62585363070247
11.5192	0.627717150356752
11.5272	0.629665654192182
11.5352	0.631702292013003
11.5432	0.633831450714335
11.5512	0.636058828171262
11.5592	0.638391166257634
11.5672	0.640835543917721
11.5752	0.643398135199284
11.5832	0.646082567543739
11.5912	0.648888427853951
11.5992	0.651810187269036
11.6072	0.654836769630818
11.6152	0.657952000902015
11.6232	0.661135862446628
11.6312	0.664366129651661
11.6392	0.667620072906097
11.6472	0.670875747426341
11.6552	0.674112659607661
11.6632	0.677311873221374
11.6712	0.680455791850044
11.6792	0.683527743654209
11.6872	0.686511761672905
11.6952	0.689392686235728
11.7032	0.692156432120538
11.7112	0.694790334691231
11.7192	0.697283492772985
11.7272	0.699627011108676
11.7352	0.701814089803145
11.7432	0.703839895252545
11.7512	0.705701286726443
11.7592	0.707396521582038
11.7672	0.708925066712948
11.7752	0.710287547818035
11.7832	0.711485803827557
11.7912	0.712522958731074
11.7992	0.713403559529793
11.8072	0.714133791894124
11.8152	0.714721721165942
11.8232	0.715177551633092
11.8312	0.715513821012122
11.8392	0.71574531022161
11.8472	0.715888617676647
11.8552	0.715961433456323
11.8632	0.715981627083022
11.8712	0.715966362152519
11.8792	0.715931391196612
11.8872	0.715890545766279
11.8952	0.715855333704301
11.9032	0.715834474174567
11.9112	0.715833261917488
11.9192	0.715852811481172
11.9272	0.71588931192283
11.9352	0.715933491107289
11.9432	0.715970490193559
11.9512	0.715980237769378
11.9592	0.715938342460355
11.9672	0.715817463309237
11.9752	0.715589031646319
11.9832	0.715225170791013
11.9912	0.714700576598411
11.9992	0.71399408123874
12.0072	0.713089652505039
12.0152	0.711976693613494
12.0232	0.710649622057888
12.0312	0.709106979869051
12.0392	0.707350418838814
12.0472	0.705383893705201
12.0552	0.703213145466151
12.0632	0.700845549587641
12.0712	0.698290091076173
12.0792	0.69555734885751
12.0872	0.692659248438051
12.0952	0.689608721963242
12.1032	0.686419170035756
12.1112	0.683104001599388
12.1192	0.679676265465969
12.1272	0.676148535051636
12.1352	0.67253286338833
12.1432	0.668840935883199
12.1512	0.665084304445053
12.1592	0.661274768904947
12.1672	0.657424744886475
12.1752	0.653547602777857
12.1832	0.649657659196531
12.1912	0.645769955770004
12.1992	0.64189974680725
12.2072	0.638061942829776
12.2152	0.634270722366581
12.2232	0.630539606935089
12.2312	0.62688169734743
12.2392	0.6233100408621
12.2472	0.619837906322151
12.2552	0.616478775316064
