4.0552	0.287630164255151
4.0632	0.290294786680829
4.0712	0.292928668447983
4.0792	0.295514873902736
4.0872	0.298039025237091
4.0952	0.300489579021559
4.1032	0.302857754019841
4.1112	0.305137016366709
4.1192	0.307322465324964
4.1272	0.309410478045337
4.1352	0.311398517148178
4.1432	0.313285186996488
4.1512	0.315070580675944
4.1592	0.316756696153629
4.1672	0.318347639489853
4.1752	0.319849466898558
4.1832	0.321269674994267
4.1912	0.322616460516114
4.1992	0.323897934467968
4.2072	0.325121457992929
4.2152	0.326293240066595
4.2232	0.327418304872796
4.2312	0.328500739420709
4.2392	0.329544092103307
4.2472	0.330551772559656
4.2552	0.331527352365875
4.2632	0.332474741246405
4.2712	0.333398201166314
4.2792	0.3343022500802
4.2872	0.335191651149541
4.2952	0.336071505823026
4.3032	0.336947407976955
4.3112	0.337825550796876
4.3192	0.338712750615815
4.3272	0.339616318335739
4.3352	0.340543844607434
4.3432	0.341502880433755
4.3512	0.342500673940333
4.3592	0.343544099932214
4.3672	0.344639715743489
4.3752	0.345793701812345
4.3832	0.347011739434204
4.3912	0.348298873583954
4.3992	0.349659172814023
4.4072	0.351095269858139
4.4152	0.352607929888952
4.4232	0.354195635357695
4.4312	0.35585430949683
4.4392	0.357577281429118
4.4472	0.35935532301649
4.4552	0.361176829469042
4.4632	0.36302823328677
4.4712	0.364894597716826
4.4792	0.366760183505314
4.4872	0.368609114054421
4.4952	0.370426030246644
4.5032	0.372196443547568
4.5112	0.3739067585633
4.5192	0.375544192100894
4.5272	0.37709660854519
4.5352	0.378552440933889
4.5432	0.379900832839946
4.5512	0.38113195154735
4.5592	0.382237375007969
4.5672	0.383210502314623
4.5752	0.384046886243689
4.5832	0.3847443537287
4.5912	0.385303090974827
4.5992	0.385725491197641
4.6072	0.386015693756348
4.6152	0.386179112938108
4.6232	0.386222025996685
4.6312	0.386150749333132
4.6392	0.385970773607395
4.6472	0.38568600638779
4.6552	0.385298043975994
4.6632	0.384805706670801
4.6712	0.38420527227266
4.6792	0.383491095107884
4.6872	0.382656692309054
4.6952	0.381696205075365
4.7032	0.380605783066319
4.7112	0.379384298197286
4.7192	0.37803374290474
4.7272	0.376559137314122
4.7352	0.374967964886014
4.7432	0.373269483205005
4.7512	0.371474480011146
4.7592	0.36959534332319
4.7672	0.367646272668794
4.7752	0.365643377756624
4.7832	0.363604654176505
4.7912	0.361549510062749
4.7992	0.359497768587494
4.8072	0.357468530949544
4.8152	0.355479211422936
4.8232	0.353544836551912
4.8312	0.351677982586369
4.8392	0.349889030888414
4.8472	0.348186449383685
4.8552	0.346577118063993
4.8632	0.345066612568741
4.8712	0.343659211281936
4.8792	0.342357884739456
4.8872	0.341164500825808
4.8952	0.340080156046853
4.9032	0.33910549716762
4.9112	0.338241096180183
4.9192	0.337487695158356
4.9272	0.336846309626458
4.9352	0.336318192160813
4.9432	0.335904741753503
4.9512	0.335607418670832
4.9592	0.335427908188367
4.9672	0.335368378412856
4.9752	0.335431752581903
4.9832	0.335621780574925
4.9912	0.335942928849795
4.9992	0.336400091979088
5.0072	0.336998244920465
5.0152	0.337742104656159
5.0232	0.338635914537591
5.0312	0.339683329627012
5.0392	0.34088737889826
5.0472	0.342250365018098
5.0552	0.343773651026839
5.0632	0.345457347782152
5.0712	0.347299962310909
5.0792	0.349298029383665
5.0872	0.351445911298243
5.0952	0.353735875486437
5.1032	0.356158361815081
5.1112	0.358702185118328
5.1192	0.361354544031124
5.1272	0.36410072813653
5.1352	0.366923452557065
5.1432	0.36980214905383
5.1512	0.372712536601486
5.1592	0.375626716273662
5.1672	0.378513772782244
5.1752	0.381340673689935
5.1832	0.384073261211921
5.1912	0.386676982314754
5.1992	0.389116945699413
5.2072	0.391357558512177
5.2152	0.393362266402778
5.2232	0.395093832164288
5.2312	0.396515561514945
5.2392	0.397593593748444
5.2472	0.398299669725525
5.2552	0.398613615900195
5.2632	0.398524999181801
5.2712	0.398033496681818
5.2792	0.397148017688798
5.2872	0.395885049195328
5.2952	0.394266636984891
5.3032	0.392318598258618
5.3112	0.390069383529627
5.3192	0.387549642210689
5.3272	0.384792223261338
5.3352	0.381832796102393
5.3432	0.37871069479409
5.3512	0.3754695581569
5.3592	0.372157146111042
5.3672	0.368824334955163
5.3752	0.365522888051173
5.3832	0.362302971366723
5.3912	0.359210823705765
5.3992	0.356287612155046
5.4072	0.353570489219169
5.4152	0.35109592068753
5.4232	0.348903404466383
5.4312	0.347038881038098
5.4392	0.345556314495407
5.4472	0.344515724778574
5.4552	0.343977716378311
5.4632	0.343995884238242
5.4712	0.344608125950251
5.4792	0.345829164186003
5.4872	0.347646627133702
5.4952	0.350020080646956
5.5032	0.352882442229848
5.5112	0.356144392960103
5.5192	0.359701103218099
5.5272	0.363439426795156
5.5352	0.367246178091885
5.5432	0.371016532691715
5.5512	0.374661005671924
5.5592	0.378109813040758
5.5672	0.38131486247639
5.5752	0.384248812173591
5.5832	0.386901564975743
5.5912	0.389275144122556
5.5992	0.391377971816641
5.6072	0.393219163635375
5.6152	0.394803972587073
5.6232	0.396131133842018
5.6312	0.397192317098706
5.6392	0.397973518028512
5.6472	0.398457948320769
5.6552	0.398629414441836
5.6632	0.398475366477398
5.6712	0.397989112336597
5.6792	0.397171044330212
5.6872	0.396029122735327
5.6952	0.394578938994413
5.7032	0.392843422497491
5.7112	0.390852288005452
5.7192	0.388641216673503
5.7272	0.386250550245435
5.7352	0.383723585768617
5.7432	0.381104727751022
5.7512	0.378437564414887
5.7592	0.375763115360749
5.7672	0.373118642208394
5.7752	0.370537122382667
5.7832	0.368047190901888
5.7912	0.365673271928729
5.7992	0.363435661593479
5.8072	0.361350436093812
5.8152	0.35942913149501
5.8232	0.357678442437606
5.8312	0.35610018063388
5.8392	0.354691653714045
5.8472	0.353446525470816
5.8552	0.352356127869968
5.8632	0.351410772852049
5.8712	0.350600897798762
5.8792	0.349918095526223
5.8872	0.349355795749013
5.8952	0.348909288962861
5.9032	0.348575469753366
5.9112	0.348352453240461
5.9192	0.348239012724791
5.9272	0.348233889161436
5.9352	0.348335336610272
5.9432	0.348540931498193
5.9512	0.348847676430123
5.9592	0.349252399259741
5.9672	0.349752281023215
5.9752	0.350345445044801
5.9832	0.351031545089698
5.9912	0.351812138367833
5.9992	0.35269058553935
6.0072	0.35367163645586
6.0152	0.354760716041763
6.0232	0.355963031804534
6.0312	0.357282588393228
6.0392	0.358721346858393
6.0472	0.36027865788487
6.0552	0.361951173902948
6.0632	0.36373301505776
6.0712	0.365616089867108
6.0792	0.36759043961207
6.0872	0.369644650603141
6.0952	0.371766044845084
6.1032	0.373940812106626
6.1112	0.376154094963506
6.1192	0.378389938308954
6.1272	0.380630994828626
6.1352	0.38285809735805
6.1432	0.385049673245518
6.1512	0.387181215623493
6.1592	0.389225073884693
6.1672	0.391150702414062
6.1752	0.392925412118712
6.1832	0.394515580129853
6.1912	0.395888110218434
6.1992	0.397011815582489
6.2072	0.397858521084252
6.2152	0.398403549680203
6.2232	0.398625384850233
6.2312	0.398504724900076
6.2392	0.398023167227479
6.2472	0.39716203793895
6.2552	0.395902108692325
6.2632	0.394224621040679
6.2712	0.39211386160139
6.2792	0.389560991734125
6.2872	0.386568143063395
6.2952	0.383151780861041
6.3032	0.379344497660461
6.3112	0.375194457149724
6.3192	0.370762846227083
6.3272	0.366120614228097
6.3352	0.361345072966478
6.3432	0.356517298284973
6.3512	0.351721720488984
6.3592	0.347047473041392
6.3672	0.342589950213351
6.3752	0.338451479103731
6.3832	0.334740173002447
6.3912	0.331566040434814
6.3992	0.329033441987241
6.4072	0.327232239979842
6.4152	0.326230888879773
6.4232	0.326072806775595
6.4312	0.32677606965381
6.4392	0.328336241702998
6.4472	0.330729294271957
6.4552	0.333912961124613
6.4632	0.337826212660313
6.4712	0.342386741022412
6.4792	0.347488718718345
6.4872	0.353003497293755
6.4952	0.358783878024766
6.5032	0.364670660371572
6.5112	0.370500286435852
6.5192	0.376112270285826
6.5272	0.381355243428426
6.5352	0.386091061067556
6.5432	0.39019767460024
6.5512	0.393571483778987
6.5592	0.396129412268484
6.5672	0.397810775402925
6.5752	0.398579037035668
6.5832	0.398423385025702
6.5912	0.397360081576626
6.5992	0.395433342556255
6.6072	0.392715072174869
6.6152	0.389303009100375
6.6232	0.385316973668801
6.6312	0.380892944175462
6.6392	0.376175355723098
6.6472	0.371308369295453
6.6552	0.366427133560442
6.6632	0.3616502274507
6.6712	0.357074104107592
6.6792	0.352769956285361
6.6872	0.348783181670266
6.6952	0.345135011570643
6.7032	0.341825674019163
6.7112	0.338838471511376
6.7192	0.336144404965609
6.7272	0.333706986234342
6.7352	0.331486886126197
6.7432	0.329446142327712
6.7512	0.327551729096132
6.7592	0.325778295194615
6.7672	0.32410989004793
6.7752	0.322540648450881
6.7832	0.321074533166458
6.7912	0.319724185887229
6.7992	0.318509065190589
6.8072	0.317453117312885
6.8152	0.316581935427699
6.8232	0.315919530722242
6.8312	0.315485144666801
6.8392	0.31529049354077
6.8472	0.315337790216858
6.8552	0.315619143220887
6.8632	0.316117494759223
6.8712	0.316808768701478
6.8792	0.317664729656632
6.8872	0.318656041807177
6.8952	0.319754766621679
6.9032	0.32093617563731
6.9112	0.322180000756531
6.9192	0.323470973379128
6.9272	0.324798758753864
6.9352	0.326157591503228
6.9432	0.32754550335311
6.9512	0.328963162224901
6.9592	0.330412567664745
6.9672	0.331895735453814
6.9752	0.333413489055492
6.9832	0.33496466941303
6.9912	0.336545957779127
6.9992	0.338152227008114
7.0072	0.339777381711957
7.0152	0.341415517847909
7.0232	0.343061772670517
7.0312	0.344712533160123
7.0392	0.346365159817643
7.0472	0.348017074756533
7.0552	0.349664467860451
7.0632	0.351301282938254
7.0712	0.352918620371001
7.0792	0.354504554712764
7.0872	0.356044571132128
7.0952	0.357522534019229
7.1032	0.358921756513872
7.1112	0.360226228997207
7.1192	0.361421850120549
7.1272	0.362497250631832
7.1352	0.363444340687093
7.1432	0.364258754439278
7.1512	0.364939821878214
7.1592	0.365490393243033
7.1672	0.365916898262999
7.1752	0.366229482246097
7.1832	0.366441998706294
7.1912	0.366571867702356
7.1992	0.366639448959112
7.2072	0.366666903578378
7.2152	0.366676767535821
7.2232	0.366690529290378
7.2312	0.366727379998928
7.2392	0.366803578860039
7.2472	0.366932323463575
7.2552	0.367123898100181
7.2632	0.367385884734067
7.2712	0.367723490232433
7.2792	0.368139837566587
7.2872	0.368636333951872
7.2952	0.369213145198169
7.3032	0.369869944776123
7.3112	0.370606609850639
7.3192	0.371423709126884
7.3272	0.372322425114047
7.3352	0.373303940920134
7.3432	0.374368417887813
7.3512	0.375513987408756
7.3592	0.376735877755078
7.3672	0.378026081381816
7.3752	0.379373583351248
7.3832	0.380765091832479
7.3912	0.382186089880688
7.3992	0.383621744337455
7.4072	0.385057399744269
7.4152	0.386478727443593
7.4232	0.387871647577721
7.4312	0.389222046704707
7.4392	0.390515661528501
7.4472	0.391738346926178
7.4552	0.392876622421253
7.4632	0.393918393778665
7.4712	0.394853847566249
7.4792	0.395676213999974
7.4872	0.396382278006183
7.4952	0.396972649008922
7.5032	0.397451764418475
7.5112	0.397827510062945
7.5192	0.398110644977367
7.5272	0.398314084290914
7.5352	0.398452038213143
7.5432	0.398539028581653
7.5512	0.398588937618693
7.5592	0.398614139217451
7.5672	0.398624769054947
7.5752	0.398628215503497
7.5832	0.398628872764108
7.5912	0.398628173745204
7.5992	0.398624893718186
7.6072	0.398615687472474
7.6152	0.398595815643584
7.6232	0.398559987814154
7.6312	0.398503200368981
7.6392	0.398421415538928
7.6472	0.398311932009402
7.6552	0.398173373142362
7.6632	0.398005334560676
7.6712	0.397807895958777
7.6792	0.397581224521161
7.6872	0.397325448931064
7.6952	0.397040792876282
7.7032	0.396727857695152
7.7112	0.396387848422544
7.7192	0.396022661856278
7.7272	0.395634668053755
7.7352	0.395226189852951
7.7432	0.39479892859869
7.7512	0.394353581134648
7.7592	0.393889652165599
7.7672	0.393405547043534
7.7752	0.39289894275525
7.7832	0.392367325296452
7.7912	0.391808697946673
7.7992	0.391222248565097
7.8072	0.390608750861234
7.8152	0.389970701660302
7.8232	0.389312319467803
7.8312	0.388639354251478
7.8392	0.387958725100298
7.8472	0.387278156792305
7.8552	0.386605909369245
7.8632	0.385950522257548
7.8712	0.38532047901927
7.8792	0.384723776928189
7.8872	0.384167506541574
7.8952	0.383657501852903
7.9032	0.383198112851377
7.9112	0.382792166690284
7.9192	0.382441171035331
7.9272	0.382145595040574
7.9352	0.381905055160716
7.9432	0.381718113271162
7.9512	0.381581825968973
7.9592	0.381491214735978
7.9672	0.381438696543044
7.9752	0.381413681146941
7.9832	0.381402676054083
7.9912	0.381389811939214
7.9992	0.38135777198652
8.0072	0.381289100457061
8.0152	0.3811676447821
8.0232	0.380979471084758
8.0312	0.380713052439298
8.0392	0.380358700270023
8.0472	0.379907377996745
8.0552	0.379349254985464
8.0632	0.378672742089917
8.0712	0.377864307407404
8.0792	0.376909280773519
8.0872	0.375793807514111
8.0952	0.374507476479246
8.1032	0.373045786553152
