0.0072	0.0892839924059949
0.0152	0.0891343474923888
0.0232	0.0889626086197437
0.0312	0.0887689300926513
0.0392	0.0885534833201693
0.0472	0.0883164591273699
0.0552	0.0880580701755975
0.0632	0.0877785534831893
0.0712	0.0874781730375038
0.0792	0.0871572224880892
0.0872	0.086816027909701
0.0952	0.0864549506226868
0.1032	0.086074390056991
0.1112	0.0856747861706174
0.1192	0.0852566202067634
0.1272	0.0848204167557142
0.1352	0.084366750580112
0.1432	0.0838962569310565
0.1512	0.0834096435858643
0.1592	0.0829077037976305
0.1672	0.0823913263129633
0.1752	0.081861498521085
0.1832	0.0813193028897693
0.1912	0.0807659078028888
0.1992	0.0802025545946299
0.2072	0.0796305450859825
0.2152	0.0790512323462777
0.2232	0.0784660144071204
0.2312	0.0778763310963204
0.2392	0.0772836636795593
0.2472	0.076689534695939
0.2552	0.0760955064705661
0.2632	0.0755031790951737
0.2712	0.0749141881494909
0.2792	0.0743302021721804
0.2872	0.0737529198928294
0.2952	0.0731840672392065
0.3032	0.0726253941367867
0.3112	0.0720786711203783
0.3192	0.07154568578056
0.3272	0.071028239070527
0.3352	0.070528141501851
0.3432	0.0700472092605617
0.3512	0.0695872602778413
0.3592	0.069150110292486
0.3672	0.0687375689451034
0.3752	0.0683514359467888
0.3832	0.0679934973677294
0.3912	0.0676655220938341
0.3992	0.0673692585020632
0.4072	0.0671064314076413
0.4152	0.0668787392659718
0.4232	0.0666878516690075
0.4312	0.0665354078332183
0.4392	0.0664230157465504
0.4472	0.0663522513726687
0.4552	0.0663246573695178
0.4632	0.0663417407312386
0.4712	0.0664049689500387
0.4792	0.0665157652640734
0.4872	0.0666755039525944
0.4952	0.0668855069065593
0.5032	0.0671470426889439
0.5112	0.0674613281151544
0.5192	0.0678295322906858
0.5272	0.0682527828111217
0.5352	0.0687321733390624
0.5432	0.0692687718867298
0.5512	0.069863631156676
0.5592	0.0705178010793156
0.5672	0.0712323435967752
0.5752	0.0720083499129071
0.5832	0.0728469604564889
0.5912	0.0737493883235221
0.5992	0.0747169477349993
0.6072	0.0757510843124451
0.6152	0.0768534055566218
0.6232	0.0780257110712149
0.6312	0.0792700217492492
0.6392	0.0805886066280257
0.6472	0.0819840137719335
0.6552	0.0834591094246042
0.6632	0.0850171286600228
0.6712	0.0866617410144912
0.6792	0.088397131929775
0.6872	0.0902280914007712
0.6952	0.0921601067594193
0.7032	0.0941994546756439
0.7112	0.0963532838998826
0.7192	0.0986296651059093
0.7272	0.101037593123436
0.7352	0.103586908515279
0.7432	0.106288090999009
0.7512	0.109151860415739
0.7592	0.112188498952832
0.7672	0.115406766445877
0.7752	0.118812275217007
0.7832	0.122405213872027
0.7912	0.126177398315038
0.7992	0.13010886951912
0.8072	0.134164732770407
0.8152	0.138293579473967
0.8232	0.142429537484915
0.8312	0.146437586771041
0.8392	0.150256476358958
0.8472	0.15383958829176
0.8552	0.157143094909349
0.8632	0.160127311165432
0.8712	0.162758136050567
0.8792	0.165008457577713
0.8872	0.166859534497632
0.8952	0.168302328764466
0.9032	0.169338672368279
0.9112	0.169982092197776
0.9192	0.170258132432187
0.9272	0.170203918760865
0.9352	0.169866715031951
0.9432	0.169301334163326
0.9512	0.168566604075875
0.9592	0.167721502715085
0.9672	0.166821745933025
0.9752	0.165917577413016
0.9832	0.165053059853921
0.9912	0.164266605263122
0.9992	0.163591953808687
1.0072	0.163058694757246
1.0152	0.162691744786247
1.0232	0.162509850213681
1.0312	0.162523578262861
1.0392	0.162733479187831
1.0472	0.163129138171162
1.0552	0.163689545382284
1.0632	0.1643845852487
1.0712	0.165177301974178
1.0792	0.166026521861736
1.0872	0.1668894291899
1.0952	0.167723844988223
1.1032	0.168490161252202
1.1112	0.169152880737497
1.1192	0.169681748121972
1.1272	0.170052479640318
1.1352	0.17024710909873
1.1432	0.170253991961333
1.1512	0.170067533818325
1.1592	0.169687696679934
1.1672	0.169119295173961
1.1752	0.168371137052006
1.1832	0.167455106708317
1.1912	0.166385214694199
1.1992	0.165176636974932
1.2072	0.163844815945611
1.2152	0.162404685936617
1.2232	0.160870047503426
1.2312	0.159253239232782
1.2392	0.157565227393949
1.2472	0.155816009278766
1.2552	0.154015217350615
1.2632	0.152172786289763
1.2712	0.150299387707945
1.2792	0.14840649289044
1.2872	0.146506180882107
1.2952	0.144610720912247
1.3032	0.142731997073311
1.3112	0.140881079533219
1.3192	0.139068123422699
1.3272	0.137302336926777
1.3352	0.135592000600532
1.3432	0.13394452397261
1.3512	0.132366463487723
1.3592	0.130863415413125
1.3672	0.129439960418662
1.3752	0.128099636259068
1.3832	0.126844912493641
1.3912	0.125677167247104
1.3992	0.124596733224392
1.4072	0.123603046802736
1.4152	0.122694954910505
1.4232	0.121870978707623
1.4312	0.121129462096757
1.4392	0.120468565221943
1.4472	0.119886093171426
1.4552	0.119379121580493
1.4632	0.11894364095167
1.4712	0.118574346048391
1.4792	0.118264683622276
1.4872	0.118007011530959
1.4952	0.117792865827852
1.5032	0.11761318461141
1.5112	0.117458509923364
1.5192	0.117319180065183
1.5272	0.117185728372548
1.5352	0.117049294554714
1.5432	0.116902131829466
1.5512	0.116738146579442
1.5592	0.11655336569244
1.5672	0.116346154510434
1.5752	0.116117313234736
1.5832	0.115869909393923
1.5912	0.115608835099922
1.5992	0.11534021783287
1.6072	0.115070853224989
1.6152	0.114807389756393
1.6232	0.114555564603627
1.6312	0.114319692349725
1.6392	0.114102518955989
1.6472	0.11390528270018
1.6552	0.113728101144561
1.6632	0.113570424652949
1.6712	0.113431430256051
1.6792	0.113310190935494
1.6872	0.113205682328724
1.6952	0.113116656818072
1.7032	0.113041620968974
1.7112	0.11297893202864
1.7192	0.112926976958198
1.7272	0.112884276768414
1.7352	0.112849742793936
1.7432	0.112823089269126
1.7512	0.112805183645426
1.7592	0.112798075108824
1.7672	0.112804834903546
1.7752	0.112829135859596
1.7832	0.112874479766827
1.7912	0.112943237326144
1.7992	0.113035815853578
1.8072	0.113150097007145
1.8152	0.113281283585849
1.8232	0.113422240196182
1.8312	0.113564127448321
1.8392	0.113697109319469
1.8472	0.113811114789344
1.8552	0.113896588579908
1.8632	0.113944929064204
1.8712	0.113948729310462
1.8792	0.113902036638771
1.8872	0.113800391509268
1.8952	0.113640579324376
1.9032	0.113420165113106
1.9112	0.113136952037457
1.9192	0.112788517982717
1.9272	0.112371998548214
1.9352	0.111883965760637
1.9432	0.111320423467069
1.9512	0.110676995807474
1.9592	0.109948993980992
1.9672	0.109131250533987
1.9752	0.108217973680229
1.9832	0.107202724012619
1.9912	0.10607856948002
1.9992	0.104838649277639
2.0072	0.103477078457209
2.0152	0.101989958677699
2.0232	0.100376631749143
2.0312	0.0986407682759788
2.0392	0.0967907301416588
2.0472	0.094839382291097
2.0552	0.0928035277216005
2.0632	0.0907029401341414
2.0712	0.0885592966191859
2.0792	0.0863953624304388
2.0872	0.0842343779689315
2.0952	0.0820996193339375
2.1032	0.0800141844185346
2.1112	0.0780007434518029
2.1192	0.0760813079335509
2.1272	0.074277078445975
2.1352	0.0726084541438497
2.1432	0.0710951578933533
2.1512	0.0697565232747027
2.1592	0.0686117337583768
2.1672	0.0676798082310094
2.1752	0.0669789474758825
2.1832	0.0665252771247612
2.1912	0.0663312993417121
2.1992	0.0664044762787043
2.2072	0.0667463204539978
2.2152	0.0673522401651205
2.2232	0.0682120138859037
2.2312	0.0693105763946122
2.2392	0.070628767616129
2.2472	0.0721437295655708
2.2552	0.0738290706911494
2.2632	0.0756550094277889
2.2712	0.0775886678848477
2.2792	0.0795947206741824
2.2872	0.0816364948502945
2.2952	0.0836771626625487
2.3032	0.0856808605460403
2.3112	0.0876136907260904
2.3192	0.0894445263096101
2.3272	0.0911456985141758
2.3352	0.0926935468517931
2.3432	0.0940687704444457
2.3512	0.0952565538468655
2.3592	0.0962464561257621
2.3672	0.0970320701742812
2.3752	0.0976106350217954
2.3832	0.0979826572183804
2.3912	0.0981515481841481
2.3992	0.0981233451036776
2.4072	0.097906521400686
2.4152	0.0975116759198487
2.4232	0.0969510750519608
2.4312	0.0962381070035587
2.4392	0.0953866847322427
2.4472	0.0944106698633472
2.4552	0.0933234893593318
2.4632	0.0921379105802783
2.4712	0.0908659190155338
2.4792	0.0895188039492132
2.4872	0.0881073149162001
2.4952	0.0866417600678058
2.5032	0.0851320545987659
2.5112	0.0835879991875636
2.5192	0.0820197679543559
2.5272	0.0804384879813614
2.5352	0.078856816159998
2.5432	0.0772894279021768
2.5512	0.075753123753663
2.5592	0.0742666133305163
2.5672	0.0728499765624522
2.5752	0.0715238526235857
2.5832	0.0703085249042848
2.5912	0.0692232701236102
2.5992	0.0682860083898373
2.6072	0.0675133408099584
2.6152	0.0669209119040766
2.6232	0.0665238863815421
2.6312	0.0663372316006947
2.6392	0.0663756648957687
2.6472	0.0666532138250669
2.6552	0.0671824829959185
2.6632	0.0679738153777444
2.6712	0.0690345536426832
2.6792	0.0703685242783039
2.6872	0.071975716345911
2.6952	0.0738520752986094
2.7032	0.0759892867359882
2.7112	0.0783745231479777
2.7192	0.0809903524323308
2.7272	0.0838148999225972
2.7352	0.0868223027842079
2.7432	0.0899833470382724
2.7512	0.0932661998691539
2.7592	0.0966370901805412
2.7672	0.100061155345469
2.7752	0.103503325942093
2.7832	0.106929432945394
2.7912	0.110307427572862
2.7992	0.113608673205009
2.8072	0.116809003504946
2.8152	0.119889747892633
2.8232	0.122838135673625
2.8312	0.125647077361432
2.8392	0.128314578765952
2.8472	0.130842621917461
2.8552	0.133235367825583
2.8632	0.135497504177692
2.8712	0.137632919462671
2.8792	0.139643789195579
2.8872	0.141530564415469
2.8952	0.143292876027556
2.9032	0.144930635172896
2.9112	0.146445163228092
2.9192	0.147840097403072
2.9272	0.149121551854356
2.9352	0.150297684440688
2.9432	0.1513780941379
2.9512	0.152373149853662
2.9592	0.153293294155573
2.9672	0.154148640178687
2.9752	0.154948714488061
2.9832	0.155702289244146
2.9912	0.156417281313941
2.9992	0.157100680990438
3.0072	0.157758504057283
3.0152	0.158395801202606
3.0232	0.159016578253802
3.0312	0.15962367455872
3.0392	0.160218695308093
3.0472	0.160801923109393
3.0552	0.161372254316259
3.0632	0.161927234724737
3.0712	0.162463196660958
3.0792	0.162975482042748
3.0872	0.163458847781611
3.0952	0.163907957047156
3.1032	0.164317896473013
3.1112	0.164684735385248
3.1192	0.165005951215882
3.1272	0.165280590353235
3.1352	0.165509141047659
3.1432	0.165693184093485
3.1512	0.165834884311374
3.1592	0.165936397655948
3.1672	0.165999330064689
3.1752	0.166024368294228
3.1832	0.166011170747407
3.1912	0.165958436590339
3.1992	0.165864122474088
3.2072	0.165725795853648
3.2152	0.165541023985213
3.2232	0.165307702294157
3.2312	0.165024319043252
3.2392	0.164690189673121
3.2472	0.164305579892879
3.2552	0.163871746168291
3.2632	0.163390936439113
3.2712	0.162866324686759
3.2792	0.162301923686712
3.2872	0.161702550726216
3.2952	0.161073863449355
3.3032	0.160422400085411
3.3112	0.159755573624989
3.3192	0.159081639831196
3.3272	0.158409528056925
3.3352	0.157748435619384
3.3432	0.157107330113458
3.3512	0.156494515255198
3.3592	0.155917145932212
3.3672	0.155380869845098
3.3752	0.154889799646777
3.3832	0.154446627120604
3.3912	0.154052679134054
3.3992	0.153708125293867
3.4072	0.153412280557578
3.4152	0.153163792242987
3.4232	0.152960946222595
3.4312	0.152802213590754
3.4392	0.152686596072016
3.4472	0.152613800493673
3.4552	0.152584359784337
3.4632	0.152599475024385
3.4712	0.152660642448896
3.4792	0.152769423429524
3.4872	0.152927319287334
3.4952	0.153135735483362
3.5032	0.153396153320694
3.5112	0.153710372697443
3.5192	0.154080632336187
3.5272	0.154509682362186
3.5352	0.155000677179145
3.5432	0.155556830132499
3.5512	0.156180894576839
3.5592	0.156874617353729
3.5672	0.157638100195852
3.5752	0.158469252800011
3.5832	0.159363519650799
3.5912	0.160313788408672
3.5992	0.161310225506769
3.6072	0.162340105415294
3.6152	0.163387640149949
3.6232	0.164433897598559
3.6312	0.165457060468813
3.6392	0.166433300637373
3.6472	0.167338202650349
3.6552	0.168148606141675
3.6632	0.168844491544253
3.6712	0.169410460859157
3.6792	0.169836570743071
3.6872	0.170118520025982
3.6952	0.17025730912005
3.7032	0.17025863687321
3.7112	0.170132225442921
3.7192	0.169891145075774
3.7272	0.169551153306686
3.7352	0.169129977508404
3.7432	0.168646546944024
3.7512	0.168120170366054
3.7592	0.16756965255026
3.7672	0.167012488898665
3.7752	0.166464291398265
3.7832	0.165938327739385
3.7912	0.165445354546029
3.7992	0.164993673321163
3.8072	0.164589175189858
3.8152	0.164235363325637
3.8232	0.163933697457876
3.8312	0.163684167996218
3.8392	0.163486137071248
3.8472	0.163339339201261
3.8552	0.16324476927248
3.8632	0.163205076098434
3.8712	0.163224508946954
3.8792	0.163308228024884
3.8872	0.16346119361466
3.8952	0.163686965170837
3.9032	0.163986841449474
3.9112	0.164359288497124
3.9192	0.164799691891248
3.9272	0.165300333529727
3.9352	0.165850474126103
3.9432	0.166436368319168
3.9512	0.167041360888251
3.9592	0.167646324696984
3.9672	0.168230503421966
3.9752	0.168772736886994
3.9832	0.169252953234272
3.9912	0.16965360696779
3.9992	0.169960917788399
4.0072	0.170165837743671
4.0152	0.170264597232019
4.0232	0.170258762414035
4.0312	0.170154859748225
4.0392	0.169963599066609
4.0472	0.169698794843713
4.0552	0.169376168041984
4.0632	0.169012204964271
4.0712	0.168623223174635
4.0792	0.168224734644864
