8.1432	0.583541606682241
8.1512	0.583517472240952
8.1592	0.583472557528789
8.1672	0.583410521077446
8.1752	0.583336943440192
8.1832	0.583259198358289
8.1912	0.583186209378235
8.1992	0.583128037063976
8.2072	0.583095304367476
8.2152	0.583098500917494
8.2232	0.583147245757856
8.2312	0.583249633125226
8.2392	0.583411755562748
8.2472	0.583637460670656
8.2552	0.583928359991503
8.2632	0.584284046131242
8.2712	0.584702424412951
8.2792	0.585180097706212
8.2872	0.585712708181099
8.2952	0.586295171689981
8.3032	0.586921795199054
8.3112	0.587586339290436
8.3192	0.588282116560446
8.3272	0.589002112036554
8.3352	0.589739141543394
8.3432	0.590486072252288
8.3512	0.591235981392006
8.3592	0.591982208429726
8.3672	0.592718455311966
8.3752	0.593438902038697
8.3832	0.594138110400044
8.3912	0.594810860043061
8.3992	0.595451985126378
8.4072	0.596056133476443
8.4152	0.59661753672142
8.4232	0.59712988062347
8.4312	0.597586378716848
8.4392	0.597979810709879
8.4472	0.598302580924858
8.4552	0.59854670193149
8.4632	0.598703758501531
8.4712	0.598764923577456
8.4792	0.598721334583489
8.4872	0.598564838851985
8.4952	0.598289035985242
8.5032	0.597890504199168
8.5112	0.597369841134229
8.5192	0.59673208785538
8.5272	0.595986616188796
8.5352	0.595146537820772
8.5432	0.594227881331541
8.5512	0.593248586821286
8.5592	0.592227627065616
8.5672	0.591184232626829
8.5752	0.590137380991262
8.5832	0.589105548749246
8.5912	0.588106716280468
8.5992	0.587158466334128
8.6072	0.586277945468339
8.6152	0.585481449235324
8.6232	0.584783672047916
8.6312	0.584196842657648
8.6392	0.583730062538488
8.6472	0.583389085862491
8.6552	0.583176645188831
8.6632	0.583093146973469
8.6712	0.583137396244743
8.6792	0.583307038290734
8.6872	0.583598571682692
8.6952	0.584007022780501
8.7032	0.584525537841597
8.7112	0.585145056548333
8.7192	0.585854268447257
8.7272	0.586639934970482
8.7352	0.58748742416788
8.7432	0.58838130664378
8.7512	0.589306087993141
8.7592	0.590246831294097
8.7672	0.591189645625427
8.7752	0.592122095488008
8.7832	0.593033434710496
8.7912	0.593914557779703
8.7992	0.594757999034332
8.8072	0.595557845940734
8.8152	0.59630963332244
8.8232	0.597010403742819
8.8312	0.597658950426039
8.8392	0.598255909061694
8.8472	0.598803888356257
8.8552	0.599307485827191
8.8632	0.59977306797668
8.8712	0.600208243202652
8.8792	0.600621190098481
8.8872	0.601019912230926
8.8952	0.601411531119948
8.9032	0.601801732565275
8.9112	0.602194641885573
8.9192	0.602593069796107
8.9272	0.602999013510291
8.9352	0.603414191778224
8.9432	0.603840454402806
8.9512	0.604279830919993
8.9592	0.604734311227845
8.9672	0.605205286986293
8.9752	0.605692612679001
8.9832	0.606193457058058
8.9912	0.606701563220053
8.9992	0.607206852669858
9.0072	0.607695492971952
9.0152	0.608150570155113
9.0232	0.608553442503017
9.0312	0.608885122324445
9.0392	0.609127673433732
9.0472	0.609265354726578
9.0552	0.609285369919293
9.0632	0.609177993135658
9.0712	0.608936712901383
9.0792	0.608558246418035
9.0872	0.608042501110618
9.0952	0.607392500798855
9.1032	0.606614461086232
9.1112	0.605717426491643
9.1192	0.604712730648077
9.1272	0.603613273852984
9.1352	0.602432779451968
9.1432	0.601185242371841
9.1512	0.59988479742044
9.1592	0.598545713034396
9.1672	0.597182470219974
9.1752	0.595809864902922
9.1832	0.594442794942983
9.1912	0.593095909768626
9.1992	0.591783543032688
9.2072	0.590519812261307
9.2152	0.589318747400658
9.2232	0.588194428978591
9.2312	0.587160725783402
9.2392	0.586230533800139
9.2472	0.585414740543627
9.2552	0.5847212350348
9.2632	0.584154204342161
9.2712	0.583713935267671
9.2792	0.583396981162244
9.2872	0.583196498708147
9.2952	0.583102570970997
9.3032	0.583102456954348
9.3112	0.583180865461131
9.3192	0.583320447055004
9.3272	0.583502626087946
9.3352	0.583708756730303
9.3432	0.583921432686443
9.3512	0.584125667249533
9.3592	0.584309731785664
9.3672	0.584465483865179
9.3752	0.584588145988231
9.3832	0.584675664428257
9.3912	0.58472790918577
9.3992	0.584745939925681
9.4072	0.58473154884115
9.4152	0.584687150289764
9.4232	0.584615929366573
9.4312	0.584521950867033
9.4392	0.584410125304616
9.4472	0.584285923203807
9.4552	0.584154865758061
9.4632	0.584021923123253
9.4712	0.583891111546101
9.4792	0.583765352989042
9.4872	0.583646584316228
9.4952	0.583536062697863
9.5032	0.583434760605329
9.5112	0.583343694922653
9.5192	0.583264110074748
9.5272	0.583197517232158
9.5352	0.583145628331516
9.5432	0.583110230774094
9.5512	0.583093076680411
9.5592	0.583095800311898
9.5672	0.583119848344846
9.5752	0.583166391614509
9.5832	0.583236188663993
9.5912	0.583329405141438
9.5992	0.583445433425707
9.6072	0.583582749313953
9.6152	0.583738864347441
9.6232	0.583910348007951
9.6312	0.584092914186466
9.6392	0.584281601091313
9.6472	0.584471041296478
9.6552	0.58465579526263
9.6632	0.584830785971645
9.6712	0.584991759475318
9.6792	0.585135588580624
9.6872	0.585260415619176
9.6952	0.585365625646475
9.7032	0.585451596479332
9.7112	0.585519355009968
9.7192	0.585570305630412
9.7272	0.585605965784142
9.7352	0.585627796413866
9.7432	0.585637155203015
9.7512	0.585635273377836
9.7592	0.585623165900601
9.7672	0.585601590751618
9.7752	0.58557097807951
9.7832	0.585531304199223
9.7912	0.58548200368572
9.7992	0.5854219310571
9.8072	0.585349324161416
9.8152	0.585261933803853
9.8232	0.585157328594241
9.8312	0.58503333748578
9.8392	0.584888632336799
9.8472	0.584723349728794
9.8552	0.584539517362665
9.8632	0.584341215867963
9.8712	0.584134447055472
9.8792	0.58392667119264
9.8872	0.583726136608541
9.8952	0.583541199692326
9.9032	0.583379752631256
9.9112	0.583248836821058
9.9192	0.583154491838882
9.9272	0.583101736845823
9.9352	0.583094570999968
9.9432	0.583135929353517
9.9512	0.583227562534926
9.9592	0.583369888247423
9.9672	0.58356189488629
9.9752	0.583801157379896
9.9832	0.584084007916624
9.9912	0.584405877185811
9.9992	0.584761790695122
10.0072	0.585146992425834
10.0152	0.585557528133131
10.0232	0.585990619003706
10.0312	0.586444710860137
10.0392	0.586919161737548
10.0472	0.587413574136037
10.0552	0.587926955554533
10.0632	0.588456969446631
10.0712	0.58899942890328
10.0792	0.589548186834265
10.0872	0.590095408772448
10.0952	0.590632083857967
10.1032	0.591148603476353
10.1112	0.591635335661141
10.1192	0.592083076835528
10.1272	0.59248341103214
10.1352	0.592829150574135
10.1432	0.593114778418027
10.1512	0.593336703517077
10.1592	0.593493305681172
10.1672	0.593584806911978
10.1752	0.593613024492892
10.1832	0.593580981316469
10.1912	0.593492545175566
10.1992	0.59335217190152
10.2072	0.593164662776001
10.2152	0.592934799776362
10.2232	0.592666961972141
10.2312	0.59236490273284
10.2392	0.592031616226696
10.2472	0.591669426260267
10.2552	0.591280302937783
10.2632	0.59086629412891
10.2712	0.59042982787988
10.2792	0.589973897560721
10.2872	0.589502007930333
10.2952	0.589018005207927
10.3032	0.588525922488147
10.3112	0.588029948554656
10.3192	0.587534483039045
10.3272	0.58704424803735
10.3352	0.586564240438498
10.3432	0.586099555897554
10.3512	0.585655082316995
10.3592	0.585235199184736
10.3672	0.58484362003847
10.3752	0.584483510128434
10.3832	0.584157703899159
10.3912	0.583868966362352
10.3992	0.58362023648065
10.4072	0.583414768975151
10.4152	0.583256179795743
10.4232	0.58314847738692
10.4312	0.583096092464966
10.4392	0.583103866930878
10.4472	0.583176947302599
10.4552	0.583320532540012
10.4632	0.58353945141524
10.4712	0.583837595684298
10.4792	0.584217308262588
10.4872	0.584678802475362
10.4952	0.585219725327363
10.5032	0.585834950626394
10.5112	0.586516554169709
10.5192	0.587253945664736
10.5272	0.588034324504862
10.5352	0.588843369640389
10.5432	0.589665957853836
10.5512	0.590486903466463
10.5592	0.591291677923569
10.5672	0.592066894106243
10.5752	0.592800574535916
10.5832	0.593482293641791
10.5912	0.594103333191722
10.5992	0.594656919629153
10.6072	0.595138500166194
10.6152	0.595545885380896
10.6232	0.595879159031194
10.6312	0.596140209516226
10.6392	0.596331946320712
10.6472	0.596457402007363
10.6552	0.596518917193779
10.6632	0.596517716835405
10.6712	0.596454064635049
10.6792	0.59632769559563
10.6872	0.596138171242991
10.6952	0.595885313605894
10.7032	0.595569755595063
10.7112	0.595193417204752
10.7192	0.594760013963003
10.7272	0.594275558288685
10.7352	0.59374851651434
10.7432	0.59318944383083
10.7512	0.592610412690274
10.7592	0.592024151498728
10.7672	0.591442974821535
10.7752	0.590878014529644
10.7832	0.590338852533082
10.7912	0.589833217232824
10.7992	0.589366776568478
10.8072	0.588943061597917
10.8152	0.588563291260963
10.8232	0.588226148944975
10.8312	0.587927912688042
10.8392	0.58766292641075
10.8472	0.58742431217576
10.8552	0.587204855554797
10.8632	0.586997927525556
10.8712	0.58679808453752
10.8792	0.58660124286814
10.8872	0.586404505842509
10.8952	0.586205755444669
10.9032	0.586003227157152
10.9112	0.585795271048615
10.9192	0.585580452753035
10.9272	0.585357902030618
10.9352	0.585127734554453
10.9432	0.584891347839084
10.9512	0.584651481903743
10.9592	0.584411990114561
10.9672	0.584177472259943
10.9752	0.583952917985856
10.9832	0.583743453896018
10.9912	0.583554179577886
10.9992	0.583390151219971
11.0072	0.583256503646173
11.0152	0.583158653503796
11.0232	0.583102559838228
11.0312	0.583095067476932
11.0392	0.583144230396468
11.0472	0.583259498487686
11.0552	0.583451667467625
11.0632	0.583732540850447
11.0712	0.584114405810297
11.0792	0.584609501665236
11.0872	0.585229679185636
11.0952	0.585986380687014
11.1032	0.586890977007021
11.1112	0.587955326118557
11.1192	0.58919231271674
11.1272	0.590616053083948
11.1352	0.592241651238101
11.1432	0.594084480776081
11.1512	0.596159080216466
11.1592	0.598477861438064
11.1672	0.601050072033069
11.1752	0.603881043921527
11.1832	0.606971811887888
11.1912	0.610319167896207
11.1992	0.613916027465645
11.2072	0.617751786946618
11.2152	0.621812748546544
11.2232	0.626082450325913
11.2312	0.630541742617219
11.2392	0.635168843557327
11.2472	0.639939653809565
11.2552	0.644828375766165
11.2632	0.649808228369279
11.2712	0.654851894367532
11.2792	0.659931559802516
11.2872	0.66501848854515
11.2952	0.670082128110946
11.3032	0.675089151186817
11.3112	0.680002754168809
11.3192	0.6847822453563
11.3272	0.689383150182715
11.3352	0.693757933401985
11.3432	0.697857017657194
11.3512	0.701630103158175
11.3592	0.705028006002766
11.3672	0.708004600538229
11.3752	0.710518638749734
11.3832	0.712535448676654
11.3912	0.714028307262835
11.3992	0.714979361995544
11.4072	0.715380353066031
11.4152	0.715233254931411
11.4232	0.714550919667884
11.4312	0.713357657451406
11.4392	0.711689411049349
11.4472	0.709593258857329
11.4552	0.707126026069604
11.4632	0.704351978292946
11.4712	0.70134001842198
11.4792	0.698161214273033
11.4872	0.694887113071063
11.4952	0.691589307392104
11.5032	0.688340183424063
11.5112	0.685214223557138
11.5192	0.682288699872495
11.5272	0.679643187575332
11.5352	0.677357230760818
11.5432	0.675506535129912
11.5512	0.674159202771963
11.5592	0.67337291953671
11.5672	0.673192869617895
11.5752	0.673650510053786
11.5832	0.674762384624361
11.5912	0.676527495146256
11.5992	0.678923153503139
11.6072	0.681900571335139
11.6152	0.685381141326873
11.6232	0.689254939198692
11.6312	0.693382720214629
11.6392	0.697601152258404
11.6472	0.701730994302002
11.6552	0.705587854132367
11.6632	0.708994123323959
11.6712	0.711790484603476
11.6792	0.713845796779611
11.6872	0.715063614440407
11.6952	0.715384347383481
11.7032	0.71478318156615
11.7112	0.713264876091437
11.7192	0.710857263992429
11.7272	0.707605212993769
11.7352	0.703566077500932
11.7432	0.698806893728568
11.7512	0.693402845454209
11.7592	0.687436155478979
11.7672	0.680994946423454
11.7752	0.674171866904506
11.7832	0.667062481859434
11.7912	0.659763656161545
11.7992	0.65237214793245
11.8072	0.644983403791421
11.8152	0.637690552650721
11.8232	0.630583344286701
11.8312	0.623747140173317
11.8392	0.617261888956752
11.8472	0.611200789967441
11.8552	0.60562874033745
11.8632	0.600600992124042
11.8712	0.596162168297278
11.8792	0.592345940047789
11.8872	0.589175601344366
11.8952	0.58666519111096
11.9032	0.584820733240311
11.9112	0.583641481312323
11.9192	0.583120967766605
11.9272	0.583247862570414
11.9352	0.584006826181629
11.9432	0.585379290420496
11.9512	0.587344117827402
11.9592	0.589878140401455
11.9672	0.592956476466453
11.9752	0.596552722700807
11.9832	0.600639218358318
11.9912	0.605187310793515
11.9992	0.610167614441772
12.0072	0.615549896977838
12.0152	0.621302254293064
12.0232	0.627390009113952
12.0312	0.633774849716807
12.0392	0.640414256558837
12.0472	0.64726168217547
12.0552	0.654267768885889
12.0632	0.661381902282128
12.0712	0.668553540282031
12.0792	0.675733246252805
12.0872	0.682873134525699
12.0952	0.689926859562324
12.1032	0.696849679365189
12.1112	0.703598504168443
12.1192	0.710131991758578
12.1272	0.716411191514684
12.1352	0.722400735793058
12.1432	0.728069816207869
12.1512	0.733392676235683
12.1592	0.738349170326638
12.1672	0.742925116116732
12.1752	0.747112013812813
12.1832	0.750906305533233
12.1912	0.754308512732498
12.1992	0.757322163154627
12.2072	0.759952695471629
