8.1432	0.534883266897861
8.1512	0.537783694895851
8.1592	0.541604086536729
8.1672	0.546288991448208
8.1752	0.551764372495945
8.1832	0.557938368586351
8.1912	0.564701998221365
8.1992	0.571930579790543
8.2072	0.579486028651326
8.2152	0.587220042286571
8.2232	0.594978126324832
8.2312	0.602604815041066
8.2392	0.609949144660277
8.2472	0.616869789991712
8.2552	0.623239578906712
8.2632	0.628948878433568
8.2712	0.633907853168226
8.2792	0.638048368732764
8.2872	0.641325655939178
8.2952	0.643719537745243
8.3032	0.645235013643387
8.3112	0.645901704227869
8.3192	0.645771713514221
8.3272	0.644916039200213
8.3352	0.643419913125218
8.3432	0.641377640394155
8.3512	0.638887587327818
8.3592	0.636047736978403
8.3672	0.632952004801659
8.3752	0.629687579592091
8.3832	0.626333363781711
8.3912	0.622959246052719
8.3992	0.619625861013849
8.4072	0.616384684581678
8.4152	0.613278034890412
8.4232	0.610339000974725
8.4312	0.607591496583759
8.4392	0.60505051046656
8.4472	0.602722816547693
8.4552	0.600608237996424
8.4632	0.598701064511239
8.4712	0.596991406480659
8.4792	0.595466467066136
8.4872	0.594111597249285
8.4952	0.59291113071192
8.5032	0.59184920772733
8.5112	0.590910578378419
8.5192	0.5900813524958
8.5272	0.589349630312303
8.5352	0.588705843955053
8.5432	0.588142755519906
8.5512	0.587655251591124
8.5592	0.587239973607658
8.5672	0.586894775741712
8.5752	0.586618141755754
8.5832	0.586408644016039
8.5912	0.586264447236735
8.5992	0.586182956365778
8.6072	0.586160625853221
8.6152	0.586192938191833
8.6232	0.586274571536723
8.6312	0.586399697258726
8.6392	0.586562304511551
8.6472	0.586756543328853
8.6552	0.586977087424782
8.6632	0.587219436720403
8.6712	0.587480107929312
8.6792	0.587756731030104
8.6872	0.588048025640448
8.6952	0.588353645181969
8.7032	0.588673927788008
8.7112	0.589009597587774
8.7192	0.589361458992197
8.7272	0.589730160101007
8.7352	0.590116070267523
8.7432	0.59051922556247
8.7512	0.590939343492284
8.7592	0.591375869610551
8.7672	0.591828019489589
8.7752	0.592294791770883
8.7832	0.592774969739784
8.7912	0.593267121331279
8.7992	0.593769599512831
8.8072	0.594280544573101
8.8152	0.594797892409193
8.8232	0.595319377200083
8.8312	0.595842526496251
8.8392	0.596364703705633
8.8472	0.596883188286394
8.8552	0.597395326090997
8.8632	0.597898726783508
8.8712	0.598391444201582
8.8792	0.598872139761192
8.8872	0.59934026914358
8.8952	0.59979619467254
8.9032	0.600241191824448
8.9112	0.600677460215657
8.9192	0.60110808499121
8.9272	0.601536922098763
8.9352	0.601968475951155
8.9432	0.602407751235
8.9512	0.602860003880765
8.9592	0.603330481539461
8.9672	0.603824148258442
8.9752	0.604345330371871
8.9832	0.604897378925034
8.9912	0.605482446061841
8.9992	0.606101247619984
9.0072	0.606752888376888
9.0152	0.607434788344299
9.0232	0.608142694066991
9.0312	0.608870665217833
9.0392	0.609611120306154
9.0472	0.610354963700895
9.0552	0.611091790487995
9.0632	0.611810255058518
9.0712	0.612498637966286
9.0792	0.613145499707241
9.0872	0.613740266234029
9.0952	0.614273710764284
9.1032	0.614738196534684
9.1112	0.615127633116284
9.1192	0.61543725154519
9.1272	0.615663384133058
9.1352	0.615803259029284
9.1432	0.615854927624255
9.1512	0.615817324725628
9.1592	0.615690330790302
9.1672	0.615474736917365
9.1752	0.615172249276727
9.1832	0.614785467806978
9.1912	0.614317861092778
9.1992	0.6137737954536
9.2072	0.613158634086362
9.2152	0.612478756223103
9.2232	0.611741462357729
9.2312	0.610954760475368
9.2392	0.610127010815036
9.2472	0.609266420916898
9.2552	0.608380577197743
9.2632	0.607476169712077
9.2712	0.606559037719264
9.2792	0.605634501143749
9.2872	0.604707850306416
9.2952	0.603784810722425
9.3032	0.602871812223072
9.3112	0.601975918283591
9.3192	0.601104490009507
9.3272	0.60026463977394
9.3352	0.599462669681627
9.3432	0.598703596643839
9.3512	0.597990937732281
9.3592	0.597326756597906
9.3672	0.596711941721171
9.3752	0.596146555317771
9.3832	0.595630173947556
9.3912	0.595162068678712
9.3992	0.594741254723124
9.4072	0.594366521045031
9.4152	0.594036469360453
9.4232	0.593749514590337
9.4312	0.593503934319719
9.4392	0.593298029101288
9.4472	0.593130264754858
9.4552	0.592999328803266
9.4632	0.592904170470898
9.4712	0.59284399455814
9.4792	0.592818236910456
9.4872	0.592826628214065
9.4952	0.592869332797093
9.5032	0.592947113396879
9.5112	0.5930614957982
9.5192	0.593214863962523
9.5272	0.593410361501718
9.5352	0.593651638592971
9.5432	0.593942531362579
9.5512	0.594286793448942
9.5592	0.594687898238681
9.5672	0.595148936654061
9.5752	0.595672640775155
9.5832	0.59626150529764
9.5912	0.596917887273301
9.5992	0.597644028937331
9.6072	0.598442021655808
9.6152	0.599313686092808
9.6232	0.600260350651229
9.6312	0.601282569325176
9.6392	0.602379635107786
9.6472	0.603548982152541
9.6552	0.604785638229033
9.6632	0.606081883217635
9.6712	0.607427233364249
9.6792	0.608808929168678
9.6872	0.610212834073272
9.6952	0.611624544915082
9.7032	0.613030545663811
9.7112	0.614419071834832
9.7192	0.615780445822866
9.7272	0.61710708767829
9.7352	0.618393308360879
9.7432	0.619634922076663
9.7512	0.620828953873745
9.7592	0.621973505456472
9.7672	0.623067570557826
9.7752	0.624110854542528
9.7832	0.625103636132595
9.7912	0.626046591511381
9.7992	0.626940665570312
9.8072	0.627787015597352
9.8152	0.628586835923115
9.8232	0.629341132264024
9.8312	0.630050549835071
9.8392	0.630715231483741
9.8472	0.631334669900511
9.8552	0.631907743439325
9.8632	0.632432825392809
9.8712	0.632907923521951
9.8792	0.633330824986283
9.8872	0.633699169718176
9.8952	0.634010465714253
9.9032	0.634262173749926
9.9112	0.634451766077394
9.9192	0.63457679930042
9.9272	0.634635159927103
9.9352	0.634625383069417
9.9432	0.634546912608238
9.9512	0.634400298026919
9.9592	0.634187315286431
9.9672	0.633910906068478
9.9752	0.633575015896525
9.9832	0.633184326445312
9.9912	0.632743881772022
9.9992	0.632258627695728
10.0072	0.631733045226153
10.0152	0.631170903928663
10.0232	0.630575182594745
10.0312	0.629948187366697
10.0392	0.629291877537562
10.0472	0.628608206342469
10.0552	0.62789933511978
10.0632	0.627167611095881
10.0712	0.626415143781573
10.0792	0.625643252662824
10.0872	0.624852106686391
10.0952	0.624040639182359
10.1032	0.623206843609838
10.1112	0.622348575807648
10.1192	0.621464515791838
10.1272	0.620554879506192
10.1352	0.619621700945857
10.1432	0.618668640617599
10.1512	0.617700372968537
10.1592	0.616721934738417
10.1672	0.615738148573578
10.1752	0.614753272748903
10.1832	0.613770978343248
10.1912	0.612794584883043
10.1992	0.611827313965732
10.2072	0.610872513970637
10.2152	0.609933797622512
10.2232	0.609015078615275
10.2312	0.608120523984738
10.2392	0.607254335597585
10.2472	0.606420412623942
10.2552	0.605622029180582
10.2632	0.604861431310398
10.2712	0.604139467161366
10.2792	0.603455453504291
10.2872	0.602807339480642
10.2952	0.602192070682566
10.3032	0.601606158493253
10.3112	0.601046341476623
10.3192	0.600510144303689
10.3272	0.599996227663865
10.3352	0.599504493318518
10.3432	0.599035939439517
10.3512	0.59859236634494
10.3592	0.598176027130123
10.3672	0.597789309934022
10.3752	0.597434607057699
10.3832	0.597114370321425
10.3912	0.596831250347492
10.3992	0.59658830825081
10.4072	0.59638923856258
10.4152	0.596238467938789
10.4232	0.596141130679519
10.4312	0.596103013171493
10.4392	0.59613042207897
10.4472	0.596230003447666
10.4552	0.596408622285199
10.4632	0.596673243682503
10.4712	0.597030782064411
10.4792	0.597487948310055
10.4872	0.598051158967121
10.4952	0.598726371541932
10.5032	0.599518836673493
10.5112	0.600432966810692
10.5192	0.601472314871949
10.5272	0.60263952189481
10.5352	0.603936191558417
10.5432	0.605362806845753
10.5512	0.606918435744952
10.5592	0.608600248512714
10.5672	0.610403078179822
10.5752	0.612319058161367
10.5832	0.614337320689716
10.5912	0.616444042744003
10.5992	0.618622738879046
10.6072	0.620854547980636
10.6152	0.623118590005876
10.6232	0.625392485282161
10.6312	0.627652690266476
10.6392	0.629874793295594
10.6472	0.632033944620617
10.6552	0.634105507939433
10.6632	0.636065755427472
10.6712	0.637892605594916
10.6792	0.639566314689378
10.6872	0.6410699440192
10.6952	0.64238946736195
10.7032	0.643513562359656
10.7112	0.644433119862196
10.7192	0.645140594839412
10.7272	0.645629502432171
10.7352	0.645894206667576
10.7432	0.645929967022808
10.7512	0.645733206968004
10.7592	0.64530187423678
10.7672	0.644635697071886
10.7752	0.643736288493855
10.7832	0.64260711373443
10.7912	0.64125340794109
10.7992	0.639682174994031
10.8072	0.637902330989914
10.8152	0.635924948031288
10.8232	0.633763583302094
10.8312	0.631434581048425
10.8392	0.628957208273659
10.8472	0.626353620073462
10.8552	0.623648835251274
10.8632	0.620870695282453
10.8712	0.618049735423094
10.8792	0.615219016211894
10.8872	0.612414269385299
10.8952	0.609674085269574
10.9032	0.607039585057094
10.9112	0.604553427138381
10.9192	0.602258604641483
10.9272	0.600196787276679
10.9352	0.598405918720511
10.9432	0.596918003940681
10.9512	0.595756999139112
10.9592	0.594937188752453
10.9672	0.59446246757192
10.9752	0.594326646683395
10.9832	0.594513891879562
10.9912	0.595000026908652
10.9992	0.59575449827473
11.0072	0.596742514113047
11.0152	0.59792739357396
11.0232	0.599273829673692
11.0312	0.60075100844123
11.0392	0.602334957117953
11.0472	0.604009876966021
11.0552	0.605768493864525
11.0632	0.607611045291994
11.0712	0.609543228914715
11.0792	0.611573409462737
11.0872	0.613709755672335
11.0952	0.615957872713852
11.1032	0.618318878251815
11.1112	0.620787723988551
11.1192	0.623351552358145
11.1272	0.625988338517479
11.1352	0.628666028758045
11.1432	0.631342288370111
11.1512	0.633965188068677
11.1592	0.636475247185576
11.1672	0.63880862091656
11.1752	0.640900991069475
11.1832	0.642691669709511
11.1912	0.644127386989118
11.1992	0.645165318107597
11.2072	0.645775088425283
11.2152	0.645939718603755
11.2232	0.645655646160824
11.2312	0.644932013941203
11.2392	0.643789505620394
11.2472	0.642258983879713
11.2552	0.640380078348898
11.2632	0.638199727593872
11.2712	0.635770499506392
11.2792	0.63314855565731
11.2872	0.63039120850245
11.2952	0.627554251207127
11.3032	0.624689463783981
11.3112	0.621842760897801
11.3192	0.619053087997578
11.3272	0.616352086013087
11.3352	0.613764449674229
11.3432	0.611308630458736
11.3512	0.608997460423819
11.3592	0.606838754019424
11.3672	0.60483588456955
11.3752	0.602988306402873
11.3832	0.601292173665996
11.3912	0.599741033799101
11.3992	0.598326461505329
11.4072	0.597038678536869
11.4152	0.595867123255664
11.4232	0.59480091914286
11.4312	0.593829306311354
11.4392	0.592942121958368
11.4472	0.592130202957477
11.4552	0.59138570791716
11.4632	0.590702352858395
11.4712	0.59007551766434
11.4792	0.589502168575977
11.4872	0.588980724410302
11.4952	0.588510874423966
11.5032	0.588093360688964
11.5112	0.587729743332171
11.5192	0.587422175345711
11.5272	0.587173127048006
11.5352	0.586985085913168
11.5432	0.586860187227597
11.5512	0.586799793567117
11.5592	0.586804162746335
11.5672	0.586872323902825
11.5752	0.587002157043579
11.5832	0.587190691941298
11.5912	0.58743458531868
11.5992	0.587730648690081
11.6072	0.588076297351924
11.6152	0.588469900745093
11.6232	0.5889109932213
11.6312	0.589400353906871
11.6392	0.589939998524699
11.6472	0.590533113964401
11.6552	0.59118390722404
11.6632	0.591897403654986
11.6712	0.592679177322138
11.6792	0.593535020314026
11.6872	0.594470539324639
11.6952	0.595490731615885
11.7032	0.596599503599577
11.7112	0.597799147523683
11.7192	0.599089764637303
11.7272	0.600468816546702
11.7352	0.601930808742031
11.7432	0.603467177496227
11.7512	0.605066494698703
11.7592	0.606715005971093
11.7672	0.608397254605906
11.7752	0.610096691818199
11.7832	0.61179628011469
11.7912	0.613479013357654
11.7992	0.615128333373236
11.8072	0.616728537359051
11.8152	0.618265157611682
11.8232	0.619725205318134
11.8312	0.621097381762047
11.8392	0.622372177721177
11.8472	0.623541810378759
11.8552	0.624600115421831
11.8632	0.62554255797212
11.8712	0.626366234673573
11.8792	0.627069828794634
11.8872	0.62765348358963
11.8952	0.628118648806427
11.9032	0.628467918353282
11.9112	0.628704970063279
11.9192	0.628834579512688
11.9272	0.62886269781579
11.9352	0.628796490269104
11.9432	0.628644296428575
11.9512	0.628415391823509
11.9592	0.628119668917097
11.9672	0.627767283132385
11.9752	0.62736837885605
11.9832	0.626932857857306
11.9912	0.626470122946578
11.9992	0.625988630705329
12.0072	0.625495454888357
12.0152	0.624995857770234
12.0232	0.624492907521391
12.0312	0.623987346543193
12.0392	0.623477925488636
12.0472	0.62296193533775
12.0552	0.622435769616457
12.0632	0.621895491556386
12.0712	0.621337258941664
12.0792	0.62075746087687
12.0872	0.620152807289966
12.0952	0.619520390859455
12.1032	0.61885762609027
12.1112	0.618162171968786
12.1192	0.617431943750937
12.1272	0.616665037048103
12.1352	0.615859594337963
12.1432	0.61501385512463
12.1512	0.614126438088686
12.1592	0.613196742030896
12.1672	0.612225405481437
12.1752	0.611214792050119
12.1832	0.610169247273122
12.1912	0.609094996063678
12.1992	0.607999793435071
12.2072	0.606892364974963
