12.2632	0.805303217746385
12.2712	0.805426856426215
12.2792	0.805413318532103
12.2872	0.80525879756297
12.2952	0.804960193548159
12.3032	0.804514664617834
12.3112	0.803920549830989
12.3192	0.803178704136683
12.3272	0.802294033960647
12.3352	0.801277310054591
12.3432	0.800145572811162
12.3512	0.798920946579909
12.3592	0.797628757270522
12.3672	0.796295083545751
12.3752	0.794943886105523
12.3832	0.793595756402468
12.3912	0.792267457585642
12.3992	0.790971985638054
12.4072	0.789719593284298
12.4152	0.788519796660627
12.4232	0.787382889479022
12.4312	0.786321597722051
12.4392	0.785353147640548
12.4472	0.784500630453065
12.4552	0.783792986449921
12.4632	0.783264135044684
12.4712	0.782950700863379
12.4792	0.782888000837383
12.4872	0.783105375398018
12.4952	0.78362271447283
12.5032	0.784448224283991
12.5112	0.785578336563707
12.5192	0.786999546386249
12.5272	0.788691053516471
12.5352	0.79062727862127
12.5432	0.792779950401707
12.5512	0.795119742540136
12.5592	0.797617405688557
12.5672	0.800244516700384
12.5752	0.802974017535368
12.5832	0.80578085913502
12.5912	0.80864269280965
12.5992	0.811539837307163
12.6072	0.814454891912479
12.6152	0.817372141257884
12.6232	0.82027651999864
12.6312	0.823152586963595
12.6392	0.825984055860787
12.6472	0.828753520757161
12.6552	0.831442540647969
12.6632	0.83403235801306
12.6712	0.836504851908287
12.6792	0.838843494904733
12.6872	0.841034436122814
12.6952	0.84306745460175
12.7032	0.844936416891436
12.7112	0.84663909714344
12.7192	0.848176417690701
12.7272	0.849551405306222
12.7352	0.85076813258985
12.7432	0.851830944896539
12.7512	0.852744144676152
12.7592	0.853512202012804
12.7672	0.854140214368067
12.7752	0.854634362041029
12.7832	0.855002150287896
12.7912	0.85525232019195
12.7992	0.855394512690138
12.8072	0.855438855232894
12.8152	0.855395602210743
12.8232	0.855274926417144
12.8312	0.855086892340108
12.8392	0.854841529513218
12.8472	0.854548911256354
12.8552	0.854219162774927
12.8632	0.853862307203198
12.8712	0.853487989294922
12.8792	0.853105176264662
12.8872	0.852721903457441
12.8952	0.852345122865178
12.9032	0.851980714885856
12.9112	0.851633550815381
12.9192	0.851307507861033
12.9272	0.85100549746373
12.9352	0.850729504704666
12.9432	0.85048060527665
12.9512	0.850259029621179
12.9592	0.850064313361432
12.9672	0.849895444392703
12.9752	0.849751000412131
12.9832	0.849629281505995
12.9912	0.849528399614757
12.9992	0.849446313145028
13.0072	0.849380884500418
13.0152	0.849329959233215
13.0232	0.84929144730588
13.0312	0.849263403060176
13.0392	0.849244106897047
13.0472	0.849232110063641
13.0552	0.849226242436802
13.0632	0.849225585091046
13.0712	0.849229437682825
13.0792	0.849237291413096
13.0872	0.849248831097621
13.0952	0.849263971606618
13.1032	0.849282921557243
13.1112	0.849306240714015
13.1192	0.849334873025144
13.1272	0.849370115624205
13.1352	0.849413499919113
13.1432	0.849466620186401
13.1512	0.849530961099313
13.1592	0.849607741460669
13.1672	0.849697801303303
13.1752	0.849801558355311
13.1832	0.849919022857598
13.1912	0.850049826010681
13.1992	0.850193271940298
13.2072	0.850348395592149
13.2152	0.850514024575988
13.2232	0.850688870471721
13.2312	0.850871637224246
13.2392	0.851061100744141
13.2472	0.851256146624825
13.2552	0.851455796426328
13.2632	0.851659187488845
13.2712	0.851865550604623
13.2792	0.852074223245045
13.2872	0.852284719106169
13.2952	0.852496805310378
13.3032	0.852710565700497
13.3112	0.852926390171429
13.3192	0.853144851467055
13.3272	0.853366465312612
13.3352	0.853591392540217
13.3432	0.853819113169589
13.3512	0.854048170322957
13.3592	0.854276012457166
13.3672	0.854498960531645
13.3752	0.85471225929605
13.3832	0.854910206143818
13.3912	0.855086343446039
13.3992	0.855233769810781
13.4072	0.855345598938291
13.4152	0.855415584431936
13.4232	0.855438847523329
13.4312	0.855412577397131
13.4392	0.855336552980631
13.4472	0.855213374584094
13.4552	0.855048370237702
13.4632	0.854849217391652
13.4712	0.854625371133727
13.4792	0.854387404544894
13.4872	0.85414632486208
13.4952	0.853912933612342
13.5032	0.853697284516879
13.5112	0.853508301004241
13.5192	0.853353535157956
13.5272	0.853239058299161
13.5352	0.853169398169968
13.5432	0.853147454352649
13.5512	0.853174357935743
13.5592	0.853249343660286
13.5672	0.853369665331441
13.5752	0.853530643506166
13.5832	0.853725845671022
13.5912	0.853947334681219
13.5992	0.854185887615005
13.6072	0.854431198136587
13.6152	0.854672110658632
13.6232	0.854896998504845
13.6312	0.85509439353831
13.6392	0.855253855246896
13.6472	0.855366949773063
13.6552	0.855428114114632
13.6632	0.855435183011244
13.6712	0.855389445835051
13.6792	0.855295241954448
13.6872	0.855159212715806
13.6952	0.854989409576652
13.7032	0.854794442726101
13.7112	0.854582779351586
13.7192	0.854362247262741
13.7272	0.854139724572735
13.7352	0.853920963200517
13.7432	0.853710511413369
13.7512	0.853511695213752
13.7592	0.853326600326274
13.7672	0.853156070609889
13.7752	0.852999695865317
13.7832	0.852855793151538
13.7912	0.852721458739938
13.7992	0.852592748062071
13.8072	0.852464958568294
13.8152	0.852333001628684
13.8232	0.852191860287391
13.8312	0.852037049734129
13.8392	0.851865000423371
13.8472	0.851673315138811
13.8552	0.851460863135484
13.8632	0.851227811912451
13.8712	0.850975672207416
13.8792	0.850707368983127
13.8872	0.850427338921133
13.8952	0.85014164914014
13.9032	0.849858004995601
13.9112	0.849585565954377
13.9192	0.849334584927383
13.9272	0.849115973720282
13.9352	0.848940889009333
13.9432	0.848820418018677
13.9512	0.848765347178474
13.9592	0.848785978387549
13.9672	0.84889193146784
13.9752	0.849091889845902
13.9832	0.849393317180107
13.9912	0.849802223584518
13.9992	0.850323072328476
14.0072	0.850958839424965
14.0152	0.851711219270228
14.0232	0.852580887443952
14.0312	0.853567677605549
14.0392	0.854670516050997
14.0472	0.855887152245931
14.0552	0.857213695089682
14.0632	0.858644106870259
14.0712	0.860169826726474
14.0792	0.861779693409498
14.0872	0.863460198942726
14.0952	0.865196020038753
14.1032	0.86697073082023
14.1112	0.868767426053986
14.1192	0.870569023172679
14.1272	0.872358044933081
14.1352	0.874115912446739
14.1432	0.875822065262944
14.1512	0.877453225317548
14.1592	0.878983157263897
14.1672	0.880383402636299
14.1752	0.881624894309097
14.1832	0.882680008795545
14.1912	0.883524425808708
14.1992	0.884138448884127
14.2072	0.88450743419452
14.2152	0.884621433352101
14.2232	0.884474441947236
14.2312	0.884063821562266
14.2392	0.883390171942369
14.2472	0.882457851915075
14.2552	0.881275985927053
14.2632	0.879859544960996
14.2712	0.87823011736602
14.2792	0.87641596302011
14.2872	0.874451232237816
14.2952	0.87237442920457
14.3032	0.870226458749142
14.3112	0.86804874840244
14.3192	0.865881439080575
14.3272	0.863761870807058
14.3352	0.861723517247154
14.3432	0.859795297721281
14.3512	0.858000947043805
14.3592	0.856358653588624
14.3672	0.854880926747801
14.3752	0.853574781532813
14.3832	0.852442156741284
14.3912	0.851480580510093
14.3992	0.850683940177272
14.4072	0.850043337204151
14.4152	0.849547864296411
14.4232	0.849185283342269
14.4312	0.848942575414075
14.4392	0.848806347506387
14.4472	0.848763030619745
14.4552	0.84879891622841
14.4632	0.848900123786243
14.4712	0.84905261867493
14.4792	0.849242355830614
14.4872	0.849455567258337
14.4952	0.849679145602336
14.5032	0.849901013635962
14.5112	0.850110405825554
14.5192	0.850298034436018
14.5272	0.850456131667703
14.5352	0.850578415730556
14.5432	0.850660051348282
14.5512	0.850697603198928
14.5592	0.850689038405946
14.5672	0.850633807726038
14.5752	0.850532971262057
14.5832	0.850389374824521
14.5912	0.850207923676031
14.5992	0.849995859643253
14.6072	0.849762979361363
14.6152	0.849521713750579
14.6232	0.849286986682563
14.6312	0.849075728822669
14.6392	0.848906076475873
14.6472	0.848796313171998
14.6552	0.848763705515922
14.6632	0.848823427696796
14.6712	0.848987774670186
14.6792	0.849265807447936
14.6872	0.849663492700664
14.6952	0.850184332846739
14.7032	0.850830372322135
14.7112	0.851603387507864
14.7192	0.852505977881065
14.7272	0.853542319009736
14.7352	0.854718307537422
14.7432	0.856041130692556
14.7512	0.857518388614623
14.7592	0.859156923541971
14.7672	0.860961640265807
14.7752	0.862934633091073
14.7832	0.865074634431862
14.7912	0.867376785278455
14.7992	0.869832810925179
14.8072	0.872431387963123
14.8152	0.875158577392098
14.8232	0.877998440307858
14.8312	0.880933497853072
14.8392	0.883944846338985
14.8472	0.887012139688379
14.8552	0.89011346851176
14.8632	0.893225296310653
14.8712	0.896323013247899
14.8792	0.899382390512961
14.8872	0.902381386516908
14.8952	0.90530211205875
14.9032	0.908132317445046
14.9112	0.91086583874637
14.9192	0.913501867516868
14.9272	0.916043461798059
14.9352	0.918495415548239
14.9432	0.920862078182435
14.9512	0.923145654792424
14.9592	0.925345159134157
14.9672	0.927455928484943
14.9752	0.929469720948359
14.9832	0.931374991021616
14.9912	0.933157170723699
14.9992	0.934798732310376
15.0072	0.936279111991422
15.0152	0.937574500163927
15.0232	0.938657803904767
15.0312	0.939498867982233
15.0392	0.940064969781417
15.0472	0.94032157104676
15.0552	0.940233281112385
15.0632	0.939765003908005
15.0712	0.938883352272204
15.0792	0.937558274659261
15.0872	0.935764947109559
15.0952	0.933486146321816
15.1032	0.930715050258331
15.1112	0.927458407483836
15.1192	0.923740304491118
15.1272	0.919605930052913
15.1352	0.915124680301679
15.1432	0.910392008632196
15.1512	0.90552927529573
15.1592	0.900680719776171
15.1672	0.896008248434344
15.1752	0.891684220698251
15.1832	0.887882709482652
15.1912	0.884770054962185
15.1992	0.88249538233186
15.2072	0.881180563891141
15.2152	0.880910231402509
15.2232	0.881723002918146
15.2312	0.883606195227684
15.2392	0.886494850781278
15.2472	0.89027576169996
15.2552	0.894795963436663
15.2632	0.899873876823
15.2712	0.905311209813568
15.2792	0.910903917197202
15.2872	0.916451394510118
15.2952	0.921763322888663
15.3032	0.926664540359963
15.3112	0.930998077939836
15.3192	0.934627114208676
15.3272	0.937436439114092
15.3352	0.939333819509122
15.3432	0.940251174028442
15.3512	0.940145564260559
15.3592	0.938999907922343
15.3672	0.936823325340568
15.3752	0.933651027520821
15.3832	0.929543881642496
15.3912	0.924587992088738
15.3992	0.918893884275922
15.4072	0.912595107644754
15.4152	0.905845765501117
15.4232	0.89881659098796
15.4312	0.891689464724222
15.4392	0.884650920441708
15.4472	0.877884773122806
15.4552	0.871564341743428
15.4632	0.865844614910237
15.4712	0.86085470483478
15.4792	0.856691055678911
15.4872	0.853412221691436
15.4952	0.851035221748156
15.5032	0.849533874547565
15.5112	0.848839669835399
15.5192	0.848845519417296
15.5272	0.849361699562132
15.5352	0.850220303466485
15.5432	0.8512656443112
15.5512	0.852356127793695
15.5592	0.85337610473053
15.5672	0.854239933205069
15.5752	0.854890477654611
15.5832	0.855294727158422
15.5912	0.855438557948678
15.5992	0.855321805140614
15.6072	0.854954142417174
15.6152	0.854351872834952
15.6232	0.853535544756542
15.6312	0.852528239473729
15.6392	0.851354370965209
15.6472	0.850038851777208
15.6552	0.848606501725788
15.6632	0.847081620478623
15.6712	0.845487669532138
15.6792	0.843847035741176
15.6872	0.842180872761644
15.6952	0.840509024013009
15.7032	0.838850009564616
15.7112	0.837221064386998
15.7192	0.835638200468683
15.7272	0.834116264428746
15.7352	0.832668979644404
15.7432	0.831308974030585
15.7512	0.830047786228485
15.7592	0.828895860813631
15.7672	0.827862542740871
15.7752	0.826956067931748
15.7832	0.826183549384085
15.7912	0.825550959804362
15.7992	0.825063111844693
15.8072	0.824723637080969
15.8152	0.824534964904234
15.8232	0.82449830251814
15.8312	0.824613617244449
15.8392	0.824879622337394
15.8472	0.82529376749729
15.8552	0.82585223525422
15.8632	0.826549944363935
15.8712	0.827380561319963
15.8792	0.828336521037795
15.8872	0.82940905869761
15.8952	0.830588254950276
15.9032	0.831863087465151
15.9112	0.833221490701735
15.9192	0.834650428101411
15.9272	0.836135979309369
15.9352	0.83766344396975
15.9432	0.839217469107044
15.9512	0.840782199004508
15.9592	0.842341443951439
15.9672	0.843878864197263
15.9752	0.84537816451811
15.9832	0.846823293429599
15.9912	0.848198647669384
15.9992	0.849489282166649
16.0072	0.850681125441465
16.0152	0.851761201057736
16.0232	0.852717856158763
16.0312	0.853540994185873
16.0392	0.85422230927796
16.0472	0.854755519940606
16.0552	0.855136599285014
16.0632	0.855363998836944
16.0712	0.855438862604272
16.0792	0.855365227588379
16.0872	0.855150206745388
16.0952	0.854804150686121
16.1032	0.854340784121972
16.1112	0.853777312424354
16.1192	0.853134492270133
16.1272	0.85243665806603
16.1352	0.851711695050823
16.1432	0.850990950047053
16.1512	0.850309072221819
16.1592	0.849703776311212
16.1672	0.84921552119817
16.1752	0.848887095844409
16.1832	0.848763104168072
16.1912	0.848889338447361
16.1992	0.849312031957139
16.2072	0.850076983776687
16.2152	0.851228549648556
16.2232	0.852808493251422
16.2312	0.854854691417731
16.2392	0.857399686198378
16.2472	0.860469075839991
16.2552	0.864079740487028
16.2632	0.8682378946761
16.2712	0.872936962855595
16.2792	0.878155271709995
16.2872	0.883853548960542
16.2952	0.889972211276901
16.3032	0.896428445809199
16.3112	0.903113080943929
16.3192	0.909887237244219
16.3272	0.916578749793914
16.3352	0.922978352889545
