23.716	0.356166322194966
23.756	0.355100770800703
23.796	0.354094417541248
23.836	0.353147548712116
23.876	0.352259801003974
23.916	0.351430100768809
23.956	0.35065659412799
23.996	0.349936591923147
24.036	0.349266577985311
24.076	0.348642310898747
24.116	0.348059049385206
24.156	0.347511856993449
24.196	0.346995948089948
24.236	0.346506978260486
24.276	0.346041236067336
24.316	0.345595703058734
24.356	0.345168010333097
24.396	0.34475631101251
24.436	0.344359164809312
24.476	0.343975449982032
24.516	0.343604306264176
24.556	0.343245107753354
24.596	0.342897478180902
24.636	0.342561285018604
24.676	0.342236610209333
24.716	0.341923700125172
24.756	0.341622897177132
24.796	0.341334535122122
24.836	0.341058846207005
24.876	0.340795889760862
24.916	0.340545513623546
24.956	0.340307352485375
24.996	0.340080877295982
25.036	0.339865467629537
25.076	0.339660494896101
25.116	0.339465396873948
25.156	0.339279725361756
25.196	0.339103155017057
25.236	0.338935472322532
25.276	0.33877654698734
25.316	0.338626296194199
25.356	0.338484640056649
25.396	0.338351467018477
25.436	0.338226601813304
25.476	0.338109781822958
25.516	0.338000636695241
25.556	0.337898672811107
25.596	0.337803252674902
25.636	0.337713577882489
25.676	0.33762868280796
25.716	0.337547450174959
25.756	0.337468637854435
25.796	0.337390930450276
25.836	0.337313000283842
25.876	0.337233570699524
25.916	0.337151462556854
25.956	0.337065629368752
25.996	0.336975167063194
26.036	0.336879298104456
26.076	0.336777323579909
26.116	0.336668556030972
26.156	0.336552249439556
26.196	0.336427531902473
26.236	0.336293341706217
26.276	0.336148380400509
26.316	0.33599107700919
26.356	0.335819563168727
26.396	0.335631653171788
26.436	0.335424827116235
26.476	0.33519621051822
26.516	0.334942586122189
26.556	0.334660437801681
26.596	0.334346027729516
26.636	0.333995483331755
26.676	0.333604891697419
26.716	0.333170334759998
26.756	0.332687838309653
26.796	0.332153245051259
26.836	0.33156209737075
26.876	0.330909528894075
26.916	0.330190221806404
26.956	0.32939846037462
26.996	0.328528275798035
27.036	0.327573594881386
27.076	0.326528424441953
27.116	0.325386967047116
27.156	0.324143656082398
27.196	0.322793128777683
27.236	0.321330267321507
27.276	0.319750293428413
27.316	0.318048996610607
27.356	0.316223100704832
27.396	0.314270716186016
27.436	0.312191803456102
27.476	0.309988517654595
27.516	0.307665365303755
27.556	0.30522919692244
27.596	0.302689029320256
27.636	0.300055701897307
27.676	0.29734157768133
27.716	0.294560420283695
27.756	0.291727412193573
27.796	0.288859299856256
27.836	0.285974589516648
27.876	0.28309360681763
27.916	0.280238512628564
27.956	0.277433269045822
27.996	0.274703589728233
28.036	0.272076805668107
28.076	0.26958171341218
28.116	0.267248421222128
28.156	0.265107949635091
28.196	0.263191372598609
28.236	0.26152863246234
28.276	0.260147235584814
28.316	0.259070815563121
28.356	0.258317950293922
28.396	0.257901587467458
28.436	0.257828972011541
28.476	0.258101903156106
28.516	0.258717188616714
28.556	0.259667029193174
28.596	0.260939202571876
28.636	0.262517285443032
28.676	0.264380929423531
28.716	0.266506019630011
28.756	0.268864886792688
28.796	0.271426794117581
28.836	0.274158676325094
28.876	0.277026283278481
28.916	0.279995503403377
28.956	0.283033447965508
28.996	0.286109105102149
29.036	0.289193668572317
29.076	0.292260359820247
29.116	0.295284147641048
29.156	0.298241831986608
29.196	0.301112577300643
29.236	0.303878658626637
29.276	0.306526322706887
29.316	0.309046280328921
29.356	0.311433604136383
29.396	0.313687120418024
29.436	0.315808473591737
29.476	0.317801022743282
29.516	0.319669014376579
29.556	0.321417042295003
29.596	0.323049739026956
29.636	0.324571596835476
29.676	0.325986886319612
29.716	0.327299598742222
29.756	0.328513492172753
29.796	0.329632205908872
29.836	0.33065943683939
29.876	0.331599167223594
29.916	0.33245587948926
29.956	0.333234634488953
29.996	0.333941035106626
30.036	0.334581112185056
30.076	0.335161155332933
30.116	0.335687510716298
30.156	0.336166418834175
30.196	0.336603896392468
30.236	0.337005649165086
30.276	0.33737699869863
30.316	0.337722811059059
30.356	0.338047407398065
30.396	0.338354469173723
30.436	0.338646964797796
30.476	0.338927100741913
30.516	0.339196313920773
30.556	0.339455331957055
30.596	0.339704294135991
30.636	0.339942901771302
30.676	0.340170590985551
30.716	0.340386718663403
30.756	0.340590736310361
30.796	0.340782338207795
30.836	0.34096156054467
30.876	0.34112882218691
30.916	0.341284927553801
30.956	0.341431043028692
30.996	0.341568647984317
31.036	0.341699482456853
31.076	0.341825506427035
31.116	0.341948835596028
31.156	0.342071646984955
31.196	0.342196075636942
31.236	0.342324105819664
31.276	0.342457477420048
31.316	0.342597639231798
31.356	0.342745767876139
31.396	0.342902820868225
31.436	0.343069621233745
31.476	0.343246936316774
31.516	0.34343552167735
31.556	0.34363613299918
31.596	0.343849551517295
31.636	0.344076646329967
31.676	0.344318469858294
31.716	0.344576367463652
31.756	0.3448520804507
31.796	0.345147789510968
31.836	0.345466081391891
31.876	0.345809868263771
31.916	0.346182308345462
31.956	0.346586751781089
31.996	0.34702671688818
32.036	0.347505894160122
32.076	0.348028138571152
32.116	0.348597428097406
32.156	0.349217762917405
32.196	0.349893040419971
32.236	0.350626921543054
32.276	0.351422709014244
32.316	0.352283257064435
32.356	0.353210935515989
32.396	0.354207604849606
32.436	0.355274555302486
32.476	0.356412405135934
32.516	0.357620913748207
32.556	0.358898676053776
32.596	0.360242741579228
32.636	0.361648208942441
32.676	0.363107825444473
32.716	0.364611695911933
32.756	0.366147224257347
32.796	0.367699355382577
32.836	0.369251018599051
32.876	0.370783758802261
32.916	0.372278495797161
32.956	0.373716227174796
32.996	0.375078522026513
33.036	0.376347906949093
33.076	0.377508179880799
33.116	0.378544657571901
33.156	0.379444520306933
33.196	0.380197262591224
33.236	0.380795129448913
33.276	0.381233585004829
33.316	0.381511787510121
33.356	0.38163276633361
33.396	0.38160329923609
33.436	0.38143353853313
33.476	0.381136325653074
33.516	0.380726197199806
33.556	0.380218340389582
33.596	0.379627585732663
33.636	0.378967640920685
33.676	0.378250637676949
33.716	0.377487020947839
33.756	0.376685675135221
33.796	0.375854210222641
33.836	0.374999210124784
33.876	0.374126373057663
33.916	0.373240493612784
33.956	0.372345391506812
33.996	0.371443852581478
34.036	0.37053769175207
34.076	0.369627902074029
34.116	0.368714944127596
34.156	0.367799100542229
34.196	0.366880837426663
34.236	0.365961111457551
34.276	0.365041613399185
34.316	0.364124847156162
34.356	0.363214060316274
34.396	0.362313024622495
34.436	0.361425717596205
34.476	0.360555963607155
34.516	0.359707153171726
34.556	0.358882048707443
34.596	0.358082722060175
34.636	0.357310635616031
34.676	0.356566809900642
34.716	0.355852039642713
34.756	0.35516713287717
34.796	0.354513079509935
34.836	0.3538911274063
34.876	0.353302763333232
34.916	0.352749591414039
34.956	0.3522331565851
34.996	0.351754784709371
35.036	0.351315438923343
35.076	0.350915556267211
35.116	0.350554919832163
35.156	0.350232569170579
35.196	0.349946760081373
35.236	0.349694978119381
35.276	0.349474029183177
35.316	0.349280193755433
35.356	0.349109459182237
35.396	0.348957789853436
35.436	0.348821392926119
35.476	0.348696924258192
35.516	0.348581634538782
35.556	0.34847341474341
35.596	0.348370736243389
35.636	0.348272491012843
35.676	0.348177818032028
35.716	0.348085915524138
35.756	0.347995866105322
35.796	0.347906553398332
35.836	0.347816693097251
35.876	0.347724895778477
35.916	0.347629722198093
35.956	0.347529698065806
35.996	0.347423247371026
36.036	0.347308592051021
36.076	0.347183735125931
36.116	0.347046574297792
36.156	0.346895069347063
36.196	0.346727458961027
36.236	0.346542449178017
36.276	0.346339281901543
36.316	0.346117678288692
36.356	0.345877774632768
36.396	0.34562007328703
36.436	0.34534543421276
36.476	0.345055138975525
36.516	0.344750957619787
36.556	0.344435122455124
36.596	0.344110240979688
36.636	0.343779153962487
36.676	0.343444738564358
36.716	0.343109725286595
36.756	0.342776614796563
36.796	0.342447658372528
36.836	0.342124852782959
36.876	0.341809937072441
36.916	0.341504389971817
36.956	0.341209424841132
36.996	0.34092597633942
37.036	0.340654695196235
37.076	0.3403959457737
37.116	0.340149806269636
37.156	0.339916075836207
37.196	0.339694292329689
37.236	0.339483765404758
37.276	0.339283634703584
37.316	0.339092948641309
37.356	0.338910738564671
37.396	0.338736080501924
37.436	0.338568148900251
37.476	0.338406252630215
37.516	0.338249854338557
37.556	0.338098588472626
37.596	0.3379522710391
37.636	0.337810898833681
37.676	0.337674643208153
37.716	0.337543830734113
37.756	0.337418899794507
37.796	0.3373003468623
37.836	0.337188666028574
37.876	0.337084306383538
37.916	0.336987656057644
37.956	0.336899055802917
37.996	0.336818825533044
38.036	0.336747295639235
38.076	0.336684825571311
38.116	0.336631800719488
38.156	0.336588612171397
38.196	0.336555634454541
38.236	0.336533199653196
38.276	0.336521590933145
38.316	0.336521054866225
38.356	0.336531831289903
38.396	0.336554195170216
38.436	0.336588477974288
38.476	0.336635023398628
38.516	0.336694091363782
38.556	0.336765737033545
38.596	0.336849688620148
38.636	0.336945263279375
38.676	0.337051368365429
38.716	0.337166584662121
38.756	0.337289302889154
38.796	0.337417885897167
38.836	0.337550810886434
38.876	0.337686750306887
38.916	0.337824589929085
38.956	0.337963385304732
38.996	0.338102272250978
39.036	0.338240376172969
39.076	0.338376751426367
39.116	0.338510356978844
39.156	0.338640062105078
39.196	0.338764666975059
39.236	0.33888292748162
39.276	0.338993573968921
39.316	0.339095316737762
39.356	0.339186855583229
39.396	0.339266921681293
39.436	0.339334350789066
39.476	0.339388183840924
39.516	0.339427776399887
39.556	0.339452877972114
39.596	0.339463651166334
39.636	0.339460637636321
39.676	0.339444679831651
39.716	0.339416820673272
39.756	0.339378215227214
39.796	0.339330059614703
39.836	0.339273526630954
39.876	0.339209714860772
39.916	0.339139604901369
39.956	0.339064013565014
39.996	0.33898356174732
40.036	0.338898670597132
40.076	0.338809582609045
40.116	0.338716395450263
40.156	0.338619110448839
40.196	0.338517686798255
40.236	0.338412094764642
40.276	0.33830236426477
40.316	0.338188623832977
40.356	0.338071115812987
40.396	0.337950195267751
40.436	0.337826326674545
40.476	0.337700080218653
40.516	0.337572131950317
40.556	0.337443293146642
40.596	0.337314556378978
40.636	0.337187135720399
40.676	0.337062485299342
40.716	0.33694229280897
40.756	0.336828441169871
40.796	0.336722949217339
40.836	0.336627906010932
40.876	0.336545408681879
40.916	0.336477485813745
40.956	0.336426007327702
40.996	0.336392579239586
41.036	0.336378431723752
41.076	0.336384292007402
41.116	0.336410302532911
41.156	0.336456012020008
41.196	0.336520437297644
41.236	0.336602174056758
41.276	0.33669954155809
41.316	0.33681071965502
41.356	0.336933868856228
41.396	0.337067234398987
41.436	0.337209230822978
41.476	0.337358496115684
41.516	0.33751393107503
41.556	0.33767471532024
41.596	0.337840284512872
41.636	0.338010286268819
41.676	0.338184547170776
41.716	0.338363063214487
41.756	0.338546003851711
41.796	0.338733732460263
41.836	0.338926836495283
41.876	0.339126144817108
41.916	0.339332730800024
41.956	0.339547910846115
41.996	0.339773232710925
42.036	0.340010457623904
42.076	0.340261562276567
42.116	0.340528748268284
42.156	0.340814426715013
42.196	0.34112118302086
42.236	0.341451721652383
42.276	0.341808773416069
42.316	0.342194999914184
42.356	0.342612935637291
42.396	0.343064977283049
42.436	0.343553435822685
42.476	0.344080638450002
42.516	0.344649016660263
42.556	0.345261129474139
42.596	0.3459196020478
42.636	0.346626940997254
42.676	0.347385283487078
42.716	0.348196146346574
42.756	0.349060209941761
42.796	0.349977197047068
42.836	0.350945923017036
42.876	0.351964479693805
42.916	0.353030553873793
42.956	0.354141815639991
42.996	0.355296261300701
43.036	0.356492421903965
43.076	0.357729434548887
43.116	0.359006894622198
43.156	0.360324581300745
43.196	0.361682168225471
43.236	0.363079038144633
43.276	0.364514272677084
43.316	0.365986813756543
43.356	0.367495682188704
43.396	0.369040191647372
43.436	0.370619961686174
43.476	0.37223460592304
43.516	0.373883246939862
43.556	0.375563965630761
43.596	0.377273269552632
43.636	0.379005806398524
43.676	0.380754385140719
43.716	0.382510238659876
43.756	0.384263580599622
43.796	0.386004311410964
43.836	0.387722667919093
43.876	0.389409866784199
43.916	0.391058689900277
43.956	0.392663829066905
43.996	0.39422209398932
44.036	0.39573249808975
44.076	0.397196091393269
44.116	0.398615566888004
44.156	0.39999482009793
44.196	0.40133842023485
44.236	0.402651162902174
44.276	0.403937907865796
44.316	0.405203579812138
44.356	0.406453319380333
44.396	0.407692798156475
44.436	0.408928576678022
44.476	0.41016847733475
44.516	0.411421826521874
44.556	0.412699401167643
44.596	0.41401288481039
44.636	0.415373976609374
44.676	0.41679317761745
44.716	0.418278550801531
44.756	0.419834743312137
44.796	0.421462489085627
44.836	0.423158623011616
44.876	0.424916662411363
44.916	0.426727664740824
44.956	0.428581179725157
44.996	0.430466203000123
45.036	0.432371983266364
45.076	0.43428846453908
45.116	0.436206629084069
45.156	0.438118724566436
45.196	0.440018313113427
45.236	0.441900113910108
45.276	0.443759760181834
45.316	0.445593543227432
45.356	0.447398371723182
45.396	0.449171952700965
45.436	0.450913002494246
45.476	0.452621297128815
45.516	0.454297541923083
45.556	0.455942944527635
45.596	0.457558692038106
45.636	0.459145562869296
45.676	0.460703641660686
45.716	0.462232168832074
45.756	0.463729537163147
45.796	0.465193279800232
45.836	0.466619926662275
45.876	0.468004885804476
45.916	0.469342436024831
45.956	0.470625892318935
45.996	0.471848037068341
46.036	0.473001688512625
46.076	0.474080191377894
46.116	0.475077815581926
46.156	0.475989897070932
46.196	0.476812550118709
46.236	0.477542122977994
46.276	0.47817473181793
46.316	0.478705927135564
46.356	0.479130544626713
46.396	0.479442743294584
46.436	0.479636241144988
46.476	0.47970474002426
46.516	0.479642397732903
46.556	0.479444252747683
46.596	0.479106513570287
46.636	0.47862663087848
46.676	0.478003146388261
46.716	0.477235313959284
46.756	0.476322598267899
46.796	0.47526431126947
46.836	0.474059617010894
46.876	0.472707768370867
46.916	0.471208526272079
46.956	0.469562738999215
46.996	0.467772906112756
47.036	0.465843514978161
47.076	0.463781179282179
47.116	0.461594490981156
47.156	0.459293691135812
47.196	0.456890253299463
47.236	0.454396496678356
47.276	0.45182522412135
47.316	0.449189452187142
47.356	0.446502154802587
47.396	0.443776154412419
