23.716	0.360643795207039
23.756	0.356843838221977
23.796	0.352817960930025
23.836	0.348591658793595
23.876	0.344196852071065
23.916	0.339671803110747
23.956	0.335060770022693
23.996	0.330413265945054
24.036	0.325782914170787
24.076	0.321225829782435
24.116	0.316798402896808
24.156	0.312554803691825
24.196	0.308544792123286
24.236	0.304812053587995
24.276	0.30139296207679
24.316	0.298315953233242
24.356	0.295601259126698
24.396	0.293260585159743
24.436	0.291296716193443
24.476	0.289703474389086
24.516	0.288466040320401
24.556	0.287561940301003
24.596	0.286962749133323
24.636	0.286636345564176
24.676	0.286549349128251
24.716	0.286669356494968
24.756	0.28696655173033
24.796	0.287414521402667
24.836	0.2879902867368
24.876	0.288673693346738
24.916	0.289446544007916
24.956	0.29029179153045
24.996	0.29119300821813
25.036	0.292134248710255
25.076	0.293100335257833
25.116	0.294077234442085
25.156	0.295052277620954
25.196	0.296013993171556
25.236	0.296951624822924
25.276	0.297854434744778
25.316	0.298711033734691
25.356	0.299508882295783
25.396	0.300234188917813
25.436	0.300872339023982
25.476	0.301408780206572
25.516	0.301829953732778
25.556	0.302124162074875
25.596	0.302282326650385
25.636	0.302298501711704
25.676	0.302170063397995
25.716	0.301897802520358
25.756	0.30148595470078
25.796	0.300942234676228
25.836	0.300277697288294
25.876	0.299506414252079
25.916	0.29864498800535
25.956	0.297711949461842
25.996	0.296726963544785
26.036	0.295709985981972
26.076	0.294680570944621
26.116	0.293657294055407
26.156	0.29265737029985
26.196	0.291696514664324
26.236	0.290788823522945
26.276	0.289946669777493
26.316	0.289180771703428
26.356	0.288500270779792
26.396	0.287912766665187
26.436	0.287424458642732
26.476	0.287040358638393
26.516	0.286764434042226
26.556	0.286599722956367
26.596	0.286548358989563
26.636	0.286611483303346
26.676	0.286789119088013
26.716	0.28708005922195
26.756	0.287481809531897
26.796	0.287990614098049
26.836	0.288601513487407
26.876	0.289308374713443
26.916	0.290103885554601
26.956	0.290979453956226
26.996	0.291925071431848
27.036	0.292929153042024
27.076	0.293978515870577
27.116	0.295058577352648
27.156	0.296153861404861
27.196	0.29724870021667
27.236	0.298328087943361
27.276	0.299378528303492
27.316	0.300388671548859
27.356	0.301349679025549
27.396	0.302255370118161
27.436	0.30310218042419
27.476	0.303888940409621
27.516	0.304616637303894
27.556	0.30528808450461
27.596	0.305907364822843
27.636	0.306479258458268
27.676	0.307008844060221
27.716	0.307501175967928
27.756	0.307961147637371
27.796	0.308393674730524
27.836	0.308803982139267
27.876	0.309197696768962
27.916	0.309580943485713
27.956	0.309960271770507
27.996	0.31034236001895
28.036	0.310733727317853
28.076	0.311140702571294
28.116	0.311569545432491
28.156	0.312026734376474
28.196	0.312519424421595
28.236	0.31305584881764
28.276	0.313645443557249
28.316	0.314298711457155
28.356	0.31502689487948
28.396	0.315841400606047
28.436	0.316753031700756
28.476	0.317771340017686
28.516	0.318904121963357
28.556	0.320156977912831
28.596	0.321533029907101
28.636	0.323032896187698
28.676	0.324654802444257
28.716	0.326394838403218
28.756	0.328247517577921
28.796	0.330206518563642
28.836	0.332265432364608
28.876	0.334418332134561
28.916	0.336659976116977
28.956	0.338985459547104
28.996	0.341389529712302
29.036	0.343865795838298
29.076	0.346406042733889
29.116	0.34899979076593
29.156	0.351634317626036
29.196	0.35429510407883
29.236	0.356966560387747
29.276	0.359632741416164
29.316	0.36227787666931
29.356	0.364886672553013
29.396	0.367444374283792
29.436	0.36993655693496
29.476	0.3723488076661
29.516	0.374666420901718
29.556	0.376874054231422
29.596	0.378955528073135
29.636	0.380893926519576
29.676	0.382671913321445
29.716	0.384272280194438
29.756	0.385678690660399
29.796	0.386876358751266
29.836	0.387852540507339
29.876	0.388596860744229
29.916	0.389101442971224
29.956	0.389360918906533
29.996	0.389372416018006
30.036	0.389135517771621
30.076	0.388652199170252
30.116	0.387926734611966
30.156	0.386965581256419
30.196	0.385777312560293
30.236	0.384372680391522
30.276	0.3827647996591
30.316	0.380969356184579
30.356	0.379004684272132
30.396	0.37689165294077
30.436	0.374653348017745
30.476	0.372314482213056
30.516	0.369900601015985
30.556	0.367437284429087
30.596	0.364949379734043
30.636	0.36246039826213
30.676	0.359992271189213
30.716	0.357565569486582
30.756	0.355200152098547
30.796	0.35291606209833
30.836	0.350734252499336
30.876	0.348676822953706
30.916	0.346766685930021
30.956	0.345026654251541
30.996	0.343478001468981
31.036	0.3421389151749
31.076	0.341023194489452
31.116	0.340139402539904
31.156	0.339490467828597
31.196	0.339073734112873
31.236	0.3388813131821
31.276	0.338900577774467
31.316	0.339114595358552
31.356	0.33950240419702
31.396	0.340039150783554
31.436	0.340696136339631
31.476	0.341440896279011
31.516	0.342237478386863
31.556	0.343047009761591
31.596	0.343828568446924
31.636	0.344540465926144
31.676	0.34514196353453
31.716	0.34559543751763
31.756	0.345868895670066
31.796	0.345938619115969
31.836	0.345791661855827
31.876	0.345427902214254
31.916	0.344861399598273
31.956	0.344120794387237
31.996	0.34324872408402
32.036	0.342300288302027
32.076	0.341340678814305
32.116	0.340442250898974
32.156	0.339681317488072
32.196	0.339134697721789
32.236	0.338876086102204
32.276	0.33897233839113
32.316	0.33947983012601
32.356	0.340441170984462
32.396	0.34188255627285
32.436	0.343811963771458
32.476	0.346218265605529
32.516	0.349071148181707
32.556	0.352321695526854
32.596	0.355903651219961
32.636	0.359735312532308
32.676	0.363722109473684
32.716	0.367759894447914
32.756	0.371738757533109
32.796	0.375547057024306
32.836	0.379075411010177
32.876	0.382220322547624
32.916	0.384887344973691
32.956	0.386993787530372
32.996	0.388470857326382
33.036	0.389265198262734
33.076	0.38933982028064
33.116	0.388674388544388
33.156	0.387264944068505
33.196	0.385123139147282
33.236	0.382275122736729
33.276	0.37876022079169
33.316	0.374629438683911
33.356	0.369943942667561
33.396	0.364773608933689
33.436	0.359195706963789
33.476	0.353293797110183
33.516	0.347156832390311
33.556	0.340878199188438
33.596	0.334554629098676
33.636	0.3282847136866
33.676	0.322166910142897
33.716	0.31629726709869
33.756	0.310767131524955
33.796	0.30566090298592
33.836	0.301054171725156
33.876	0.297012151774226
33.916	0.293588162465568
33.956	0.290822183004849
33.996	0.288739655618116
34.036	0.28735051542904
34.076	0.286648657284587
34.116	0.286611978321758
34.156	0.287203040599849
34.196	0.288370457461752
34.236	0.290051067584756
34.276	0.292172904146383
34.316	0.294658819974785
34.356	0.297430236611063
34.396	0.300410495876946
34.436	0.303527512304782
34.476	0.306715280653435
34.516	0.309914078453772
34.556	0.313069962280821
34.596	0.316134125558193
34.636	0.319062465170447
34.676	0.321815374666386
34.716	0.324357707567998
34.756	0.326658667010889
34.796	0.328691500167594
34.836	0.330432685103943
34.876	0.331860808147923
34.916	0.332955754994288
34.956	0.333698771881615
34.996	0.334073319655005
35.036	0.334066513608519
35.076	0.333670796942926
35.116	0.332885597877549
35.156	0.331718251954982
35.196	0.330183950182828
35.236	0.328304962699832
35.276	0.326109685089961
35.316	0.323631502524933
35.356	0.32090784395885
35.396	0.317979812684626
35.436	0.314892359224956
35.476	0.311694989049016
35.516	0.308442608826823
35.556	0.305195795772335
35.596	0.302020195130154
35.636	0.298984721463427
35.676	0.296158548387126
35.716	0.293607451155395
35.756	0.291390130585256
35.796	0.289555140556814
35.836	0.288138942167308
35.876	0.287165068329415
35.916	0.286644156372432
35.956	0.286574697439534
35.996	0.286944289320132
36.036	0.287731247338826
36.076	0.288906537380313
36.116	0.290435874173141
36.156	0.292281820370164
36.196	0.294405720507967
36.236	0.29676921144997
36.276	0.299335297735212
36.316	0.30206904523132
36.356	0.304937873809223
36.396	0.307911515278676
36.436	0.310961886885963
36.476	0.314062868945399
36.516	0.317190048365461
36.556	0.320320413545261
36.596	0.323432241787629
36.636	0.326505119251721
36.676	0.32952006599956
36.716	0.332459754623329
36.756	0.335308834080962
36.796	0.338054264536737
36.836	0.34068553930436
36.876	0.343194776384877
36.916	0.345576700653197
36.956	0.347828664383229
36.996	0.349950692063231
37.036	0.351945476002044
37.076	0.353818336125443
37.116	0.355577084917087
37.156	0.357231666419835
37.196	0.358793579128729
37.236	0.360275140719892
37.276	0.361688726571657
37.316	0.363046145319146
37.356	0.364358253797178
37.396	0.365634702189396
37.436	0.366883828750275
37.476	0.368112638140843
37.516	0.3693266138703
37.556	0.370529352342402
37.596	0.371722268721697
37.636	0.372904528083865
37.676	0.374073188764356
37.716	0.375223637010123
37.756	0.376350226291521
37.796	0.377446941440923
37.836	0.378507976843963
37.876	0.379528150909977
37.916	0.380503062066595
37.956	0.381429093344622
37.996	0.382303406925672
38.036	0.383123929490438
38.076	0.383889316131359
38.116	0.384598919286674
38.156	0.385252739798176
38.196	0.385851339804077
38.236	0.386395720939078
38.276	0.386887220702221
38.316	0.38732746316046
38.356	0.387718339117811
38.396	0.388061969653023
38.436	0.38836065006555
38.476	0.388616757007838
38.516	0.38883263026699
38.556	0.389010480873793
38.596	0.389152342493759
38.636	0.389260088880548
38.676	0.389335547849356
38.716	0.389380674899627
38.756	0.38939772080326
38.796	0.389389343374006
38.836	0.38935863558234
38.876	0.389309073323233
38.916	0.389244406204483
38.956	0.389168513798523
38.996	0.389085255706419
39.036	0.388998328198539
39.076	0.388911144749869
39.116	0.38882676454412
39.156	0.38874788031822
39.196	0.388676860279048
39.236	0.388615822755611
39.276	0.388566681416847
39.316	0.388531123001684
39.356	0.388510532453012
39.396	0.388505857208401
39.436	0.388517432138912
39.476	0.388544843311394
39.516	0.388586883573709
39.556	0.388641596894587
39.596	0.388706410075343
39.636	0.388778344199437
39.676	0.388854270353846
39.716	0.388931165229536
39.756	0.389006342700355
39.796	0.389077612429816
39.836	0.389143336435069
39.876	0.389202398682102
39.916	0.389254114363467
39.956	0.389298103914058
39.996	0.389334173644244
40.036	0.389362227708972
40.076	0.389382219328041
40.116	0.38939413533771
40.156	0.389398013518104
40.196	0.389393977240303
40.236	0.389382266040201
40.276	0.389363240295978
40.316	0.389337343014887
40.356	0.389305024718311
40.396	0.389266657524928
40.436	0.389222461345327
40.476	0.389172453225143
40.516	0.389116436809246
40.556	0.389054023913928
40.596	0.388984666237462
40.636	0.388907674883882
40.676	0.388822218053718
40.716	0.388727292346658
40.756	0.38862168625522
40.796	0.388503940380218
40.836	0.388372300118391
40.876	0.388224696038918
40.916	0.388058756762149
40.956	0.387871832566788
40.996	0.387661041340522
41.036	0.387423351079548
41.076	0.387155671182796
41.116	0.386854930817691
41.156	0.386518117542522
41.196	0.386142252355427
41.236	0.385724312324129
41.276	0.385261131746944
41.316	0.384749288310189
41.356	0.384185035731974
41.396	0.383564293858996
41.436	0.382882752428856
41.476	0.382136097937661
41.516	0.381320322212815
41.556	0.380432018085713
41.596	0.379468595550662
41.636	0.378428313164278
41.676	0.377310206388216
41.716	0.376114080937356
41.756	0.374840624329892
41.796	0.373491593486648
41.836	0.372070224024043
41.876	0.37058174242614
41.916	0.369033724828711
41.956	0.367436185726802
41.996	0.365801481474165
42.036	0.364143919273516
42.076	0.362479137473343
42.116	0.36082340039448
42.156	0.359192887298178
42.196	0.357603026394742
42.236	0.35606801702059
42.276	0.354600498778069
42.316	0.353211366573561
42.356	0.351909794631439
42.396	0.350703574140567
42.436	0.349599490935276
42.476	0.348603598237816
42.516	0.347721315066593
42.556	0.346957288261848
42.596	0.346315002854936
42.636	0.345796400929459
42.676	0.345401562136345
42.716	0.345128694979309
42.756	0.344974539253286
42.796	0.344935170871992
42.836	0.345006895470561
42.876	0.345187201345567
42.916	0.345475402780636
42.956	0.345872858934086
42.996	0.346382750100616
43.036	0.347009541349195
43.076	0.347758124862054
43.116	0.34863297367113
43.156	0.34963743247252
43.196	0.350773292454306
43.236	0.352040643940114
43.276	0.353438004935384
43.316	0.354962611673983
43.356	0.356610818387054
43.396	0.358378265421294
43.436	0.360259697384805
43.476	0.362248514971071
43.516	0.364336131220654
43.556	0.366511162341254
43.596	0.368758712765072
43.636	0.371059815608447
43.676	0.373390953564837
43.716	0.37572358582625
43.756	0.37802371413099
43.796	0.38025146509014
43.836	0.382360872509508
43.876	0.384300173265927
43.916	0.386012714662598
43.956	0.387438510626708
43.996	0.388516497648794
44.036	0.389187349246271
44.076	0.38939660586621
44.116	0.389097972168685
44.156	0.388256645176028
44.196	0.386852481962734
44.236	0.384882821604805
44.276	0.382364724484233
44.316	0.379336341401626
44.356	0.375857197508566
44.396	0.372007252761449
44.436	0.367884787735562
44.476	0.363603362360067
44.516	0.359288076937816
44.556	0.355071373149798
44.596	0.351088637085553
44.636	0.347473700792904
44.676	0.344354249255588
44.716	0.341847159776336
44.756	0.340053997389049
44.796	0.339056828762494
44.836	0.338914756274477
44.876	0.339661685850359
44.916	0.34130571001154
44.956	0.343830308312789
44.996	0.347197139722226
45.036	0.351349661255796
45.076	0.356216781747293
45.116	0.361715689672081
45.156	0.367753336625441
45.196	0.374227147991888
45.236	0.38102587538279
45.276	0.388031349256011
45.316	0.395121985591942
45.356	0.402178072545979
45.396	0.409087594240788
45.436	0.415751643948767
45.476	0.422088894989741
45.516	0.42803790547876
45.556	0.433557472375838
45.596	0.438625529757445
45.636	0.443237196765523
45.676	0.447402106838609
45.716	0.451141758013449
45.756	0.454486486080867
45.796	0.457472277089465
45.836	0.460137759248511
45.876	0.462521662495107
45.916	0.464660349102388
45.956	0.466586604629839
45.996	0.468329510746656
46.036	0.469915261287298
46.076	0.47136822447797
46.116	0.472712335126033
46.156	0.473971701822364
46.196	0.475170300126337
46.236	0.476330516151819
46.276	0.477470870461417
46.316	0.478603908077986
46.356	0.479735481451797
46.396	0.480864491491928
46.436	0.481983331359373
46.476	0.483079090380812
46.516	0.48413466489805
46.556	0.485128763661095
46.596	0.486036486143092
46.636	0.486830256107936
46.676	0.48748123733597
46.716	0.487961754887493
46.756	0.488248271641197
46.796	0.488323309057847
46.836	0.48817640846849
46.876	0.487804310126506
46.916	0.487209874553884
46.956	0.486400122880099
46.996	0.485385192845428
47.036	0.484177266386581
47.076	0.48278901775538
47.116	0.481232197152138
47.156	0.47951669394817
47.196	0.477649561849859
47.236	0.475634258569954
47.276	0.473470369832256
47.316	0.471153763036824
47.356	0.468676911318454
47.396	0.466029109773757
