47.516	0.563960897409622
47.556	0.566360521165326
47.596	0.568646585934282
47.636	0.570816328621365
47.676	0.572868829482196
47.716	0.57480436977454
47.756	0.576623583776708
47.796	0.578326607611995
47.836	0.579912522547655
47.876	0.581379232327443
47.916	0.582723724375008
47.956	0.583942599683972
47.996	0.585032843572588
48.036	0.58599255192167
48.076	0.586821207784887
48.116	0.587519606174482
48.156	0.588089716070829
48.196	0.588534446022543
48.236	0.58885742635141
48.276	0.589062995363967
48.316	0.589156196288762
48.356	0.589142601322166
48.396	0.589028042534494
48.436	0.588818361493807
48.476	0.588519174633191
48.516	0.588135855324122
48.556	0.587673558599803
48.596	0.587137252178966
48.636	0.586531670445709
48.676	0.585861148792894
48.716	0.585129337230892
48.756	0.584338980814742
48.796	0.583491645536768
48.836	0.582587585367435
48.876	0.581625800119753
48.916	0.580604180852539
48.956	0.579519612448202
48.996	0.57836826405623
49.036	0.577145823508943
49.076	0.575847638369957
49.116	0.574468964014422
49.156	0.573005534716831
49.196	0.571454159283917
49.236	0.569813311793119
49.276	0.568083731823897
49.316	0.566268824830534
49.356	0.564374736483465
49.396	0.562410109073902
49.436	0.560385357970638
49.476	0.558311602113566
49.516	0.556199697431072
49.556	0.554059602854331
49.596	0.55190002745795
49.636	0.549728448269764
49.676	0.547551471818121
49.716	0.545375313062859
49.756	0.54320622397535
49.796	0.541050839640636
49.836	0.538916506978865
49.876	0.536811565066117
49.916	0.53474547935749
49.956	0.532728669056656
49.996	0.530772187320753
50.036	0.528887287083126
50.076	0.527084858461219
50.116	0.525374806065024
50.156	0.523765592747743
50.196	0.52226397621957
50.236	0.520874965704646
50.276	0.519601951073337
50.316	0.518446951356108
50.356	0.517410896213057
50.396	0.516493904337345
50.436	0.515695444524646
50.476	0.515014396588587
50.516	0.514449042057297
50.556	0.513997040969176
50.596	0.51365545954247
50.636	0.513420898181909
50.676	0.513289673071409
50.716	0.513257982078695
50.756	0.513321988551539
50.796	0.513477773433902
50.836	0.513721196923136
50.876	0.514047759551975
50.916	0.514452511930806
50.956	0.514930054163464
50.996	0.515474610278872
51.036	0.516080102492438
51.076	0.516740222183373
51.116	0.517448484107007
51.156	0.518198237333344
51.196	0.518982672099071
51.236	0.519794870493804
51.276	0.520627864908029
51.316	0.521474668928789
51.356	0.522328288015792
51.396	0.523181799184457
51.436	0.524028468824845
51.476	0.524861865951536
51.516	0.52567597984455
51.556	0.526465349675796
51.596	0.527225028461622
51.636	0.527950315724212
51.676	0.528636360902482
51.716	0.529277771516064
51.756	0.5298682848236
51.796	0.530400737534428
51.836	0.530867397035315
51.876	0.531260511303273
51.916	0.531573004881132
51.956	0.53179922934342
51.996	0.531935556141114
52.036	0.531980657963103
52.076	0.531935507753701
52.116	0.531803210683833
52.156	0.531588737607976
52.196	0.531298657407689
52.236	0.530940832285964
52.276	0.530524084577358
52.316	0.530057776522263
52.356	0.529551346254713
52.396	0.529013774380992
52.436	0.528453134867718
52.476	0.527876311399751
52.516	0.527288992364156
52.556	0.52669584991785
52.596	0.526100884600098
52.636	0.525507792179511
52.676	0.524920210378404
52.716	0.524341769136321
52.756	0.523776012000013
52.796	0.523226194079236
52.836	0.522695072810158
52.876	0.522184710526666
52.916	0.521696304757597
52.956	0.521230035157075
52.996	0.520785043205329
53.036	0.52035950730027
53.076	0.519950717312852
53.116	0.519555221472942
53.156	0.519169084914878
53.196	0.518788170223942
53.236	0.518408451113018
53.276	0.518026417787723
53.316	0.517639478235459
53.356	0.517246320975431
53.396	0.516847189577433
53.436	0.516443998992791
53.476	0.516040260391186
53.516	0.515640850836313
53.556	0.515251650297508
53.596	0.514879136072388
53.636	0.514530012971939
53.676	0.514210940982821
53.716	0.513928343138826
53.756	0.513688291837116
53.796	0.513496417399733
53.836	0.513357820627977
53.876	0.513276992005625
53.916	0.513257749759589
53.956	0.513303223837603
53.996	0.513415915964107
54.036	0.513597834683448
54.076	0.513850681368137
54.116	0.514176025921262
54.156	0.514575378390269
54.196	0.515050136153306
54.236	0.515601417626947
54.276	0.516229836025992
54.316	0.516935284968618
54.356	0.517716836048482
54.396	0.518572722842823
54.436	0.519500350524041
54.476	0.520496309475334
54.516	0.521556341067956
54.556	0.522675229079034
54.596	0.523846825381757
54.636	0.525064308142859
54.676	0.52632064184807
54.716	0.527609180174068
54.756	0.528924325473302
54.796	0.530261973343897
54.836	0.531619566184901
54.876	0.532995767089016
54.916	0.534389886759943
54.956	0.535801232008573
54.996	0.537228584980692
55.036	0.538669926258418
55.076	0.540122339114401
55.116	0.541582022179465
55.156	0.543044465480591
55.196	0.544504723004181
55.236	0.545957664440067
55.276	0.547398146123903
55.316	0.548821173269694
55.356	0.550221931280269
55.396	0.551595522338939
55.436	0.552936484781895
55.476	0.554238272040372
55.516	0.555492853353854
55.556	0.556690586053875
55.596	0.557820460659986
55.636	0.558870703670554
55.676	0.559829519819125
55.716	0.560685838967146
55.756	0.561429949623161
55.796	0.562053912056708
55.836	0.562551805634016
55.876	0.562919939901143
55.916	0.56315712890995
55.956	0.56326488399192
55.996	0.563247530733115
56.036	0.563112117599601
56.076	0.562868132337108
56.116	0.562527084896367
56.156	0.562101959154578
56.196	0.561606610698945
56.236	0.561055220059956
56.276	0.560461883670726
56.316	0.559840258457612
56.356	0.559203361913216
56.396	0.558563466590087
56.436	0.557932081557354
56.476	0.557320048409906
56.516	0.556737700143529
56.556	0.556194972185072
56.596	0.55570143349215
56.636	0.555266144447511
56.676	0.554897388123916
56.716	0.554602234054578
56.756	0.554386032831587
56.796	0.554251895435467
56.836	0.554200478166258
56.876	0.554230065009673
56.916	0.554336847472641
56.956	0.554515364048957
56.996	0.554759105369421
57.036	0.555061067622397
57.076	0.555414240744874
57.116	0.555812099454133
57.156	0.556248939065881
57.196	0.556719975757439
57.236	0.55722129095685
57.276	0.557749510656805
57.316	0.558301294262691
57.356	0.558872863915344
57.396	0.559459813440775
57.436	0.560057161710205
57.476	0.560659644375598
57.516	0.561262217723119
57.556	0.561860617727298
57.596	0.562451697688545
57.636	0.563033421843908
57.676	0.563604604544615
57.716	0.56416454420501
57.756	0.564712626396279
57.796	0.565248018755412
57.836	0.565769511767286
57.876	0.566275396205171
57.916	0.566763395121178
57.956	0.567230800330492
57.996	0.567674705369278
58.036	0.56809229876999
58.076	0.568481131626669
58.116	0.568839274367349
58.156	0.569165262091772
58.196	0.569457930079295
58.236	0.569716222466496
58.276	0.5699391249392
58.316	0.570125718852903
58.356	0.570275330012471
58.396	0.570387599348329
58.436	0.570462427345525
58.476	0.570499799964693
58.516	0.570499594751254
58.556	0.570461372558
58.596	0.570384259168247
58.636	0.570267020596205
58.676	0.570108382711883
58.716	0.569907332756976
58.756	0.569663356122238
58.796	0.56937660067365
58.836	0.569047975698862
58.876	0.568679216559662
58.916	0.56827291863209
58.956	0.567832474078326
58.996	0.567361941099701
59.036	0.566865936969187
59.076	0.566349415788832
59.116	0.565817304394386
59.156	0.565274135665234
59.196	0.564723716374694
59.236	0.564168887192317
59.276	0.563611384176291
59.316	0.563051867771442
59.356	0.562490209735451
59.396	0.561926039533034
59.436	0.561359246232193
59.476	0.560790265448798
59.516	0.56022027679494
59.556	0.559651231858183
59.596	0.559085708246528
59.636	0.558526897327809
59.676	0.55797882279888
59.716	0.557446622786092
59.756	0.556936919265446
59.796	0.556458104532911
59.836	0.556020139883174
59.876	0.555634012017062
59.916	0.555311101786788
59.956	0.555062420474524
59.996	0.554897925737645
60.036	0.554826201391844
60.076	0.554854379913333
60.116	0.554988238351999
60.156	0.555232503209226
60.196	0.555591228935917
60.236	0.556068068570816
60.276	0.556666527365863
60.316	0.557390118931973
60.356	0.558242236437906
60.396	0.559225795824794
60.436	0.560342777393142
60.476	0.561593822290348
60.516	0.562978035404402
60.556	0.564493004575716
60.596	0.566134975477137
60.636	0.567899142814607
60.676	0.569779825092336
60.716	0.571770417159296
60.756	0.573863169823703
60.796	0.576048821398089
60.836	0.57831626525472
60.876	0.580652588425142
60.916	0.583043271155876
60.956	0.585472546867145
60.996	0.587924040426557
61.036	0.590381413728252
61.076	0.592828731255885
61.116	0.595250778677411
61.156	0.597633369125234
61.196	0.599963446033573
61.236	0.602229156395239
61.276	0.604419964363039
61.316	0.606526588210762
61.356	0.608540940931228
61.396	0.61045623783145
61.436	0.612267031366077
61.476	0.613969138939332
61.516	0.615559553089675
61.556	0.617036282169678
61.596	0.618398057636032
61.636	0.619644052641661
61.676	0.620773597380051
61.716	0.621785966960843
61.756	0.622680306925186
61.796	0.623455665333871
61.836	0.624111231914494
61.876	0.624646698103362
61.916	0.625062620015488
61.956	0.625360661389905
61.996	0.62554369380647
62.036	0.625615723160138
62.076	0.625581720314983
62.116	0.625447337393929
62.156	0.625218615850379
62.196	0.624901832521324
62.236	0.624503494742839
62.276	0.624030261002822
62.316	0.62348882719197
62.356	0.622885815779721
62.396	0.622227712907694
62.436	0.621520819190202
62.476	0.620771455313584
62.516	0.61998621864123
62.556	0.61917227849019
62.596	0.618337721285886
62.636	0.617491728000275
62.676	0.616644373390031
62.716	0.61580630514586
62.756	0.614988317935431
62.796	0.614200695771952
62.836	0.613452527145675
62.876	0.61275118802121
62.916	0.612101893828147
62.956	0.611507431483673
62.996	0.610968306473215
63.036	0.610483263623458
63.076	0.610050085887586
63.116	0.609666607546892
63.156	0.609331565403075
63.196	0.609044991046197
63.236	0.608808143820106
63.276	0.608623006421034
63.316	0.608491549983896
63.356	0.608415069090107
63.396	0.608393768250721
63.436	0.608426737706122
63.476	0.608512357582061
63.516	0.608648918234628
63.556	0.608835237480442
63.596	0.609071173723432
63.636	0.609357748556704
63.676	0.609696775957993
63.716	0.610090401460148
63.756	0.610540674906577
63.796	0.611049078361816
63.836	0.611616203765116
63.876	0.612241677864127
63.916	0.612924031667966
63.956	0.613660477324
63.996	0.614446729408449
64.036	0.61527669219009
64.076	0.61614208404027
64.116	0.617032488053503
64.156	0.617935756440154
64.196	0.618838600776424
64.236	0.619727411793519
64.276	0.620589192041663
64.316	0.621412131290739
64.356	0.62218595437751
64.396	0.622902175552078
64.436	0.623554161404982
64.476	0.624137027467743
64.516	0.624647546011069
64.556	0.625083937199879
64.596	0.625445436978858
64.636	0.625731754331191
64.676	0.625942566436855
64.716	0.626077162185055
64.756	0.626134510533383
64.796	0.626113683149818
64.836	0.626014615474055
64.876	0.625839144995503
64.916	0.625591945057284
64.956	0.625280873832551
64.996	0.624916785376904
65.036	0.624512918945999
65.076	0.624083877000363
65.116	0.623644399135792
65.156	0.623208294416472
65.196	0.622787585848911
65.236	0.622392045162194
65.276	0.622029228259208
65.316	0.621704891893039
65.356	0.621423603955385
65.396	0.621189613727154
65.436	0.621007690543308
65.476	0.62088353335265
65.516	0.620823784731556
65.556	0.620835687302367
65.596	0.620926327440877
65.636	0.621101848594854
65.676	0.621366948723924
65.716	0.621724704139059
65.756	0.622176760880464
65.796	0.622723896980382
65.836	0.623366571483579
65.876	0.624105415244685
65.916	0.624941578717888
65.956	0.625876775197511
65.996	0.626913158384085
66.036	0.628053220907407
66.076	0.629299591494277
66.116	0.630654749064298
66.156	0.632120866711041
66.196	0.633699723546545
66.236	0.635392579351397
66.276	0.637200122514191
66.316	0.639122396440222
66.356	0.641158626283183
66.396	0.643306970774695
66.436	0.645564171153996
66.476	0.647925077383203
66.516	0.650382347657001
66.556	0.65292638493149
66.596	0.655545534231273
66.636	0.658226504785681
66.676	0.66095486712323
66.716	0.663715395900724
66.756	0.666492243044019
66.796	0.669268878146291
66.836	0.67202805495215
66.876	0.674751864095096
66.916	0.677422091905559
66.956	0.680020899121089
66.996	0.682531780077323
67.036	0.684940480414252
67.076	0.687235693843764
67.116	0.689409339066017
67.156	0.69145637272312
67.196	0.69337420820402
67.236	0.695161950141816
67.276	0.696819548071044
67.316	0.698347074299313
67.356	0.69974423924242
67.396	0.701010073207271
67.436	0.702142775485179
67.476	0.703139759917388
67.516	0.703997767162068
67.556	0.704713033909155
67.596	0.705281543981496
67.636	0.70569931220853
67.676	0.705962701495114
67.716	0.706068774110612
67.756	0.706015612654994
67.796	0.705802610632851
67.836	0.705430729836145
67.876	0.704902696874345
67.916	0.704223183679574
67.956	0.703398992532325
67.996	0.70243925694896
68.036	0.701355679468197
68.076	0.700162725296575
68.116	0.698877602428482
68.156	0.697520017256338
68.196	0.696111558316758
68.236	0.694674760164627
68.276	0.693232017089681
68.316	0.691804623763694
68.356	0.690412034473372
68.396	0.689071568328455
68.436	0.68779851952679
68.476	0.686606441807566
68.516	0.685507398037988
68.556	0.68451202406785
68.596	0.68362923317969
68.636	0.682865722473132
68.676	0.682225462114324
68.716	0.681709290975213
68.756	0.681314665401775
68.796	0.681035863757071
68.836	0.680864491874146
68.876	0.680790247437344
68.916	0.680801719122545
68.956	0.680887184849244
68.996	0.681035170785787
69.036	0.68123479912683
69.076	0.681476024983706
69.116	0.681749895029814
69.156	0.68204875396388
69.196	0.682366481749536
69.236	0.682698738457223
69.276	0.683043137075455
69.316	0.683399211071215
69.356	0.683768350087114
69.396	0.684153570462307
69.436	0.684559207589828
69.476	0.684990553235846
69.516	0.685453518454672
69.556	0.685954207068946
69.596	0.686498548172455
69.636	0.687091888756274
69.676	0.687738618298638
69.716	0.688441943134073
69.756	0.689203868142442
69.796	0.690025182422008
69.836	0.690905370706528
69.876	0.691842386664682
69.916	0.692832331816131
69.956	0.693869124090245
69.996	0.694944282782672
70.036	0.696046902128661
70.076	0.697163919454436
70.116	0.69828059224912
70.156	0.699381070867002
70.196	0.700448985378056
70.236	0.701467965801154
70.276	0.702422032244094
70.316	0.703295846369567
70.356	0.704074781176214
70.396	0.704744830798564
70.436	0.705292472915946
70.476	0.705704519264227
70.516	0.70596799387534
70.556	0.706070144410734
70.596	0.705998606516918
70.636	0.705741689781767
70.676	0.705288747794555
70.716	0.704630537303515
70.756	0.703759510526584
70.796	0.702670023919445
70.836	0.701358407336357
70.876	0.699822944475379
70.916	0.698063944264248
70.956	0.69608391281097
70.996	0.693887817211319
71.036	0.69148341617425
71.076	0.688881507734258
71.116	0.686095836870464
71.156	0.683142681432912
71.196	0.68004013044364
71.236	0.676807263640391
