23.796	0.296113546479392
23.836	0.296362818900062
23.876	0.296662968704396
23.916	0.297019196642082
23.956	0.297436835290387
23.996	0.297921363299678
24.036	0.29847841174143
24.076	0.299113739662734
24.116	0.299833149952508
24.156	0.300642349879409
24.196	0.301546771799366
24.236	0.302551363194405
24.276	0.303660370047185
24.316	0.304877148974023
24.356	0.306204049808729
24.396	0.307642352403969
24.436	0.309192262680889
24.476	0.310852964141978
24.516	0.312622678155374
24.556	0.31449867757856
24.596	0.316477299184002
24.636	0.318553964554786
24.676	0.320723246072266
24.716	0.322978931672035
24.756	0.325314099680364
24.796	0.327721175360284
24.836	0.330191958128512
24.876	0.332717598536461
24.916	0.335288613124508
24.956	0.337894956559548
24.996	0.340526154683462
25.036	0.343171486554426
25.076	0.345820196726171
25.116	0.348461583622104
25.156	0.351084985043493
25.196	0.353679756297274
25.236	0.356235235573951
25.276	0.358740722429344
25.316	0.361185608393214
25.356	0.36355961360678
25.396	0.365853017947592
25.436	0.36805684041445
25.476	0.370162950216178
25.516	0.372164081206933
25.556	0.374053820280792
25.596	0.375826606738696
25.636	0.377477797566867
25.676	0.379003786871454
25.716	0.380402134412884
25.756	0.381671646210169
25.796	0.382812387410811
25.836	0.383825555440653
25.876	0.384713260330126
25.916	0.38547825360889
25.956	0.386123613572391
25.996	0.386652434360906
26.036	0.387067670204701
26.076	0.387372045420051
26.116	0.387568018160175
26.156	0.387657763309681
26.196	0.387643158597254
26.236	0.387525681962666
26.276	0.387306312122169
26.316	0.386985415061699
26.356	0.386562658004963
26.396	0.386036982161897
26.436	0.385406689355006
26.476	0.384669535439112
26.516	0.383822893377378
26.556	0.382863926500283
26.596	0.381789770037422
26.636	0.380597691233382
26.676	0.379285298133938
26.716	0.377850741287975
26.756	0.376292921535012
26.796	0.374611682746447
26.836	0.37280791794345
26.876	0.370883530770617
26.916	0.368841294566565
26.956	0.366684690316657
26.996	0.364417771095479
27.036	0.362045159748683
27.076	0.359572190996069
27.116	0.357005125790128
27.156	0.354351358636257
27.196	0.351619579418905
27.236	0.348819796104098
27.276	0.345963274388409
27.316	0.343062399212428
27.356	0.340130536314017
27.396	0.337181883568057
27.436	0.334231386018118
27.476	0.331294593400293
27.516	0.328387468110041
27.556	0.325526167165948
27.596	0.322726832291894
27.636	0.320005322954511
27.676	0.317376962673459
27.716	0.314856325578633
27.756	0.312457006241398
27.796	0.310191330042191
27.836	0.308070084901934
27.876	0.306102316522896
27.916	0.304295209530395
27.956	0.302654062149855
27.996	0.301182356659447
28.036	0.299881872489038
28.076	0.298752841234094
28.116	0.297794110353061
28.156	0.29700326734063
28.196	0.296376699901283
28.236	0.295909591130055
28.276	0.295595826150277
28.316	0.29542783084485
28.356	0.295396406080545
28.396	0.295490622751942
28.436	0.295697813692191
28.476	0.296003677177697
28.516	0.296392470854126
28.556	0.296847251970441
28.596	0.297350143814774
28.636	0.297882616067683
28.676	0.298425795855564
28.716	0.298960825142055
28.756	0.29946926708521
28.796	0.299933546177181
28.836	0.300337414618337
28.876	0.300666406317929
28.916	0.300908257217769
28.956	0.30105327608504
28.996	0.301094645614472
29.036	0.301028636838514
29.076	0.300854732618078
29.116	0.300575658398004
29.156	0.300197335547281
29.196	0.299728767582694
29.236	0.299181850619449
29.276	0.298571104203589
29.316	0.297913307660418
29.356	0.297227039349294
29.396	0.296532111861592
29.436	0.295848901759527
29.476	0.295197606648458
29.516	0.294597479705176
29.556	0.294066054812171
29.596	0.293618456903417
29.636	0.293266910662004
29.676	0.293020445751431
29.716	0.292884748965294
29.756	0.292862175810482
29.796	0.292951851223899
29.836	0.293149834267238
29.876	0.293449340520735
29.916	0.293841025547767
29.956	0.294313326553034
29.996	0.294852899447536
30.036	0.295445084655445
30.076	0.296074301112587
30.116	0.296724370829849
30.156	0.29737882550134
30.196	0.298021215502893
30.236	0.298635472058457
30.276	0.299206340189597
30.316	0.299719875890982
30.356	0.300163929477191
30.396	0.300528548429425
30.436	0.300806261966488
30.476	0.300992245873111
30.516	0.301084371652174
30.556	0.301083166348366
30.596	0.300991702816777
30.636	0.300815425013044
30.676	0.300561915289568
30.716	0.300240608449426
30.756	0.299862463605132
30.796	0.299439611496486
30.836	0.298984987088826
30.876	0.298511956815047
30.916	0.29803395094109
30.956	0.297564107476853
30.996	0.29711494983122
31.036	0.296698132836491
31.076	0.296324266441707
31.116	0.296002823178259
31.156	0.295742134922058
31.196	0.295549450665751
31.236	0.295431004510046
31.276	0.295392048378876
31.316	0.295436824882283
31.356	0.295568485944963
31.396	0.295788991305254
31.436	0.296099039255324
31.476	0.296498066463633
31.516	0.296984321974876
31.556	0.297554986805163
31.596	0.298206296068598
31.636	0.29893362058422
31.676	0.299731517736099
31.716	0.300593778994917
31.756	0.301513507432419
31.796	0.302483268690108
31.836	0.303495335489475
31.876	0.304541977720343
31.916	0.305615757159597
31.956	0.306709812191306
31.996	0.307818096055815
32.036	0.308935524924163
32.076	0.310058040844807
32.116	0.311182544155189
32.156	0.312306674297177
32.196	0.313428466677069
32.236	0.314545963102779
32.276	0.315656859533944
32.316	0.3167582419725
32.356	0.317846481356297
32.396	0.318917305793016
32.436	0.319966010563787
32.476	0.320987711117188
32.516	0.321977589542811
32.556	0.32293112334485
32.596	0.323844259756067
32.636	0.324713514176955
32.676	0.325535991798363
32.716	0.326309330377287
32.756	0.327031575307845
32.796	0.327701006957445
32.836	0.328316000855843
32.876	0.328874934156288
32.916	0.329376191590717
32.956	0.329818264330516
32.996	0.330199946976311
33.036	0.330520524607819
33.076	0.330779913716644
33.116	0.330978631495858
33.156	0.331117573826417
33.196	0.331197657710426
33.236	0.331219459974576
33.276	0.331182980538501
33.316	0.331087676618152
33.356	0.330932700481687
33.396	0.330717258439523
33.436	0.330441005624568
33.476	0.330104333526867
33.516	0.329708439208119
33.556	0.329255206081081
33.596	0.328746994058383
33.636	0.328186446745753
33.676	0.327576410808408
33.716	0.326919991977682
33.756	0.32622066928637
33.796	0.325482388382776
33.836	0.324709587168646
33.876	0.323907132394362
33.916	0.323080181464046
33.956	0.322234037085496
33.996	0.321374055585396
34.036	0.32050559813475
34.076	0.319633981794613
34.116	0.318764460592713
34.156	0.3179022360811
34.196	0.317052480663262
34.236	0.316220325139931
34.276	0.315410756799298
34.316	0.314628382864986
34.356	0.313877183368512
34.396	0.313160267682236
34.436	0.312479681625482
34.476	0.311836342299934
34.516	0.311230156395991
34.556	0.310660248094106
34.596	0.310125282035135
34.636	0.30962378101522
34.676	0.309154366515682
34.716	0.308715919637448
34.756	0.308307670027174
34.796	0.30792916996749
34.836	0.307580209632206
34.876	0.307260755928141
34.916	0.30697091839405
34.956	0.306710928306649
34.996	0.306481135661684
35.036	0.306282014500501
35.076	0.306114189029546
35.116	0.305978466036678
35.156	0.305875834087233
35.196	0.305807433237113
35.236	0.305774542032056
35.276	0.305778559243174
35.316	0.305820971411284
35.356	0.305903331281863
35.396	0.306027233497628
35.436	0.30619427784608
35.476	0.306406033836716
35.516	0.306664026540592
35.556	0.306969747378859
35.596	0.307324721600777
35.636	0.30773061844257
35.676	0.30818934873922
35.716	0.308703138412155
35.756	0.309274581384585
35.796	0.309906627653297
35.836	0.310602530038407
35.876	0.311365788485772
35.916	0.312200106655647
35.956	0.31310934615339
35.996	0.314097500784895
36.036	0.315168663243814
36.076	0.316326991326649
36.116	0.317576658598785
36.156	0.318921792189659
36.196	0.320366380920206
36.236	0.32191416447674
36.276	0.323568483589385
36.316	0.325332108513302
36.356	0.327207040381568
36.396	0.329194309452323
36.436	0.331293797461438
36.476	0.333504143431719
36.516	0.335822711294695
36.556	0.338245667197614
36.596	0.340768127212497
36.636	0.343384259754587
36.676	0.346087276121299
36.716	0.348869380147164
36.756	0.351721638406044
36.796	0.354633814763636
36.836	0.357594280512523
36.876	0.360590070273282
36.916	0.363606988923809
36.956	0.366629884458939
36.996	0.369643019210501
37.036	0.372630392540677
37.076	0.375576021187235
37.116	0.378464215184526
37.156	0.381279764700539
37.196	0.384008113626748
37.236	0.386635654455362
37.276	0.389150065554293
37.316	0.391540606046983
37.356	0.393798361750019
37.396	0.39591640412969
37.436	0.397889797542898
37.476	0.399715455597828
37.516	0.401391885156826
37.556	0.40291886878187
37.596	0.404297166927044
37.636	0.405528319171672
37.676	0.406614553018255
37.716	0.407558820038804
37.756	0.408364947278727
37.796	0.409037834085332
37.836	0.409583608505851
37.876	0.410009670377771
37.916	0.410324620787635
37.956	0.410538077905142
37.996	0.410660426911825
38.036	0.410702565658117
38.076	0.41067567954702
38.116	0.410591027785835
38.156	0.41045972799342
38.196	0.410292538355872
38.236	0.410099671494906
38.276	0.409890682536992
38.316	0.409674435445805
38.356	0.40945916298575
38.396	0.409252578063884
38.436	0.409061942265685
38.476	0.408894013137309
38.516	0.4087548796388
38.556	0.408649702779682
38.596	0.408582428020518
38.636	0.408555568208484
38.676	0.408570078226334
38.716	0.408625323385366
38.756	0.408719146176052
38.796	0.40884797918873
38.836	0.409006969054364
38.876	0.409190136926531
38.916	0.409390590827953
38.956	0.40960076408261
38.996	0.409812661314666
39.036	0.4100181297482
39.076	0.410209138244958
39.116	0.410378019761504
39.156	0.410517670948239
39.196	0.410621734200861
39.236	0.410684769081413
39.276	0.410702407459148
39.316	0.410671464591599
39.356	0.410589977965996
39.396	0.410457172286787
39.436	0.41027336906113
39.476	0.410039885044552
39.516	0.409758972976761
39.556	0.409433816481189
39.596	0.409068538084644
39.636	0.408668183306421
39.676	0.408238630060772
39.716	0.407786409876875
39.756	0.407318475182392
39.796	0.406841960780292
39.836	0.406364003945936
39.876	0.40589163670121
39.916	0.405431712730609
39.956	0.404990827121906
39.996	0.404575211283915
40.036	0.404190602362323
40.076	0.403842130653543
40.116	0.403534289778903
40.156	0.403270971689212
40.196	0.403055506283794
40.236	0.402890648954453
40.276	0.402778499461936
40.316	0.402720341373885
40.356	0.402716454803793
40.396	0.40276599041227
40.436	0.40286696329613
40.476	0.403016376420369
40.516	0.403210466404578
40.556	0.403444974210465
40.596	0.403715402866455
40.636	0.40401724650739
40.676	0.404346146207514
40.716	0.404697915406175
40.756	0.405068496574487
40.796	0.405453885043073
40.836	0.405850037306101
40.876	0.406252778870028
40.916	0.406657789667802
40.956	0.407060698457535
40.996	0.407457228898344
41.036	0.407843335849225
41.076	0.408215289934552
41.116	0.408569689100443
41.156	0.408903404529969
41.196	0.409213534266824
41.236	0.409497408213585
41.276	0.409752680680388
41.316	0.409977494149364
41.356	0.410170660275997
41.396	0.410331786824365
41.436	0.410461325609192
41.476	0.410560545423938
41.516	0.4106314331094
41.556	0.410676555649471
41.596	0.410698918605565
41.636	0.41070182325358
41.676	0.410688722089606
41.716	0.410663076338312
41.756	0.410628220976052
41.796	0.410587248240938
41.836	0.410542925999537
41.876	0.410497659119103
41.916	0.410453500404831
41.956	0.410412195917945
41.996	0.410375243760345
42.036	0.410343938435442
42.076	0.410319392548581
42.116	0.410302513437965
42.156	0.410293948308811
42.196	0.410294033587875
42.236	0.410302763542698
42.276	0.410319777955053
42.316	0.410344385742571
42.356	0.410375601527562
42.396	0.410412176565135
42.436	0.410452627367881
42.476	0.41049527337501
42.516	0.410538276056276
42.556	0.410579704630652
42.596	0.410617630291494
42.636	0.410650236881531
42.676	0.410675938314637
42.716	0.410693483380347
42.756	0.410702022045324
42.796	0.410701126574162
42.836	0.410690771269558
42.876	0.410671283367077
42.916	0.410643283999206
42.956	0.410607634153592
42.996	0.410565393713177
43.036	0.410517787026371
43.076	0.410466158415481
43.116	0.410411908494311
43.156	0.41035640706469
43.196	0.410300894078076
43.236	0.410246398862506
43.276	0.410193694985487
43.316	0.410143287718598
43.356	0.410095439995235
43.396	0.410050226538067
43.436	0.410007581671769
43.476	0.409967329538492
43.516	0.409929200814632
43.556	0.409892825002187
43.596	0.409857698790205
43.636	0.409823159302064
43.676	0.409788367549262
43.716	0.409752312498231
43.756	0.409713853858832
43.796	0.409671778940412
43.836	0.409624830906769
43.876	0.409571735570479
43.916	0.409511220798552
43.956	0.409441984905355
43.996	0.409362632419381
44.036	0.409271619224341
44.076	0.409167200464112
44.116	0.409047391615298
44.156	0.4089099610185
44.196	0.408752422736412
44.236	0.40857203345753
44.276	0.408365814723084
44.316	0.408130574073232
44.356	0.407862894093219
44.396	0.407559146985054
44.436	0.407215534255593
44.476	0.406828139735663
44.516	0.406392979361699
44.556	0.405906081391897
44.596	0.405363594738196
44.636	0.404761949149295
44.676	0.404098035566829
44.716	0.40336939407833
44.756	0.402574416112307
44.796	0.401712543952208
44.836	0.400784412807555
44.876	0.399791951534643
44.916	0.398738425346825
44.956	0.39762841164408
44.996	0.396467677780644
45.036	0.395263006545066
45.076	0.394021955299256
45.116	0.392752603841231
45.156	0.391463248451769
45.196	0.390162052317309
45.236	0.388856697424155
45.276	0.387554099620177
45.316	0.386260168664393
45.356	0.384979723139915
45.396	0.383716585987429
45.436	0.38247381732606
45.476	0.381254006040056
45.516	0.380059592000422
45.556	0.378893081761189
45.596	0.377757199679074
45.636	0.376654970633837
45.676	0.375589753173015
45.716	0.374565201509467
45.756	0.373585266637291
45.796	0.372654178607843
45.836	0.371776313610648
45.876	0.370955911003865
45.916	0.370196742869271
45.956	0.369501804899391
45.996	0.368873095624416
46.036	0.368311541812967
46.076	0.367817149580076
46.116	0.367389331228481
46.156	0.367027307953311
46.196	0.36673044550197
46.236	0.366498481831496
46.276	0.36633156971282
46.316	0.366230163966834
46.356	0.366194828948544
46.396	0.366225996417504
46.436	0.366323671109158
46.476	0.366487210447689
46.516	0.366715215206776
46.556	0.367005445648369
46.596	0.367354813649676
46.636	0.367759448036541
46.676	0.36821476221225
46.716	0.368715530695247
46.756	0.369256005506396
46.796	0.369830037648093
46.836	0.370431187533912
46.876	0.371052859039726
46.916	0.371688414524752
46.956	0.372331259163264
46.996	0.372974945640019
47.036	0.373613283932076
47.076	0.374240479493154
47.116	0.374851294783975
47.156	0.375441174805365
47.196	0.376006239435126
47.236	0.376543132849007
47.276	0.377048723078491
47.316	0.377519714180356
47.356	0.377952292610942
47.396	0.378341880451602
47.436	0.378683096110946
47.476	0.378969943406985
47.516	0.379196113632478
47.556	0.379355318896202
