0.036	-0.0741968360666201
0.076	-0.0468527472029878
0.116	-0.0220402914786382
0.156	0.000416414108891594
0.196	0.0206833976170637
0.236	0.0389172635087141
0.276	0.0552656245354557
0.316	0.0698675284178316
0.356	0.0828538753768475
0.396	0.0943478137848652
0.436	0.104465119053477
0.476	0.113314548197635
0.516	0.12099817653968
0.556	0.127611722842285
0.596	0.133244860977645
0.636	0.13798152158595
0.676	0.141900186335058
0.716	0.145074173009454
0.756	0.147571910294125
0.796	0.149457201511928
0.836	0.150789476577525
0.876	0.151624031808772
0.916	0.152012258613294
0.956	0.152001861771338
0.996	0.151637067692291
1.036	0.15095882251586
1.076	0.150004980362982
1.116	0.14881048282342
1.156	0.14740753103099
1.196	0.145825751222421
1.236	0.144092353842217
1.276	0.142232285657204
1.316	0.140268373330144
1.356	0.138221457608029
1.396	0.136110517625766
1.436	0.133952786433663
1.476	0.131763858915099
1.516	0.129557794383666
1.556	0.12734721455348
1.596	0.125143398643726
1.636	0.1229563760885
1.676	0.120795017255637
1.716	0.118667121349074
1.756	0.116579502771297
1.796	0.114538074906956
1.836	0.112547929500837
1.876	0.110613409950928
1.916	0.108738177087724
1.956	0.106925266672802
1.996	0.105177139502987
2.036	0.103495725318331
2.076	0.101882461905794
2.116	0.100338331676499
2.156	0.0988638967949766
2.196	0.0974593333511455
2.236	0.0961244656738485
2.276	0.0948588018250964
2.316	0.0936615696599068
2.356	0.0925317525213698
2.396	0.0914681225464333
2.436	0.0904692699508756
2.476	0.089533626530705
2.516	0.088659483589292
2.556	0.087845004672416
2.596	0.0870882356049405
2.636	0.0863871139798809
2.676	0.0857394808513474
2.716	0.0851430949453897
2.756	0.0845956490741662
2.796	0.0840947874483708
2.836	0.0836381228258274
2.876	0.0832232514039992
2.916	0.0828477648610244
2.956	0.082509261574077
2.996	0.0822053578328932
3.036	0.0819336994977595
3.076	0.0816919751185585
3.116	0.0814779296092665
3.156	0.0812893761320295
3.196	0.0811242051738281
3.236	0.0809803903549584
3.276	0.0808559904871364
3.316	0.0807491498998152
3.356	0.0806580998188862
3.396	0.0805811617152221
3.436	0.0805167533946536
3.476	0.0804633979677787
3.516	0.0804197346776112
3.556	0.0803845301756985
3.596	0.0803566900692863
3.636	0.0803352704695284
3.676	0.0803194897353441
3.716	0.0803087410504899
3.756	0.080302606107856
3.796	0.0803008697805856
3.836	0.0803035358857853
3.876	0.0803108440946572
3.916	0.0803232878109368
3.956	0.0803416330123055
3.996	0.0803669380944347
4.036	0.080400574358797
4.076	0.0804442465774811
4.116	0.0805000127438822
4.156	0.0805703015279375
4.196	0.0806579258027993
4.236	0.0807660901523333
4.276	0.0808983890791444
4.316	0.0810587909309417
4.356	0.0812516006605746
4.396	0.0814813908044831
4.436	0.0817528860618308
4.476	0.0820707841407318
4.516	0.0824394970249633
4.556	0.0828628003285656
4.596	0.0833433933982723
4.636	0.0838824025602944
4.676	0.0844789075108983
4.716	0.0851296456553952
4.756	0.0858291490538603
4.796	0.0865706837200575
4.836	0.0872596185435013
4.876	0.0879776073748593
4.916	0.0887217226026982
4.956	0.0894889556865968
4.996	0.0902762456852058
5.036	0.0910804802185146
5.076	0.0918984842980199
5.116	0.0927269767912611
5.156	0.0935625191976142
5.196	0.0944014652355163
5.236	0.0952399354456679
5.276	0.0960737948402608
5.316	0.0968986309575355
5.356	0.0977098495150832
5.396	0.0985028483359391
5.436	0.0992732256733069
5.476	0.100017011425062
5.516	0.100730888231836
5.556	0.101412305371428
5.596	0.10205950643262
5.636	0.102671502313199
5.676	0.103248032646301
5.716	0.103789537688939
5.756	0.104297110800405
5.796	0.104772389004277
5.836	0.105217411527145
5.876	0.105634530590215
5.916	0.106026388380204
5.956	0.106395954060139
5.996	0.106746652640029
6.036	0.107082509922029
6.076	0.107408225813585
6.116	0.107729156170079
6.156	0.10805122365139
6.196	0.108380754011075
6.236	0.10872428133555
6.276	0.109088392803126
6.316	0.109479525707964
6.356	0.109903706128384
6.396	0.110366246987074
6.436	0.110871427465336
6.476	0.11142213762056
6.516	0.112019699787251
6.556	0.11266396813713
6.596	0.113353633864951
6.636	0.114086660834285
6.676	0.114860760257169
6.716	0.115673743959449
6.756	0.116523661432885
6.796	0.117408753166262
6.836	0.118327282485878
6.876	0.119277291859819
6.916	0.120256335774161
6.956	0.121261247612771
6.996	0.122288007784833
7.036	0.123331763789186
7.076	0.124387046473131
7.116	0.125448206052519
7.156	0.126509967991939
7.196	0.127568000677123
7.236	0.128619359536077
7.276	0.12966268675912
7.316	0.130698050546038
7.356	0.131726507697624
7.396	0.132749493457287
7.436	0.133768201105535
7.476	0.134783103087766
7.516	0.135793758570336
7.556	0.13679887171459
7.596	0.137796507874845
7.636	0.138784284018798
7.676	0.139759408005378
7.716	0.14071862624967
7.756	0.141658129898816
7.796	0.142573493939994
7.836	0.143459812422319
7.876	0.144312073465808
7.916	0.145125627406574
7.956	0.14589661167271
7.996	0.146622236570011
8.036	0.147300788985867
8.076	0.147931381088317
8.116	0.148513660858973
8.156	0.149047574389496
8.196	0.149533272937036
8.236	0.149971221537506
8.276	0.150362385410108
8.316	0.150708316738121
8.356	0.151011078558194
8.396	0.151272981619896
8.436	0.151496182218366
8.476	0.151682276783698
8.516	0.151831971865206
8.556	0.151944869564482
8.596	0.152019386016168
8.636	0.152052761223563
8.676	0.152041082487286
8.716	0.151979281408836
8.756	0.151861090654362
8.796	0.15167898194366
8.836	0.151424140794098
8.876	0.151086515382029
8.916	0.150655002919648
8.956	0.150117785719567
8.996	0.14946277111662
9.036	0.148678028337623
9.076	0.147752172286618
9.116	0.146674617551848
9.156	0.145435692701198
9.196	0.144026742661072
9.236	0.142440464284744
9.276	0.140671399851059
9.316	0.138716600276488
9.356	0.136576300436389
9.396	0.134254351308249
9.436	0.131758252582059
9.476	0.129098981138054
9.516	0.126290623486054
9.556	0.123349939283618
9.596	0.120296129141878
9.636	0.117150761166944
9.676	0.113937746123793
9.716	0.110683567642336
9.756	0.107417520511812
9.796	0.104171814699114
9.836	0.100981646846988
9.876	0.0978853486922615
9.916	0.0949241969245316
9.956	0.0921417967949347
9.996	0.0895831738447699
10.036	0.0872936105368725
10.076	0.0853174950951656
10.116	0.0836972446609474
10.156	0.0824723663945592
10.196	0.0816784452211889
10.236	0.0813460492291211
10.276	0.081499673084914
10.316	0.0821566480892448
10.356	0.0833261596681689
10.396	0.085008465464381
10.436	0.0871942090636475
10.476	0.0898636624945874
10.516	0.092986212882642
10.556	0.0965204844780194
10.596	0.100414920131345
10.636	0.104608818933905
10.676	0.109033740229093
10.716	0.113614983825962
10.756	0.118273023423172
10.796	0.122925015434757
10.836	0.127486406500966
10.876	0.13187264647823
10.916	0.136001141830522
10.956	0.139793322688795
10.996	0.143176559913477
11.036	0.146085803078022
11.076	0.148464903567215
11.116	0.150267611408004
11.156	0.151458360211373
11.196	0.152012996818349
11.236	0.151919471039949
11.276	0.151178418312536
11.316	0.149803493338662
11.356	0.147821253967169
11.396	0.145270473017876
11.436	0.142200896210322
11.476	0.138671613391058
11.516	0.134749326027916
11.556	0.130506872664408
11.596	0.12602206545026
11.636	0.121376672270944
11.676	0.116655274244592
11.716	0.11194368552868
11.756	0.107326763942271
11.796	0.10288591955545
11.836	0.0986966508286136
11.876	0.0948264693938752
11.916	0.0913335198423679
11.956	0.0882658914415009
11.996	0.0856613464576546
12.036	0.083547398666556
12.076	0.0819416197302223
12.116	0.080852073855179
12.156	0.0802779240556388
12.196	0.0802102226403383
12.236	0.0806327800696485
12.276	0.0815230777279288
12.316	0.082853165545365
12.356	0.0845905117045573
12.396	0.0866988867582519
12.436	0.0891392633749204
12.476	0.0918706664590827
12.516	0.0948510074380655
12.556	0.0980378999989275
12.596	0.1013893227462
12.636	0.104864167755109
12.676	0.108422764950954
12.716	0.112027311094539
12.756	0.115642064225624
12.796	0.11923344987711
12.836	0.122770114299828
12.876	0.126222783315899
12.916	0.129564104664587
12.956	0.132768600737356
12.996	0.135812507622187
13.036	0.138673566747502
13.076	0.141330950484625
13.116	0.143765232842195
13.156	0.145958404113609
13.196	0.147894100353652
13.236	0.149557889892509
13.276	0.150937506207856
13.316	0.15202311324705
13.356	0.152807600836364
13.396	0.153286864036786
13.436	0.153460059910731
13.476	0.153329856697435
13.516	0.152902542917061
13.556	0.152187931928565
13.596	0.151198851688544
13.636	0.149950316189329
13.676	0.148458578179119
13.716	0.14674021850757
13.756	0.144811401407572
13.796	0.142687439116457
13.836	0.140382698957718
13.876	0.137910802875267
13.916	0.135284975069388
13.956	0.132518469064123
13.996	0.129625203813091
14.036	0.12662034476067
14.076	0.123520768273614
14.116	0.120345405080697
14.156	0.117115355217925
14.196	0.113853707938566
14.236	0.110585326357135
14.276	0.107336591669028
14.316	0.104135138360518
14.356	0.101009659266711
14.396	0.0979898282689069
14.436	0.0951061342160413
14.476	0.0923895559032628
14.516	0.089871092970383
14.556	0.087581240294397
14.596	0.0855495057786291
14.636	0.0838041260416515
14.676	0.0823719875029587
14.716	0.0812786218368968
14.756	0.0805481539303186
14.796	0.0802030477467239
14.836	0.0802634938366031
14.876	0.080746425814147
14.916	0.0816643463317268
14.956	0.0830241348239502
14.996	0.08482601302899
15.036	0.0870628040137147
15.076	0.0897194145057325
15.116	0.0927724853191192
15.156	0.0961901495915383
15.196	0.0999319537959407
15.236	0.10394902142676
15.276	0.108184589954479
15.316	0.112574899194064
15.356	0.117050452522618
15.396	0.121537574926688
15.436	0.125960191131081
15.476	0.13024172382702
15.516	0.134307100235492
15.556	0.138084752889266
15.596	0.141508597256558
15.636	0.144519877459591
15.676	0.147068817675664
15.716	0.149116047580852
15.756	0.150633775050538
15.796	0.151606623206407
15.836	0.152032085770554
15.876	0.151920548899288
15.916	0.151294864718895
15.956	0.15018953722065
15.996	0.148649637397418
16.036	0.146729571699086
16.076	0.144491767187104
16.116	0.142005310907236
16.156	0.139344482156912
16.196	0.136587015781161
16.236	0.133812069280178
16.276	0.131098012646205
16.316	0.128519990790308
16.356	0.126147377520609
16.396	0.12404139672146
16.436	0.122253028116332
16.476	0.120821388824358
16.516	0.119773021205474
16.556	0.119121957910644
16.596	0.118870466760625
16.636	0.119010358829853
16.676	0.11952453873655
16.716	0.120388345146414
16.756	0.121570791027305
16.796	0.123035637675559
16.836	0.12474240169399
16.876	0.126647406011274
16.916	0.128705038439938
16.956	0.130869086841289
16.996	0.133094156316264
17.036	0.135336800791324
17.076	0.137556253886069
17.116	0.139714802028048
17.156	0.14177794044305
17.196	0.143714336651738
17.236	0.1454958033482
17.276	0.14709739614512
17.316	0.148497684424812
17.356	0.149679182656974
17.396	0.15062883026761
17.436	0.151338409087182
17.476	0.151804801356081
17.516	0.15202997721597
17.556	0.15202063997167
17.596	0.151787533348481
17.636	0.151344457649798
17.676	0.150707114116021
17.716	0.149891937424155
17.756	0.148915110409576
17.796	0.147791923586568
17.836	0.14653651830328
17.876	0.14516196683516
17.916	0.143680555450323
17.956	0.142104098154307
17.996	0.140444165968485
18.036	0.138712149552837
18.076	0.136919151716593
18.116	0.135075874178281
18.156	0.133192650054824
18.196	0.131279596559353
18.236	0.129346897678396
18.276	0.127405147376764
18.316	0.12546559170602
18.356	0.123540137417915
18.396	0.1216411932657
18.436	0.119781247371718
18.476	0.11797228988669
18.516	0.116225257010437
18.556	0.114549626448585
18.596	0.112953165463485
18.636	0.111441902909681
18.676	0.110020287475584
18.716	0.108691350986592
18.756	0.107456739712656
18.796	0.106316796227435
18.836	0.105270641488878
18.876	0.104316273580461
18.916	0.103450735611555
18.956	0.102670411484595
18.996	0.101971271155718
19.036	0.101349135339396
19.076	0.100799910876108
19.116	0.100319745223326
19.156	0.0999051036180694
19.196	0.0995528476390666
19.236	0.0992602029056746
19.276	0.0990247237546198
19.316	0.0988442937002381
19.356	0.0987171272464975
19.396	0.098641713722226
19.436	0.0986168277409751
19.476	0.0986415377267624
19.516	0.09871519924243
19.556	0.0988374548924069
19.596	0.0990081674091199
19.636	0.0992272770790512
19.676	0.0994946828993859
19.716	0.0998102115696424
19.756	0.100173635792994
19.796	0.100584735366996
19.836	0.10104338792065
19.876	0.101549622243875
19.916	0.102103592033152
19.956	0.102705511554539
19.996	0.10335556418359
20.036	0.104053833079418
20.076	0.10480024815694
20.116	0.105594533818354
20.156	0.106436168710608
20.196	0.107324387477393
20.236	0.1082582050354
20.276	0.109236479892451
20.316	0.110258008256294
20.356	0.111321650473733
20.396	0.112426484204376
20.436	0.113571906444233
20.476	0.114757599331939
20.516	0.115983407904937
20.556	0.117249213827594
20.596	0.118554803494521
20.636	0.119899719180567
20.676	0.121283184899325
20.716	0.122704043706784
20.756	0.124160655733614
20.796	0.125650711393326
20.836	0.127171007864336
20.876	0.12871718764442
20.916	0.130283545841201
20.956	0.131862902123296
20.996	0.133446596618733
21.036	0.135024576837414
21.076	0.136585680272286
21.116	0.13811804753673
21.156	0.139609584049365
21.196	0.141048435187986
21.236	0.142423480566618
21.276	0.143724644987883
21.316	0.144943095928387
21.356	0.146071383221915
21.396	0.147103520468455
21.436	0.148035025189201
21.476	0.148863048249033
21.516	0.149586500683353
21.556	0.150206147572223
21.596	0.150724627734664
21.636	0.151146361014459
21.676	0.151477324676867
21.716	0.151724766507258
21.756	0.151896835603076
21.796	0.152002172407118
21.836	0.15204954110454
21.876	0.152047518862488
21.916	0.152004254451863
21.956	0.151927321831049
21.996	0.151823655435993
22.036	0.151699554171301
22.076	0.15156074158175
22.116	0.151412467332821
22.156	0.151259647860061
22.196	0.151107024876006
22.236	0.150959271790378
22.276	0.150821028494048
22.316	0.150696865723099
22.356	0.150591184790273
22.396	0.150508030128116
22.436	0.150450883835476
22.476	0.150422476735666
22.516	0.150424618035305
22.556	0.150458029826861
22.596	0.150522211753747
22.636	0.150615361172959
22.676	0.150734375562386
22.716	0.150874954866366
22.756	0.151031781649187
22.796	0.151198726868837
22.836	0.151369067761631
22.876	0.151535682120421
22.916	0.151691201831556
22.956	0.151828126604094
22.996	0.151938925411083
23.036	0.152016130196993
23.076	0.152052403209383
23.116	0.152040561141216
23.156	0.151973563283851
23.196	0.151844473229885
23.236	0.15164640756494
23.276	0.151372494686687
23.316	0.151015858792936
23.356	0.150569630460422
23.396	0.150026960729149
23.436	0.149381037861347
23.476	0.148625084665432
23.516	0.147752309625871
23.556	0.146755855419861
23.596	0.145628826770047
23.636	0.14436443327243
23.676	0.142956309571692
23.716	0.141399034645883
23.756	0.13968870534348
