47.436	0.544038979179607
47.476	0.544046304238329
47.516	0.544072303387333
47.556	0.544119048071602
47.596	0.544189152040424
47.636	0.544285679368807
47.676	0.544412000651675
47.716	0.544571622935887
47.756	0.544768050038369
47.796	0.545004670108053
47.836	0.545284683084221
47.876	0.545611074422979
47.916	0.545986623017042
47.956	0.546413919530405
47.996	0.546895388873882
48.036	0.547433293449888
48.076	0.548029688323361
48.116	0.548686344470724
48.156	0.549404665559136
48.196	0.550185610152592
48.236	0.551029639935701
48.276	0.551936732362645
48.316	0.552906426583171
48.356	0.553937872833272
48.396	0.555029885156499
48.436	0.556180981366607
48.476	0.557389349055072
48.516	0.558652788985437
48.556	0.55996865395038
48.596	0.561333785917729
48.636	0.562744479590531
48.676	0.56419651031778
48.716	0.565685169168358
48.756	0.567205314138583
48.796	0.568751451190913
48.836	0.570317792529277
48.876	0.571898318236212
48.916	0.573486885870917
48.956	0.575077351080493
48.996	0.576663689540872
49.036	0.578240173850713
49.076	0.579801561238593
49.116	0.581343265647018
49.156	0.582861496775065
49.196	0.584353326343891
49.236	0.585816676178833
49.276	0.587250268242204
49.316	0.588653507897519
49.356	0.590026303013783
49.396	0.591368877112581
49.436	0.592681573581611
49.476	0.593964680686888
49.516	0.595218289147915
49.556	0.596442170747718
49.596	0.597635681286352
49.636	0.598797750977546
49.676	0.599926933280965
49.716	0.601021475740662
49.756	0.602079407784647
49.796	0.603098619855562
49.836	0.60407687654148
49.876	0.60501179546922
49.916	0.605900803215921
49.956	0.606741120738466
49.996	0.607529832012833
50.036	0.608264073896422
50.076	0.608941251141548
50.116	0.609559277830755
50.156	0.610116766527526
50.196	0.610613054837874
50.236	0.611048078009848
50.276	0.611422146667785
50.316	0.611735668402179
50.356	0.61198893290382
50.396	0.61218206851391
50.436	0.61231513117021
50.476	0.612388323218902
50.516	0.612402317221228
50.556	0.612358534263628
50.596	0.612259293681415
50.636	0.612107854946967
50.676	0.611908294475345
50.716	0.611665231810949
50.756	0.611383506336573
50.796	0.611067865226985
50.836	0.610722652501877
50.876	0.610351602558705
50.916	0.609957746735258
50.956	0.609543459601127
50.996	0.609110649135651
51.036	0.608660993880971
51.076	0.608196119654732
51.116	0.607717717846665
51.156	0.607227575583487
51.196	0.606727498547649
51.236	0.60621916549109
51.276	0.605704008366342
51.316	0.605183162429896
51.356	0.604657505018746
51.396	0.60412775532598
51.436	0.603594582781444
51.476	0.603058705453577
51.516	0.602520958339188
51.556	0.601982307193179
51.596	0.601443786825619
51.636	0.600906416757955
51.676	0.600371111983925
51.716	0.59983860327301
51.756	0.599309385252266
51.796	0.598783721565788
51.836	0.598261723585825
51.876	0.597743465101676
51.916	0.597229091804451
51.956	0.596718887517167
51.996	0.596213282485632
52.036	0.595712797519802
52.076	0.595217930115449
52.116	0.594729014886394
52.156	0.594246124575999
52.196	0.593769034203081
52.236	0.593297246926813
52.276	0.59283003625016
52.316	0.592366519224315
52.356	0.591905686200711
52.396	0.591446379538493
52.436	0.590987231035577
52.476	0.590526625784547
52.516	0.590062670371015
52.556	0.589593221491073
52.596	0.589115969696367
52.636	0.588628552339468
52.676	0.588128673044142
52.716	0.5876142469571
52.756	0.587083506538628
52.796	0.586535045938327
52.836	0.585967834573307
52.876	0.585381203140766
52.916	0.584774767398274
52.956	0.584148319759603
52.996	0.583501725044853
53.036	0.582834846104838
53.076	0.582147483983103
53.116	0.581439342451048
53.156	0.580710045022053
53.196	0.579959190021288
53.236	0.579186376787126
53.276	0.578391181334649
53.316	0.577573115475186
53.356	0.576731569573015
53.396	0.575865763337742
53.436	0.574974743283923
53.476	0.574057412326116
53.516	0.573112599743098
53.556	0.572139180746646
53.596	0.571136216445453
53.636	0.570103022131621
53.676	0.5690391854758
53.716	0.56794456646551
53.756	0.566819303415684
53.796	0.565663810978373
53.836	0.564478816515305
53.876	0.563265496819787
53.916	0.56202565406543
53.956	0.560761883014488
53.996	0.559477758642696
54.036	0.558178005330786
54.076	0.556868576033283
54.116	0.555556669715209
54.156	0.554250686176795
54.196	0.552960021160819
54.236	0.551694759002823
54.276	0.550465352669315
54.316	0.54928226208793
54.356	0.548155524563034
54.396	0.547094329044803
54.436	0.546106622463363
54.476	0.545198739161465
54.516	0.544375106192721
54.556	0.543638101164365
54.596	0.542988062741895
54.636	0.542423447913627
54.676	0.541941118872684
54.716	0.541536688781804
54.756	0.541204837166738
54.796	0.540939592987337
54.836	0.540734559177128
54.876	0.540583053760747
54.916	0.540478193014714
54.956	0.540412978315905
54.996	0.540380409177137
55.036	0.540373638863894
55.076	0.540386169906766
55.116	0.540412057007652
55.156	0.540446069951665
55.196	0.540483776591715
55.236	0.540521534247734
55.276	0.540556407157895
55.316	0.540586057612776
55.356	0.540608660118549
55.396	0.540622870422702
55.436	0.540627847598012
55.476	0.540623315630688
55.516	0.54060961504122
55.556	0.540587709447955
55.596	0.540559140554965
55.636	0.540525932916768
55.676	0.540490457806973
55.716	0.540455307370648
55.756	0.540423200729512
55.796	0.540396926339181
55.836	0.540379320383794
55.876	0.540373263985604
55.916	0.540381673632536
55.956	0.540407483842682
55.996	0.540453622887211
56.036	0.540522982707575
56.076	0.540618387595472
56.116	0.540742554324666
56.156	0.540898033842462
56.196	0.54108713655349
56.236	0.541311852018042
56.276	0.541573774114314
56.316	0.541874056659989
56.356	0.54221341769639
56.396	0.54259217269388
56.436	0.543010278948369
56.476	0.54346739840515
56.516	0.543962966886999
56.556	0.544496246224131
56.596	0.545066375102401
56.636	0.545672418951019
56.676	0.546313361868798
56.716	0.5469880212225
56.756	0.547694923139108
56.796	0.548432159549995
56.836	0.549197288030221
56.876	0.549987336033462
56.916	0.550798901834565
56.956	0.551628318986518
56.996	0.552471839903955
57.036	0.553325788730957
57.076	0.554186671379471
57.116	0.555051259338532
57.156	0.555916670649301
57.196	0.556780475466486
57.236	0.557640785250607
57.276	0.558496314296562
57.316	0.559346409180316
57.356	0.560191006504034
57.396	0.561030531027258
57.436	0.561865792730121
57.476	0.562697898670633
57.516	0.563528157133414
57.556	0.564357997953435
57.596	0.565188880012947
57.636	0.566022164726837
57.676	0.566858988354676
57.716	0.567700181059388
57.756	0.568546211169004
57.796	0.569397156511284
57.836	0.57025271410135
57.876	0.5711122301228
57.916	0.571974735013056
57.956	0.572839007562358
57.996	0.573703624784542
58.036	0.574567014988258
58.076	0.575427526288816
58.116	0.576283518537281
58.156	0.577133445736727
58.196	0.577975920060569
58.236	0.578809737734964
58.276	0.579633883888189
58.316	0.580447519363474
58.356	0.581249959265223
58.396	0.5820406386082
58.436	0.582819072905824
58.476	0.58358481153066
58.516	0.584337377311657
58.556	0.585076212124822
58.596	0.58580066811929
58.636	0.586510057059845
58.676	0.587203696254431
58.716	0.587880945536785
58.756	0.588541228859402
58.796	0.589184022495601
58.836	0.589808797140211
58.876	0.590414961061516
58.916	0.591001837632712
58.956	0.591568662756014
58.996	0.59211463997454
59.036	0.592639009913052
59.076	0.593141063349638
59.116	0.593620101008863
59.156	0.594075385568654
59.196	0.594506067120321
59.236	0.594911112586857
59.276	0.595289315992538
59.316	0.595639347229959
59.356	0.595959770760732
59.396	0.59624907072077
59.436	0.596505652848926
59.476	0.596727812029894
59.516	0.596913728534698
59.556	0.597061571047579
59.596	0.597169658984473
59.636	0.597236675275425
59.676	0.597261872672661
59.716	0.597245165559144
59.756	0.597187083953759
59.796	0.597088651072209
59.836	0.59695119062485
59.876	0.596776104941316
59.916	0.59656473012641
59.956	0.596318285508996
59.996	0.596037905710585
60.036	0.595724714292903
60.076	0.595379895411849
60.116	0.595004741737519
60.156	0.59460066691377
60.196	0.594169168817999
60.236	0.593711770448596
60.276	0.593229956234172
60.316	0.592725128558989
60.356	0.592198574582323
60.396	0.591651465686091
60.436	0.591084874759693
60.476	0.590499857142316
60.516	0.589897576397377
60.556	0.589279420071479
60.596	0.588647061814049
60.636	0.588002519639716
60.676	0.587348171669396
60.716	0.586686734248516
60.756	0.586021185469475
60.796	0.585354632571097
60.836	0.58469013037295
60.876	0.584030493976904
60.916	0.583378087056944
60.956	0.582734655957903
60.996	0.582101290130403
61.036	0.581478476836642
61.076	0.580866212941093
61.116	0.580264164214935
61.156	0.579671820220057
61.196	0.579088580897434
61.236	0.578513798424382
61.276	0.5779468006694
61.316	0.577386897418528
61.356	0.57683346596999
61.396	0.57628611172861
61.436	0.575744801369863
61.476	0.5752099445066
61.516	0.57468244269263
61.556	0.574163674847554
61.596	0.573655420660668
61.636	0.573159775880301
61.676	0.572679082307888
61.716	0.572215837963507
61.756	0.571772614958054
61.796	0.571351920176154
61.836	0.570956050902344
61.876	0.570586963902457
61.916	0.570246203816868
61.956	0.569934834345833
61.996	0.569653457932125
62.036	0.569402276028633
62.076	0.56918114367364
62.116	0.568989554180472
62.156	0.56882660349836
62.196	0.568690908268854
62.236	0.568580575051854
62.276	0.568493246548799
62.316	0.568426260971929
62.356	0.56837688451207
62.396	0.568342612022251
62.436	0.568321469272375
62.476	0.568312226868134
62.516	0.56831448194864
62.556	0.568328632896005
62.596	0.568355742952438
62.636	0.56839731192529
62.676	0.568455035093598
62.716	0.568530613998986
62.756	0.568625592847969
62.796	0.568741234728542
62.836	0.568878472914998
62.876	0.569037930848925
62.916	0.569220008231303
62.956	0.569424994255749
62.996	0.569653160618651
63.036	0.569904814408803
63.076	0.570180303069911
63.116	0.570479989151547
63.156	0.570804190335947
63.196	0.571153100251461
63.236	0.571526702008075
63.276	0.571924731323556
63.316	0.572346625047516
63.356	0.572791454107445
63.396	0.573257882751319
63.436	0.573744152081172
63.476	0.574248084646241
63.516	0.574767164304145
63.556	0.575298663520663
63.596	0.57583977401076
63.636	0.576387758945781
63.676	0.576940105405185
63.716	0.577494613941951
63.756	0.578049478041191
63.796	0.578603393311464
63.836	0.579155653742674
63.876	0.579706181460606
63.916	0.580255472307806
63.956	0.580804437675226
63.996	0.581354145112421
64.036	0.581905512207257
64.076	0.582459047319158
64.116	0.583014708728705
64.156	0.583571896757295
64.196	0.584129573521192
64.236	0.584686466263502
64.276	0.585241265673707
64.316	0.585792767782785
64.356	0.58633996807238
64.396	0.586882105336374
64.436	0.587418644828631
64.476	0.587949233161051
64.516	0.588473648577025
64.556	0.588991750552424
64.596	0.589503423546631
64.636	0.590008557533903
64.676	0.590507054858612
64.716	0.590998859131863
64.756	0.591484006562625
64.796	0.591962671662952
64.836	0.592435133653236
64.876	0.592901679527785
64.916	0.593362469497695
64.956	0.593817393599618
64.996	0.594265959647046
65.036	0.594707263718309
65.076	0.595140015723636
65.116	0.595562614409747
65.156	0.595973242031388
65.196	0.596369975459492
65.236	0.596750872359216
65.276	0.597114053296007
65.316	0.597457773511039
65.356	0.597780481699523
65.396	0.598080877625648
65.436	0.598357991282185
65.476	0.598611287646257
65.516	0.598840793876342
65.556	0.599047202414702
65.596	0.599231914099406
65.636	0.599396985748552
65.676	0.599544988589951
65.716	0.599678787436737
65.756	0.59980129071846
65.796	0.599915190346817
65.836	0.600022791456812
65.876	0.600125943273863
65.916	0.600226048705171
65.956	0.600324112800568
65.996	0.600420864587534
66.036	0.600516905895539
66.076	0.600612867653147
66.116	0.600709548092407
66.156	0.600808034049333
66.196	0.600909747429622
66.236	0.601016424155617
66.276	0.601130033913808
66.316	0.601252661294783
66.356	0.601386402723037
66.396	0.601533296100055
66.436	0.601695254121857
66.476	0.601873996449655
66.516	0.602070971823803
66.556	0.602287239643502
66.596	0.602523336382959
66.636	0.602779144505622
66.676	0.603053819575354
66.716	0.60334579594215
66.756	0.603652899958327
66.796	0.603972488991655
66.836	0.604301638146328
66.876	0.604637309547002
66.916	0.604976494851268
66.956	0.605316321530051
66.996	0.605654161490325
67.036	0.605987695942652
67.076	0.606314964246128
67.116	0.606634403370798
67.156	0.606944882274629
67.196	0.607245734841232
67.236	0.607536839226992
67.276	0.607818711975977
67.316	0.608092572538364
67.356	0.608360334178244
67.396	0.608624536845007
67.436	0.608888196183557
67.476	0.609154608694812
67.516	0.609427150918084
67.556	0.609709126072161
67.596	0.610003677600655
67.636	0.610313798381998
67.676	0.610642396446917
67.716	0.610992340218573
67.756	0.611366442318111
67.796	0.611767434528822
67.836	0.612197924134556
67.876	0.61266036685144
67.916	0.613157109269032
67.956	0.613690510215605
67.996	0.614263080754608
68.036	0.614877605117783
68.076	0.615537190988988
68.116	0.616245276392934
68.156	0.617005603072982
68.196	0.617822150011104
68.236	0.618699038475182
68.276	0.619640375703177
68.316	0.620650055813687
68.356	0.621731561243735
68.396	0.622887786810946
68.436	0.624120891198451
68.476	0.625432266506369
68.516	0.626822636914572
68.556	0.628292232771969
68.596	0.629840998318031
68.636	0.631468771178678
68.676	0.633175343032853
68.716	0.634960387164273
68.756	0.636823279825162
68.796	0.638762894959431
68.836	0.640777469907608
68.876	0.642864542545968
68.916	0.645020890643252
68.956	0.647242481974001
68.996	0.649524385099522
69.036	0.651860632272129
69.076	0.654244194993524
69.116	0.656667106457476
69.156	0.659120666606999
69.196	0.661595759946728
69.236	0.664083260182686
69.276	0.666574384310636
69.316	0.669061059127039
69.356	0.671536359018436
69.396	0.67399488792362
69.436	0.676433109417445
69.476	0.67884957789034
69.516	0.681245084330417
69.556	0.683622485420759
69.596	0.6859861904728
69.636	0.68834137648135
69.676	0.690693129172793
69.716	0.693045521847871
69.756	0.695400786222294
69.796	0.697758673323477
69.836	0.70011598376875
69.876	0.702466232645357
69.916	0.704799655760791
69.956	0.707103420471107
69.996	0.709361999624669
70.036	0.711557698178716
70.076	0.713671231941174
70.116	0.715681992657835
70.156	0.717568251655148
70.196	0.719307469014755
70.236	0.72087683274766
70.276	0.722254009827147
70.316	0.723418099212264
70.356	0.724350521722013
70.396	0.725035598085853
70.436	0.725460597288471
70.476	0.725615460789857
70.516	0.725492537462404
70.556	0.725086445486845
70.596	0.724394003705847
70.636	0.723414253138962
70.676	0.722148447469415
70.716	0.720599856568207
70.756	0.718773446063313
70.796	0.716675712576262
70.836	0.714314788286224
70.876	0.711701038226561
70.916	0.708847868482152
70.956	0.705772138065196
70.996	0.702493985915584
71.036	0.699036117188072
71.076	0.69542262500455
71.116	0.691677826269409
