0.036	0.0817857430343452
0.076	0.0812364528151761
0.116	0.0806910652245847
0.156	0.0801498341042475
0.196	0.0796130109490036
0.236	0.0790808342096057
0.276	0.0785535230526762
0.316	0.0780312727876549
0.356	0.0775142466863485
0.396	0.0770025754970334
0.436	0.0764963695459642
0.476	0.0759957376398575
0.516	0.075500805797958
0.556	0.0750117309159464
0.596	0.0745287064275431
0.636	0.0740519561041424
0.676	0.0735817221415687
0.716	0.0731182510507438
0.756	0.072661781598697
0.796	0.0722125368933462
0.836	0.0717707217751808
0.876	0.0713365224799531
0.916	0.0709101088668262
0.956	0.0704916369323314
0.996	0.0700812491826923
1.036	0.0696790743382394
1.076	0.0692852270281605
1.116	0.0688998062207133
1.156	0.0685228922954479
1.196	0.068154545164532
1.236	0.0677948036897646
1.276	0.0674436858509466
1.316	0.0671011906928811
1.356	0.0667673018616028
1.396	0.0664419922788397
1.436	0.0661252287756611
1.476	0.0658169760969827
1.516	0.0655171991627981
1.556	0.0652258629867788
1.596	0.0649429308528511
1.636	0.0646683617280246
1.676	0.0644021072594683
1.716	0.0641441087919361
1.756	0.0638942952058983
1.796	0.0636525824829164
1.836	0.063418874184606
1.876	0.0631930632411581
1.916	0.0629750353227223
1.956	0.0627646735532039
1.996	0.0625618633976615
2.036	0.0623664974418148
2.076	0.0621784800632099
2.116	0.0619977315981828
2.156	0.0618241914539226
2.196	0.0616578203743643
2.236	0.0614986016339003
2.276	0.0613465407802209
2.316	0.0612016645363269
2.356	0.0610640191598009
2.396	0.0609336681855552
2.436	0.0608106902986378
2.476	0.0606951780575287
2.516	0.0605872374463274
2.556	0.0604869882074013
2.596	0.0603945646873285
2.636	0.0603101166838655
2.676	0.0602338100226802
2.716	0.0601658271708061
2.756	0.0601063678579408
2.796	0.0600556497004732
2.836	0.060013909312886
2.876	0.0599814040078286
2.916	0.0599584142443632
2.956	0.0599452468391632
2.996	0.0599422384499917
3.036	0.0599497581276296
3.076	0.0599682078465662
3.116	0.0599980201528183
3.156	0.0600396528746501
3.196	0.0600935819767869
3.236	0.0601602939408963
3.276	0.0602402790754581
3.316	0.060334026851649
3.356	0.0604420233680116
3.396	0.0605647502863462
3.436	0.0607026848524015
3.476	0.0608562994490853
3.516	0.0610260592388272
3.556	0.0612124176985276
3.596	0.0614158099010069
3.636	0.0616366418898338
3.676	0.0618752771579807
3.716	0.0621320230239348
3.756	0.0624071172400704
3.796	0.0627007152415331
3.836	0.0630128781570534
3.876	0.0633435596345748
3.916	0.0636925901282552
3.956	0.064059658843064
3.996	0.064444290701033
4.036	0.064845815971637
4.076	0.0652633360227242
4.116	0.0656956844164256
4.156	0.0661413774718653
4.196	0.0665985538550444
4.236	0.0670649039978457
4.276	0.0675375878792579
4.316	0.0680131414155198
4.356	0.0684873734919051
4.396	0.0689552562518543
4.436	0.0694108128455468
4.476	0.0698470125568633
4.516	0.0702556910200087
4.556	0.0706275225440436
4.596	0.0709520913769097
4.636	0.0712181247255899
4.676	0.0714139560913623
4.716	0.0715282695097699
4.756	0.0715511315874551
4.796	0.0712970902622487
4.836	0.070995905241432
4.876	0.0706526324534593
4.916	0.0702730977643
4.956	0.0698639178207827
4.996	0.0694324329098777
5.036	0.068986610806121
5.076	0.0685349766634431
5.116	0.0680866070211437
5.156	0.0676510380914692
5.196	0.0672379346760295
5.236	0.0668565774589638
5.276	0.06651528222568
5.316	0.0662209330284327
5.356	0.0659787113197012
5.396	0.0657921655137557
5.436	0.0656634846408792
5.476	0.0655939519983235
5.516	0.0655844387931097
5.556	0.0656358397820327
5.596	0.0657493031390572
5.636	0.0659263251681637
5.676	0.0661686574088094
5.716	0.0664780824689046
5.756	0.0668561186944885
5.796	0.0673037256005387
5.836	0.0678209769880027
5.876	0.0684068304446441
5.916	0.0690590694886737
5.956	0.0697744074151956
5.996	0.0705487383270906
6.036	0.0713775688529381
6.076	0.0722564567523136
6.116	0.0731813275110085
6.156	0.0741485434554647
6.196	0.0751547608053329
6.236	0.0761965998448773
6.276	0.0772702292462668
6.316	0.0783710068530468
6.356	0.0794933697733882
6.396	0.0806309239171128
6.436	0.0817766245353937
6.476	0.082923050134184
6.516	0.0840627812726211
6.556	0.0851886725430973
6.596	0.0862941033737457
6.636	0.0873732480542344
6.676	0.0884212856421414
6.716	0.0894344697287011
6.756	0.0904101774364676
6.796	0.0913468946097851
6.836	0.0922440271910432
6.876	0.0931016424162294
6.916	0.0939202063786411
6.956	0.0947002422998935
6.996	0.0954419295209732
7.036	0.0961447936803665
7.076	0.0968074052329371
7.116	0.0974271639090034
7.156	0.098000255109298
7.196	0.0985218277136823
7.236	0.0989862248736131
7.276	0.0993872749588149
7.316	0.0997185053985845
7.356	0.0999732659440156
7.396	0.100144744391798
7.436	0.100226085651627
7.476	0.100210570557181
7.516	0.100091944883559
7.556	0.0998648987687716
7.596	0.0995256772275184
7.636	0.0990726266313118
7.676	0.0985066700572474
7.716	0.0978315343704139
7.756	0.0970536284584682
7.796	0.0961816129001249
7.836	0.0952258613755816
7.876	0.0941978352377077
7.916	0.0931094905310488
7.956	0.0919728999003269
7.996	0.0908000555791091
8.036	0.0896027412922535
8.076	0.0883924904882747
8.116	0.0871806040181013
8.156	0.0859781870123584
8.196	0.0847962053705373
8.236	0.0836455011573776
8.276	0.0825367525646357
8.316	0.0814802990827843
8.356	0.0804858566513644
8.396	0.0795620888445114
8.436	0.0787162371065619
8.476	0.0779538945423042
8.516	0.0772790711031917
8.556	0.0766945141421616
8.596	0.0762021920076563
8.636	0.0758037573104389
8.676	0.0755010176744122
8.716	0.0752962651974372
8.756	0.0751923702848103
8.796	0.0751926037102635
8.836	0.0753004188847513
8.876	0.0755191896145675
8.916	0.0758519331008642
8.956	0.0763011004953
8.996	0.0768685261768383
9.036	0.0775554928715678
9.076	0.0783628720318461
9.116	0.0792912814167153
9.156	0.0803411711676176
9.196	0.0815127290583746
9.236	0.0828055612198
9.276	0.0842182058897265
9.316	0.085747466086957
9.356	0.0873876956517847
9.396	0.0891302042156781
9.436	0.0909628635158128
9.476	0.0928698182935364
9.516	0.0948315038776286
9.556	0.0968249470785736
9.596	0.0988242966001849
9.636	0.100801560639809
9.676	0.102727644335744
9.716	0.104573442790695
9.756	0.106311004600627
9.796	0.107914725200033
9.836	0.109362404097226
9.876	0.110635951345728
9.916	0.111721870986173
9.956	0.112611472454262
9.996	0.113300887480307
10.036	0.113791025844364
10.076	0.114087542345658
10.116	0.114200761164682
10.156	0.114145510170317
10.196	0.113940813397619
10.236	0.113609437252478
10.276	0.113177319868043
10.316	0.112672842856853
10.356	0.112125874853461
10.396	0.111566553584623
10.436	0.11102387665909
10.476	0.110524221456842
10.516	0.110090048083691
10.556	0.10973908793693
10.596	0.109484154612517
10.636	0.109333536511429
10.676	0.109291681727825
10.716	0.109359813060507
10.756	0.109536170481704
10.796	0.109815817878541
10.836	0.11019006248506
10.876	0.11064570871639
10.916	0.111164469314815
10.956	0.111722875212251
10.996	0.112292838156634
11.036	0.112842846766341
11.076	0.113339616743986
11.116	0.11374995603768
11.156	0.114042595193212
11.196	0.114189854001722
11.236	0.114169095034583
11.276	0.113963967574762
11.316	0.113565366156251
11.356	0.112971950080635
11.396	0.112190093690685
11.436	0.111233229499646
11.476	0.110120684552783
11.516	0.108876149261221
11.556	0.107526061546366
11.596	0.10609816523305
11.636	0.104620370353075
11.676	0.103119907762391
11.716	0.101622656035204
11.756	0.100152547280402
11.796	0.0987310403933748
11.836	0.0973766448859692
11.876	0.0961045468324642
11.916	0.0949264613765877
11.956	0.0938507606076087
11.996	0.09288277193167
12.036	0.0920252071256868
12.076	0.0912785922116086
12.116	0.090641623507679
12.156	0.0901114352481613
12.196	0.0896838726304736
12.236	0.0893537258518222
12.276	0.0891149513142295
12.316	0.0889609393927344
12.356	0.0888848351364118
12.396	0.0888797107583628
12.436	0.0889386398957299
12.476	0.0890546075503948
12.516	0.0892202948479621
12.556	0.0894277486010537
12.596	0.0896681379621782
12.636	0.0899315919181731
12.676	0.090207193950107
12.716	0.0904832212749511
12.756	0.0907476361396107
12.796	0.0909886787068785
12.836	0.091195543772244
12.876	0.0913589704977653
12.916	0.0914715580130974
12.956	0.0915276537161276
12.996	0.0915229796016206
13.036	0.0914540341149745
13.076	0.091317514659238
13.116	0.0911099266629094
13.156	0.0908274408949978
13.196	0.0904660756272619
13.236	0.0900220799632621
13.276	0.0894922799604387
13.316	0.0888742730566605
13.356	0.0881665297017094
13.396	0.0873683639849219
13.436	0.0864798357196719
13.476	0.085501817978809
13.516	0.0844362324225472
13.556	0.0832864352202591
13.596	0.082057737297589
13.636	0.0807577836528139
13.676	0.0793965838974486
13.716	0.0779862832236518
13.756	0.076540773149361
13.796	0.0750751089471464
13.836	0.0736050195257008
13.876	0.072146592902925
13.916	0.0707160351891503
13.956	0.069329437877002
13.996	0.0680024744673915
14.036	0.0667498935537765
14.076	0.0655848761629727
14.116	0.064518382398262
14.156	0.0635586694441486
14.196	0.062711053371288
14.236	0.061978058804641
14.276	0.061359933783649
14.316	0.0608554311934881
14.356	0.060462668376374
14.396	0.0601799401701442
14.436	0.0600063783057863
14.476	0.0599423566735027
14.516	0.0599896037919621
14.556	0.0601510665501905
14.596	0.0604305877968159
14.636	0.0608324650424379
14.676	0.0613609524427261
14.716	0.0620197530381006
14.756	0.0628115542571663
14.796	0.0637376609224134
14.836	0.0647977684521379
14.876	0.0659899943390769
14.916	0.0673111960863366
14.956	0.0687575496473869
14.996	0.070325169141995
15.036	0.0720106678019761
15.076	0.0738114161335375
15.116	0.0757253953283339
15.156	0.0777507133745416
15.196	0.0798850764577423
15.236	0.082125277849002
15.276	0.0844670436633237
15.316	0.0869052468762561
15.356	0.0894344728760075
15.396	0.0920497637242192
15.436	0.0947474764259937
15.476	0.0975258492406397
15.516	0.100385170451489
15.556	0.103327585235945
15.596	0.106356689295978
15.636	0.109476882039814
15.676	0.11269270619465
15.716	0.11600816211643
15.756	0.119426009244023
15.796	0.12294711602425
15.836	0.126570011775073
15.876	0.13029037300015
15.916	0.13410058902133
15.956	0.137989645659843
15.996	0.141943392845462
16.036	0.145945107056775
16.076	0.149976545391098
16.116	0.154019330850872
16.156	0.158056381836502
16.196	0.162072936959532
16.236	0.166057096690963
16.276	0.169999717487315
16.316	0.173893707775449
16.356	0.177732890208461
16.396	0.18151062310443
16.436	0.185218444448594
16.476	0.188844969834179
16.516	0.192375226370075
16.556	0.195790496992856
16.596	0.199068823806726
16.636	0.202186077282192
16.676	0.205117511068863
16.716	0.207839504309902
16.756	0.210331268965604
16.796	0.212576246243827
16.836	0.214563127106032
16.876	0.216286324474538
16.916	0.217746002265301
16.956	0.21894764380346
16.996	0.219901299499782
17.036	0.220620596679566
17.076	0.221121844588481
17.116	0.221423389943141
17.156	0.221545324837905
17.196	0.221509456974616
17.236	0.221339368404699
17.276	0.221060299228895
17.316	0.220698719508448
17.356	0.220281642897419
17.396	0.21983581691012
17.436	0.219386988140457
17.476	0.218959350103603
17.516	0.218575152488313
17.556	0.21825431453118
17.596	0.218013940703997
17.636	0.217867657020918
17.676	0.217824880776163
17.716	0.217890112241491
17.756	0.218062288518979
17.796	0.218334375185634
17.836	0.218693287512167
17.876	0.219120033265028
17.916	0.219590125666343
17.956	0.220074493331197
17.996	0.220540718366863
18.036	0.220954561854967
18.076	0.221281710410892
18.116	0.22148953211655
18.156	0.221548584901541
18.196	0.221433743302953
18.236	0.221124739003528
18.276	0.220606146869557
18.316	0.219867096834548
18.356	0.218900968944979
18.396	0.217705357974808
18.436	0.216282440150337
18.476	0.214639595776873
18.516	0.212789871108669
18.556	0.210751942386594
18.596	0.208549355702132
18.636	0.20620896580607
18.676	0.203758815053959
18.716	0.201226019513058
18.756	0.198635084090427
18.796	0.196006817036221
18.836	0.193358026635167
18.876	0.190701947561536
18.916	0.188048921726306
18.956	0.185407233399644
18.996	0.182784125200385
19.036	0.180186669418674
19.076	0.177622248689147
19.116	0.175098902751699
19.156	0.172625675297752
19.196	0.170212729011553
19.236	0.167871550479788
19.276	0.165615174020957
19.316	0.163458103109804
19.356	0.16141572753412
19.396	0.159503615672122
19.436	0.157736773882618
19.476	0.156128992818992
19.516	0.154692541465408
19.556	0.153438294426735
19.596	0.152375998256787
19.636	0.15151444235579
19.676	0.15086152494672
19.716	0.150424248183469
19.756	0.150208608164746
19.796	0.150219530961238
19.836	0.150461017210262
19.876	0.150936262436801
19.916	0.15164761517309
19.956	0.152596300702555
19.996	0.153781675777225
20.036	0.155199937249733
20.076	0.15684307240457
20.116	0.158698410392105
20.156	0.160748935928098
20.196	0.162974316517932
20.236	0.165352448949932
20.276	0.167860836614466
20.316	0.17047773783537
20.356	0.173182836851026
20.396	0.175957533080066
20.436	0.178784979686668
20.476	0.181649994381303
20.516	0.184538671962116
20.556	0.187438107516357
20.596	0.19033608549779
20.636	0.19322056212917
20.676	0.196079017191266
20.716	0.198897826209588
20.756	0.201661387883917
20.796	0.204351384974586
20.836	0.206946338509113
20.876	0.20942143000542
20.916	0.211748707580512
20.956	0.213897928832182
20.996	0.215837783320183
21.036	0.217537376913072
21.076	0.218967766103049
21.116	0.220103193340549
21.156	0.220922017064197
21.196	0.221407524806921
21.236	0.221548693631519
21.276	0.221340912137919
21.316	0.220786670572863
21.356	0.219896084868935
21.396	0.218687124893961
21.436	0.217185490951294
21.476	0.215424114921177
21.516	0.213442263909144
21.556	0.21128426401782
21.596	0.208997911815175
21.636	0.206632664524079
21.676	0.204237472124248
21.716	0.201858556116861
21.756	0.199537183925315
21.796	0.197307802743524
21.836	0.195196929450788
21.876	0.19322344105359
21.916	0.191399951925234
21.956	0.189735463203249
21.996	0.188238772331431
22.036	0.186921674159692
22.076	0.185800640768377
22.116	0.184896782261546
22.156	0.184233699284903
22.196	0.183834016256185
22.236	0.183715813795573
22.276	0.183890356015752
22.316	0.184361383672865
22.356	0.185126371342847
22.396	0.186178806515215
22.436	0.187510656031066
22.476	0.189113870470294
22.516	0.19098032749406
22.556	0.193100102528945
22.596	0.195458698004188
22.636	0.198033683159849
22.676	0.200791510714282
22.716	0.20368510479085
22.756	0.206652495405081
22.796	0.209616409036869
22.836	0.212485101539244
22.876	0.215154243301356
22.916	0.217509820907082
22.956	0.219431727690164
22.996	0.220797886604998
23.036	0.221488617412945
23.076	0.221391251027796
23.116	0.220404937462547
23.156	0.218445509253399
23.196	0.215450179992274
23.236	0.211381844184359
23.276	0.206232679466041
23.316	0.200026686682975
23.356	0.192820942574997
23.396	0.184705318698036
23.436	0.175800569998898
23.476	0.166254824046689
23.516	0.156238468409413
23.556	0.145937693591065
23.596	0.135547190363638
23.636	0.125262761525107
23.676	0.11527439447508
23.716	0.105760536261585
