0.036	0.152365475281417
0.076	0.149861985770595
0.116	0.147455643135306
0.156	0.145143826667411
0.196	0.142923908230831
0.236	0.140793255622892
0.276	0.138749235336146
0.316	0.136789213266102
0.356	0.134910551301221
0.396	0.133110611729148
0.436	0.131386763517686
0.476	0.129736389640723
0.516	0.128156896526686
0.556	0.126645724593761
0.596	0.125200356724047
0.636	0.123818327344143
0.676	0.122497232300947
0.716	0.121234737719522
0.756	0.120028586925127
0.796	0.118876605432224
0.836	0.117776701098844
0.876	0.116726860243833
0.916	0.11572514237756
0.956	0.114769674239081
0.996	0.113858643977299
1.036	0.112990298590947
1.076	0.112162944429731
1.116	0.111374948820721
1.156	0.110624741050618
1.196	0.109910811986428
1.236	0.109231711301231
1.276	0.10858604342889
1.316	0.107972462621884
1.356	0.107389668625164
1.396	0.106836403944509
1.436	0.106311453441652
1.476	0.105813645427073
1.516	0.10534185343359
1.556	0.10489499771283
1.596	0.10447204586767
1.636	0.104072011961289
1.676	0.103693954314362
1.716	0.103336973286151
1.756	0.10300020975826
1.796	0.102682845194135
1.836	0.102384103225777
1.876	0.102103252647009
1.916	0.101839610296107
1.956	0.101592542908723
1.996	0.101361467013003
2.036	0.101145847250411
2.076	0.10094519291226
2.116	0.10075905389132
2.156	0.100587016706289
2.196	0.100428701088187
2.236	0.100283756941135
2.276	0.100151862158899
2.316	0.100032720614148
2.356	0.0999260597721694
2.396	0.0998316283500849
2.436	0.0997491947531977
2.476	0.0996785456998346
2.516	0.0996194849997458
2.556	0.0995718334150659
2.596	0.0995354296146367
2.636	0.0995101318798071
2.676	0.0994958205374878
2.716	0.0994924009600489
2.756	0.0994998057757535
2.796	0.0995179957791485
2.836	0.0995469593226552
2.876	0.0995867106207378
2.916	0.0996372876616967
2.956	0.0996987517164563
2.996	0.0997711896224835
3.036	0.099854718427256
3.076	0.0999494918320671
3.116	0.100055707082799
3.156	0.100173609902686
3.196	0.100303495974696
3.236	0.100445709401587
3.276	0.100600639362735
3.316	0.10076871710093
3.356	0.100950416168221
3.396	0.101146256978513
3.436	0.10135681501475
3.476	0.101582732036366
3.516	0.101824729038004
3.556	0.10208361868953
3.596	0.102360315951461
3.636	0.10265584764522
3.676	0.102971361944224
3.716	0.103308137204781
3.756	0.103667592587112
3.796	0.104051302253954
3.836	0.104461011710139
3.876	0.104898655559655
3.916	0.105366376670663
3.956	0.105866542590011
3.996	0.106401757762807
4.036	0.106974873475064
4.076	0.107588994023548
4.116	0.108247476173251
4.156	0.108953921786618
4.196	0.109712157700937
4.236	0.110526189896202
4.276	0.111400117911426
4.316	0.112337995965536
4.356	0.113343620808717
4.396	0.114420225760977
4.436	0.115570060084185
4.476	0.116793831447705
4.516	0.118089999636627
4.556	0.119453943378783
4.596	0.120877084662094
4.636	0.122346162117768
4.676	0.123843017858864
4.716	0.125345496916164
4.756	0.126830322566452
4.796	0.127364727063462
4.836	0.127807351636772
4.876	0.128158122348839
4.916	0.128418033334999
4.956	0.128589203959383
4.996	0.128674817053561
5.036	0.128678988744323
5.076	0.12860654948614
5.116	0.128462670345332
5.156	0.128252609503338
5.196	0.127981573604512
5.236	0.127654563983906
5.276	0.127276239941988
5.316	0.126850837783412
5.356	0.126382105960626
5.396	0.125873287024273
5.436	0.125327244759443
5.476	0.124746734038677
5.516	0.124134698289584
5.556	0.12349455621985
5.596	0.122830300878331
5.636	0.122146415310635
5.676	0.121447669189966
5.716	0.12073890516562
5.756	0.120024804953605
5.796	0.119309822342952
5.836	0.118598221303056
5.876	0.117894156169346
5.916	0.117201751459415
5.956	0.116525129542378
5.996	0.115868259358148
6.036	0.115234780537694
6.076	0.114627757347666
6.116	0.114049439926919
6.156	0.113501068445483
6.196	0.112982807585599
6.236	0.112493753677892
6.276	0.112032035992119
6.316	0.111594938860467
6.356	0.111179017701776
6.396	0.110780186706766
6.436	0.11039379898995
6.476	0.110014748700383
6.516	0.109637619492073
6.556	0.109256919402515
6.596	0.108867365352641
6.636	0.108464246559091
6.676	0.108043738157352
6.716	0.1076030430911
6.756	0.107140421599308
6.796	0.106655181942582
6.836	0.106147544872126
6.876	0.105618456615534
6.916	0.105069411932082
6.956	0.104502230742785
6.996	0.103918807731358
7.036	0.103320943681975
7.076	0.10271024559329
7.116	0.102088097056384
7.156	0.101455746956372
7.196	0.100814494165572
7.236	0.100165855858524
7.276	0.099511704491217
7.316	0.0988543681263074
7.356	0.0981966248071267
7.396	0.0975416415378909
7.436	0.0968929065959649
7.476	0.0962541623865327
7.516	0.0956293377022881
7.556	0.0950224824950929
7.596	0.0944376777843807
7.636	0.0938789251502605
7.676	0.0933500468245292
7.716	0.0928546197293905
7.756	0.0923959832775232
7.796	0.0919773173948037
7.836	0.0916017545372405
7.876	0.0912724771132751
7.916	0.0909927699112352
7.956	0.0907660055438662
7.996	0.0905955713356441
8.036	0.0904847749804354
8.076	0.090436766640952
8.116	0.0904545010202078
8.156	0.0905407286679996
8.196	0.0906979862380375
8.236	0.0909285600200782
8.276	0.0912344051399749
8.316	0.0916170292651053
8.356	0.0920773740622813
8.396	0.0926157227823445
8.436	0.0932316557509587
8.476	0.093924053470321
8.516	0.0946911056542312
8.556	0.0955302863608445
8.596	0.0964382980005247
8.636	0.0974109706586539
8.676	0.0984431346523031
8.716	0.0995285544624345
8.756	0.100659976221845
8.796	0.101829261597953
8.836	0.103027588412065
8.876	0.104245689496256
8.916	0.10547407382705
8.956	0.106703212703255
8.996	0.107923706527711
9.036	0.109126442672039
9.076	0.110302750783053
9.116	0.11144455586663
9.156	0.11254446392768
9.196	0.113595765422449
9.236	0.114592407356714
9.276	0.115528958402624
9.316	0.116400575183558
9.356	0.117203022879391
9.396	0.117932751819399
9.436	0.118587020580723
9.476	0.119164038505726
9.516	0.119663062997009
9.556	0.120084436079313
9.596	0.120429577881499
9.636	0.120700930269589
9.676	0.120901836179609
9.716	0.121036378382879
9.756	0.121109193794648
9.796	0.121125260912979
9.836	0.121089686657559
9.876	0.121007525026602
9.916	0.120883643128582
9.956	0.12072263806542
9.996	0.12052878450228
10.036	0.120305987277835
10.076	0.120057730945806
10.116	0.119787026889899
10.156	0.119496362244039
10.196	0.119187690644434
10.236	0.118862489587986
10.276	0.118521843348692
10.316	0.118166477565044
10.356	0.117796770701158
10.396	0.117412749809642
10.436	0.117014066154891
10.476	0.116599996215189
10.516	0.116169496676736
10.556	0.115721249561016
10.596	0.115253668375846
10.636	0.114764880176207
10.676	0.114252700478854
10.716	0.113714633223882
10.756	0.113148011690296
10.796	0.112550310679271
10.836	0.111919543290266
10.876	0.111254677102362
10.916	0.110556019346465
10.956	0.109825435987769
10.996	0.109066383717884
11.036	0.108283834317692
11.076	0.107484148391531
11.116	0.106675010156142
11.156	0.10586546116809
11.196	0.105065966676033
11.236	0.104288455080653
11.276	0.103546295935733
11.316	0.102854155347753
11.356	0.10222768752207
11.396	0.101683050693499
11.436	0.101236240827365
11.476	0.100902252190114
11.516	0.100694265079067
11.556	0.100622922490334
11.596	0.100695813034523
11.636	0.100917316271637
11.676	0.101288776364395
11.716	0.101808769182835
11.756	0.102473366413751
11.796	0.103276285880629
11.836	0.104208855604494
11.876	0.105259815106482
11.916	0.106415072950302
11.956	0.107657612071595
11.996	0.108967597983433
12.036	0.110322690125788
12.076	0.111698518001734
12.116	0.113069235295089
12.156	0.114408121851287
12.196	0.115688279434753
12.236	0.116883411854854
12.276	0.117968644051349
12.316	0.118921302668472
12.356	0.119721575278685
12.396	0.120352962150232
12.436	0.120802529281814
12.476	0.121061008344402
12.516	0.121122810333137
12.556	0.120985982247721
12.596	0.120652110915454
12.636	0.120126171747675
12.676	0.119416320133947
12.716	0.118533651857138
12.756	0.117491975781551
12.796	0.116307607662538
12.836	0.114999178770962
12.876	0.113587377143393
12.916	0.112094517505415
12.956	0.110543926724308
12.996	0.1089591972131
13.036	0.107363376168134
13.076	0.10577823124866
13.116	0.104223689234747
13.156	0.102717465070324
13.196	0.101274840717476
13.236	0.0999085208630497
13.276	0.0986285057558369
13.316	0.0974420416351798
13.356	0.0963536929842981
13.396	0.0953655667021884
13.436	0.0944777020403968
13.476	0.0936885739779889
13.516	0.0929955963302085
13.556	0.0923955417226914
13.596	0.0918848073152638
13.636	0.0914595134542147
13.676	0.0911154881238367
13.716	0.0908481813435067
13.756	0.0906525373439813
13.796	0.0905228764128516
13.836	0.0904528297277132
13.876	0.0904353610588977
13.916	0.0904628996401833
13.956	0.0905275779735426
13.996	0.0906215401675858
14.036	0.0907372605809336
14.076	0.0908678095240738
14.116	0.0910070286691003
14.156	0.0911496103215761
14.196	0.091291093148957
14.236	0.0914277998268425
14.276	0.0915567392512777
14.316	0.09167551058135
14.356	0.0917822346359962
14.396	0.0918755092314036
14.436	0.0919543847339135
14.476	0.092018391489173
14.516	0.0920675750724591
14.556	0.0921025069556158
14.596	0.0921242700406815
14.636	0.0921344016994148
14.676	0.0921347724503683
14.716	0.0921274518747275
14.756	0.0921145638140608
14.796	0.0920981449252629
14.836	0.0920800379733357
14.876	0.0920618457204334
14.916	0.0920449294598207
14.956	0.0920304517814508
14.996	0.0920194493148507
15.036	0.0920128967907026
15.076	0.0920117537790652
15.116	0.0920169940853803
15.156	0.0920296083153822
15.196	0.0920505882343541
15.236	0.0920809284410531
15.276	0.0921216398454767
15.316	0.0921737833111997
15.356	0.0922385016511207
15.396	0.0923170321420592
15.436	0.0924107083349064
15.476	0.0925209651679886
15.516	0.0926493144600578
15.556	0.0927973096112531
15.596	0.0929665059791454
15.636	0.0931584238740477
15.676	0.0933744942905541
15.716	0.0936160065341802
15.756	0.0938840571527031
15.796	0.0941794996285061
15.836	0.0945028800676901
15.876	0.0948543624887144
15.916	0.0952336364898336
15.956	0.0956398298967933
15.996	0.0960714748583804
16.036	0.0965265423273713
16.076	0.0970025276640349
16.116	0.0974965795909135
16.156	0.0980056842376804
16.196	0.0985268533400507
16.236	0.0990572239956187
16.276	0.0995941378869283
16.316	0.100135265795327
16.356	0.100678755691302
16.396	0.101223396904043
16.436	0.101768800408468
16.476	0.102315455438134
16.516	0.102864570642868
16.556	0.103417764857543
16.596	0.103976669154196
16.636	0.104542529848313
16.676	0.105115944019001
16.716	0.105696828753207
16.756	0.106284575143111
16.796	0.106878332387065
16.836	0.107477369007722
16.876	0.108081341232737
16.916	0.108690348218726
16.956	0.109304835277616
16.996	0.109925399973346
17.036	0.110552629910966
17.076	0.111187012406585
17.116	0.111829007581537
17.156	0.112479197418761
17.196	0.113138429674411
17.236	0.113807795676667
17.276	0.114488448277111
17.316	0.115181272325845
17.356	0.115886543983908
17.396	0.116603649015087
17.436	0.117331003853305
17.476	0.118066221974988
17.516	0.11880647049318
17.556	0.1195488118958
17.596	0.120290396069084
17.636	0.121028443318831
17.676	0.121760075681276
17.716	0.122482048064324
17.756	0.12319058350273
17.796	0.123881405380832
17.836	0.124549933972762
17.876	0.125191585005336
17.916	0.125802037962981
17.956	0.126377322649777
17.996	0.126913825945504
18.036	0.127408321161642
18.076	0.127858023956872
18.116	0.128260702226452
18.156	0.12861493778129
18.196	0.128920430809085
18.236	0.129178143649437
18.276	0.129390252374353
18.316	0.129559910014866
18.356	0.1296908670455
18.396	0.129787078479378
18.436	0.129852403668746
18.476	0.129890366453044
18.516	0.129904032681349
18.556	0.129895980932009
18.596	0.129868247971739
18.636	0.129822184040538
18.676	0.1297584194721
18.716	0.129676931920475
18.756	0.129577115699373
18.796	0.129457866793974
18.836	0.129317744618969
18.876	0.129155153628528
18.916	0.128968590103558
18.956	0.128756874587491
18.996	0.128519255378318
19.036	0.12825547307558
19.076	0.127965764726209
19.116	0.127650736131688
19.156	0.127311148545058
19.196	0.126947759941888
19.236	0.126561250085427
19.276	0.126152271715011
19.316	0.125721673887195
19.356	0.125270792819055
19.396	0.124801725165032
19.436	0.124317534377933
19.476	0.123822223183087
19.516	0.123320500909042
19.556	0.122817440300093
19.596	0.122318046987818
19.636	0.121826847373899
19.676	0.121347623089502
19.716	0.120883337742701
19.756	0.120436229392975
19.796	0.120008047119573
19.836	0.119600262709408
19.876	0.119214250108993
19.916	0.118851397614566
19.956	0.118513146091214
19.996	0.118200961873452
20.036	0.117916327379337
20.076	0.11766073830972
20.116	0.117435643515673
20.156	0.11724236119893
20.196	0.117082027407282
20.236	0.116955563893963
20.276	0.116863655969691
20.316	0.116806747154651
20.356	0.116785084705125
20.396	0.116798773268616
20.436	0.116847796248823
20.476	0.116932012359893
20.516	0.117051093377452
20.556	0.117204410126259
20.596	0.11739094907615
20.636	0.117609374197063
20.676	0.11785817359829
20.716	0.118135889921991
20.756	0.118441439288151
20.796	0.118774391166927
20.836	0.119135103318914
20.876	0.11952473253314
20.916	0.119945131926354
20.956	0.120398639251579
20.996	0.120887825891852
21.036	0.121415280498962
21.076	0.121983383681805
21.116	0.122594123326291
21.156	0.12324902318743
21.196	0.123949201030488
21.236	0.124695502383357
21.276	0.125488704028118
21.316	0.126329805163376
21.356	0.127220269944292
21.396	0.128162160808198
21.436	0.129158105873149
21.476	0.13021117706025
21.516	0.13132466261985
21.556	0.132501854406303
21.596	0.133745892206111
21.636	0.135059654949568
21.676	0.136445666845912
21.716	0.137906046071631
21.756	0.139442414898316
21.796	0.141055801065288
21.836	0.142746564737525
21.876	0.144514481197096
21.916	0.146358897573624
21.956	0.148279042310097
21.996	0.150274375341137
22.036	0.152344958512533
22.076	0.154491776590579
22.116	0.15671690040757
22.156	0.159023433222085
22.196	0.16141523909651
22.236	0.163896529183955
22.276	0.166471405213724
22.316	0.169143490519193
22.356	0.171915593231613
22.396	0.174789426564342
22.436	0.177765422648523
22.476	0.180842524393537
22.516	0.184017904719266
22.556	0.187286710192193
22.596	0.190641849214938
22.636	0.194073852831945
22.676	0.19757077900325
22.716	0.201118256895661
22.756	0.204699701326884
22.796	0.208296812788635
22.836	0.21189024723509
22.876	0.215460479898226
22.916	0.218988785767792
22.956	0.222458075927637
22.996	0.225853557636391
23.036	0.22916314573359
23.076	0.232377453518691
23.116	0.235489412726224
23.156	0.238493841549591
23.196	0.241386873823998
23.236	0.244165271336865
23.276	0.246825923375763
23.316	0.249365478348377
23.356	0.251779998448622
23.396	0.254064888995266
23.436	0.256215054126994
23.476	0.258225200809772
23.516	0.260090247124037
23.556	0.261805743201077
23.596	0.263368166701799
23.636	0.264775109333616
23.676	0.266025148160882
23.716	0.267117447522477
