71.396	0.838451420373314
71.436	0.836602496365881
71.476	0.834658885054946
71.516	0.832628800526447
71.556	0.830521783247004
71.596	0.828348698499408
71.636	0.826121746849676
71.676	0.823854363247303
71.716	0.821560942788462
71.756	0.819256545330273
71.796	0.81695651180743
71.836	0.81467596356968
71.876	0.812429314668218
71.916	0.81022986902391
71.956	0.808089411691039
71.996	0.806018009099756
72.036	0.804024049873089
72.076	0.80211449462713
72.116	0.800295269452572
72.156	0.798571648887016
72.196	0.796948417929695
72.236	0.795429858859929
72.276	0.794019567437839
72.316	0.792720180280636
72.356	0.791533174909159
72.396	0.790458827414266
72.436	0.789496287367623
72.476	0.788643812027257
72.516	0.787899001727379
72.556	0.787258885669839
72.596	0.786719886584915
72.636	0.786277721241131
72.676	0.785927273835394
72.716	0.785662576018805
72.756	0.785476917031755
72.796	0.78536303840195
72.836	0.785313402763773
72.876	0.785320448393673
72.916	0.785376746394018
72.956	0.785475041311525
72.996	0.785608180194227
73.036	0.785768976461167
73.076	0.785950085218214
73.116	0.786143976076811
73.156	0.786343025168673
73.196	0.786539687364847
73.236	0.786726686169356
73.276	0.786897135963482
73.316	0.78704453023354
73.356	0.787162695227249
73.396	0.787245820738331
73.436	0.787288567839379
73.476	0.787286400453535
73.516	0.787236188600456
73.556	0.787136856071623
73.596	0.786989968385296
73.636	0.786800243211584
73.676	0.786575775808455
73.716	0.786327970943542
73.756	0.786071306934868
73.796	0.78582292125844
73.836	0.785602076163595
73.876	0.785429666099883
73.916	0.785327724873962
73.956	0.78531892293098
73.996	0.785426079283237
74.036	0.785671648942905
74.076	0.78607717525794
74.116	0.786662729102158
74.156	0.78744631621613
74.196	0.788443262836562
74.236	0.789665565171415
74.276	0.79112113287054
74.316	0.792813050349036
74.356	0.794738967659807
74.396	0.796890654362667
74.436	0.799253746616014
74.476	0.801807876514086
74.516	0.804527194660135
74.556	0.807381221190905
74.596	0.81033600884987
74.636	0.813355671573287
74.676	0.816404141346549
74.716	0.819446922650013
74.756	0.82245256345885
74.796	0.8253937565058
74.836	0.828247956314225
74.876	0.830997466160522
74.916	0.833629098777902
74.956	0.836133555545427
74.996	0.838504717488302
75.036	0.840739017214656
75.076	0.842834919569622
75.116	0.844792461849391
75.156	0.846612940444484
75.196	0.848298765672137
75.236	0.849853325973935
75.276	0.851280783032049
75.316	0.852585860977111
75.356	0.853773701748818
75.396	0.854849729640062
75.436	0.85581952302358
75.476	0.856688724425194
75.516	0.857463007015067
75.556	0.8581480627773
75.596	0.858749573320051
75.636	0.859273197337483
75.676	0.859724547933563
75.716	0.860109117410399
75.756	0.860432210733531
75.796	0.860698866970491
75.836	0.860913723397953
75.876	0.861080876774079
75.916	0.861203796586675
75.956	0.861285249060582
75.996	0.861327236202701
76.036	0.861330994105185
76.076	0.861297004636068
76.116	0.861225007915838
76.156	0.861114040469555
76.196	0.860962491721576
76.236	0.860768135708806
76.276	0.860528208469457
76.316	0.860239502621081
76.356	0.859898471976347
76.396	0.859501343295459
76.436	0.85904426421207
76.476	0.858523429128308
76.516	0.857935210184916
76.556	0.857276254153486
76.596	0.856543609950119
76.636	0.855734934314167
76.676	0.854848799293034
76.716	0.853885037172159
76.756	0.852845156284555
76.796	0.851732707022617
76.836	0.850553493965872
76.876	0.849315537795274
76.916	0.848028784775064
76.956	0.846704564261383
76.996	0.845354915580938
77.036	0.8439919313148
77.076	0.842627192449523
77.116	0.841271380717782
77.156	0.839934118865923
77.196	0.838624035361644
77.236	0.837348922983221
77.276	0.83611595841462
77.316	0.834931915610451
77.356	0.833803266880931
77.396	0.832736110043538
77.436	0.83173596041382
77.476	0.830807368331701
77.516	0.829953471341565
77.556	0.829175625554907
77.596	0.828473155779161
77.636	0.827843183671231
77.676	0.827280685734589
77.716	0.826778695092468
77.756	0.826328541819304
77.796	0.825920175477261
77.836	0.825542596468022
77.876	0.825184306938691
77.916	0.824833786253091
77.956	0.824479968631803
77.996	0.824112753930617
78.036	0.823723475616131
78.076	0.823305370303569
78.116	0.822853965487194
78.156	0.822367362387208
78.196	0.821846277126408
78.236	0.821293902530538
78.276	0.820715560239645
78.316	0.820118187885623
78.356	0.819509759902925
78.396	0.81889876297539
78.436	0.818293707415105
78.476	0.817702765200831
78.516	0.817133589891792
78.556	0.816593317142246
78.596	0.816088655609502
78.636	0.815626004532657
78.676	0.815211583396984
78.716	0.814851546852392
78.756	0.814551990105311
78.796	0.814318801433796
78.836	0.81415753151455
78.876	0.814073283848796
78.916	0.81407064251982
78.956	0.814153782830214
78.996	0.814326804846257
79.036	0.81459404371132
79.076	0.814960351998163
79.116	0.81543131360635
79.156	0.816013213370322
79.196	0.816712744951115
79.236	0.817536675552216
79.276	0.818491488102591
79.316	0.81958302157312
79.356	0.82081623252348
79.396	0.822195001583733
79.436	0.823721786306532
79.476	0.825397168489044
79.516	0.827219367472079
79.556	0.829183612467357
79.596	0.831281492698718
79.636	0.833500517412599
79.676	0.835823881961002
79.716	0.838230377892426
79.756	0.840694507629603
79.796	0.843186870158501
79.836	0.845674768549795
79.876	0.848123057294796
79.916	0.850495303910304
79.956	0.852755100760771
79.996	0.854867465900352
80.036	0.856800205848412
80.076	0.85852504072302
80.116	0.860018332163119
80.156	0.861261466291946
80.196	0.862240939279513
80.236	0.862948229952995
80.276	0.863379582755162
80.316	0.863535841067705
80.356	0.863422340902101
80.396	0.863048840778173
80.436	0.862429424078453
80.476	0.86158229665654
80.516	0.860529441343726
80.556	0.859296123138687
80.596	0.857910294549821
80.636	0.856401904755511
80.676	0.854802143044434
80.716	0.853142595068878
80.756	0.851454307594611
80.796	0.849766810118208
80.836	0.848107258082667
80.876	0.846499704337088
80.916	0.844964569072385
80.956	0.843518383216537
80.996	0.842173801093406
81.036	0.840939755507446
81.076	0.839821748041121
81.116	0.838822222731903
81.156	0.837940943709039
81.196	0.837175407364089
81.236	0.836521322340712
81.276	0.835973085496885
81.316	0.835524256424012
81.356	0.835167989504892
81.396	0.834897391181062
81.436	0.834705781289966
81.476	0.834586842663992
81.516	0.834534647004542
81.556	0.83454361709391
81.596	0.834608426594055
81.636	0.834723840885484
81.676	0.834884581672394
81.716	0.83508522256307
81.756	0.835320087381955
81.796	0.83558319663673
81.836	0.835868236150393
81.876	0.836168498160244
81.916	0.836476851559038
81.956	0.836785776372469
81.996	0.837087395066103
82.036	0.837373542421926
82.076	0.837635927320495
82.116	0.837866358270585
82.156	0.838057016662663
82.196	0.838200728341132
82.236	0.838291154927166
82.276	0.83832294348279
82.316	0.838291885465136
82.356	0.838195057328743
82.396	0.838030965873802
82.436	0.837799696331576
82.476	0.837503011636915
82.516	0.837144366058535
82.556	0.836728783113866
82.596	0.836262611930447
82.636	0.835753247545053
82.676	0.835208885257085
82.716	0.83463837483448
82.756	0.834051184978538
82.796	0.833457349583359
82.836	0.832867326486745
82.876	0.832291791398713
82.916	0.831741338468394
82.956	0.831226072695916
82.996	0.830755255069167
83.036	0.830337066861173
83.076	0.829978473719091
83.116	0.829685200932165
83.156	0.829461780568938
83.196	0.82931156537661
83.236	0.829236677304625
83.276	0.829237855101024
83.316	0.829314215125638
83.356	0.829463026654611
83.396	0.82967958139589
83.436	0.829957203361598
83.476	0.830287426313109
83.516	0.830660305792787
83.556	0.831064791427007
83.596	0.831489109953136
83.636	0.831921088449423
83.676	0.832348452070381
83.716	0.832759195064821
83.756	0.833141967909111
83.796	0.833486440101861
83.836	0.833783642824269
83.876	0.834026206626991
83.916	0.834208393445518
83.956	0.834325995353208
83.996	0.834376125164713
84.036	0.834357019887431
84.076	0.834267960595557
84.116	0.834109335389076
84.156	0.83388277428212
84.196	0.833591400314358
84.236	0.83324013042655
84.276	0.832835963309531
84.316	0.832388235927429
84.356	0.83190888548906
84.396	0.831412655927824
84.436	0.830917219966981
84.476	0.830443101602842
84.516	0.830013351330575
84.556	0.829652993995762
84.596	0.829388235486473
84.636	0.829245448837423
84.676	0.829250034734674
84.716	0.829425209233722
84.756	0.829790777352923
84.796	0.83036200769698
84.836	0.831148725263876
84.876	0.832154707581015
84.916	0.833377407410037
84.956	0.834807962282337
84.996	0.836431485561047
85.036	0.838227556100552
85.076	0.8401708112706
85.116	0.842231636176347
85.156	0.844376947914373
85.196	0.846570963365654
85.236	0.848775975442972
85.276	0.85095310750226
85.316	0.853063083474911
85.356	0.855067090509788
85.396	0.856927743952188
85.436	0.858610065892723
85.476	0.860082508086567
85.516	0.861317928375907
85.556	0.862294360769564
85.596	0.862995509878115
85.636	0.863410928680064
85.676	0.863535864420935
85.716	0.863370861163727
85.756	0.862921212201766
85.796	0.862196374597328
85.836	0.86120945292372
85.876	0.859976768008774
85.916	0.858517488029204
85.956	0.856853293290225
85.996	0.85500791391706
86.036	0.853006433782124
86.076	0.850874300202076
86.116	0.848636142140347
86.156	0.846314601537923
86.196	0.843929449357557
86.236	0.841497069790758
86.276	0.839030481620082
86.316	0.836539884488555
86.356	0.834033516760737
86.396	0.831518534696297
86.436	0.829001818076474
86.476	0.826490562011994
86.516	0.823992587141088
86.556	0.82151637043091
86.596	0.819070877230455
86.636	0.816665262665662
86.676	0.814308574796254
86.716	0.812009496218206
86.756	0.809776136537291
86.796	0.807615940370095
86.836	0.805535711706252
86.876	0.80354161936469
86.916	0.801639189031714
86.956	0.799833359133071
86.996	0.798128601475664
87.036	0.796529092411586
87.076	0.795038852480882
87.116	0.793661750726923
87.156	0.792401306340519
87.196	0.791260289531774
87.236	0.790240169063647
87.276	0.789340586621687
87.316	0.788559023160612
87.356	0.787890707912933
87.396	0.787328765176763
87.436	0.786864581718088
87.476	0.7864882669903
87.516	0.786189162131944
87.556	0.785956349712887
87.596	0.78577913313006
87.636	0.785647431835184
87.676	0.785552107215533
87.716	0.785485184655325
87.756	0.785439987640881
87.796	0.785411210799008
87.836	0.785394964637359
87.876	0.785388807489351
87.916	0.785391772179434
87.956	0.785404380002131
87.996	0.785428632961025
88.036	0.785467982677769
88.076	0.785527292732223
88.116	0.785612825124741
88.156	0.785732284928994
88.196	0.785894921353528
88.236	0.786111645492792
88.276	0.786395073462455
88.316	0.786759380568622
88.356	0.787219895128597
88.396	0.787792433037989
88.436	0.788492423629091
88.476	0.789333933869241
88.516	0.79032875721769
88.556	0.791485663409201
88.596	0.792809816978188
88.636	0.794302409829481
88.676	0.795960513649444
88.716	0.797777121381113
88.756	0.799741400173229
88.796	0.801839138507841
88.836	0.804053370259833
88.876	0.806365153133367
88.916	0.80875444311965
88.956	0.811200881549038
88.996	0.813684480971684
89.036	0.816186161890382
89.076	0.818688119588384
89.116	0.821173962578808
89.156	0.823628777796269
89.196	0.82603910514089
89.236	0.828392871028608
89.276	0.830679193932365
89.316	0.83288822316646
89.356	0.835010979989104
89.396	0.837039286954049
89.436	0.838965768873006
89.476	0.840784021585716
89.516	0.842488913276565
89.556	0.844076934119354
89.596	0.845546483062474
89.636	0.846897987938458
89.676	0.848133765481361
89.716	0.849257708698499
89.756	0.850274884845501
89.796	0.851191070382921
89.836	0.852012367675439
89.876	0.85274497504329
89.916	0.853395096968551
89.956	0.853968940929843
89.996	0.854472798290583
90.036	0.854913105664192
90.076	0.855296442903789
90.116	0.855629448059698
90.156	0.855918696533291
90.196	0.856170564316439
90.236	0.856391127350502
90.276	0.856586109228058
90.316	0.856760863042876
90.356	0.856920358204331
90.396	0.85706914860398
90.436	0.857086005672425
90.476	0.857205834570433
90.516	0.857421834368804
90.556	0.857720634455145
90.596	0.858085257740978
90.636	0.858497572119443
90.676	0.8589400550816
90.716	0.859396899217725
90.756	0.859854578818894
90.796	0.860302030164004
90.836	0.860730584091183
90.876	0.861133759903321
90.916	0.861506994417073
90.956	0.86184735517659
90.996	0.86215326361916
91.036	0.862424243174654
91.076	0.862660697937084
91.116	0.8628637219858
91.156	0.863034936241217
91.196	0.863176350174701
91.236	0.863290244467816
91.276	0.863379071470955
91.316	0.863445371341012
91.356	0.863491703171402
91.396	0.863520590274842
91.436	0.863534478809786
91.476	0.863535707902518
91.516	0.863526489144494
91.556	0.863508893066115
91.596	0.863484840427891
91.636	0.863456096980418
91.676	0.863424270962948
91.716	0.863390812687367
91.756	0.863357015695524
91.796	0.863324019090907
91.836	0.863292810718658
91.876	0.863264230982974
91.916	0.863238977410365
91.956	0.86321761018743
91.996	0.863200558757907
92.036	0.863188129043774
92.076	0.863180510902691
92.116	0.863177785421168
92.156	0.863179931779879
92.196	0.863186833174968
92.236	0.863198281878734
92.276	0.863213983546036
92.316	0.86323356096214
92.356	0.86325655726657
92.396	0.863282439018203
92.436	0.86331059907992
92.476	0.863340359363253
92.516	0.863370973543386
92.556	0.863401629827774
92.596	0.863431453611451
92.636	0.863459509790747
92.676	0.863484804814309
92.716	0.863506288418005
92.756	0.863522855079925
92.796	0.86353334535411
92.836	0.863536547470186
92.876	0.863531199468962
92.916	0.863515992083631
92.956	0.86348957229804
92.996	0.863450547185781
93.036	0.863397487494748
93.076	0.863328930507148
93.116	0.863243381938279
93.156	0.863139317015442
93.196	0.863015181247572
93.236	0.862869391140034
93.276	0.862700334984101
93.316	0.862506373949525
93.356	0.862285843347362
93.396	0.862037053725199
93.436	0.86175829191944
93.476	0.861447822627422
93.516	0.861103890607804
93.556	0.860724723577018
93.596	0.86030853619911
93.636	0.859853534910567
93.676	0.859357923213619
93.716	0.858819907455906
93.756	0.85823770294898
93.796	0.857609539812881
93.836	0.856933669329006
93.876	0.856208370563973
93.916	0.855431957114344
93.956	0.854602784275126
93.996	0.853719257400254
94.036	0.85277984012188
94.076	0.851783063138594
94.116	0.85072753391459
94.156	0.849611948109096
94.196	0.848435102166345
94.236	0.847195908700908
94.276	0.845893415172082
94.316	0.844526825575581
94.356	0.843095525204301
94.396	0.841599108105139
94.436	0.840037405317457
94.476	0.838410513914351
94.516	0.836718827548477
94.556	0.834963067618855
94.596	0.833144316491182
94.636	0.831264054889427
94.676	0.829324206367868
94.716	0.827327189581691
94.756	0.825275980929884
94.796	0.823174186784708
94.836	0.821026123991881
94.876	0.818836905545421
94.916	0.81661252908216
94.956	0.814359967401057
94.996	0.812087262791049
95.036	0.809803624329941
95.076	0.807519525864603
95.116	0.805246805061113
