23.756	0.257092489585924
23.796	0.257651863392647
23.836	0.258093361436524
23.876	0.25841162693243
23.916	0.258604485081522
23.956	0.258672872353765
23.996	0.258620672673912
24.036	0.258454471406187
24.076	0.258183173628867
24.116	0.257817521191855
24.156	0.257369571065768
24.196	0.25685221589727
24.236	0.256278780344141
24.276	0.255662669204435
24.316	0.255016990038706
24.356	0.254354176984465
24.396	0.253685618977444
24.436	0.253021267492985
24.476	0.252369315172404
24.516	0.251736055108283
24.556	0.251125906878828
24.596	0.250541602564583
24.636	0.249984522623896
24.676	0.249455116886908
24.716	0.248953276321343
24.756	0.248478648758477
24.796	0.248030837013696
24.836	0.247609465999433
24.876	0.247214176112061
24.916	0.246844596895636
24.956	0.246500320308082
24.996	0.246180900076725
25.036	0.24588587209527
25.076	0.245614775114843
25.116	0.245367158271543
25.156	0.245142563555371
25.196	0.244940472814887
25.236	0.244760259106679
25.276	0.244601151473328
25.316	0.244462228817474
25.356	0.244342458233257
25.396	0.24424077286641
25.436	0.244156189846331
25.476	0.244087941432307
25.516	0.244035573816506
25.556	0.243998970690223
25.596	0.243978298214328
25.636	0.243973873548258
25.676	0.243985987521134
25.716	0.244014738989099
25.756	0.244059929366015
25.796	0.244121042997994
25.836	0.244197304098909
25.876	0.244287774095431
25.916	0.244391453325049
25.956	0.244507364392392
25.996	0.24463459060753
26.036	0.244772296181834
26.076	0.244919750856729
26.116	0.245076357138595
26.156	0.245241676372734
26.196	0.245415464912261
26.236	0.245597700089712
26.276	0.245788589381741
26.316	0.245988571761911
26.356	0.246198306079785
26.396	0.246418652257775
26.436	0.246650689397816
26.476	0.246895745067297
26.516	0.247155404937738
26.556	0.247431509389957
26.596	0.247726148408878
26.636	0.248041609561108
26.676	0.248380306379344
26.716	0.248744719041392
26.756	0.249137353047042
26.796	0.249560680132207
26.836	0.250017090180899
26.876	0.250508838181199
26.916	0.251037961780211
26.956	0.251606169304948
26.996	0.252214744382629
27.036	0.252864474497718
27.076	0.253555616040531
27.116	0.254287915706863
27.156	0.255060666783729
27.196	0.255872758535931
27.236	0.256722753593509
27.276	0.257609001895181
27.316	0.258529755406558
27.356	0.259483303975012
27.396	0.260468157082462
27.436	0.261483201336569
27.476	0.262527738494503
27.516	0.263601449047696
27.556	0.264704282247221
27.596	0.265836272184968
27.636	0.266997317529947
27.676	0.26818702382066
27.716	0.269404607162238
27.756	0.270648858016488
27.796	0.271918098555917
27.836	0.273210074808892
27.876	0.274521778963349
27.916	0.275849317739207
27.956	0.277187848553568
27.996	0.27853162583011
28.036	0.279874221001217
28.076	0.281208941812723
28.116	0.282529334287494
28.156	0.283829641003502
28.196	0.285105164058342
28.236	0.286352419574138
28.276	0.287568980388981
28.316	0.288753100332746
28.356	0.289903273030676
28.396	0.291017772070569
28.436	0.292094314535023
28.476	0.293129996982502
28.516	0.294121427980693
28.556	0.29506499005865
28.596	0.295957247519278
28.636	0.296795352074765
28.676	0.297577329700937
28.716	0.298302268797793
28.756	0.298970387542662
28.796	0.299582869339803
28.836	0.30014160689379
28.876	0.300648947351037
28.916	0.301107399020767
28.956	0.301519401888557
28.996	0.301887302203967
29.036	0.302213501939102
29.076	0.302500606160359
29.116	0.30275150694361
29.156	0.302969360081024
29.196	0.303157491845576
29.236	0.303319258885383
29.276	0.303457945560575
29.316	0.303576794372399
29.356	0.30367919715515
29.396	0.303768888914449
29.436	0.303850040794211
29.476	0.303927205819443
29.516	0.304005102316141
29.556	0.304088263174821
29.596	0.304180795268964
29.636	0.304286311691984
29.676	0.304408013777421
29.716	0.304548962509346
29.756	0.304712493605907
29.796	0.304902512650388
29.836	0.305123605172207
29.876	0.305381013646256
29.916	0.305680385911382
29.956	0.306027275241052
29.996	0.306426591203179
30.036	0.306882067698938
30.076	0.307395744191348
30.116	0.307967605844462
30.156	0.30859555089731
30.196	0.309275561383211
30.236	0.310002030623261
30.276	0.310768255372048
30.316	0.311567034272572
30.356	0.312391082698207
30.396	0.313233308067248
30.436	0.314086984606492
30.476	0.314945888460757
30.516	0.315804373363905
30.556	0.316657501532989
30.596	0.317501207777861
30.636	0.318332559551971
30.676	0.319150022610502
30.716	0.319953645529468
30.756	0.320745021715611
30.796	0.321527094531755
30.836	0.322303710016856
30.876	0.323079041963021
30.916	0.323856974577192
30.956	0.324640602429485
30.996	0.325431904139331
31.036	0.326231678797393
31.076	0.327039656019354
31.116	0.327854721706744
31.156	0.328675253423244
31.196	0.329499454671337
31.236	0.330325552726189
31.276	0.33115189176389
31.316	0.331976914823075
31.356	0.332799063753152
31.396	0.333616635237748
31.436	0.334427698647838
31.476	0.335230051281842
31.516	0.336021237197452
31.556	0.336798695532609
31.596	0.337560001483199
31.636	0.338303121219242
31.676	0.339026686389028
31.716	0.339730197908517
31.756	0.340414055274389
31.796	0.341079480899205
31.836	0.341728385890052
31.876	0.342363154588151
31.916	0.342986498025207
31.956	0.343601405645147
31.996	0.344211029771026
32.036	0.344818525188083
32.076	0.345426979367618
32.116	0.346039292628229
32.156	0.346657950426591
32.196	0.347284854571834
32.236	0.347921301141932
32.276	0.348567968163389
32.316	0.349224992429393
32.356	0.349892143252584
32.396	0.350568986425779
32.436	0.351255011950672
32.476	0.35194979283523
32.516	0.352653074852464
32.556	0.353364705111682
32.596	0.354084457729117
32.636	0.354811807570188
32.676	0.355545578853155
32.716	0.356283624325778
32.756	0.357022695985139
32.796	0.357758570425874
32.836	0.358486328496015
32.876	0.359200742737594
32.916	0.359896603082811
32.956	0.360568910152198
32.996	0.361212921150385
33.036	0.361824079091244
33.076	0.362397940767311
33.116	0.362930211324533
33.156	0.363416933577861
33.196	0.363854768358459
33.236	0.364241253246187
33.276	0.364574979992819
33.316	0.364855650846325
33.356	0.365083969586452
33.396	0.36526145379746
33.436	0.365390270847884
33.476	0.365473119958944
33.516	0.365513172485246
33.556	0.365514094627402
33.596	0.365480063445256
33.636	0.365415687527561
33.676	0.365325856906333
33.716	0.365215544032113
33.756	0.365089509270641
33.796	0.364952000087877
33.836	0.364806535969949
33.876	0.364655754239658
33.916	0.364501352742517
33.956	0.364344233209787
33.996	0.364184775617952
34.036	0.364023213674011
34.076	0.363860134141008
34.116	0.363697029866019
34.156	0.363536748880195
34.196	0.36338367987508
34.236	0.363243625706753
34.276	0.363123359912182
34.316	0.363029986478198
34.356	0.362970307889002
34.396	0.362950333350954
34.436	0.362975055306473
34.476	0.36304856148069
34.516	0.363174325503246
34.556	0.36335551530072
34.596	0.363595260475252
34.636	0.363896743075353
34.676	0.364263087689304
34.716	0.364697228525822
34.756	0.365201856521702
34.796	0.365779431341403
34.836	0.366432296071084
34.876	0.367162882977661
34.916	0.367973887129361
34.956	0.368868287311004
34.996	0.369849231203668
35.036	0.370919746744031
35.076	0.37208232992454
35.116	0.373338531665583
35.156	0.374688594170637
35.196	0.376131223994003
35.236	0.377663560327251
35.276	0.379281305678591
35.316	0.38097887791991
35.356	0.382749498671922
35.396	0.384585238451544
35.436	0.386477023753857
35.476	0.38841464880163
35.516	0.390386827117412
35.556	0.392381315205414
35.596	0.394385134353294
35.636	0.396384837576663
35.676	0.398366764960807
35.716	0.40031727815972
35.756	0.402223035494453
35.796	0.404071250486533
35.836	0.405849922297742
35.876	0.407548016632491
35.916	0.409155570137751
35.956	0.410663738799856
35.996	0.412064821493944
36.036	0.413352286484299
36.076	0.414520812643923
36.116	0.415566382184581
36.156	0.416486322141255
36.196	0.417279240905886
36.236	0.417944867293444
36.276	0.418483796394634
36.316	0.418897196031091
36.356	0.419186580688725
36.396	0.419353685354951
36.436	0.419400446883438
36.476	0.419329079265554
36.516	0.419142192183651
36.556	0.418842903592365
36.596	0.418434914687575
36.636	0.417922531548173
36.676	0.417310647244969
36.716	0.416604714126786
36.756	0.415810732604017
36.796	0.414935294587005
36.836	0.413985669491312
36.876	0.412969879656126
36.916	0.411896745197106
36.956	0.410775872584916
36.996	0.40961757093409
37.036	0.408432692944503
37.076	0.407232383371928
37.116	0.406027775208161
37.156	0.404829653895314
37.196	0.403648073966297
37.236	0.402491934189479
37.276	0.401368653670142
37.316	0.400284056185656
37.356	0.399242512764582
37.396	0.398247339669334
37.436	0.397301383079204
37.476	0.396407645597764
37.516	0.395569799412792
37.556	0.3947924793996
37.596	0.394081271627316
37.636	0.393442427565114
37.676	0.392882472933929
37.716	0.392407786260572
37.756	0.392024226808504
37.796	0.391736927280471
37.836	0.391550307657299
37.876	0.391468113183516
37.916	0.391493408897746
37.956	0.391628524371109
37.996	0.391874847298
38.036	0.392232541771152
38.076	0.392700303765567
38.116	0.393275149046149
38.156	0.393952320801661
38.196	0.394725394889898
38.236	0.395586504601086
38.276	0.396526631722333
38.316	0.397536007772212
38.356	0.398604480940785
38.396	0.399721847288072
38.436	0.400878124905789
38.476	0.402063658300849
38.516	0.403269020981883
38.556	0.404484858327224
38.596	0.405701744850768
38.636	0.406910155892598
38.676	0.408100622990043
38.716	0.409263986887604
38.756	0.410391665357375
38.796	0.411475885515062
38.836	0.412509736781724
38.876	0.413487050982839
38.916	0.414402273840276
38.956	0.415250398678674
38.996	0.416026958742103
39.036	0.416728104013936
39.076	0.417350716682458
39.116	0.41789246844092
39.156	0.418351791835557
39.196	0.418727804237287
39.236	0.419020205725952
39.276	0.419229223836938
39.316	0.419355650185411
39.356	0.419400943620312
39.396	0.419367374754033
39.436	0.419258192376633
39.476	0.419077765758724
39.516	0.418831673389201
39.556	0.418526733340139
39.596	0.418170957141848
39.636	0.417773410111275
39.676	0.417343976357566
39.716	0.416893048058443
39.756	0.416431161086338
39.796	0.415968632526438
39.836	0.415515248066002
39.876	0.415080013421809
39.916	0.414670970849516
39.956	0.414295087048631
39.996	0.413958199996786
40.036	0.413664974014603
40.076	0.413418866974597
40.116	0.413222140472422
40.156	0.413075915243789
40.196	0.412980255698139
40.236	0.412934303351102
40.276	0.412936463376633
40.316	0.412984624215612
40.356	0.413076323511627
40.396	0.413208855727918
40.436	0.413379318050731
40.476	0.41358460786198
40.516	0.413821382705082
40.556	0.414086049126412
40.596	0.414374773822269
40.636	0.414683546349261
40.676	0.415008304426964
40.716	0.415345071674802
40.756	0.415690012392
40.796	0.416039442065236
40.836	0.416389787949784
40.876	0.416737523546361
40.916	0.417079101646381
40.956	0.417410926070469
40.996	0.417729342936676
41.036	0.418030667249747
41.076	0.418311223915611
41.116	0.418567375594067
41.156	0.418795543752951
41.196	0.418992239262915
41.236	0.419154081217288
41.276	0.419277811205435
41.316	0.419360316360008
41.356	0.419398649357406
41.396	0.419390035588316
41.436	0.419331869877185
41.476	0.419221701260378
41.516	0.419057223341456
41.556	0.418836286643108
41.596	0.418556936799435
41.636	0.41821749930776
41.676	0.417816723289159
41.716	0.417353946918576
41.756	0.416829250447032
41.796	0.416243584415186
41.836	0.415598843450569
41.876	0.414897863972934
41.916	0.414144370704408
41.956	0.41334286232737
41.996	0.412498439212998
42.036	0.411616607719774
42.076	0.410703101960019
42.116	0.409763736486569
42.156	0.408804324500084
42.196	0.407830673921334
42.236	0.406848615841342
42.276	0.405864019357901
42.316	0.404882735211276
42.356	0.403910417464241
42.396	0.402952306308544
42.436	0.402013083142984
42.476	0.401096870255289
42.516	0.400207408257751
42.556	0.399348388903251
42.596	0.398523815870542
42.636	0.39773826017097
42.676	0.396996917649476
42.716	0.39630548631054
42.756	0.395669961341591
42.796	0.395096441000257
42.836	0.394590972965348
42.876	0.394159497949206
42.916	0.393807849974317
42.956	0.393541686705918
42.996	0.393366302355242
43.036	0.393286388352161
43.076	0.393305743282662
43.116	0.39342707756238
43.156	0.393652007791454
43.196	0.393981141714258
43.236	0.394414115968191
43.276	0.394949596722826
43.316	0.395585169200993
43.356	0.396317113895934
43.396	0.397140221461983
43.436	0.398047726338186
43.476	0.399031321319493
43.516	0.40008136432124
43.556	0.40118727660702
43.596	0.40233795639484
43.636	0.403522061007068
43.676	0.404728192938572
43.716	0.405944996317894
43.756	0.407161237081562
43.796	0.408365909158606
43.836	0.409548370095367
43.876	0.410698477906715
43.916	0.411806717040266
43.956	0.412864262001948
43.996	0.413862946670976
44.036	0.41479523595021
44.076	0.4156542644161
44.116	0.416433928390683
44.156	0.417129026778769
44.196	0.417735401642277
44.236	0.418249992255989
44.276	0.418670771039809
44.316	0.418996570627977
44.356	0.419226851400767
44.396	0.419361506718049
44.436	0.419400767762896
44.476	0.419345185379202
44.516	0.419195649941665
44.556	0.418953414248543
44.596	0.418620089693755
44.636	0.418197619959686
44.676	0.417688260184159
44.716	0.417094598986155
44.756	0.416419635418565
44.796	0.415666889877878
44.836	0.414840487197326
44.876	0.413945186190384
44.916	0.412986374452673
44.956	0.411970027184866
44.996	0.410902651230581
45.036	0.409791294072685
45.076	0.40864359537458
45.116	0.407467799164609
45.156	0.406272677513991
45.196	0.405067378343952
45.236	0.403861190049165
45.276	0.40266332843362
45.316	0.401482795887313
45.356	0.400328307457153
45.396	0.399208257499938
45.436	0.398130663939876
45.476	0.397102973656525
45.516	0.396131699546865
45.556	0.395222016474998
45.596	0.394377429266038
45.636	0.393599664985212
45.676	0.392888850785612
45.716	0.392243911706375
45.756	0.391663089208075
45.796	0.391144363804743
45.836	0.390685657959603
45.876	0.390284854061607
45.916	0.38993963284056
45.956	0.389647204481841
45.996	0.389404074471452
46.036	0.389205952864083
46.076	0.389047745659996
46.116	0.38892368741128
46.156	0.388827565114598
46.196	0.388752966478018
46.236	0.388693475086741
46.276	0.388642827002238
46.316	0.388594946106716
46.356	0.388543882549216
46.396	0.388483753429378
46.436	0.388408704847444
46.476	0.388312847406249
46.516	0.388190254239136
46.556	0.388035002146653
46.596	0.387841256251329
46.636	0.387603364815435
46.676	0.387316047757297
46.716	0.386974581853076
46.756	0.38657500731315
46.796	0.38611426731668
46.836	0.38559020055567
46.876	0.385001324509675
46.916	0.384346589496383
46.956	0.383625132304404
46.996	0.382836113147436
47.036	0.381978720250475
47.076	0.381052374936951
47.116	0.380056987605942
47.156	0.378993185135558
47.196	0.377862424548178
47.236	0.376666970295107
47.276	0.375409729309284
47.316	0.374094118869879
47.356	0.372723991988062
47.396	0.371303648793601
47.436	0.369837912508276
47.476	0.368332246622161
