23.756	0.283897445114917
23.796	0.27645169283528
23.836	0.269638534575051
23.876	0.263438607865055
23.916	0.257830302068896
23.956	0.252789054825143
23.996	0.248286968235107
24.036	0.244292996492504
24.076	0.240773539596148
24.116	0.237693364644429
24.156	0.235016802422933
24.196	0.232708915772264
24.236	0.230736417883918
24.276	0.229068390781094
24.316	0.22767672884288
24.356	0.226536318604985
24.396	0.225625007987901
24.436	0.224923371991963
24.476	0.224414255454349
24.516	0.224082247513934
24.556	0.223913180315094
24.596	0.223893768476728
24.636	0.224011468222443
24.676	0.224254573711505
24.716	0.224612470516831
24.756	0.225075931467245
24.796	0.225637339603736
24.836	0.226290726900288
24.876	0.22703158589934
24.916	0.227856482298876
24.956	0.228762540876914
24.996	0.229746911359825
25.036	0.230806372545658
25.076	0.231937155010883
25.116	0.233134999952881
25.156	0.234395449744397
25.196	0.235714306785439
25.236	0.237088084870948
25.276	0.238514357486338
25.316	0.23999200609228
25.356	0.241521299873739
25.396	0.243103813038715
25.436	0.244742139656182
25.476	0.246439485537621
25.516	0.248199243734007
25.556	0.250024693911428
25.596	0.251918892531421
25.636	0.253884778340534
25.676	0.255925367687951
25.716	0.25804395355749
25.756	0.260244121802998
25.796	0.26252943279701
25.836	0.264902792658859
25.876	0.267365760151506
25.916	0.269917810888501
25.956	0.272555866649554
25.996	0.275274275000584
26.036	0.278065136993746
26.076	0.280918741633968
26.116	0.283824165562464
26.156	0.286769843525462
26.196	0.289744031082364
26.236	0.292735282586136
26.276	0.29573295316527
26.316	0.298727492390526
26.356	0.301710707314442
26.396	0.304675866195566
26.436	0.307617638903821
26.476	0.310531935238714
26.516	0.313415734149885
26.556	0.316266800856965
26.596	0.319083499604631
26.636	0.321864657988726
26.676	0.32460943199726
26.716	0.327317208541672
26.756	0.329987609775117
26.796	0.332620402394014
26.836	0.335215419530641
26.876	0.337772476599412
26.916	0.340291240177748
26.956	0.34277099348742
26.996	0.345210520748651
27.036	0.34760801844709
27.076	0.34996100020885
27.116	0.352266297386223
27.156	0.354520186084983
27.196	0.356718564278481
27.236	0.358857198369833
27.276	0.360932028010893
27.316	0.36293942928728
27.356	0.364876378327381
27.396	0.366740599356262
27.436	0.368530663064803
27.476	0.37024601707958
27.516	0.371886947014673
27.556	0.373454478591839
27.596	0.374950214287992
27.636	0.376376112929165
27.676	0.377734290161925
27.716	0.379026851805747
27.756	0.380255771082147
27.796	0.381422815106589
27.836	0.38252955652456
27.876	0.383577425375506
27.916	0.384567798792659
27.956	0.385502068257438
27.996	0.386381662382291
28.036	0.387208026492544
28.076	0.387982624679125
28.116	0.388706913438682
28.156	0.389382316731599
28.196	0.390010225879223
28.236	0.390592026798686
28.276	0.391129102976947
28.316	0.39162282283155
28.356	0.392074509771874
28.396	0.392485402797092
28.436	0.392856609679939
28.476	0.393189072620544
28.516	0.393483563125983
28.556	0.393740721169479
28.596	0.393961130714843
28.636	0.394145381859516
28.676	0.394294084580679
28.716	0.394407821289633
28.756	0.394487052899194
28.796	0.394531997101467
28.836	0.394542524488998
28.876	0.394518106754504
28.916	0.394457836571519
28.956	0.394360516693951
28.996	0.394224795314358
29.036	0.39404931209333
29.076	0.393832817281464
29.116	0.393574237593157
29.156	0.393272684232898
29.196	0.392927436513446
29.236	0.392537927996955
29.276	0.392103757267932
29.316	0.391624727832777
29.356	0.391100915451489
29.396	0.390532747230964
29.436	0.389921076529163
29.476	0.38926726216755
29.516	0.388573256043628
29.556	0.387841712213003
29.596	0.38707609426433
29.636	0.386280763516652
29.676	0.385460960841328
29.716	0.384622635454207
29.756	0.383772142371299
29.796	0.382915878810991
29.836	0.382059923458428
29.876	0.381209784712837
29.916	0.38037026757388
29.956	0.379545414802806
29.996	0.378738495189054
30.036	0.377952021408191
30.076	0.377187755217847
30.116	0.376446720540798
30.156	0.375729222213295
30.196	0.375034898850345
30.236	0.374362817785141
30.276	0.373711605657036
30.316	0.373079612215179
30.356	0.372465084434907
30.396	0.371866347407149
30.436	0.371281937030062
30.476	0.37071065975374
30.516	0.370151564244907
30.556	0.369603883262016
30.596	0.369066950051774
30.636	0.368540084816004
30.676	0.368022491005604
30.716	0.367513244761312
30.756	0.367011292612688
30.796	0.366515456215666
30.836	0.366024441422041
30.876	0.365536849103364
30.916	0.365051198022002
30.956	0.364566058360424
30.996	0.36408018115776
31.036	0.363592641903551
31.076	0.363102972411752
31.116	0.362611139576757
31.156	0.362117320472635
31.196	0.361621591898029
31.236	0.361123560380975
31.276	0.360622061629101
31.316	0.360115062419709
31.356	0.359599773977379
31.396	0.359072947676168
31.436	0.358531339389401
31.476	0.35797213201181
31.516	0.357393159829144
31.556	0.35679298896207
31.596	0.356170870283449
31.636	0.355526572285044
31.676	0.354860257055179
31.716	0.354172475915902
31.756	0.353464163117451
31.796	0.352736614432388
31.836	0.351991505263641
31.876	0.351230881529546
31.916	0.350457114450137
31.956	0.349672879637865
31.996	0.348881180635317
32.036	0.348085343450066
32.076	0.347289035849599
32.116	0.34649627477188
32.156	0.34571136721911
32.196	0.344938780171788
32.236	0.344183018382637
32.276	0.343448520754237
32.316	0.342739611681054
32.356	0.342060499647005
32.396	0.341415254250705
32.436	0.340807712698506
32.476	0.340241322354586
32.516	0.339718907413726
32.556	0.339242435910592
32.596	0.338812852624642
32.636	0.338430002461564
32.676	0.338092675245889
32.716	0.33779880645011
32.756	0.337545746532442
32.796	0.337330526188225
32.836	0.337150087124201
32.876	0.337001432878196
32.916	0.336881675148788
32.956	0.336788021116945
32.996	0.336717740117592
33.036	0.336668133111516
33.076	0.336636534906347
33.116	0.336620371391064
33.156	0.336617251716916
33.196	0.336625071799745
33.236	0.336642103193981
33.276	0.33666704323673
33.316	0.336699019830803
33.356	0.336737558822051
33.396	0.336782519075996
33.436	0.336834001642046
33.476	0.336892245676381
33.516	0.33695751513892
33.556	0.337029985533036
33.596	0.337109652482241
33.636	0.337196273412474
33.676	0.337289359262058
33.716	0.337388218883234
33.756	0.337492045681529
33.796	0.337599986597297
33.836	0.337711167677071
33.876	0.337824645493811
33.916	0.337939289417363
33.956	0.338053615749914
33.996	0.338165646770676
34.036	0.338272822800491
34.076	0.338372014935658
34.116	0.338459654995631
34.156	0.338531976206241
34.196	0.338585331453714
34.236	0.338616543999478
34.276	0.338623237215643
34.316	0.338604085579163
34.356	0.338558943677299
34.396	0.338488852955152
34.436	0.338395901390641
34.476	0.33828296731258
34.516	0.338153441502755
34.556	0.338010975177667
34.596	0.337859284938304
34.636	0.337702052200939
34.676	0.337542920763326
34.716	0.337385535122621
34.756	0.337233558929029
34.796	0.337090667507027
34.836	0.336960506308742
34.876	0.336846619303969
34.916	0.336752369498527
34.956	0.336680865530752
34.996	0.336634922531402
35.036	0.336617077707842
35.076	0.336629636676435
35.116	0.336674725403782
35.156	0.336754328704728
35.196	0.336870296538791
35.236	0.337024314416112
35.276	0.337217847729107
35.316	0.337452077317494
35.356	0.337727850923102
35.396	0.33804564779598
35.436	0.338405565016501
35.476	0.338807336690252
35.516	0.339250376164046
35.556	0.339733797471808
35.596	0.34025641873518
35.636	0.340816742720335
35.676	0.341412910252757
35.716	0.342042611739771
35.756	0.342702966546995
35.796	0.343390439618588
35.836	0.344100847732761
35.876	0.344829440672356
35.916	0.34557107255182
35.956	0.346320400670038
35.996	0.347072051416717
36.036	0.347820751238714
36.076	0.348561450373154
36.116	0.349289407023889
36.156	0.350000281960774
36.196	0.350690295504819
36.236	0.351356347072169
36.276	0.351996039264804
36.316	0.352607691502953
36.356	0.353190311476965
36.396	0.353743507405625
36.436	0.354267375044174
36.476	0.354762436505325
36.516	0.355229608444233
36.556	0.355670237524237
36.596	0.356086185809318
36.636	0.356479914492184
36.676	0.356854551386959
36.716	0.357213913328223
36.756	0.357562429788914
36.796	0.357904983788785
36.836	0.35824677665255
36.876	0.358593202920702
36.916	0.358949727549543
36.956	0.359321760148077
36.996	0.359714445373129
37.036	0.360132344629847
37.076	0.360579109374839
37.116	0.361057139327158
37.156	0.361567368853457
37.196	0.36210931452456
37.236	0.362681421298248
37.276	0.363281531256462
37.316	0.363907416561915
37.356	0.364557178291534
37.396	0.365229368595237
37.436	0.365922832605747
37.476	0.366636386683012
37.516	0.367368451540415
37.556	0.368116798608526
37.596	0.368878461739541
37.636	0.369649863507902
37.676	0.370427106739726
37.716	0.371206320318151
37.756	0.371983951554967
37.796	0.372756965041617
37.836	0.373522908176483
37.876	0.374279860928937
37.916	0.375026355470936
37.956	0.375761232385912
37.996	0.376483523872366
38.036	0.377192405883534
38.076	0.37788720959702
38.116	0.378567416193391
38.156	0.379232683759938
38.196	0.379882847588078
38.236	0.380517884017308
38.276	0.381137841782902
38.316	0.38174280508315
38.356	0.382332834866929
38.396	0.382907991254569
38.436	0.383468399028743
38.476	0.384014339058695
38.516	0.384546289440323
38.556	0.385064920041941
38.596	0.385570979849717
38.636	0.386065115850897
38.676	0.386547667287914
38.716	0.38701852913141
38.756	0.387477108486337
38.796	0.387922418147127
38.836	0.388353216219684
38.876	0.388768149088492
38.916	0.389165868836017
38.956	0.389545147496165
38.996	0.38990494834502
39.036	0.39024448291525
39.076	0.390563263091963
39.116	0.39086113283588
39.156	0.39113828130553
39.196	0.391395229217551
39.236	0.391632767148394
39.276	0.391851860825
39.316	0.392053555314988
39.356	0.392238909928665
39.396	0.392408963205298
39.436	0.392564743239518
39.476	0.392707293718331
39.516	0.392837700642986
39.556	0.392957101680395
39.596	0.393066673788553
39.636	0.393167605841654
39.676	0.393261067052435
39.716	0.393348184280285
39.756	0.393430030708032
39.796	0.393507631717284
39.836	0.393581986460731
39.876	0.393654078871577
39.916	0.393724868429445
39.956	0.39379524647552
39.996	0.39386596291456
40.036	0.393937534646057
40.076	0.394010162922086
40.116	0.394083663200718
40.156	0.394157417112865
40.196	0.394230354025922
40.236	0.394300957529367
40.276	0.394367286996157
40.316	0.394427009244964
40.356	0.394477443080859
40.396	0.394515614702641
40.436	0.394538315830459
40.476	0.394542153748944
40.516	0.394523581473322
40.556	0.394478896959981
40.596	0.394404205314231
40.636	0.394295361466675
40.676	0.39414792137336
40.716	0.393957132828064
40.756	0.393718004226457
40.796	0.393425471247383
40.836	0.393074628324712
40.876	0.392660989303977
40.916	0.39218070696802
40.956	0.391630677411513
40.996	0.391008536134677
41.036	0.390312628812126
41.076	0.389542000399842
41.116	0.388696476601353
41.156	0.387776879569856
41.196	0.386785325409392
41.236	0.385725455139209
41.276	0.384602545077314
41.316	0.383423407251712
41.356	0.382196062709909
41.396	0.380929314649393
41.436	0.379632297837588
41.476	0.378314064996403
41.516	0.376983356209848
41.556	0.375648587739079
41.596	0.374317973521784
41.636	0.372999803884113
41.676	0.37170280616715
41.716	0.370436404920611
41.756	0.369210812584015
41.796	0.368036833394171
41.836	0.366925277958899
41.876	0.365886213099429
41.916	0.364928315222414
41.956	0.364058445534056
41.996	0.363281565739044
42.036	0.362601115296229
42.076	0.362019525917049
42.116	0.361538677303315
42.156	0.361160220077863
42.196	0.360885638745231
42.236	0.360716001427818
42.276	0.360651642555013
42.316	0.36069186981581
42.356	0.360834815252701
42.396	0.361077430153045
42.436	0.361415576423269
42.476	0.361844052803235
42.516	0.362356580660844
42.556	0.362945784537033
42.596	0.363603284640476
42.636	0.364319901805857
42.676	0.365086025288065
42.716	0.365892084211509
42.756	0.366729037709547
42.796	0.36758869577784
42.836	0.368463963536442
42.876	0.369348992082223
42.916	0.370239164642726
42.956	0.37113092586128
42.996	0.37202157443221
43.036	0.372908976011558
43.076	0.37379126826977
43.116	0.374666585572186
43.156	0.375532843046813
43.196	0.376387625303096
43.236	0.3772282077814
43.276	0.378051646900303
43.316	0.378854917886883
43.356	0.379635062015723
43.396	0.380389314907688
43.436	0.381115207401081
43.476	0.381810716123937
43.516	0.382474412463807
43.556	0.38310554551731
43.596	0.383704022719712
43.636	0.384270329179117
43.676	0.384805303216808
43.716	0.385309882386309
43.756	0.385784902197656
43.796	0.386230997899247
43.836	0.386648596049554
43.876	0.387038052324669
43.916	0.387399826842511
43.956	0.387734580137248
43.996	0.388043217085169
44.036	0.388326924188505
44.076	0.388587117825182
44.116	0.38882536095366
44.156	0.38904336722112
44.196	0.389243060353465
44.236	0.389426626558588
44.276	0.389596560943346
44.316	0.389755689800722
44.356	0.389907115908272
44.396	0.390054147977708
44.436	0.390200237013914
44.476	0.390348894825138
44.516	0.390503600887996
44.556	0.390667752800027
44.596	0.390844572273409
44.636	0.391036926568404
44.676	0.391247087176225
44.716	0.391476488785656
44.756	0.391725475451267
44.796	0.391993082568433
44.836	0.39227689755694
44.876	0.392572991396946
44.916	0.392875941319062
44.956	0.393178942035547
44.996	0.393473969463912
45.036	0.393751993610522
45.076	0.394003274964916
45.116	0.394217716161393
45.156	0.394385261014349
45.196	0.394496344966456
45.236	0.394542367340136
45.276	0.394516120097023
45.316	0.394412124303699
45.356	0.394226839791145
45.396	0.393958737289495
45.436	0.393608256074685
45.476	0.39317767487114
45.516	0.392670938374749
45.556	0.392093463570518
45.596	0.391451895987984
45.636	0.390753813172296
45.676	0.390007412897603
45.716	0.389221198094447
45.756	0.38840363970462
45.796	0.387562895878318
45.836	0.386706634277971
45.876	0.385841920570556
45.916	0.384975166099821
45.956	0.384112142701952
45.996	0.383258001513923
46.036	0.382417310928531
46.076	0.381594161973908
46.116	0.380792284139488
46.156	0.380015172812591
46.196	0.379266264924581
46.236	0.378549062220145
46.276	0.377867120336987
46.316	0.3772240180258
46.356	0.376623333518864
46.396	0.376068570919188
46.436	0.37556307963564
46.476	0.375110020835336
46.516	0.374712288281216
46.556	0.374372406891553
46.596	0.374092450412491
46.636	0.373873880367455
46.676	0.373717346949661
46.716	0.373622568014753
46.756	0.373588304365285
46.796	0.373612397712122
46.836	0.373691951246428
46.876	0.373823546780613
46.916	0.374003400941319
46.956	0.374227447982548
46.996	0.3744913766011
47.036	0.374790580387298
47.076	0.375120079400176
47.116	0.375474441269716
47.156	0.375847813760402
47.196	0.376234078848711
47.236	0.37662712796805
47.276	0.37702119139044
47.316	0.377411159690155
47.356	0.377792783024006
47.396	0.378162726425899
47.436	0.37851852543622
47.476	0.37885839596288
