23.756	0.309229941807324
23.796	0.310592227190988
23.836	0.312092264318629
23.876	0.313723379568863
23.916	0.315480280504538
23.956	0.317359081929929
23.996	0.319356814660033
24.036	0.321470695570859
24.076	0.323697363740187
24.116	0.326032108247055
24.156	0.328468239945288
24.196	0.330996680331417
24.236	0.333605760813747
24.276	0.336281190560236
24.316	0.339006211099296
24.356	0.341761847238637
24.396	0.344527343123183
24.436	0.347280686610326
24.476	0.349999193711476
24.516	0.352660016430683
24.556	0.35524054769288
24.596	0.35771866358845
24.636	0.360072922826497
24.676	0.362282806447602
24.716	0.364329041284257
24.756	0.366194052442744
24.796	0.367862497938511
24.836	0.369321834544586
24.876	0.370562856369325
24.916	0.371580111842938
24.956	0.372372183657539
24.996	0.372941818515493
25.036	0.373295917563773
25.076	0.373445386656606
25.116	0.373404842427583
25.156	0.373192164212519
25.196	0.372827889061988
25.236	0.372334490072568
25.276	0.37173562264001
25.316	0.371055422016376
25.356	0.370317901933866
25.396	0.369546411792577
25.436	0.368763090632278
25.476	0.367988291704869
25.516	0.367239996698792
25.556	0.366533295222403
25.596	0.365880093282037
25.636	0.365289182073177
25.676	0.364766574753098
25.716	0.364315996854764
25.756	0.363939457047358
25.796	0.363637732293675
25.836	0.363410673029527
25.876	0.363257426554632
25.916	0.363176622324197
25.956	0.363166521466091
25.996	0.363225179006314
26.036	0.363350618618817
26.076	0.363540938141249
26.116	0.363794265132775
26.156	0.364108586876192
26.196	0.364481512461218
26.236	0.364910003927143
26.276	0.365390163700674
26.316	0.365917158868278
26.356	0.366485236186172
26.396	0.367087727010464
26.436	0.367717009984197
26.476	0.368364456446606
26.516	0.369020356120153
26.556	0.369673858248767
26.596	0.37031303267613
26.636	0.370925120318724
26.676	0.371496951761735
26.716	0.372015502278593
26.756	0.372468515936298
26.796	0.372845114117148
26.836	0.373136310604018
26.876	0.373335376292879
26.916	0.373437980172916
26.956	0.373442094353656
26.996	0.373347759486698
27.036	0.373156805511989
27.076	0.37287263892491
27.116	0.372500185688288
27.156	0.372045937990912
27.196	0.371517980449191
27.236	0.370925854281403
27.276	0.370280210826643
27.316	0.369592318410007
27.356	0.36887352423053
27.396	0.368134815268398
27.436	0.36738666082433
27.476	0.366639093750244
27.516	0.365901864849342
27.556	0.365184519870319
27.596	0.364496324733658
27.636	0.363845911232339
27.676	0.363240775127416
27.716	0.362686728555495
27.756	0.362187425760389
27.796	0.361744139108872
27.836	0.361355902416072
27.876	0.361019866566032
27.916	0.360731853941921
27.956	0.360487004040884
27.996	0.360280360613409
28.036	0.360107269926537
28.076	0.359963646773245
28.116	0.359846027163051
28.156	0.35975142004164
28.196	0.359677009898057
28.236	0.359619900489029
28.276	0.359576852767383
28.316	0.359544109182842
28.356	0.359517359769875
28.396	0.359491888393244
28.436	0.359462784982036
28.476	0.359425185043101
28.516	0.359374410661552
28.556	0.359306085313129
28.596	0.359216157918773
28.636	0.3591009176047
28.676	0.358957048107776
28.716	0.358781733418958
28.756	0.35857275406854
28.796	0.358328584143315
28.836	0.358048335909835
28.876	0.357731490751313
28.916	0.35737751382657
28.956	0.356985521915043
28.996	0.356553945170184
29.036	0.356080382837426
29.076	0.355561764926357
29.116	0.354994711367929
29.156	0.354375889405979
29.196	0.353702386646823
29.236	0.352971942012026
29.276	0.352182977217829
29.316	0.351334518791326
29.356	0.350426136956848
29.396	0.349457894322903
29.436	0.348430392699576
29.476	0.347344921905481
29.516	0.34620365251552
29.556	0.345009657528799
29.596	0.343766755814919
29.636	0.342479220385279
29.676	0.341151441412158
29.716	0.339787548116497
29.756	0.3383912518619
29.796	0.336965916526474
29.836	0.335514744823364
29.876	0.334041042921449
29.916	0.332548555235711
29.956	0.331041745866138
29.996	0.329526102775638
30.036	0.328008455234361
30.076	0.326497150458941
30.116	0.325002049449118
30.156	0.323534344407697
30.196	0.322106033398846
30.236	0.320729035951921
30.276	0.319414165131455
30.316	0.318170259713973
30.356	0.317003718253567
30.396	0.315918483359404
30.436	0.314916404729523
30.476	0.313997900261789
30.516	0.313162684205246
30.556	0.312410221723859
30.596	0.311739861550585
30.636	0.311150789449151
30.676	0.310641892962586
30.716	0.310211611950784
30.756	0.309857912511312
30.796	0.309578349899901
30.836	0.309370219465301
30.876	0.30923075690108
30.916	0.309157277204655
30.956	0.309147112230299
30.996	0.309197491710073
31.036	0.309305430464427
31.076	0.30946762314985
31.116	0.309680368239661
31.156	0.309939603776989
31.196	0.310240978264197
31.236	0.310579955131992
31.276	0.310951896044877
31.316	0.311352064162314
31.356	0.311775559322847
31.396	0.312217317953035
31.436	0.312672038478603
31.476	0.313134031476089
31.516	0.313597124097633
31.556	0.314054637844627
31.596	0.314499308471873
31.636	0.314923279405114
31.676	0.315318195619817
31.716	0.315675501751251
31.756	0.315986992537624
31.796	0.316245515557704
31.836	0.316445602457996
31.876	0.316583965471317
31.916	0.31665971934941
31.956	0.316674218206991
31.996	0.316630589274972
32.036	0.316533092921667
32.076	0.31638649186592
32.116	0.316195666469945
32.156	0.315965457377352
32.196	0.315700684844863
32.236	0.315406317893995
32.276	0.315087621650342
32.316	0.314750009406303
32.356	0.314398696064494
32.396	0.314038310933732
32.436	0.313672521062891
32.476	0.313303847702478
32.516	0.312933778250247
32.556	0.312563125104212
32.596	0.312192518391463
32.636	0.311822946602796
32.676	0.311456172386919
32.716	0.311094904625143
32.756	0.310742728244314
32.796	0.310403827302103
32.836	0.31008257344282
32.876	0.309783111448063
32.916	0.309509039814053
32.956	0.309263203303111
32.996	0.309047556040376
33.036	0.308863162420856
33.076	0.308710283098854
33.116	0.308588473362157
33.156	0.3084966554974
33.196	0.30843321805056
33.236	0.308396080181886
33.276	0.308382797406829
33.316	0.308390729389338
33.356	0.308417256869255
33.396	0.308460034030098
33.436	0.308517324717819
33.476	0.308588222254706
33.516	0.308672772422277
33.556	0.308772037235109
33.596	0.308888094475229
33.636	0.309023927293332
33.676	0.309183252924093
33.716	0.309370286232273
33.756	0.309589536343047
33.796	0.309845670016522
33.836	0.310143401192612
33.876	0.310487366511516
33.916	0.310882045094523
33.956	0.311331617474501
33.996	0.31183972269789
34.036	0.312409190843901
34.076	0.313041773051928
34.116	0.313737901246633
34.156	0.314496508838111
34.196	0.315315100040344
34.236	0.316190017207781
34.276	0.317116890493843
34.316	0.318091050667952
34.356	0.319107941626633
34.396	0.320163361115213
34.436	0.321253512719828
34.476	0.322374983508574
34.516	0.323524729281324
34.556	0.324699939486941
34.596	0.325898035206613
34.636	0.327116695950501
34.676	0.328353836787834
34.716	0.329607497771825
34.756	0.330875853306246
34.796	0.332157020470753
34.836	0.333448747278418
34.876	0.334748099761747
34.916	0.336051251937555
34.956	0.337353327656636
34.996	0.338648455633141
35.036	0.339930052589089
35.076	0.341191252348487
35.116	0.342425414924911
35.156	0.34362653430923
35.196	0.344789474691218
35.236	0.345910040862258
35.276	0.346984815933602
35.316	0.348010915185874
35.356	0.34898591828064
35.396	0.349907891251597
35.436	0.350775453309431
35.476	0.351587890626966
35.516	0.352345309178894
35.556	0.35304861956299
35.596	0.353699429760773
35.636	0.354299929994134
35.676	0.354852780491619
35.716	0.355360931817494
35.756	0.355827472888357
35.796	0.356255404492337
35.836	0.356647354843595
35.876	0.35700535911726
35.916	0.357330808874188
35.956	0.357624519789702
35.996	0.35788689885478
36.036	0.358118224691928
36.076	0.358318943051835
36.116	0.35848988296808
36.156	0.358632368284667
36.196	0.358748330174045
36.236	0.35884039393715
36.276	0.358911936344462
36.316	0.358967043387246
36.356	0.359010377357514
36.396	0.359046797691995
36.436	0.359080794278633
36.476	0.35911599642855
36.516	0.359154871105339
36.556	0.359198626356196
36.596	0.359247504214714
36.636	0.359301369438661
36.676	0.35936025512526
36.716	0.359424697667258
36.756	0.359495871581053
36.796	0.359575487293789
36.836	0.359665545677124
36.876	0.359768194932592
36.916	0.359885744268091
36.956	0.360020779062459
36.996	0.360176333567971
37.036	0.36035599480558
37.076	0.360563736380264
37.116	0.360803580690479
37.156	0.361079208744336
37.196	0.361393574827581
37.236	0.361748515345049
37.276	0.362144483129661
37.316	0.362580477729914
37.356	0.36305406058144
37.396	0.363561500526281
37.436	0.364098126837995
37.476	0.364658776198802
37.516	0.365238200491625
37.556	0.365831399864469
37.596	0.366433751104687
37.636	0.36704086935918
37.676	0.367648284847114
37.716	0.368251087830394
37.756	0.368843675474373
37.796	0.369419734385268
37.836	0.369972506212996
37.876	0.370495242207504
37.916	0.370981723187946
37.956	0.371426751866231
37.996	0.371826492912867
38.036	0.372178604995462
38.076	0.372482233929297
38.116	0.37273792342878
38.156	0.372947463261561
38.196	0.373113725301259
38.236	0.373240501637206
38.276	0.373332313003111
38.316	0.373394172655843
38.356	0.373431328059517
38.396	0.373449002373626
38.436	0.373452162152681
38.476	0.3734453395844
38.516	0.373432513373693
38.556	0.373417042940297
38.596	0.373401643312086
38.636	0.373388382222423
38.676	0.373378696341426
38.716	0.373373431563429
38.756	0.373372895597917
38.796	0.373376917267073
38.836	0.373384915599978
38.876	0.37339596897899
38.916	0.373408885366267
38.956	0.373422284536979
38.996	0.37343469682056
39.036	0.373444673885182
39.076	0.37345090724488
39.116	0.373452335487762
39.156	0.373448226578937
39.196	0.373438229273255
39.236	0.373422393349152
39.276	0.373401167746515
39.316	0.373375384835207
39.356	0.373346234076841
39.396	0.373315217103105
39.436	0.373284080498188
39.476	0.373254721266555
39.516	0.373229090096707
39.556	0.373209089667391
39.596	0.373196473069662
39.636	0.37319273583352
39.676	0.373198987949301
39.716	0.373215764909553
39.756	0.373242797129613
39.796	0.373278762848763
39.836	0.373321072187842
39.876	0.373365725764096
39.916	0.373407278804642
39.956	0.373438889404262
39.996	0.373452434663413
40.036	0.37343867528562
40.076	0.373387461949356
40.116	0.373288008108794
40.156	0.373129253438343
40.196	0.372900310941866
40.236	0.372590979676595
40.276	0.372192267518976
40.316	0.371696867389851
40.356	0.371099596402182
40.396	0.370397841741344
40.436	0.369592023474944
40.476	0.368686108832115
40.516	0.36768815711357
40.556	0.366610813179612
40.596	0.36547165992706
40.636	0.364293377360546
40.676	0.363103614161297
40.716	0.361934568743401
40.756	0.360822287513393
40.796	0.359805765308742
40.836	0.358926028946506
40.876	0.358225406114848
40.916	0.357747113040283
40.956	0.357535243608929
40.996	0.35763501638035
41.036	0.358092952868695
41.076	0.358956619182031
41.116	0.360273591736238
41.156	0.362089484653517
41.196	0.364445096616116
41.236	0.367372929260448
41.276	0.370893563239058
41.316	0.375012223310442
41.356	0.379715814218507
41.396	0.384970732845453
41.436	0.390721704519642
41.476	0.396891490622004
41.516	0.40338167177125
41.556	0.410074202412851
41.596	0.416833953235788
41.636	0.423512511770319
41.676	0.429953042887909
41.716	0.43599574125917
41.756	0.44148415674254
41.796	0.446271609594866
41.836	0.450226654978358
41.876	0.453237380945147
41.916	0.45521489886459
41.956	0.456095622340762
41.996	0.455842925165705
42.036	0.454448620163554
42.076	0.451934378413561
42.116	0.448352627914765
42.156	0.443787104844368
42.196	0.438352047079256
42.236	0.432189377188415
42.276	0.425463593166249
42.316	0.418355117139718
42.356	0.411052162083017
42.396	0.403742053862054
42.436	0.396602958766884
42.476	0.389796882149646
42.516	0.383464026597174
42.556	0.377718925667089
42.596	0.372648091038876
42.636	0.368309082140705
42.676	0.364730883463601
42.716	0.361915472509985
42.756	0.359840233088953
42.796	0.358461214258874
42.836	0.357717130255018
42.876	0.357533908331241
42.916	0.357829492162743
42.956	0.35851847840015
42.996	0.359516116867574
43.036	0.360741375525969
43.076	0.362118981664104
43.116	0.363580591424572
43.156	0.365065376413689
43.196	0.366520304561668
43.236	0.367900348746211
43.276	0.36916865193583
43.316	0.370296564205283
43.356	0.371263468321864
43.396	0.372056352015612
43.436	0.372669124196157
43.476	0.373101782202404
43.516	0.373359523496468
43.556	0.373451859071842
43.596	0.373391768582756
43.636	0.373194892595642
43.676	0.372878722032418
43.716	0.372461764041979
43.756	0.371962716867664
43.796	0.371399711145607
43.836	0.370789648686944
43.876	0.370147749559287
43.916	0.369487310152429
43.956	0.36881963277775
43.996	0.368154120322025
44.036	0.367498524445772
44.076	0.36685917997152
44.116	0.366241251608976
44.156	0.365649002366148
44.196	0.365086002473411
44.236	0.364555256583024
44.276	0.364059420851753
44.316	0.36360096715341
44.356	0.363182221078993
44.396	0.36280531789091
44.436	0.362472079794792
44.476	0.362183770863304
44.516	0.361940832897822
44.556	0.361742705990558
44.596	0.36158773495125
44.636	0.361473277705976
44.676	0.36139595462074
44.716	0.361351968986206
44.756	0.361337362993673
44.796	0.361348177994692
44.836	0.36138042132395
44.876	0.361430039497911
44.916	0.361492975574713
44.956	0.361565374773555
44.996	0.361643930617497
45.036	0.361726418143313
45.076	0.361812153965353
45.116	0.361902266398396
45.156	0.361999619840184
45.196	0.362108449071535
45.236	0.36223366186757
45.276	0.362380030360178
45.316	0.362551391759659
45.356	0.362750066141778
45.396	0.362976569129749
45.436	0.363229740645828
45.476	0.363507106637904
45.516	0.363805288443324
45.556	0.364120422392624
45.596	0.364448549350293
45.636	0.364785878519079
45.676	0.36512892627686
45.716	0.36547461903853
45.756	0.365820326378632
45.796	0.366163894604533
45.836	0.366503647801402
45.876	0.366838340437532
45.916	0.36716705003996
45.956	0.367489051666375
45.996	0.36780361338301
46.036	0.368109814431612
46.076	0.368406480177576
46.116	0.368692241456806
46.156	0.368965671429486
46.196	0.369225497835821
46.236	0.369470727685346
46.276	0.36970067622547
46.316	0.369914956062125
46.356	0.370113384152255
46.396	0.370295843869364
46.436	0.370462234065108
46.476	0.370612492959673
46.516	0.370746625005971
46.556	0.370864748628996
46.596	0.370967108682542
46.636	0.371054012656906
46.676	0.371125700533092
46.716	0.371182217595837
46.756	0.371223267272079
46.796	0.371248091233888
46.836	0.371255391431667
46.876	0.371243257667111
46.916	0.371209095574237
46.956	0.371149576458656
46.996	0.37106057822961
47.036	0.370937120960484
47.076	0.370773295112564
47.116	0.370562181024376
47.156	0.370295757855807
47.196	0.369964789266952
47.236	0.369558676423104
47.276	0.369065302770188
47.316	0.368470895966873
47.356	0.367759956324072
47.396	0.366915342588065
47.436	0.365918559197716
47.476	0.364750268265844
