23.756	0.34156556661636
23.796	0.339439083439096
23.836	0.337227541227868
23.876	0.334937095733999
23.916	0.332574303909659
23.956	0.33014590027134
23.996	0.327658612691373
24.036	0.325119066908748
24.076	0.322533819941462
24.116	0.319909487390568
24.156	0.317252829047611
24.196	0.31457081726456
24.236	0.311870670622817
24.276	0.309159800935198
24.316	0.306445756945642
24.356	0.30373632305426
24.396	0.301039647687169
24.436	0.298364348088107
24.476	0.29571955227545
24.516	0.293114775652292
24.556	0.290559542650477
24.596	0.288062970029806
24.636	0.285633377348596
24.676	0.283277956258026
24.716	0.281002659741738
24.756	0.278812351997608
24.796	0.276711066954213
24.836	0.274702331260166
24.876	0.272789490909311
24.916	0.270975926906068
24.956	0.269265138166979
24.996	0.267660750967003
25.036	0.266166455295796
25.076	0.264785848302488
25.116	0.263522185882287
25.156	0.262378071269545
25.196	0.26135510250041
25.236	0.2604535235211
25.276	0.259671977476934
25.316	0.25900738419292
25.356	0.258454965236801
25.396	0.258008392703722
25.436	0.257660016818129
25.476	0.257401097002379
25.516	0.257222031663012
25.556	0.257112591419975
25.596	0.257062170696649
25.636	0.257060075173008
25.676	0.257095829215693
25.716	0.257159453785526
25.756	0.257241677149302
25.796	0.257334048970613
25.836	0.257428972957975
25.876	0.257519723554019
25.916	0.257600481080509
25.956	0.257666423533699
25.996	0.257713880044371
26.036	0.257740491406985
26.076	0.257745295492889
26.116	0.257728713245477
26.156	0.25769241711955
26.196	0.257639103955988
26.236	0.25757223350039
26.276	0.257495787709708
26.316	0.257414062790396
26.356	0.257331509791648
26.396	0.257252609943428
26.436	0.257181761708331
26.476	0.257123178428195
26.516	0.257080822582147
26.556	0.257058387195194
26.596	0.25705932429738
26.636	0.257086898397439
26.676	0.257144231165206
26.716	0.257234303373302
26.756	0.257359911800442
26.796	0.257523602216374
26.836	0.257727603815148
26.876	0.257973772399346
26.916	0.258263552996233
26.956	0.258597941920108
26.996	0.258977441545348
27.036	0.259402012380654
27.076	0.259871040846086
27.116	0.260383337479531
27.156	0.260937209005924
27.196	0.261530591950667
27.236	0.262161229838149
27.276	0.262826832667407
27.316	0.263525221902022
27.356	0.264254394288891
27.396	0.265012541263296
27.436	0.265798018700373
27.476	0.266609356634923
27.516	0.267445276365585
27.556	0.26830475438225
27.596	0.269187178744424
27.636	0.27009251099026
27.676	0.271021402377066
27.716	0.271975318017631
27.756	0.27295660541666
27.796	0.273968400079873
27.836	0.275014420616905
27.876	0.276098699235
27.916	0.277225157037101
27.956	0.278397119301637
27.996	0.279616911144295
28.036	0.280885550258127
28.076	0.282202595992992
28.116	0.283566267737164
28.156	0.284973765034742
28.196	0.28642160525181
28.236	0.287905985496927
28.276	0.289423111023744
28.316	0.290969386381654
28.356	0.292541480202495
28.396	0.294136397386005
28.436	0.295751517570771
28.476	0.297384534245744
28.516	0.29903333442504
28.556	0.300695752832731
28.596	0.302369175226239
28.636	0.304050166869253
28.676	0.305734267395614
28.716	0.307415985165015
28.756	0.309089074448401
28.796	0.310747030740977
28.836	0.312383566017353
28.876	0.313993013177274
28.916	0.315570600369846
28.956	0.317112551281092
28.996	0.318616121795479
29.036	0.320079668535705
29.076	0.321502657835332
29.116	0.322885723485008
29.156	0.324230653913638
29.196	0.325540183339193
29.236	0.326817595170219
29.276	0.328066260929226
29.316	0.329289096327791
29.356	0.330488201918634
29.396	0.331664798034915
29.436	0.332819354992431
29.476	0.333951827810814
29.516	0.335061997819388
29.556	0.336149661564114
29.596	0.337214655406775
29.636	0.338256796865515
29.676	0.339275811004477
29.716	0.340271189743
29.756	0.341242199604615
29.796	0.342187940320393
29.836	0.343107407377893
29.876	0.343999549902001
29.916	0.34486338943902
29.956	0.345698071230181
29.996	0.3465028612355
30.036	0.347277244492453
30.076	0.348021108997095
30.116	0.348734831058387
30.156	0.349419311215009
30.196	0.35007596948487
30.236	0.350706646072389
30.276	0.351313374604665
30.316	0.351898191777359
30.356	0.352462923393738
30.396	0.353008987735784
30.436	0.353537327428889
30.476	0.35404839724773
30.516	0.354542136303017
30.556	0.355018006081458
30.596	0.355475063107114
30.636	0.355911947099564
30.676	0.356326832685021
30.716	0.356717361807533
30.756	0.357080564692431
30.796	0.357412808060424
30.836	0.357709890700043
30.876	0.357967315254932
30.916	0.358180743139862
30.956	0.358346484046272
30.996	0.358461905960517
31.036	0.358525631329961
31.076	0.358537540834043
31.116	0.358498548488377
31.156	0.358410267201087
31.196	0.358274644385368
31.236	0.35809367467359
31.276	0.357869249105384
31.316	0.357603084462873
31.356	0.357296668409383
31.396	0.356951304955409
31.436	0.356568148936823
31.476	0.356148199932868
31.516	0.355692312178753
31.556	0.355201258630977
31.596	0.354675771538034
31.636	0.354116581071303
31.676	0.353524422091319
31.716	0.352900000222228
31.756	0.352244024219111
31.796	0.351557353030564
31.836	0.350841179473228
31.876	0.350097186803573
31.916	0.349327697338062
31.956	0.348535743613134
31.996	0.34772496107194
32.036	0.346899383798949
32.076	0.346063147442315
32.116	0.345220124130996
32.156	0.344373544989047
32.196	0.343525753907947
32.236	0.342678107131256
32.276	0.341831036135225
32.316	0.340984331502163
32.356	0.340137606887673
32.396	0.339290761683536
32.436	0.338444393060108
32.476	0.337600096613365
32.516	0.336760590060059
32.556	0.335929647605674
32.596	0.335111978132794
32.636	0.33431300003398
32.676	0.333538503383259
32.716	0.332794303080185
32.756	0.332085832897
32.796	0.331417657264346
32.836	0.33079308068239
32.876	0.330213963486678
32.916	0.329680714536245
32.956	0.329192426881427
32.996	0.328747062558158
33.036	0.328341557351926
33.076	0.327971853328812
33.116	0.327632856496216
33.156	0.327318359896118
33.196	0.327021147804352
33.236	0.326733396411278
33.276	0.326447209836296
33.316	0.326155145513603
33.356	0.32585065108703
33.396	0.325528261198336
33.436	0.32518355207268
33.476	0.324813107299057
33.516	0.32441454142451
33.556	0.323986646380469
33.596	0.323529732027588
33.636	0.323046033431957
33.676	0.322539898196901
33.716	0.322017674516623
33.756	0.321487355209577
33.796	0.32095800897644
33.836	0.320439115389128
33.876	0.319940082775325
33.916	0.319470101886516
33.956	0.319038241193503
33.996	0.318653692656959
34.036	0.31832601833451
34.076	0.318065205414293
34.116	0.317881460537912
34.156	0.317784892563914
34.196	0.317785128830174
34.236	0.317890957358252
34.276	0.318110082296407
34.316	0.318449053034321
34.356	0.318913272213074
34.396	0.319506964326983
34.436	0.320233061667558
34.476	0.321093080867008
34.516	0.322087054183648
34.556	0.323213597688955
34.596	0.324470193234212
34.636	0.325853637334284
34.676	0.327360507991152
34.716	0.328987572554318
34.756	0.330731991673609
34.796	0.33259121001138
34.836	0.334562573653464
34.876	0.336642902594541
34.916	0.338828096201034
34.956	0.341112841140578
34.996	0.343490510247811
35.036	0.345953214925366
35.076	0.348491897125676
35.116	0.351096445342158
35.156	0.353755843584644
35.196	0.356458375903948
35.236	0.359191908929382
35.276	0.361944302120072
35.316	0.364703849620419
35.356	0.367459632305575
35.396	0.370201640499495
35.436	0.372920658400396
35.476	0.375607898280315
35.516	0.378254504882484
35.556	0.380851105589493
35.596	0.383387594585706
35.636	0.385853161799908
35.676	0.388236524425714
35.716	0.390526232915171
35.756	0.392711006173265
35.796	0.394780005490723
35.836	0.396723068570388
35.876	0.398530940967866
35.916	0.400195546119129
35.956	0.401710239076344
35.996	0.403070030386992
36.036	0.404271740665074
36.076	0.405314041128143
36.116	0.406197381057744
36.156	0.406923868228169
36.196	0.407497136999119
36.236	0.407922241780987
36.276	0.408205591921124
36.316	0.408354888639302
36.356	0.408379021946722
36.396	0.408287921563179
36.436	0.408092371426498
36.476	0.407803818682957
36.516	0.407434214435192
36.556	0.406995899866409
36.596	0.406501525994024
36.636	0.405963980929435
36.676	0.405396280169519
36.716	0.404811400831271
36.756	0.404222058431053
36.796	0.403640461136227
36.836	0.40307807171876
36.876	0.402545414922479
36.916	0.402051947425569
36.956	0.401605986251148
36.996	0.40121465658023
37.036	0.400883847957168
37.076	0.400618164505339
37.116	0.400420860020198
37.156	0.40029377654195
37.196	0.400237305303015
37.236	0.400250375508698
37.276	0.400330484939722
37.316	0.400473759831065
37.356	0.400675021196797
37.396	0.400927862958035
37.436	0.401224729425699
37.476	0.40155698207672
37.516	0.401914998519707
37.556	0.402288314548706
37.596	0.402665808289292
37.636	0.403035965483404
37.676	0.403387236271293
37.716	0.403708414205276
37.756	0.403989042058321
37.796	0.404219835614576
37.836	0.404393059230777
37.876	0.404502822355759
37.916	0.404545334788786
37.956	0.404519065193931
37.996	0.404424770365601
38.036	0.404265425308687
38.076	0.404046068103973
38.116	0.403773556269776
38.156	0.403456292550338
38.196	0.403103963955139
38.236	0.402727303386506
38.276	0.402337879071347
38.316	0.40194789703812
38.356	0.401569961959545
38.396	0.401216788204373
38.436	0.400900885642351
38.476	0.400634243702335
38.516	0.400428018033857
38.556	0.400292210025945
38.596	0.400235322947417
38.636	0.400263987004699
38.676	0.400382562607085
38.716	0.400592776032589
38.756	0.40089345274648
38.796	0.401280392523965
38.836	0.40174641415458
38.876	0.4022815544105
38.916	0.402873374901183
38.956	0.403507342366787
38.996	0.404167260852908
39.036	0.404835731952936
39.076	0.405494643879386
39.116	0.406125663746813
39.156	0.406710691343697
39.196	0.407232258765895
39.236	0.407673876965866
39.276	0.408020307910554
39.316	0.408257775256338
39.356	0.408374120588711
39.396	0.408358895464538
39.436	0.408203391969288
39.476	0.407900626640917
39.516	0.407445281818092
39.556	0.4068336125708
39.596	0.40606332544575
39.636	0.405133421563825
39.676	0.404044024880513
39.716	0.402796192262365
39.756	0.401391711380136
39.796	0.39983292111615
39.836	0.398122616320315
39.876	0.39626402487368
39.916	0.394260896464708
39.956	0.39211774791044
39.996	0.389840190680466
40.036	0.387435253101351
40.076	0.384911667611867
40.116	0.382280041211224
40.156	0.37955284270452
40.196	0.376744265798315
40.236	0.373869935840837
40.276	0.370946505473306
40.316	0.36799119241072
40.356	0.365021301098771
40.396	0.362053726395224
40.436	0.359104638453594
40.476	0.356189375608729
40.516	0.353322584251295
40.556	0.350518520473877
40.596	0.347791385494354
40.636	0.345155492356788
40.676	0.342625267637807
40.716	0.340214987766664
40.756	0.337938333329753
40.796	0.335807990548567
40.836	0.333835431394569
40.876	0.332030744712405
40.916	0.330402581840183
40.956	0.328958148909116
40.996	0.327703101815423
41.036	0.326641297086574
41.076	0.325774542627052
41.116	0.325102367761197
41.156	0.324621897999371
41.196	0.324327883938501
41.236	0.324212844268125
41.276	0.324267313881045
41.316	0.324480207154515
41.356	0.324839258103886
41.396	0.32533147051587
41.436	0.325943629558118
41.476	0.326662904608391
41.516	0.327477355849645
41.556	0.328376294176273
41.596	0.329350494074411
41.636	0.330392202340725
41.676	0.331494849014568
41.716	0.332652586376035
41.756	0.333859821604896
41.796	0.335110855370537
41.836	0.336399688376282
41.876	0.337720005703609
41.916	0.339065354066172
41.956	0.340429485027038
41.996	0.34180675082721
42.036	0.343192421230491
42.076	0.344582841978756
42.116	0.345975527626585
42.156	0.347369116386368
42.196	0.348763197203589
42.236	0.350158043851415
42.276	0.351554399986078
42.316	0.352953330929061
42.356	0.354356192377956
42.396	0.355764673674308
42.436	0.357180933385088
42.476	0.358607729764422
42.516	0.36004846152408
42.556	0.361506967575117
42.596	0.362987195666371
42.636	0.364492826779617
42.676	0.366026860758616
42.716	0.367591206454385
42.756	0.369186502207562
42.796	0.370812104342427
42.836	0.37246619204749
42.876	0.37414596809446
42.916	0.375847821425417
42.956	0.377567352176222
42.996	0.379299398858798
43.036	0.381038052990256
43.076	0.382776631568795
43.116	0.384507805833771
43.156	0.386223879274773
43.196	0.387917045993269
43.236	0.389579612979894
43.276	0.39120422680994
43.316	0.392783959169456
43.356	0.394312294028616
43.396	0.395783081646151
43.436	0.397190483203978
43.476	0.398528977944515
43.516	0.399793497118573
43.556	0.4009795590488
43.596	0.402083364787778
43.636	0.403101840871265
43.676	0.404032622165992
43.716	0.404873980000296
43.756	0.405624749544167
43.796	0.406284272811668
43.836	0.406852372864783
43.876	0.407329335721535
43.916	0.407715877206023
43.956	0.408013088180432
43.996	0.408222380449466
44.036	0.40834545477076
44.076	0.408384313713462
44.116	0.408341327168323
44.156	0.408219332503471
44.196	0.408021739615627
44.236	0.407752617897806
44.276	0.407416761232888
44.316	0.407019749908805
44.356	0.406568031340178
44.396	0.406069016168338
44.436	0.405531168266144
44.476	0.404964058642598
44.516	0.404378353147557
44.556	0.403785713088801
44.596	0.403198614370744
44.636	0.402630095672741
44.676	0.402093458310098
44.716	0.401601942841914
44.756	0.401168396994528
44.796	0.400804956975058
44.836	0.400522773368742
44.876	0.400331821435422
44.916	0.400240822277418
44.956	0.400257277727768
44.996	0.400387593188377
45.036	0.400637236473322
45.076	0.401010868142485
45.116	0.40151241512725
45.156	0.402145095561927
45.196	0.402911418045299
45.236	0.403813189438488
45.276	0.404851577103635
45.316	0.406027220181834
45.356	0.407340345022185
45.396	0.408790848199423
45.436	0.410378333511339
45.476	0.412102085750455
45.516	0.41396095937673
45.556	0.415953180566724
45.596	0.418076082278411
45.636	0.420325807305083
45.676	0.422697036234602
45.716	0.425182802384221
45.756	0.427774470804643
45.796	0.430461982359041
45.836	0.43323442589854
45.876	0.436080776818493
45.916	0.438990570557898
45.956	0.441954419440172
45.996	0.444964186526498
46.036	0.448012695452455
46.076	0.451092890795159
46.116	0.454196801152612
46.156	0.45731450656384
46.196	0.460433277639105
46.236	0.463536957098647
46.276	0.466605747898562
46.316	0.46961621811996
46.356	0.472541522757005
46.396	0.47535177994677
46.436	0.478014468335424
46.476	0.480494711954655
46.516	0.482755649962193
46.556	0.484759082430564
46.596	0.486466363068125
46.636	0.487839646337669
46.676	0.488843659287021
46.716	0.489447771788313
46.756	0.489628099549769
46.796	0.489369383036369
46.836	0.488666153138773
46.876	0.487522961598181
46.916	0.48595374753986
46.956	0.483980544982664
46.996	0.481631774742276
47.036	0.478940731706068
47.076	0.475944520527655
47.116	0.472683247375151
47.156	0.469199221068486
47.196	0.465536170669985
47.236	0.46173818930847
47.276	0.457848552629052
47.316	0.453908762358928
47.356	0.449957822650667
47.396	0.446031744611581
47.436	0.442163346946039
47.476	0.438382173656684
