0.036	0.0447111085694871
0.076	0.0449442908749518
0.116	0.0452521811235727
0.156	0.0456285047108338
0.196	0.0460668674660667
0.236	0.0465607833214392
0.276	0.047103701326904
0.316	0.0476890315075309
0.356	0.0483101664168828
0.396	0.0489605085512324
0.436	0.0496335072000136
0.476	0.0503227000476443
0.516	0.0510217552121333
0.556	0.0517245089559708
0.596	0.0524249949858984
0.636	0.0531174621821435
0.676	0.0537963866764528
0.716	0.054456483039047
0.756	0.0550927145287403
0.796	0.0557003045244926
0.836	0.0562747512406929
0.876	0.0568118439046827
0.916	0.0573076792503855
0.956	0.057758681261447
0.996	0.0581616207349214
1.036	0.0585136336386256
1.076	0.0588122415356054
1.116	0.0590553717160844
1.156	0.0592413703520549
1.196	0.0593690096256694
1.236	0.0594374898030026
1.276	0.0594464350315604
1.316	0.0593958846095859
1.356	0.0592862841452018
1.396	0.0591184776127704
1.436	0.0588937034442267
1.476	0.0586135943810575
1.516	0.0582801746049597
1.556	0.057895853448457
1.596	0.0574634153637987
1.636	0.0569860057618996
1.676	0.0564671123416645
1.716	0.0559105454752569
1.756	0.0553204188359757
1.796	0.054701128167352
1.836	0.0540573277495184
1.876	0.0533939060502746
1.916	0.0527159598185278
1.956	0.0520287692703789
1.996	0.0513377768131988
2.036	0.0506485703333226
2.076	0.0499668682693084
2.116	0.0492985047501691
2.156	0.0486494108345426
2.196	0.0480255894492245
2.236	0.0474330856624476
2.276	0.0468779558546828
2.316	0.0463662384474048
2.356	0.0459039270041615
2.396	0.0454969453425917
2.436	0.0451511215962057
2.476	0.0448721602698186
2.516	0.0446656129529686
2.556	0.0445368482716333
2.596	0.0444910228252127
2.636	0.0445330550293477
2.676	0.0446676018260916
2.716	0.0448990367899853
2.756	0.0452314277119115
2.796	0.0456685111606419
2.836	0.0462136643298834
2.876	0.0468698754888521
2.916	0.0476397157423492
2.956	0.048525314219745
2.996	0.0495283401299673
3.036	0.0506499889151257
3.076	0.05189097160806
3.116	0.0532515049345363
3.156	0.0547312992096352
3.196	0.0563295400404229
3.236	0.0580448653970507
3.276	0.0598753424660003
3.316	0.0618184511945401
3.356	0.0638710777393214
3.396	0.0660295256573136
3.436	0.0682895492872433
3.476	0.0706464051672242
3.516	0.0730949154468021
3.556	0.0756295374255842
3.596	0.0782444249652485
3.636	0.0809334640552208
3.676	0.083690291163208
3.716	0.086508297202414
3.756	0.0893806186417407
3.796	0.092300133401892
3.836	0.0952594824796336
3.876	0.0982511019065271
3.916	0.101267258091639
3.956	0.104300091614675
3.996	0.107341646971605
4.036	0.110383866940083
4.076	0.11341857027989
4.116	0.116437418283425
4.156	0.119431857932398
4.196	0.122393055268077
4.236	0.125311820933433
4.276	0.128178505619104
4.316	0.130982854009716
4.356	0.133713825118178
4.396	0.136359380378821
4.436	0.13890625085466
4.476	0.141339718411132
4.516	0.14364344803522
4.556	0.145799416168842
4.596	0.147788008209744
4.636	0.14958838444889
4.676	0.151179196528005
4.716	0.152539666317494
4.756	0.153650879355013
4.796	0.154528182498552
4.836	0.155088366629741
4.876	0.155343681943265
4.916	0.155308783522372
4.956	0.154999943579242
4.996	0.154434368768506
5.036	0.153629763845458
5.076	0.152604159415631
5.116	0.151375834815042
5.156	0.149963321987343
5.196	0.148385465432767
5.236	0.14666148128083
5.276	0.144810942230265
5.316	0.14285364281713
5.356	0.140809299956544
5.396	0.138697122186642
5.436	0.136535398077882
5.476	0.134341232687945
5.516	0.132130449394595
5.556	0.1299175994221
5.596	0.127715997581987
5.636	0.125537719479865
5.676	0.123393537005313
5.716	0.121292840807314
5.756	0.119243614976909
5.796	0.117252570963956
5.836	0.115325451705161
5.876	0.113467443380671
5.916	0.111683541816234
5.956	0.109978721807579
5.996	0.108357880798508
6.036	0.106825581034201
6.076	0.105385694813094
6.116	0.104041088122557
6.156	0.102793501418006
6.196	0.101643707468014
6.236	0.10059182349184
6.276	0.0996375491191657
6.316	0.0987802218069476
6.356	0.0980186588833192
6.396	0.0973508710056024
6.436	0.0967737658553176
6.476	0.0962829972551731
6.516	0.0958730479311924
6.556	0.0955374610613831
6.596	0.0952691086798012
6.636	0.0950604215793618
6.676	0.0949035268890412
6.716	0.0947903539223773
6.756	0.0947127842026703
6.796	0.0946628950171089
6.836	0.0946332850406151
6.876	0.0946174308599552
6.916	0.0946100177376081
6.956	0.0946072149158113
6.996	0.0946068911606517
7.036	0.0946087723047526
7.076	0.0946145380799521
7.116	0.0946278509962895
7.156	0.0946543208916921
7.196	0.0947014039912517
7.236	0.0947782241702839
7.276	0.0948952822740239
7.316	0.0950640068155337
7.356	0.0952961168203785
7.396	0.0956028250333958
7.436	0.095993978792734
7.476	0.0964773089303321
7.516	0.097057919307872
7.556	0.0977381319494839
7.596	0.0985176133605137
7.636	0.0993937085464438
7.676	0.100361841868846
7.716	0.101415915937707
7.756	0.102548585769881
7.796	0.103751506224029
7.836	0.105015562377474
7.876	0.106331096155088
7.916	0.107688162918294
7.956	0.10907690081055
7.996	0.110488010204875
8.036	0.111913238464751
8.076	0.113345786893944
8.116	0.114780610982194
8.156	0.116214436556419
8.196	0.117645365254361
8.236	0.119072192182472
8.276	0.120493593765815
8.316	0.121907240066378
8.356	0.123309133493478
8.396	0.124693479462422
8.436	0.12605293134618
8.476	0.127379082758296
8.516	0.128663206698832
8.556	0.129896929261065
8.596	0.131072573146241
8.636	0.132183345183705
8.676	0.133223369702222
8.716	0.134187413478429
8.756	0.13507058078801
8.796	0.135868158932311
8.836	0.136575456678997
8.876	0.13718760071751
8.916	0.137699516049196
8.956	0.138105980638528
8.996	0.138401751565965
9.036	0.138581700370082
9.076	0.138641010807049
9.116	0.138575347126334
9.156	0.138380979149588
9.196	0.138054864916398
9.236	0.137594705582387
9.276	0.136998984885196
9.316	0.136267114247033
9.356	0.135399788949655
9.396	0.134399360572104
9.436	0.133270051109633
9.476	0.132018049714247
9.516	0.130651423368192
9.556	0.129179728191929
9.596	0.127613550552127
9.636	0.125964195628285
9.676	0.124243640740872
9.716	0.12246460413121
9.756	0.120640695566379
9.796	0.118786416963758
9.836	0.11691690268691
9.876	0.115047365640635
9.916	0.113192461908625
9.956	0.111365801534191
9.996	0.109579690484111
10.036	0.107845287501789
10.076	0.106173038106277
10.116	0.104573042259915
10.156	0.103055281631555
10.196	0.101629773319559
10.236	0.100306576246112
10.276	0.0990957531475374
10.316	0.0980074178447978
10.356	0.0970517540453955
10.396	0.0962389531671874
10.436	0.0955791443323619
10.476	0.0950821581735966
10.516	0.0947570652038365
10.556	0.0946116233911596
10.596	0.0946517506065874
10.636	0.0948811103435361
10.676	0.0953009080903939
10.716	0.0959099281595428
10.756	0.0967047762092648
10.796	0.0976802116406077
10.836	0.0988294103441802
10.876	0.100144072197992
10.916	0.101614413209006
10.956	0.103228939544849
10.996	0.104974134199963
11.036	0.10683425956293
11.076	0.108791387679403
11.116	0.110825472836751
11.156	0.112914728909203
11.196	0.115036310716306
11.236	0.117167153137615
11.276	0.119284592916642
11.316	0.121366772458629
11.356	0.123392634661684
11.396	0.12534170101948
11.436	0.127193877403315
11.476	0.128929635336377
11.516	0.130530457249094
11.556	0.131979642974869
11.596	0.13326295114706
11.636	0.134368846442698
11.676	0.13528835762628
11.716	0.136015004108714
11.756	0.136544630081346
11.796	0.136875545654604
11.836	0.137009163092529
11.876	0.136950697576395
11.916	0.136709411724411
11.956	0.136298392566033
11.996	0.135733636742117
12.036	0.135032630507283
12.076	0.134212981098557
12.116	0.133291214514415
12.156	0.132281904956074
12.196	0.13119730078887
12.236	0.130047330404636
12.276	0.128839577233606
12.316	0.127579543827721
12.356	0.126271363841511
12.396	0.124918703131115
12.436	0.123525650745506
12.476	0.122097585438908
12.516	0.120641662769501
12.556	0.119166704761412
12.596	0.117682595071301
12.636	0.116199682799731
12.676	0.114728152284897
12.716	0.113277586904118
12.756	0.111856856408764
12.796	0.110474277672353
12.836	0.109137804946982
12.876	0.107855125582844
12.916	0.106633422191237
12.956	0.105478841109928
12.996	0.104396037663818
13.036	0.103387898988743
13.076	0.102455458379751
13.116	0.101598037904182
13.156	0.100813564524159
13.196	0.100098889572067
13.236	0.0994500103277858
13.276	0.0988622211217915
13.316	0.098330246029235
13.356	0.0978484030309801
13.396	0.0974108818583943
13.436	0.0970120863518247
13.476	0.0966470002423279
13.516	0.0963115283776972
13.556	0.0960028204226973
13.596	0.095719441909992
13.636	0.0954614005829626
13.676	0.0952301010237591
13.716	0.0950282362283019
13.756	0.0948595997489861
13.796	0.0947289329457703
13.836	0.0946418493748808
13.876	0.0946047727652086
13.916	0.0946248495976647
13.956	0.0947097895760152
13.996	0.0948676055919293
14.036	0.0951062917488059
14.076	0.0954335032558475
14.116	0.0958563038085316
14.156	0.0963810546364527
14.196	0.0970134172469557
14.236	0.0977583508100679
14.276	0.0986200326182711
14.316	0.0996016628176619
14.356	0.100705134990307
14.396	0.101930617394544
14.436	0.103276266351997
14.476	0.104738158720323
14.516	0.106310444974753
14.556	0.107985723706179
14.596	0.109755644142325
14.636	0.111611602680426
14.676	0.113545341690013
14.716	0.115549267575091
14.756	0.117616430602936
14.796	0.119740116678656
14.836	0.12191320546188
14.876	0.124127375858336
14.916	0.126372450124279
14.956	0.12863602181622
14.996	0.130903512216548
15.036	0.133158661703845
15.076	0.135384317156308
15.116	0.137563141955951
15.156	0.13967814644073
15.196	0.141713000119665
15.236	0.143652103080655
15.276	0.145480559740918
15.316	0.147184302216345
15.356	0.148750313241862
15.396	0.15016695057642
15.436	0.151424310614146
15.476	0.152514470425729
15.516	0.153431552978248
15.556	0.154171712777043
15.596	0.154733090986895
15.636	0.155115812010422
15.676	0.155322080925487
15.716	0.15535632128686
15.756	0.155225217846521
15.796	0.154937579683434
15.836	0.154504007502652
15.876	0.153936507780344
15.916	0.153248229230883
15.956	0.152453432187372
15.996	0.151567742565561
16.036	0.150608532716689
16.076	0.149595085670484
16.116	0.148548312531034
16.156	0.147490026261124
16.196	0.146441916183619
16.236	0.14542448663687
16.276	0.144456311417713
16.316	0.143553731530034
16.356	0.142730832213545
16.396	0.141999529140918
16.436	0.141369567123377
16.476	0.140848223095873
16.516	0.140439865869041
16.556	0.140145636955879
16.596	0.139963398318514
16.636	0.139887934551581
16.676	0.13991140188881
16.716	0.140023949443957
16.756	0.140214307954608
16.796	0.140470372499436
16.836	0.140779825624151
16.876	0.14113075587025
16.916	0.141512258657741
16.956	0.141914936685083
16.996	0.142331200531885
17.036	0.142755407346272
17.076	0.143183815392348
17.116	0.143614350246736
17.156	0.144046260566682
17.196	0.144479762033257
17.236	0.144915680931177
17.276	0.145355132722898
17.316	0.145799248554937
17.356	0.146248955630114
17.396	0.146704819286072
17.436	0.147166991779471
17.476	0.14763524241971
17.516	0.148109048195579
17.556	0.148587703514664
17.596	0.149070375138109
17.636	0.149556063819006
17.676	0.150043478379047
17.716	0.150530842721651
17.756	0.15101580750968
17.796	0.15149544793934
17.836	0.151966311841051
17.876	0.152424560489152
17.916	0.152866185303736
17.956	0.153287114118513
17.996	0.153683203071296
18.036	0.154050136183315
18.076	0.154383249885655
18.116	0.154677351526431
18.156	0.154926716089534
18.196	0.155125303899325
18.236	0.155267176718212
18.276	0.155347035479167
18.316	0.1553607262056
18.356	0.155305521047126
18.396	0.155180098611027
18.436	0.154984230621011
18.476	0.1547182675275
18.516	0.154382624166857
18.556	0.153977386239575
18.596	0.153502095738702
18.636	0.152955753874437
18.676	0.152337020103886
18.716	0.151644463390937
18.756	0.150876886247119
18.796	0.150033707787742
18.836	0.14911532748971
18.876	0.148123440677864
18.916	0.147061353746238
18.956	0.145934158766153
18.996	0.144748721142321
19.036	0.143513442302861
19.076	0.142237841980602
19.116	0.140931928229577
19.156	0.139605594041456
19.196	0.138268295527752
19.236	0.136929059202174
19.276	0.135596737348834
19.316	0.134280565654791
19.356	0.132990742240196
19.396	0.131738660073665
19.436	0.130536768406415
19.476	0.129398255996165
19.516	0.12833637709187
19.556	0.127363767593977
19.596	0.126492056671907
19.636	0.125731672942408
19.676	0.12509173918852
19.716	0.124580272790865
19.756	0.124204359421697
19.796	0.123970235004123
19.836	0.123883492571451
19.876	0.123949279467439
19.916	0.124172271364074
19.956	0.124556635216891
19.996	0.125105984078402
20.036	0.12582314272629
20.076	0.126709831507327
20.116	0.127766265728667
20.156	0.128990668196082
20.196	0.130378730991509
20.236	0.131923047007234
20.276	0.133612435347573
20.316	0.135431388497381
20.356	0.137359665628338
20.396	0.139371991063342
20.436	0.141437839914374
20.476	0.143521493242986
20.516	0.145582299829954
20.556	0.14757524033206
20.596	0.149451733720326
20.636	0.151160629229565
20.676	0.152649226749389
20.716	0.153864207240758
20.756	0.154752347426808
20.796	0.15526101410839
20.836	0.155338563846755
20.876	0.154934860106607
20.916	0.154002109854332
20.956	0.152496196844368
20.996	0.150378584825717
21.036	0.147618622156443
21.076	0.144195967579549
21.116	0.14010291858753
21.156	0.135346405413202
21.196	0.129949627382075
21.236	0.123953410644162
21.276	0.117417391268106
21.316	0.11042114034052
21.356	0.103065261186771
21.396	0.0954718568267197
21.436	0.0877839366905278
21.476	0.0801638981995723
21.516	0.0727910745341092
21.556	0.0658582393209315
21.596	0.0595672290663742
21.636	0.0541233348047001
21.676	0.0497280022227358
21.716	0.0465698808150421
21.756	0.0448148120670737
21.796	0.0445958861629094
21.836	0.0460053055780065
21.876	0.0490893968978696
21.916	0.0538473436778588
21.956	0.0602335453362741
21.996	0.068162338199528
22.036	0.0775133377736381
22.076	0.0881368480581557
22.116	0.09985900813885
22.156	0.112486378194518
22.196	0.125810417734755
22.236	0.139612445560971
22.276	0.15366841416224
22.316	0.167754035170759
22.356	0.18165023608131
22.396	0.195148760511728
22.436	0.208057887752574
22.476	0.220208716626502
22.516	0.231460081607082
22.556	0.241701039935236
22.596	0.250849714963721
22.636	0.258848154632034
22.676	0.265654253527572
22.716	0.271233632568709
22.756	0.275554110997319
22.796	0.278585701033506
22.836	0.280305108895988
22.876	0.280702964876951
22.916	0.279790124291623
22.956	0.277601131398427
22.996	0.274193484472534
23.036	0.269643644423894
23.076	0.264040575955079
23.116	0.257479662166617
23.156	0.250058560048529
23.196	0.241875020304207
23.236	0.233025712907505
23.276	0.223606909316317
23.316	0.213715793783621
23.356	0.203451238178417
23.396	0.192914283662532
23.436	0.182208629165387
23.476	0.171440492569474
23.516	0.160717291424277
23.556	0.150145260142978
23.596	0.139826173627768
23.636	0.129853379283105
23.676	0.120307902076462
23.716	0.111255566226333
