0.036	0.077880951741804
0.076	0.0762763501622885
0.116	0.0747288303012397
0.156	0.0732380132078561
0.196	0.0718034624761685
0.236	0.0704246962425827
0.276	0.0691011970957334
0.316	0.0678324192706441
0.356	0.0666177917036066
0.396	0.0654567220416311
0.436	0.0643486037236016
0.476	0.0632928236667567
0.516	0.0622887669653096
0.556	0.0613358166244211
0.596	0.0604333492851765
0.636	0.0595807252980194
0.676	0.0587772774500763
0.716	0.058022301030519
0.756	0.0573150473612714
0.796	0.0566547218595019
0.836	0.0560404875338918
0.876	0.0554714716733997
0.916	0.0549467730155584
0.956	0.0544654677678409
0.996	0.0540266140116046
1.036	0.053629254489465
1.076	0.0532724180040987
1.116	0.05295512071541
1.156	0.0526763680628051
1.196	0.0524351572298087
1.236	0.052230479657112
1.276	0.0520613234647271
1.316	0.0519266754699856
1.356	0.0518255225067605
1.396	0.0517568520790519
1.436	0.0517196526656107
1.476	0.0517129138860355
1.516	0.0517356268769618
1.556	0.0517867849915206
1.596	0.0518653847902897
1.636	0.0519704273579009
1.676	0.0521009199039213
1.716	0.0522558773777178
1.756	0.0524343240207372
1.796	0.0526352947073292
1.836	0.0528578357742049
1.876	0.0531010051903422
1.916	0.0533638726217305
1.956	0.0536455194682048
1.996	0.0539450390646152
2.036	0.054261537393586
2.076	0.0545941345102392
2.116	0.0549419662736454
2.156	0.055304186826902
2.196	0.0556799716212026
2.236	0.0560685208082532
2.276	0.0564690629975644
2.316	0.0568808598310397
2.356	0.0573032101516446
2.396	0.057735453301575
2.436	0.058176970561135
2.476	0.0586271841150392
2.516	0.0590855536092363
2.556	0.0595515713944224
2.596	0.060024757401834
2.636	0.0605046554279056
2.676	0.0609908319064516
2.716	0.0614828756367274
2.756	0.0619803971576403
2.796	0.0624830274539363
2.836	0.0629904146792342
2.876	0.063502218510223
2.916	0.0640181040564016
2.956	0.0645377375989824
2.996	0.0650607849826201
3.036	0.065586912809863
3.076	0.066115791829759
3.116	0.0666471012709735
3.156	0.067180532553607
3.196	0.0677157911301265
3.236	0.0682525971601535
3.276	0.0687906864899333
3.316	0.0693298115347716
3.356	0.0698697436378666
3.396	0.0704102770706641
3.436	0.0709512344067207
3.476	0.071492470369094
3.516	0.0720338769948512
3.556	0.0725753851465925
3.596	0.0731169622890775
3.636	0.0736586065601159
3.676	0.0742003403304352
3.716	0.0747421998758
3.756	0.0752842263586331
3.796	0.075826464116119
3.836	0.0763689626467112
3.876	0.0769117779453836
3.916	0.0774549795987127
3.956	0.077998658816
3.996	0.0785429317048738
4.036	0.0790879421755335
4.076	0.0796338672193997
4.116	0.0801809153546742
4.156	0.0807293206672739
4.196	0.0812793278591926
4.236	0.0818311582514752
4.276	0.0823849544265158
4.316	0.0829407028539322
4.356	0.0834981165702402
4.396	0.084056464782293
4.436	0.0846143428735786
4.476	0.0851693679436494
4.516	0.0857177878506263
4.556	0.0862540132461049
4.596	0.0867700896491215
4.636	0.087255168112506
4.676	0.0876950645954366
4.716	0.0880720627289975
4.756	0.0883651703209125
4.796	0.0886104662080243
4.836	0.0887663470099369
4.876	0.0888326078572845
4.916	0.0888095228170869
4.956	0.0886976663647374
4.996	0.088497804638223
5.036	0.0882109708240932
5.076	0.0878387507203229
5.116	0.0873836580996112
5.156	0.0868493885545831
5.196	0.0862408071230902
5.236	0.0855635808782722
5.276	0.0848235744647354
5.316	0.0840262860108965
5.356	0.08317637288269
5.396	0.0822774185209028
5.436	0.0813319981089649
5.476	0.0803420110984234
5.516	0.0793090966270142
5.556	0.0782350409695027
5.596	0.0771221212660294
5.636	0.0759732622724414
5.676	0.0747920805015383
5.716	0.0735829237602843
5.756	0.07235090631616
5.796	0.0711019011955614
5.836	0.0698425788401664
5.876	0.0685803969073504
5.916	0.0673234559409934
5.956	0.0660802717919751
5.996	0.0648595460727392
6.036	0.0636698296011673
6.076	0.0625191588331973
6.116	0.0614147206696316
6.156	0.0603625927114422
6.196	0.0593675515835912
6.236	0.058433001321248
6.276	0.0575609680141724
6.316	0.0567521835336038
6.356	0.0560062828626542
6.396	0.0553220979408025
6.436	0.0546980256862071
6.476	0.0541324215516852
6.516	0.0536239781174572
6.556	0.0531720261108717
6.596	0.0527767150495038
6.636	0.052439101074583
6.676	0.0521612000062532
6.716	0.0519460217767005
6.756	0.051797614436623
6.796	0.0517211350703519
6.836	0.0517229223187314
6.876	0.051810537664835
6.916	0.0519927502654127
6.956	0.0522794442240411
6.996	0.0526814528121236
7.036	0.0532103065598903
7.076	0.0538778631896548
7.116	0.054695830535934
7.156	0.0556752059713972
7.196	0.0568256816345638
7.236	0.0581551135500717
7.276	0.0596691008277617
7.316	0.0613707341018426
7.356	0.0632605449577568
7.396	0.0653365463834916
7.436	0.0675942569793619
7.476	0.0700267849159104
7.516	0.0726249442218432
7.556	0.075377377509767
7.596	0.0782707805082055
7.636	0.0812902454788968
7.676	0.0844196914825375
7.716	0.0876422973104809
7.756	0.0909408423869991
7.796	0.0942978840161004
7.836	0.0976959805818183
7.876	0.101117956006078
7.916	0.10454713315869
7.956	0.107967604937528
7.996	0.111364547016706
8.036	0.114724324948611
8.076	0.11803436759169
8.116	0.12128273132862
8.156	0.124457481059153
8.196	0.127545957250504
8.236	0.130534276909202
8.276	0.133406935118217
8.316	0.136146886675988
8.356	0.138736051885587
8.396	0.14115611454622
8.436	0.14338923379222
8.476	0.145418744501569
8.516	0.147229602734512
8.556	0.148808413307336
8.596	0.150143187596711
8.636	0.151223139912815
8.676	0.152038469824276
8.716	0.152580399972237
8.756	0.152841507671155
8.796	0.152816161397368
8.836	0.152500744179292
8.876	0.151893750460204
8.916	0.150995499286864
8.956	0.149807626105542
8.996	0.148332583364265
9.036	0.146573195296753
9.076	0.144532294404428
9.116	0.142212886637708
9.156	0.13961877660455
9.196	0.136755489792051
9.236	0.133631403127481
9.276	0.130258920974029
9.316	0.126655194012869
9.356	0.122842410329611
9.396	0.118847449136638
9.436	0.114701037635768
9.476	0.110436671020409
9.516	0.106089595372794
9.556	0.101695903018253
9.596	0.0972919727608996
9.636	0.0929141338332897
9.676	0.088598470238253
9.716	0.0843806192639249
9.756	0.0802955109937216
9.796	0.0763770240511121
9.836	0.0726577068629695
9.876	0.0691683838986137
9.916	0.0659377277165731
9.956	0.0629919246347299
9.996	0.060354307134503
10.036	0.0580449389402702
10.076	0.0560802974964645
10.116	0.0544729728659945
10.156	0.0532313107831897
10.196	0.0523590929373086
10.236	0.051855255531791
10.276	0.051713646296605
10.316	0.051922919717299
10.356	0.0524666199412422
10.396	0.053323494242477
10.436	0.0544680991129098
10.476	0.0558716637911516
10.516	0.0575031488143054
10.556	0.0593304799976977
10.596	0.0613218421899546
10.636	0.0634468470366301
10.676	0.0656774273144833
10.716	0.0679884044601522
10.756	0.0703576177833156
10.796	0.0727655905988058
10.836	0.0751949257025899
10.876	0.0776296307648749
10.916	0.0800545220997719
10.956	0.0824549538054953
10.996	0.0848169407162231
11.036	0.0871275077009841
11.076	0.0893751882856577
11.116	0.0915505573203745
11.156	0.0936465824472634
11.196	0.0956586466370482
11.236	0.0975844064131479
11.276	0.099423611688394
11.316	0.101177729295387
11.356	0.10284947851801
11.396	0.104442392038891
11.436	0.105960326407398
11.476	0.107406880696885
11.516	0.108784990256027
11.556	0.11009672215846
11.596	0.111343218613911
11.636	0.112524911269475
11.676	0.11364192925555
11.716	0.114694512431583
11.756	0.115683433849313
11.796	0.116610408142719
11.836	0.117478207524186
11.876	0.118290382126247
11.916	0.119050757426407
11.956	0.119762719961727
11.996	0.120428468617888
12.036	0.121048484218818
12.076	0.121621387972141
12.116	0.122144169480976
12.156	0.122612781359294
12.196	0.123022959107288
12.236	0.123370955758332
12.276	0.123654025433211
12.316	0.123870631023578
12.356	0.124020438177922
12.396	0.124104257748286
12.436	0.1241240146378
12.476	0.124082801546251
12.516	0.123984908831972
12.556	0.123835819284409
12.596	0.123642075080511
12.636	0.123411063384424
12.676	0.123150701098666
12.716	0.122869107806423
12.756	0.122574297359961
12.796	0.122273961437486
12.836	0.12197527699891
12.876	0.121684847579104
12.916	0.121408846054919
12.956	0.121153287697439
12.996	0.12092433644375
13.036	0.120728642267068
13.076	0.120573517635421
13.116	0.12046687115469
13.156	0.120416912302858
13.196	0.120431643661163
13.236	0.120518290476753
13.276	0.120682955519328
13.316	0.120930593917706
13.356	0.121265251116029
13.396	0.12169044584698
13.436	0.122209524112918
13.476	0.122825790980642
13.516	0.123542304672696
13.556	0.124361299657039
13.596	0.125283453661154
13.636	0.126307291522949
13.676	0.127428825175116
13.716	0.128641531114681
13.756	0.12993671849631
13.796	0.131304060119191
13.836	0.132732119504567
13.876	0.134208788075171
13.916	0.135721579019332
13.956	0.137257742875136
13.996	0.138804361978032
14.036	0.140348461965345
14.076	0.141877222892276
14.116	0.143378254974891
14.156	0.144839980761844
14.196	0.146252080421505
14.236	0.147605878524132
14.276	0.148894593944306
14.316	0.150113455027622
14.356	0.151259591920052
14.396	0.152331655120406
14.436	0.153329281960168
14.476	0.154252611950028
14.516	0.155101850231631
14.556	0.155877016264981
14.596	0.156577931032075
14.636	0.157204374918706
14.676	0.157756301763925
14.716	0.158234085753634
14.756	0.158638679862179
14.796	0.158971623519619
14.836	0.159234949727193
14.876	0.159431088627002
14.916	0.159562704877885
14.956	0.159632482833899
14.996	0.159642915567247
15.036	0.159596119633875
15.076	0.159493548609476
15.116	0.159335774990723
15.156	0.159122295210636
15.196	0.158851336937687
15.236	0.158519688930483
15.276	0.158122622299743
15.316	0.157653801047104
15.356	0.157105250611835
15.396	0.156467464359707
15.436	0.155729595577668
15.476	0.154879790976565
15.516	0.153905755073993
15.556	0.152795439994861
15.596	0.15153776999307
15.636	0.150123398005917
15.676	0.148545333184416
15.716	0.146799362662819
15.756	0.144884239418161
15.796	0.142801641281721
15.836	0.140555922266799
15.876	0.138153823029029
15.916	0.135604073968125
15.956	0.132917019600882
15.996	0.130104276966449
16.036	0.12717848449438
16.076	0.124153052612769
16.116	0.121041930171145
16.156	0.117859381774338
16.196	0.11461973824521
16.236	0.111337028308981
16.276	0.108024613318094
16.316	0.104694911456136
16.356	0.101359276110884
16.396	0.098028083835402
16.436	0.0947110865314471
16.476	0.0914178922872679
16.516	0.0881583856503312
16.556	0.0849430791657255
16.596	0.0817833655957543
16.636	0.0786916275908425
16.676	0.0756812321211555
16.716	0.0727664929419234
16.756	0.0699626540901477
16.796	0.0672859648415169
16.836	0.0647537580773019
16.876	0.0623844221082663
16.916	0.060197318036785
16.956	0.0582126655645538
16.996	0.0564513587598867
17.036	0.0549347417443187
17.076	0.0536843783827408
17.116	0.052721827336768
17.156	0.052068374176315
17.196	0.0517446724883257
17.236	0.0517702974281065
17.276	0.0521632073563296
17.316	0.0529390761407171
17.356	0.0541105035625833
17.396	0.0556862164504537
17.436	0.0576703734691364
17.476	0.0600620727922205
17.516	0.0628551992639359
17.556	0.0660386938180864
17.596	0.0695971058766531
17.636	0.0735111574958296
17.676	0.077758206152339
17.716	0.082312546597052
17.756	0.0871455600630497
17.796	0.0922257817015293
17.836	0.0975191527402899
17.876	0.102989517221886
17.916	0.108599323876092
17.956	0.114310319453296
17.996	0.120084011930828
18.036	0.125881873254741
18.076	0.131665491060687
18.116	0.137396628704209
18.156	0.143037407527459
18.196	0.148550851894356
18.236	0.153901846615383
18.276	0.159058224112641
18.316	0.163991942062921
18.356	0.168680109672948
18.396	0.173105635920479
18.436	0.177257384115592
18.476	0.181129826448398
18.516	0.18472223141265
18.556	0.188037545789996
18.596	0.191081251256833
18.636	0.193860421692818
18.676	0.19638297899121
18.716	0.198657196188094
18.756	0.200691474212647
18.796	0.202494291887831
18.836	0.204074214095328
18.876	0.205439924590394
18.916	0.206600327403521
18.956	0.207564528062846
18.996	0.208341873901418
19.036	0.208942076284416
19.076	0.209375374616513
19.116	0.209652637841657
19.156	0.209785482381278
19.196	0.209786288046075
19.236	0.209668039468738
19.276	0.209444100949497
19.316	0.209128027232566
19.356	0.208733442243954
19.396	0.208273956911569
19.436	0.207763034438017
19.476	0.207213807164351
19.516	0.206638715960253
19.556	0.206049025285836
19.596	0.205454385772214
19.636	0.204862622614655
19.676	0.204279780882075
19.716	0.203710466446807
19.756	0.203158411328957
19.796	0.202626945125246
19.836	0.202119227753883
19.876	0.201638221287908
19.916	0.201186536357966
19.956	0.200766285656584
19.996	0.200379186079033
20.036	0.200026862939296
20.076	0.199711248967162
20.116	0.199434898998675
20.156	0.199201017613916
20.196	0.19901317426212
20.236	0.198874824321024
20.276	0.198788788421098
20.316	0.198756899271075
20.356	0.198779860459467
20.396	0.198857289861166
20.436	0.198987955407972
20.476	0.19917012079253
20.516	0.199401892428284
20.556	0.199681611211759
20.596	0.200008216523202
20.636	0.200381433093412
20.676	0.20080178829852
20.716	0.201270512159624
20.756	0.201789244217935
20.796	0.20235949689868
20.836	0.202982231704596
20.876	0.203657515339614
20.916	0.204384309378838
20.956	0.205160397126861
20.996	0.205982507831038
21.036	0.206846408940919
21.076	0.207747068132505
21.116	0.20867887382451
21.156	0.20963583709414
21.196	0.210611698551418
21.236	0.211600096549091
21.276	0.212594608583061
21.316	0.21358856758161
21.356	0.214574785100467
21.396	0.215545557763733
21.436	0.216492833420489
21.476	0.217408544873649
21.516	0.218284972515107
21.556	0.219115105023945
21.596	0.219892768590228
21.636	0.220612594875547
21.676	0.221269854556795
21.716	0.22186026012821
21.756	0.222379809187316
21.796	0.222824778292363
21.836	0.223191769405389
21.876	0.223477740891326
21.916	0.223680032795357
21.956	0.22379642707017
21.996	0.223825097579663
22.036	0.223764561771304
22.076	0.223613663595643
22.116	0.223371497389849
22.156	0.223037185719704
22.196	0.222609627986685
22.236	0.222087231881972
22.276	0.221467701072413
22.316	0.220748006057136
22.356	0.21992462138985
22.396	0.218993922073366
22.436	0.217952561516313
22.476	0.216797773313772
22.516	0.215527542626774
22.556	0.21414075245184
22.596	0.212637382255707
22.636	0.211018765385575
22.676	0.209287846826953
22.716	0.207449410056142
22.756	0.205510199801381
22.796	0.203478695184117
22.836	0.201364496874874
22.876	0.199177545474129
22.916	0.196927366591751
22.956	0.194622418985887
22.996	0.192269732940758
23.036	0.189874897337404
23.076	0.187442345230693
23.116	0.184975839085496
23.156	0.182478892323104
23.196	0.179955091343061
23.236	0.177408331403171
23.276	0.174842909336235
23.316	0.172263392475259
23.356	0.169674373440728
23.396	0.167080124499876
23.436	0.164484200519041
23.476	0.161889090096281
23.516	0.159296024408832
23.556	0.156704908606343
23.596	0.154114472385857
23.636	0.1515226421443
23.676	0.148927055231297
23.716	0.146325426789474
