47.436	0.477887144296465
47.476	0.478522166875216
47.516	0.479191699575958
47.556	0.479893099871754
47.596	0.480623510528131
47.636	0.481379943275535
47.676	0.482159342185438
47.716	0.482958603341412
47.756	0.483774593275083
47.796	0.484604143203034
47.836	0.485444023690835
47.876	0.486290949336379
47.916	0.48714166878308
47.956	0.487993078123605
47.996	0.488842368486795
48.036	0.489687211705597
48.076	0.490525914081168
48.116	0.491357469185006
48.156	0.492181530422807
48.196	0.492998315985128
48.236	0.493808442922461
48.276	0.494612775221668
48.316	0.495412325914852
48.356	0.496208157473612
48.396	0.497001263788929
48.436	0.497792458749704
48.476	0.498582228719297
48.516	0.499370567823645
48.556	0.500156860105113
48.596	0.500939873589173
48.636	0.501717856115176
48.676	0.50248872044112
48.716	0.503250275049858
48.756	0.50400043147434
48.796	0.504737305725804
48.836	0.505459209487004
48.876	0.506164555058868
48.916	0.506851718137574
48.956	0.50751891450129
48.996	0.508164128514284
49.036	0.508785084337232
49.076	0.509379254998187
49.116	0.509943933201118
49.156	0.510476316173035
49.196	0.510973559956236
49.236	0.511432826491985
49.276	0.511851325368319
49.316	0.51222633264903
49.356	0.512555236149781
49.396	0.512835622268829
49.436	0.513065342566811
49.476	0.513242584214815
49.516	0.513365965653385
49.556	0.513434592232839
49.596	0.513448076827395
49.636	0.513406630118402
49.676	0.513311165480077
49.716	0.513163374880907
49.756	0.512965809076951
49.796	0.512721897898871
49.836	0.512435846624568
49.876	0.512112464731695
49.916	0.511756956122733
49.956	0.511374650252229
49.996	0.510970763215393
50.036	0.510550243146781
50.076	0.510117642469162
50.116	0.509677003707864
50.156	0.509231773109263
50.196	0.508784744067153
50.236	0.508338029724554
50.276	0.507893166065241
50.316	0.507451302961412
50.356	0.507013451075071
50.396	0.506580745133933
50.436	0.506154656875404
50.476	0.50573704299876
50.516	0.505330026037097
50.556	0.504935762371517
50.596	0.504556177284087
50.636	0.504192698921919
50.676	0.503846111586023
50.716	0.503516541811845
50.756	0.503203573717924
50.796	0.502906405293484
50.836	0.502624034565223
50.876	0.502355414540059
50.916	0.50209954300383
50.956	0.501855494645316
50.996	0.501622437181267
51.036	0.501399592248241
51.076	0.501186177713649
51.116	0.500981407141804
51.156	0.500784511283138
51.196	0.500594720691518
51.236	0.500411291003072
51.276	0.500233554202296
51.316	0.500060920661536
51.356	0.499892844534747
51.396	0.499728854148454
51.436	0.499568601746621
51.476	0.499411900628578
51.516	0.499258791242051
51.556	0.49910964477341
51.596	0.498965239357991
51.636	0.498826847636167
51.676	0.498696307398989
51.716	0.498576028417071
51.756	0.498468930208764
51.796	0.498378355177223
51.836	0.498307897143965
51.876	0.498261175991095
51.916	0.498241665409385
51.956	0.498252612839675
51.996	0.498297021837168
52.036	0.498377682880088
52.076	0.498497211591346
52.116	0.498658066466881
52.156	0.498862532014655
52.196	0.499112669019475
52.236	0.499410261639854
52.276	0.499756838190441
52.316	0.500153767228863
52.356	0.500602386737665
52.396	0.501104113937897
52.436	0.501660524917753
52.476	0.502273378463602
52.516	0.502944588098277
52.556	0.503676167597238
52.596	0.504470186613895
52.636	0.505328711117871
52.676	0.506253745086802
52.716	0.507247155241872
52.756	0.508310575465279
52.796	0.509445293029934
52.836	0.510652163556275
52.876	0.511931508152722
52.916	0.513283005103592
52.956	0.51470560252355
52.996	0.516197449386961
53.036	0.517755820247338
53.076	0.519377106027305
53.116	0.521056861662137
53.156	0.522789911666145
53.196	0.52457048735179
53.236	0.526392386663169
53.276	0.528249134466265
53.316	0.530134185761966
53.356	0.532041144867067
53.396	0.533963949389957
53.436	0.535897008542173
53.476	0.537835291263669
53.516	0.539774296750229
53.556	0.541709916881985
53.596	0.543638249981861
53.636	0.545555424690646
53.676	0.547457493912102
53.716	0.549340464116696
53.756	0.551200400335361
53.796	0.553033587434777
53.836	0.554836762399564
53.876	0.556607309483084
53.916	0.558343308912479
53.956	0.560043441520007
53.996	0.561706796247952
54.036	0.563332575726227
54.076	0.564919784201937
54.116	0.566466947677265
54.156	0.567971921236609
54.196	0.569431863830278
54.236	0.570843367633557
54.276	0.572202684367648
54.316	0.573506005746928
54.356	0.574749734182793
54.396	0.575930678857697
54.436	0.577046214356924
54.476	0.578094366751989
54.516	0.579073822219055
54.556	0.579983893659255
54.596	0.580824465974095
54.636	0.581595879349386
54.676	0.582298808217862
54.716	0.582934155869095
54.756	0.583502966399655
54.796	0.584006329768972
54.836	0.584445330245856
54.876	0.584821003886987
54.916	0.585134313108249
54.956	0.585386146614374
54.996	0.585577377701027
55.036	0.585708908827945
55.076	0.58578172036208
55.116	0.585796956873901
55.156	0.585756018451724
55.196	0.585660603642399
55.236	0.585512763528204
55.276	0.585314973452386
55.316	0.585070151547106
55.356	0.584781646715973
55.396	0.584453174173726
55.436	0.584088648296124
55.476	0.583691945298034
55.516	0.583266684037877
55.556	0.582816052347459
55.596	0.582342725171264
55.636	0.581848892071182
55.676	0.581336352921616
55.716	0.580806603057773
55.756	0.580260909242034
55.796	0.579700340407017
55.836	0.57912578803556
55.876	0.578537991113308
55.916	0.577937627001486
55.956	0.577325480326293
55.996	0.576702640190275
56.036	0.576070630510157
56.076	0.575431468230017
56.116	0.574787616897419
56.156	0.574141850765548
56.196	0.573497111032793
56.236	0.572856432262052
56.276	0.57222292545676
56.316	0.571599790226486
56.356	0.570990320339034
56.396	0.570397858303037
56.436	0.569825672612071
56.476	0.569276788749361
56.516	0.568753824352866
56.556	0.568258879671811
56.596	0.567793536610115
56.636	0.567358943110548
56.676	0.56695597891064
56.716	0.566585497710113
56.756	0.566248541283658
56.796	0.565946473799903
56.836	0.565681015450618
56.876	0.565454210607326
56.916	0.565268314775766
56.956	0.565125644652348
56.996	0.56502843702132
57.036	0.564978756257249
57.076	0.564978447824098
57.116	0.565029154297489
57.156	0.565132373628551
57.196	0.565289506316544
57.236	0.565501865077628
57.276	0.565770650467984
57.316	0.566096873465975
57.356	0.566481228209158
57.396	0.566923967478507
57.436	0.567424824532269
57.476	0.567982960555629
57.516	0.568596971371701
57.556	0.569265025513113
57.596	0.569985047063545
57.636	0.570754866937135
57.676	0.571572309167832
57.716	0.572435215348877
57.756	0.573341351383522
57.796	0.574288284894864
57.836	0.575273297387508
57.876	0.576293353754718
57.916	0.577345143155066
57.956	0.578425186830932
57.996	0.579529933986098
58.036	0.580655798974741
58.076	0.581799153393376
58.116	0.582956278300424
58.156	0.584123335100408
58.196	0.58529641959772
58.236	0.586471715530886
58.276	0.587645733336135
58.316	0.588815593102646
58.356	0.589979258843332
58.396	0.59113567845356
58.436	0.592284820258948
58.476	0.593427594130942
58.516	0.594565657833755
58.556	0.595701177226218
58.596	0.596836590998928
58.636	0.597974448624269
58.676	0.599117332441667
58.716	0.600267825957387
58.756	0.601428480003024
58.796	0.602601725805044
58.836	0.603789714247503
58.876	0.604994087718902
58.916	0.606215747211204
58.956	0.607454653166863
58.996	0.608709727257425
59.036	0.609978875907704
59.076	0.611259117345503
59.116	0.612546774860874
59.156	0.613837708969189
59.196	0.615127540807881
59.236	0.616411836280578
59.276	0.617686224971914
59.316	0.618946458189363
59.356	0.62018842219921
59.396	0.621408146651117
59.436	0.622601812385307
59.476	0.62376578733209
59.516	0.624896671420915
59.556	0.625991343217617
59.596	0.627046993923951
59.636	0.628061088457361
59.676	0.62903123552702
59.716	0.629955004666312
59.756	0.630829760155156
59.796	0.631652584501749
59.836	0.632420338046976
59.876	0.633129851968421
59.916	0.633778206478638
59.956	0.634363024806539
59.996	0.63488265546064
60.036	0.635336223768065
60.076	0.63572355489949
60.116	0.636045013490596
60.156	0.636301301748912
60.196	0.636493295738375
60.236	0.636621926360502
60.276	0.636688112802851
60.316	0.63669274009106
60.356	0.636636647818552
60.396	0.636520609312242
60.436	0.636345359794422
60.476	0.636111663732622
60.516	0.635820433801094
60.556	0.635472860586898
60.596	0.635070532160371
60.636	0.634615527586311
60.676	0.63411046242845
60.716	0.633558435660082
60.756	0.63296292224892
60.796	0.632327626826475
60.836	0.631656268065518
60.876	0.630952319782637
60.916	0.630218802201671
60.956	0.629458121358375
60.996	0.628671984049252
61.036	0.627861420892575
61.076	0.627026903740317
61.116	0.626168510265995
61.156	0.625286144897485
61.196	0.624379748805275
61.236	0.623449431982383
61.276	0.622495546112768
61.316	0.621518747170084
61.356	0.620519992271257
61.396	0.619500448008848
61.436	0.618461379177084
61.476	0.617404056682945
61.516	0.616329654858923
61.556	0.615239155392004
61.596	0.614133303841175
61.636	0.613012642579195
61.676	0.61187761012954
61.716	0.610728680595022
61.756	0.60956651521122
61.796	0.60839208666477
61.836	0.607206781591906
61.876	0.606012425708075
61.916	0.604811230332716
61.956	0.603605680318132
61.996	0.602398473396404
62.036	0.601192525305642
62.076	0.599991058746371
62.116	0.598797738146198
62.156	0.597616827291118
62.196	0.596453244481621
62.236	0.595312460130105
62.276	0.594200258627607
62.316	0.593122446553727
62.356	0.592084545678514
62.396	0.591091580967589
62.436	0.590147974515064
62.476	0.589257539812213
62.516	0.588423509356053
62.556	0.587648588894453
62.596	0.586934996086107
62.636	0.586284488878007
62.676	0.585698419351894
62.716	0.585177803002262
62.756	0.584723392486792
62.796	0.584335745476865
62.836	0.584015279753734
62.876	0.583762273306403
62.916	0.58357682307655
62.956	0.583458799694796
62.996	0.583407817968597
63.036	0.583423178833987
63.076	0.583503807758028
63.116	0.583648235459268
63.156	0.583854602833094
63.196	0.584120681910013
63.236	0.58444396876971
63.276	0.584821817026436
63.316	0.585251556586009
63.356	0.585730627824292
63.396	0.586256687819768
63.436	0.586827658309019
63.476	0.58744173459303
63.516	0.588097377645219
63.556	0.588793236923872
63.596	0.589528058561696
63.636	0.590300571829481
63.676	0.591109350651189
63.716	0.591952674049939
63.756	0.592828448194211
63.796	0.59373418047482
63.836	0.59466704968187
63.876	0.595624014002208
63.916	0.596601905646235
63.956	0.597597583991369
63.996	0.598608133278857
64.036	0.59963101286562
64.076	0.600664183232519
64.116	0.601706263650094
64.156	0.602756635366065
64.196	0.603815467658757
64.236	0.60488367890717
64.276	0.605962790897363
64.316	0.607054667833207
64.356	0.608161227929894
64.396	0.609284124229589
64.436	0.610424441078733
64.476	0.611582481046517
64.516	0.612757710271932
64.556	0.61394876866539
64.596	0.615153554337649
64.636	0.616369391068583
64.676	0.61759323793429
64.716	0.618821871680638
64.756	0.620052057831233
64.796	0.621280711903175
64.836	0.622505023002025
64.876	0.623722554709838
64.916	0.624931311197633
64.956	0.626129719407633
64.996	0.627316570642783
65.036	0.628490951211022
65.076	0.629652169473925
65.116	0.63079967282562
65.156	0.631932977351743
65.196	0.633051583815999
65.236	0.634154880553583
65.276	0.635242060728
65.316	0.636312082689921
65.356	0.63736371126213
65.396	0.638395644312778
65.436	0.639406695133225
65.476	0.640396037981061
65.516	0.641363417372226
65.556	0.642309237562912
65.596	0.64323453293038
65.636	0.644140824542848
65.676	0.645029840313342
65.716	0.64590322109591
65.756	0.646762318745085
65.796	0.647608102855953
65.836	0.648441206670135
65.876	0.649262111017384
65.916	0.650071372041351
65.956	0.650869829724766
65.996	0.651658777041087
66.036	0.652440002212839
66.076	0.653215679141311
66.116	0.653988169580592
66.156	0.654759756602512
66.196	0.655532359205347
66.236	0.656307320659947
66.276	0.65708527570945
66.316	0.657866114984929
66.356	0.658649041992389
66.396	0.659432698850367
66.436	0.660215326588307
66.476	0.660994929479226
66.516	0.661769399992791
66.556	0.662536599754202
66.596	0.663294396367616
66.636	0.664040651526518
66.676	0.664773218759354
66.716	0.66548994094212
66.756	0.666188649575583
66.796	0.666867183952057
66.836	0.667523437644371
66.876	0.668155402088402
66.916	0.668761214316496
66.956	0.6693392101978
66.996	0.669887952655413
67.036	0.670406249375416
67.076	0.670893217771258
67.116	0.671348356135549
67.156	0.671771617612889
67.196	0.67216350215315
67.236	0.672525124733786
67.276	0.672858214230333
67.316	0.673165060263842
67.356	0.673448410389701
67.396	0.673711326568499
67.436	0.673957037120944
67.476	0.674188780061156
67.516	0.674409644888638
67.556	0.674622438634803
67.596	0.674829593451225
67.636	0.675033069632832
67.676	0.67523427085165
67.716	0.675434038326374
67.756	0.675632699938202
67.796	0.675830169206674
67.836	0.676026100892366
67.876	0.676220077094306
67.916	0.676411773617545
67.956	0.67660109692568
67.996	0.676788270675319
68.036	0.676973841477364
68.076	0.677158609820818
68.116	0.677343547435118
68.156	0.677529723198289
68.196	0.677718261343838
68.236	0.677910347844008
68.276	0.678107294493679
68.316	0.678310584855582
68.356	0.678521884645058
68.396	0.678742978802954
68.436	0.678975665003136
68.476	0.679221616114464
68.516	0.679482272542895
68.556	0.679758767348512
68.596	0.680051877524088
68.636	0.680362033697051
68.676	0.680689369743048
68.716	0.681033761160089
68.756	0.681394849985126
68.796	0.681772045297796
68.836	0.682164510826791
68.876	0.682571154448833
68.916	0.682990652448639
68.956	0.683421507210925
68.996	0.683862156225388
69.036	0.684311103490062
69.076	0.684767036643318
69.116	0.685228901045248
69.156	0.685695917400927
69.196	0.686167552382657
69.236	0.686643413292223
69.276	0.687123124325193
69.316	0.687606265066533
69.356	0.688092409700329
69.396	0.688581227581499
69.436	0.689072617609522
69.476	0.689566842545606
69.516	0.690064600935868
69.556	0.690567026307203
69.596	0.691075617587974
69.636	0.69159212905239
69.676	0.692118471943374
69.716	0.692656649454184
69.756	0.693208686839018
69.796	0.6937765409937
69.836	0.694362001481326
69.876	0.694966547400304
69.916	0.695591159777766
69.956	0.696236162960644
69.996	0.696901157682955
70.036	0.697585092222388
70.076	0.698286433722876
70.116	0.699003385504255
70.156	0.699734119497178
70.196	0.700476980318934
70.236	0.70123063104862
70.276	0.701994168346687
70.316	0.702767230324373
70.356	0.703550076719706
70.396	0.704343624743057
70.436	0.705149410231199
70.476	0.705969439714054
70.516	0.706805970886179
70.556	0.7076612601359
70.596	0.708537281736357
70.636	0.709435510376936
70.676	0.710356831925031
70.716	0.711301586737592
70.756	0.712269718053301
70.796	0.713261008712578
70.836	0.714275359655256
70.876	0.715313070859798
70.916	0.716375018747712
70.956	0.71746263751035
70.996	0.718577755674117
71.036	0.719722322668025
71.076	0.720898070692254
71.116	0.722106206544382
