0.036	0.118430300035612
0.076	0.118277700016961
0.116	0.118128154219391
0.156	0.117981264105936
0.196	0.117836613202257
0.236	0.117693781317456
0.276	0.117552353168008
0.316	0.117411919502047
0.356	0.117272065718709
0.396	0.117132364677161
0.436	0.116992378280116
0.476	0.116851664210685
0.516	0.116709782624213
0.556	0.116566301165648
0.596	0.116420797166057
0.636	0.116272855359028
0.676	0.116122066230332
0.716	0.115968026678075
0.756	0.115810343269203
0.796	0.115648638142716
0.836	0.115482557126626
0.876	0.115311774915909
0.916	0.115135996734807
0.956	0.114954956335481
0.996	0.114768412555605
1.036	0.114576146124989
1.076	0.114377957889445
1.116	0.114173666991263
1.156	0.113963109656339
1.196	0.113746136814484
1.236	0.113522609976002
1.276	0.113292395143645
1.316	0.113055357235254
1.356	0.11281135515145
1.396	0.112560239036753
1.436	0.11230184979749
1.476	0.112036020182586
1.516	0.111762576822542
1.556	0.111481344630334
1.596	0.111192152296439
1.636	0.110894837715449
1.676	0.110589253482601
1.716	0.11027527237772
1.756	0.109952791387343
1.796	0.109621734587563
1.836	0.10928205573336
1.876	0.108933741316179
1.916	0.108576814063383
1.956	0.108211336279368
1.996	0.107837411687711
2.036	0.107455184290927
2.076	0.107064835291823
2.116	0.106666579416441
2.156	0.106260660964892
2.196	0.105847351303311
2.236	0.105426949641469
2.276	0.104999786406381
2.316	0.104566226314063
2.356	0.104126670526426
2.396	0.103681557123053
2.436	0.103231358690323
2.476	0.102776577133341
2.516	0.102317738335245
2.556	0.101855387140404
2.596	0.101390083383905
2.636	0.100922399794968
2.676	0.100452922126834
2.716	0.0999822494585771
2.756	0.099510994715871
2.796	0.0990397847666316
2.836	0.0985692576927022
2.876	0.0981000564194687
2.916	0.097632821865858
2.956	0.0971681865481742
2.996	0.0967067686839869
3.036	0.0962491693665584
3.076	0.0957959734908229
3.116	0.0953477523197819
3.156	0.0949050666540074
3.196	0.0944684699052516
3.236	0.0940385098628269
3.276	0.0936157285320292
3.316	0.0932006602718616
3.356	0.0927938291362693
3.396	0.0923957459946791
3.436	0.0920069057833643
3.476	0.0916277831066452
3.516	0.0912588254504385
3.556	0.09090044452185
3.596	0.0905530063693334
3.636	0.0902168220328008
3.676	0.0898921407898285
3.716	0.0895791464212152
3.756	0.0892779567296031
3.796	0.0889886255242516
3.836	0.0887111456910077
3.876	0.0884454519264466
3.916	0.0881914218247459
3.956	0.0879488737888607
3.996	0.0877175610730205
4.036	0.0874971607653094
4.076	0.0872872595705019
4.116	0.0870873379378452
4.156	0.0868967524315281
4.196	0.0867147162346384
4.236	0.0865402800643835
4.276	0.0863723155198102
4.316	0.0862095007043422
4.356	0.0860503099133894
4.396	0.0858930131341822
4.436	0.0857356922661552
4.476	0.0855762848507027
4.516	0.0854126736934404
4.556	0.0852428425367009
4.596	0.0850651176105259
4.636	0.0848785098768587
4.676	0.0846831527381653
4.716	0.0844807866769202
4.756	0.0842751798452639
4.796	0.0839471312271201
4.836	0.0836834878416823
4.876	0.0834853683731467
4.916	0.0833528856655334
4.956	0.083285152509319
4.996	0.0832802966689314
5.036	0.0833354986129393
5.076	0.083447062290503
5.116	0.083610553274724
5.156	0.0838210019673795
5.196	0.0840731271147774
5.236	0.0843615363916399
5.276	0.0846808789867737
5.316	0.0850259460098926
5.356	0.0853917369473436
5.396	0.0857735299212266
5.436	0.0861669504363363
5.476	0.0865680359052305
5.516	0.0869732868975177
5.556	0.0873796869468606
5.596	0.0877846589512217
5.636	0.0881859798698201
5.676	0.0885816808390132
5.716	0.0889699529035965
5.756	0.089349071066124
5.796	0.0897173369692439
5.836	0.0900730266243102
5.876	0.0904143507853519
5.916	0.0907394379275956
5.956	0.0910463503187486
5.996	0.0913331309708667
6.036	0.0915979071542381
6.076	0.0918390332946331
6.116	0.0920552443097336
6.156	0.0922457859470569
6.196	0.0924104982759388
6.236	0.0925498386562538
6.276	0.0926648433001844
6.316	0.0927570461297478
6.356	0.0928283848354567
6.396	0.0928811046387636
6.436	0.0929176635610816
6.476	0.092940634105787
6.516	0.092952600681258
6.556	0.092956056039867
6.596	0.0929533099799471
6.636	0.0929464243010329
6.676	0.0929371871554849
6.716	0.0929271244146719
6.756	0.0929175284631469
6.796	0.09290948119164
6.836	0.0929038518119967
6.876	0.0929012657189503
6.916	0.0929020557839806
6.956	0.0929062185030887
6.996	0.0929133876197454
7.036	0.0929228296918438
7.076	0.0929334494346108
7.116	0.0929437924613694
7.156	0.0929520384311218
7.196	0.0929559883540207
7.236	0.0929530567010204
7.276	0.092940284497331
7.316	0.0929143800472332
7.356	0.092871785858307
7.396	0.0928087696045736
7.436	0.0927215309010023
7.476	0.092606319800467
7.516	0.0924595685825409
7.556	0.0922780275758157
7.596	0.0920589096402864
7.636	0.0918000607892395
7.676	0.091500140120786
7.716	0.0911587938890648
7.756	0.0907768382332108
7.796	0.0903564062679436
7.836	0.0899010070669988
7.876	0.0894155134515131
7.916	0.0889060649423072
7.956	0.0883798528011255
7.996	0.087844835917906
8.036	0.0873094384679405
8.076	0.0867822267447877
8.116	0.0862715893627524
8.156	0.0857854442245412
8.196	0.0853309542565341
8.236	0.0849142936739611
8.276	0.0845405062906082
8.316	0.0842134183480994
8.356	0.0839355766123617
8.396	0.0837082088268346
8.436	0.0835311931781462
8.476	0.0834030403503618
8.516	0.0833209303701494
8.556	0.0832808218931405
8.596	0.0832776339451868
8.636	0.0833054860571281
8.676	0.0833579717240411
8.716	0.0834284410951511
8.756	0.0835102765036311
8.796	0.0835971463053511
8.836	0.0836832300579431
8.876	0.0837634105681104
8.916	0.0838334130761496
8.956	0.0838898746689551
8.996	0.0839303538182037
9.036	0.0839533159645782
9.076	0.0839581017168314
9.116	0.0839448793189206
9.156	0.0839145937068793
9.196	0.083868902906147
9.236	0.0838100955338064
9.276	0.0837410093016047
9.316	0.0836649564039931
9.356	0.0835856342763748
9.396	0.0835070362116141
9.436	0.0834333648887196
9.476	0.0833689473176662
9.516	0.0833181632407332
9.556	0.0832853880797586
9.596	0.0832749191185655
9.636	0.0832908612463825
9.676	0.0833369624609759
9.716	0.0834164048559387
9.756	0.0835315898133899
9.796	0.0836839707954766
9.836	0.0838739733250691
9.876	0.0841010069084405
9.916	0.0843635493419299
9.956	0.0846592678331604
9.996	0.0849851554263523
10.036	0.0853376735863662
10.076	0.0857129111836912
10.116	0.0861067654961971
10.156	0.0865151177495136
10.196	0.0869339751313305
10.236	0.0873595613252007
10.276	0.0877883392453782
10.316	0.0882169809505342
10.356	0.0886423177944096
10.396	0.0890612964514617
10.436	0.0894709386089403
10.476	0.0898683302752374
10.516	0.0902506254601576
10.556	0.0906150590456036
10.596	0.09095898214008
10.636	0.0912799376979478
10.676	0.0915757455154846
10.716	0.0918445847368616
10.756	0.0920850560553674
10.796	0.0922961995906917
10.836	0.0924774654581597
10.876	0.0926286783809473
10.916	0.0927500294265826
10.956	0.0928421055625677
10.996	0.0929059554165406
11.036	0.0929431783837344
11.076	0.0929560015039499
11.116	0.0929473140353991
11.156	0.0929206492993728
11.196	0.0928801086823228
11.236	0.0928302298087544
11.276	0.0927757926610866
11.316	0.0927215606160985
11.356	0.0926719860883622
11.396	0.0926309166957822
11.436	0.0926013326796351
11.476	0.0925851744786712
11.516	0.0925832832963351
11.556	0.0925954309630015
11.596	0.0926204234904162
11.636	0.092656260365203
11.676	0.0927003066582017
11.716	0.0927494697657778
11.756	0.0928003703476179
11.796	0.0928494819186483
11.836	0.0928932138764367
11.876	0.0929279456622112
11.916	0.0929500163460091
11.956	0.0929556995126859
11.996	0.0929412078244525
12.036	0.0929027615084124
12.076	0.092836724346455
12.116	0.092739783770611
12.156	0.0926091343814903
12.196	0.0924426190656789
12.236	0.0922387968863347
12.276	0.0919969382146917
12.316	0.0917169771971373
12.356	0.0913994574835897
12.396	0.0910455095732061
12.436	0.0906568504009044
12.476	0.0902357852485807
12.516	0.089785208814817
12.556	0.0893086233501492
12.596	0.0888101451752732
12.636	0.0882945013318874
12.676	0.0877670412029659
12.716	0.0872337339407068
12.756	0.0867011502454034
12.796	0.0861764448090696
12.836	0.0856673727561486
12.876	0.0851823293142786
12.916	0.0847303817428156
12.956	0.0843212344482822
12.996	0.0839650940825436
13.036	0.0836724099111166
13.076	0.0834534991888063
13.116	0.0833181090305857
13.156	0.0832749959997727
13.196	0.0833315913968136
13.236	0.0834937993836036
13.276	0.083765939957118
13.316	0.0841508366200117
13.356	0.0846500442605418
13.396	0.0852641409560704
13.436	0.0859930143174665
13.476	0.0868360799829588
13.516	0.0877923914874827
13.556	0.088860635106613
13.596	0.0900391462362506
13.636	0.0913260212064984
13.676	0.0927193466781659
13.716	0.0942174459871694
13.756	0.095819069590533
13.796	0.097523371038335
13.836	0.0993296813033169
13.876	0.101237119067292
13.916	0.10324416625852
13.956	0.105348267490797
13.996	0.107545603743262
14.036	0.109831010081365
14.076	0.112197958123204
14.116	0.114638538207799
14.156	0.11714345099557
14.196	0.119702015730553
14.236	0.122302234911444
14.276	0.124931006806321
14.316	0.127574518211787
14.356	0.130218708807888
14.396	0.132849823165458
14.436	0.1354550174878
14.476	0.138022823646025
14.516	0.140543457896399
14.556	0.143008955835739
14.596	0.145413078839965
14.636	0.147751025762801
14.676	0.150019128368598
14.716	0.152214442336174
14.756	0.154334352717825
14.796	0.156376350018348
14.836	0.158337932565217
14.876	0.160216609842877
14.916	0.162009938170883
14.956	0.163715589626491
14.996	0.165331385709948
15.036	0.166855324255977
15.076	0.168285610822551
15.116	0.169620799823207
15.156	0.170859990500304
15.196	0.172002964180507
15.236	0.17305028611807
15.276	0.174003296956215
15.316	0.174863936016777
15.356	0.175634540638129
15.396	0.176317702681189
15.436	0.176916128389308
15.476	0.177432576676324
15.516	0.177869964978555
15.556	0.178231447283082
15.596	0.178520422542903
15.636	0.178740568895989
15.676	0.178895811102251
15.716	0.178990271238121
15.756	0.179028272648765
15.796	0.17901438077061
15.836	0.178953414582367
15.876	0.178850391884083
15.916	0.178710379961871
15.956	0.178538258377614
15.996	0.178338521211373
16.036	0.1781150796823
16.076	0.177871139925941
16.116	0.177609224765462
16.156	0.17733143671839
16.196	0.177039782055004
16.236	0.176736486960493
16.276	0.176424207133181
16.316	0.176106082908376
16.356	0.17578552976525
16.396	0.175465918073002
16.436	0.175150243056919
16.476	0.174840924390395
16.516	0.17453969713668
16.556	0.174247651584324
16.596	0.173965277857263
16.636	0.17369245083205
16.676	0.173428388636665
16.716	0.173171675493535
16.756	0.172920348289352
16.796	0.172672152223271
16.836	0.172425044547737
16.876	0.172177716979945
16.916	0.171929926490947
16.956	0.171682612597039
16.996	0.171437827888383
17.036	0.171198429791474
17.076	0.170967788548893
17.116	0.17074962945955
17.156	0.170547944569279
17.196	0.170366940806531
17.236	0.170211070268806
17.276	0.170084852713188
17.316	0.169992505657774
17.356	0.169937575861013
17.396	0.169922579622238
17.436	0.169948732204119
17.476	0.170016079132324
17.516	0.170123914290542
17.556	0.170271235423257
17.596	0.17045719199794
17.636	0.170681443158372
17.676	0.170944176253897
17.716	0.171245967159763
17.756	0.171587543641948
17.796	0.171969382142407
17.836	0.172391286758369
17.876	0.17285223450142
17.916	0.173350391896008
17.956	0.173883286859933
17.996	0.174448284206989
18.036	0.175043129773456
18.076	0.175666322810201
18.116	0.176317242635236
18.156	0.176995943840126
18.196	0.177702567989542
18.236	0.17843660347441
18.276	0.179196216362811
18.316	0.179977841139106
18.356	0.180776218315572
18.396	0.181584882077715
18.436	0.182396833477554
18.476	0.183205247207383
18.516	0.184004018902414
18.556	0.184788071743611
18.596	0.185553409161031
18.636	0.186296969509471
18.676	0.187016352613426
18.716	0.187709558217904
18.756	0.188374778676661
18.796	0.189010253736711
18.836	0.189614214559782
18.876	0.190184870635761
18.916	0.190720366841703
18.956	0.191218750745662
18.996	0.191677998592155
19.036	0.192096100993496
19.076	0.192471241177515
19.116	0.192802080302414
19.156	0.193088071589926
19.196	0.193329727585677
19.236	0.193528743298742
19.276	0.193687894695785
19.316	0.193810723397377
19.356	0.19390108869365
19.396	0.193962640122237
19.436	0.19399831056532
19.476	0.194009899009728
19.516	0.193997774672511
19.556	0.19396070960002
19.596	0.1938958557067
19.636	0.193798843482995
19.676	0.193663990848762
19.716	0.193484598257527
19.756	0.193253273865736
19.796	0.192962219806105
19.836	0.192603502880132
19.876	0.192169313191442
19.916	0.191652168234071
19.956	0.191045076715085
19.996	0.190341720454995
20.036	0.189536632722053
20.076	0.188625375220823
20.116	0.187604732970584
20.156	0.186472873090423
20.196	0.185229426309121
20.236	0.183875430953691
20.276	0.182413071896207
20.316	0.180845234924703
20.356	0.179175087516654
20.396	0.177405824161525
20.436	0.175540548140219
20.476	0.173582323364286
20.516	0.1715343926505
20.556	0.169400430750017
20.596	0.167184716039429
20.636	0.164892285171192
20.676	0.162529091763815
20.716	0.160102206412461
20.756	0.157620069110038
20.796	0.155092577945368
20.836	0.152530936811644
20.876	0.149947327601296
20.916	0.147354514039989
20.956	0.144765306364178
20.996	0.14219210041523
21.036	0.13964665974575
21.076	0.137139987957852
21.116	0.134682183380846
21.156	0.132282367316066
21.196	0.129948615464258
21.236	0.127687912578693
21.276	0.125506150953953
21.316	0.123408236596362
21.356	0.121398067343733
21.396	0.119478471798402
21.436	0.117651189727042
21.476	0.115916927141711
21.516	0.114275381561924
21.556	0.112725410800039
21.596	0.111265313587751
21.636	0.109893028406248
21.676	0.108606195996316
21.716	0.107402186374571
21.756	0.106278042514703
21.796	0.105230416753244
21.836	0.104255645064455
21.876	0.103349969365553
21.916	0.102509738478858
21.956	0.101731651589091
21.996	0.101012997351091
22.036	0.10035173112243
22.076	0.0997464097379748
22.116	0.0991961226368119
22.156	0.0987003949267944
22.196	0.0982590346248458
22.236	0.0978720475117427
22.276	0.0975395801603725
22.316	0.0972618687827094
22.356	0.0970392043690822
22.396	0.0968718696958035
22.436	0.0967600031109725
22.476	0.0967034825404482
22.516	0.0967018578571128
22.556	0.0967543330847889
22.596	0.0968598300362373
22.636	0.0970171621092106
22.676	0.0972252446631501
22.716	0.0974833442211889
22.756	0.097791288084494
22.796	0.0981496309634622
22.836	0.0985597825465163
22.876	0.0990241637446729
22.916	0.0995462731466148
22.956	0.100130679623618
22.996	0.100782932931082
23.036	0.101509287831732
23.076	0.10231627082274
23.116	0.103210261201099
23.156	0.10419710907783
23.196	0.105281875447531
23.236	0.106468773600028
23.276	0.107761287554155
23.316	0.109162284108123
23.356	0.110674126827632
23.396	0.1122987462997
23.436	0.114037603628816
23.476	0.115891515154715
23.516	0.117860507583089
23.556	0.119943741369497
23.596	0.122139420374452
23.636	0.124444734119436
23.676	0.126855801971999
23.716	0.12936756982117
23.756	0.131973656550912
