47.596	0.470697661862971
47.636	0.466100029821348
47.676	0.462389358452754
47.716	0.45959349231299
47.756	0.457717134286611
47.796	0.45674442165199
47.836	0.456642073441856
47.876	0.457362178547612
47.916	0.458844318050581
47.956	0.461016924716603
47.996	0.463798861717976
48.036	0.467101763095513
48.076	0.470833034553436
48.116	0.474899133832025
48.156	0.479208863137444
48.196	0.483676157328262
48.236	0.488221892256718
48.276	0.49277501924422
48.316	0.497273217451323
48.356	0.501663398644439
48.396	0.505902038550687
48.436	0.509955379739665
48.476	0.513798936907563
48.516	0.517416821994686
48.556	0.520801128635242
48.596	0.523951548564071
48.636	0.526874611477808
48.676	0.52958271944334
48.716	0.532093027688404
48.756	0.534425986339386
48.796	0.536603633855691
48.836	0.538648218705191
48.876	0.540581166664253
48.916	0.542422366387143
48.956	0.544189931782569
48.996	0.54590039154624
49.036	0.54756875963227
49.076	0.549208538213009
49.116	0.550831942702246
49.156	0.552450117229853
49.196	0.554073043097389
49.236	0.555709515158526
49.276	0.557367148192782
49.316	0.559052068387757
49.356	0.560768337798265
49.396	0.562517222868394
49.436	0.564296208680332
49.476	0.56609799469453
49.516	0.567909836307024
49.556	0.569713425887187
49.596	0.571485513031973
49.636	0.573199449682932
49.676	0.574827397834213
49.716	0.576342724281801
49.756	0.577722140396247
49.796	0.578947242862284
49.836	0.580005184955382
49.876	0.580888537028216
49.916	0.5815946090799
49.956	0.582124598245457
49.996	0.582482767152385
50.036	0.582675797226386
50.076	0.582712338305498
50.116	0.582602690794317
50.156	0.582358539794257
50.196	0.581992666690041
50.236	0.581518608239264
50.276	0.580950284675225
50.316	0.580301649334672
50.356	0.579586410673926
50.396	0.578817870898149
50.436	0.578008886085115
50.476	0.577171935621607
50.516	0.576319220203402
50.556	0.575462739102193
50.596	0.574614313254358
50.636	0.573785476571004
50.676	0.572987197054601
50.716	0.572229468129592
50.756	0.571520855696747
50.796	0.570868126295011
50.836	0.570276121740619
50.876	0.569747894550289
50.916	0.569285003470725
50.956	0.568887902095355
50.996	0.56855632074911
51.036	0.568289581997362
51.076	0.568086847482675
51.116	0.567947324724003
51.156	0.567870464833106
51.196	0.567856133515818
51.236	0.567904694638457
51.276	0.568016979259994
51.316	0.568194128600737
51.356	0.568437325857133
51.396	0.568747500233314
51.436	0.569125066775371
51.476	0.56956975806321
51.516	0.570080586190727
51.556	0.570655895452376
51.596	0.571293453422015
51.636	0.571990611923241
51.676	0.572744469215706
51.716	0.573551977561522
51.756	0.574410038586905
51.796	0.575315540436748
51.836	0.576265293995505
51.876	0.577255938479709
51.916	0.578283799809299
51.956	0.579344722844382
51.996	0.58043402237098
52.036	0.581546509644284
52.076	0.582676560029029
52.116	0.583818255892368
52.156	0.584965396937093
52.196	0.586111250176657
52.236	0.587248317668184
52.276	0.588368158770265
52.316	0.589461336526767
52.356	0.590517769115593
52.396	0.591527517513839
52.436	0.592481643456097
52.476	0.593373150870832
52.516	0.594197815338646
52.556	0.594954690259726
52.596	0.595646272286388
52.636	0.596278381248737
52.676	0.596859617955886
52.716	0.597400569303829
52.756	0.597912810397418
52.796	0.598407811320897
52.836	0.598896152583563
52.876	0.599387096740713
52.916	0.599888383315204
52.956	0.600406305038234
52.996	0.60094596178925
53.036	0.601511367899604
53.076	0.602105469487981
53.116	0.60273004599577
53.156	0.603385612623299
53.196	0.604071541648466
53.236	0.604786443945216
53.276	0.605528541777687
53.316	0.606296151439949
53.356	0.607088141000361
53.396	0.607904091274861
53.436	0.608744231721687
53.476	0.609609351046458
53.516	0.61050057939002
53.556	0.611419249331732
53.596	0.61236679007942
53.636	0.613344531808536
53.676	0.61435366659822
53.716	0.61539532963144
53.756	0.616470479662723
53.796	0.617579553224516
53.836	0.618721966920305
53.876	0.619895410417087
53.916	0.621095213015508
53.956	0.622313978470572
53.996	0.623541687355385
54.036	0.624766403656679
54.076	0.625975452956538
54.116	0.627156333635355
54.156	0.628297132542741
54.196	0.629386557208193
54.236	0.630413157111036
54.276	0.631363904940429
54.316	0.632222754741463
54.356	0.632969692377912
54.396	0.633580529851486
54.436	0.634027800198339
54.476	0.634282228851532
54.516	0.634314631460086
54.556	0.634097884026062
54.596	0.633608645249694
54.636	0.632828449156534
54.676	0.631744528390698
54.716	0.630350252605524
54.756	0.628645384880031
54.796	0.626636163570822
54.836	0.624335502805991
54.876	0.621762884821862
54.916	0.618944061544028
54.956	0.615910396433321
54.996	0.612697981856115
55.036	0.609346679793418
55.076	0.605899251492758
55.116	0.602400480067729
55.156	0.598896292587199
55.196	0.595432755239983
55.236	0.592054900741971
55.276	0.588805366369286
55.316	0.585722937979256
55.356	0.582841301079554
55.396	0.580188175382148
55.436	0.577784708239562
55.476	0.575645238088271
55.516	0.573777474420183
55.556	0.572182998765072
55.596	0.570857942030614
55.636	0.569793867795909
55.676	0.568978714137245
55.716	0.568397647206723
55.756	0.568033759927687
55.796	0.567868609059417
55.836	0.567882639075663
55.876	0.568055595546014
55.916	0.568366966573024
55.956	0.568796445135206
55.996	0.569324394566763
56.036	0.569932255482115
56.076	0.570602849666386
56.116	0.571320576619485
56.156	0.572071500515506
56.196	0.572843346753928
56.236	0.573625413687353
56.276	0.57440840228179
56.316	0.575184162242124
56.356	0.575945451367772
56.396	0.576685715737369
56.436	0.577398922660052
56.476	0.578079511472026
56.516	0.578722470858622
56.556	0.579323451794323
56.596	0.579878868087519
56.636	0.580385968379744
56.676	0.580842829335154
56.716	0.581248294148338
56.756	0.581601894519906
56.796	0.581903781308426
56.836	0.582154691400603
56.876	0.582355972655193
56.916	0.582509622693976
56.956	0.582618318682592
56.996	0.582685432300138
57.036	0.582715003815395
57.076	0.582711657653874
57.116	0.582680462341671
57.156	0.582626743105436
57.196	0.582555878852588
57.236	0.582473113657272
57.276	0.582383412535989
57.316	0.582291382913525
57.356	0.582201257974873
57.396	0.582116913755215
57.436	0.582041882899773
57.476	0.581979322140398
57.516	0.58193192003074
57.556	0.581901765094756
57.596	0.581890210226618
57.636	0.581897776385233
57.676	0.58192413027615
57.716	0.581968134181295
57.756	0.582027933500456
57.796	0.582101055073451
57.836	0.582184491014971
57.876	0.582274750994372
57.916	0.582367873107444
57.956	0.582459439049728
57.996	0.582544611414335
58.036	0.582618217749712
58.076	0.58267489365636
58.116	0.582709282894427
58.156	0.582716238673413
58.196	0.582691002434046
58.236	0.582629343367955
58.276	0.582527637639089
58.316	0.582382907596354
58.356	0.582192835251647
58.396	0.581955767992042
58.436	0.581670758890084
58.476	0.58133762634742
58.516	0.580956976089908
58.556	0.580530211953771
58.596	0.580059528359527
58.636	0.579547843291095
58.676	0.57899869611407
58.716	0.57841616777381
58.756	0.577804797351916
58.796	0.577169465539384
58.836	0.57651524816248
58.876	0.575847230160832
58.916	0.57517029370166
58.956	0.574488955807794
58.996	0.573807358867555
59.036	0.573129474341329
59.076	0.572459495999453
59.116	0.571802341506498
59.156	0.571164137097014
59.196	0.570552496664675
59.236	0.569976543450423
59.276	0.569446671680168
59.316	0.56897409901859
59.356	0.568570319409048
59.396	0.568246618288129
59.436	0.568013707505713
59.476	0.567881517043304
59.516	0.56785917534188
59.556	0.567955133837529
59.596	0.568177357750926
59.636	0.568533515582146
59.676	0.569031083321704
59.716	0.569677316913328
59.756	0.57047909377178
59.796	0.57144264454422
59.836	0.572573279208029
59.876	0.573875209831215
59.916	0.575351483163502
59.956	0.577004115757575
59.996	0.578834422008129
60.036	0.580843380895942
60.076	0.58303188819508
60.116	0.585400840855243
60.156	0.587950998751069
60.196	0.590682712764817
60.236	0.593595668102182
60.276	0.596688661865699
60.316	0.599959464101801
60.356	0.60340461618722
60.396	0.607018781327326
60.436	0.610793658752129
60.476	0.614716615175155
60.516	0.618769369574295
60.556	0.622927101119728
60.596	0.627158504250644
60.636	0.631426893327045
60.676	0.635691989320151
60.716	0.639911648512054
60.756	0.644043041530779
60.796	0.648042984783899
60.836	0.651867401173206
60.876	0.655469952817782
60.916	0.65880053164102
60.956	0.661804230548853
60.996	0.664421779407405
61.036	0.666591651298916
61.076	0.668253828723039
61.116	0.669354470535552
61.156	0.669850758104587
61.196	0.669714489076171
61.236	0.668933724151714
61.276	0.667512432493311
61.316	0.665468402651015
61.356	0.662830113871962
61.396	0.659633795949674
61.436	0.655921213439854
61.476	0.651738574593367
61.516	0.647136881955078
61.556	0.642172925729767
61.596	0.636910126926807
61.636	0.631418882436094
61.676	0.62577581373904
61.716	0.620061629767008
61.756	0.614358297719093
61.796	0.608746080819685
61.836	0.603300810819462
61.876	0.598091969202244
61.916	0.593181705171162
61.956	0.588624266845443
61.996	0.584465537690164
62.036	0.580742588824876
62.076	0.577483125860283
62.116	0.574704889332054
62.156	0.57241526274521
62.196	0.570611307128445
62.236	0.569280256677132
62.276	0.568400419245961
62.316	0.567942395316038
62.356	0.567870450739349
62.396	0.56814383704608
62.436	0.568717975932657
62.476	0.569545492724217
62.516	0.570577165286807
62.556	0.571762885511191
62.596	0.573052638495767
62.636	0.57439754116632
62.676	0.57575095497333
62.716	0.577069529836024
62.756	0.578314089949856
62.796	0.57945034136668
62.836	0.580449250585559
62.876	0.581287013689291
62.916	0.581944695257619
62.956	0.582407602368619
62.996	0.582664554732389
63.036	0.582707275774453
63.076	0.582530013388066
63.116	0.58212943707764
63.156	0.58150480275873
63.196	0.580658290613712
63.236	0.579595501893607
63.276	0.57832608519351
63.316	0.576864365538597
63.356	0.575229942734325
63.396	0.573448170115682
63.436	0.571550263674851
63.476	0.569572953688123
63.516	0.567557811272934
63.556	0.565550295519927
63.596	0.563598656180773
63.636	0.561752759880903
63.676	0.56006290309
63.716	0.558578675852061
63.756	0.557347618550182
63.796	0.556413506104434
63.836	0.555814334253171
63.876	0.555580153555923
63.916	0.555730757737308
63.956	0.556273808182198
63.996	0.557203481179329
64.036	0.558499927283663
64.076	0.560129548628595
64.116	0.562046002952172
64.156	0.564191549481563
64.196	0.566499023691961
64.236	0.568894235733126
64.276	0.57129877131041
64.316	0.573633211498588
64.356	0.575820805512365
64.396	0.577791097916759
64.436	0.579483264248495
64.476	0.580848746922527
64.516	0.581853023259498
64.556	0.582476467156482
64.596	0.58271438249534
64.636	0.582576376591362
64.676	0.582085325387482
64.716	0.581276074837263
64.756	0.580193969704339
64.796	0.578893225182298
64.836	0.577435061756148
64.876	0.575885523024056
64.916	0.574313024202127
64.956	0.572785798016923
64.996	0.571369527022114
65.036	0.570125408096317
65.076	0.56910874931549
65.116	0.568368010236611
65.156	0.567944124603457
65.196	0.567869875794088
65.236	0.568169228894988
65.276	0.568856727937884
65.316	0.569937192711848
65.356	0.571405932865275
65.396	0.573249597257416
65.436	0.575447620623379
65.476	0.577974030768075
65.516	0.580799339709017
65.556	0.583892237025054
65.596	0.587220902728802
65.636	0.59075384486249
65.676	0.594460220617123
65.716	0.598309633664996
65.756	0.602271744847201
65.796	0.606315976910025
65.836	0.610411554267273
65.876	0.614527998286746
65.916	0.618636211472506
65.956	0.62270987684775
65.996	0.626726611559263
66.036	0.630668485348053
66.076	0.634521547886095
66.116	0.63827446829049
66.156	0.641916654855834
66.196	0.645436533433497
66.236	0.64882044828579
66.276	0.652052778377822
66.316	0.655117154839957
66.356	0.657998067522897
66.396	0.660682291157229
66.436	0.663160170653157
66.476	0.66542643421252
66.516	0.667480436224935
66.556	0.669325806241488
66.596	0.670969968699467
66.636	0.672423347716801
66.676	0.673698173688138
66.716	0.674806994581616
66.756	0.675761030269825
66.796	0.676568430386681
66.836	0.677232938513782
66.876	0.677753545084727
66.916	0.678124754929911
66.956	0.678337164164475
66.996	0.678378576058947
67.036	0.678235147581802
67.076	0.677892046427075
67.116	0.677334081265656
67.156	0.676546602374913
67.196	0.675516364950056
67.236	0.674232591080624
67.276	0.672688258797564
67.316	0.670881179198602
67.356	0.668814910631738
67.396	0.666499503726584
67.436	0.663951613440588
67.476	0.66119399019334
67.516	0.658254672555302
67.556	0.655165831776969
67.596	0.651962259542699
67.636	0.648679799631793
67.676	0.645353791577747
67.716	0.64201774229474
67.756	0.63870268471004
67.796	0.63543694517756
67.836	0.632246158134478
67.876	0.629153467640492
67.916	0.626179585381635
67.956	0.62334247230018
67.996	0.620657041911102
68.036	0.618135091320767
68.076	0.615785603240795
68.116	0.61361537671047
68.156	0.611629792732913
68.196	0.60983327634591
68.236	0.608229448181817
68.276	0.606820765196119
68.316	0.605607830420524
68.356	0.604588872055217
68.396	0.603759721993868
68.436	0.603114310850344
68.476	0.602645803903272
68.516	0.602348002750944
68.556	0.602216501533178
68.596	0.602249409170838
68.636	0.602447533524867
68.676	0.602813795730356
68.716	0.603352245300755
68.756	0.60406701714129
68.796	0.604961297362308
68.836	0.606036416729751
68.876	0.607291262445699
68.916	0.608721964735935
68.956	0.610321923367735
68.996	0.612082338516018
69.036	0.613992927260313
69.076	0.616042599273726
69.116	0.618220069961865
69.156	0.620514303598441
69.196	0.622914447311416
69.236	0.625409313876446
69.276	0.627986532364559
69.316	0.630631503112284
69.356	0.633326384634245
69.396	0.636049614882779
69.436	0.638775865321634
69.476	0.641476898320036
69.516	0.64412307177264
69.556	0.646685033099004
69.596	0.649134899831381
69.636	0.651447215124279
69.676	0.65359912060859
69.716	0.655570103204184
69.756	0.657341312437268
69.796	0.658895049703744
69.836	0.660214565990657
69.876	0.661284692995252
69.916	0.662092492436443
69.956	0.66262780493247
69.996	0.66288350070073
70.036	0.662855537039434
70.076	0.662542441072048
70.116	0.661945184258286
70.156	0.66106746516067
70.196	0.659916638936522
70.236	0.658505043566322
70.276	0.656851476413806
70.316	0.654981703878605
70.356	0.65292811104058
70.396	0.6507280749492
70.436	0.648420869062363
70.476	0.646043845924453
70.516	0.643629289937337
70.556	0.641202367097378
70.596	0.638780572303347
70.636	0.636374787334546
70.676	0.633991639316093
70.716	0.631636078462464
70.756	0.629313829791101
70.796	0.627033108956368
70.836	0.62480519539605
70.876	0.62264391084085
70.916	0.620564470533566
70.956	0.618581755108664
70.996	0.616708463133079
71.036	0.614953682533439
71.076	0.613322087842619
71.116	0.611813640650837
71.156	0.610423914549585
71.196	0.609144931576509
71.236	0.607966037447625
71.276	0.606874597352828
71.316	0.605856627610649
71.356	0.604897263666828
