0.036	0.0108151316097214
0.076	0.00943790189447569
0.116	0.0081080757256764
0.156	0.00683280245350559
0.196	0.00561885927806216
0.236	0.00447265236549654
0.276	0.00340021719357608
0.316	0.00240721840896541
0.356	0.0014989494345663
0.396	0.000680334896660639
0.436	-4.40640535934733e-05
0.476	-0.000670041099734675
0.516	-0.00119373498695197
0.556	-0.00161161965902679
0.596	-0.00192049621892565
0.636	-0.0021174881437922
0.676	-0.00220004013602804
0.716	-0.00216591917688547
0.756	-0.00201321636316365
0.796	-0.00174034784873456
0.836	-0.00134605413658662
0.876	-0.000829398111417134
0.916	-0.000189761873169658
0.956	0.000573157028444626
0.996	0.00145934926402802
1.036	0.00246849773418845
1.076	0.00359998181003718
1.116	0.00485288064421141
1.156	0.00622597588584384
1.196	0.00771775391921281
1.236	0.00932640643437921
1.276	0.0110498301883588
1.316	0.0128856283763845
1.356	0.0148311135411525
1.396	0.016883312751748
1.436	0.0190389764166845
1.476	0.0212945882166515
1.516	0.0236463734450787
1.556	0.0260903063884079
1.596	0.0286221167873073
1.636	0.0312372951229101
1.676	0.0339310993623307
1.716	0.0366985657431336
1.756	0.0395345231297917
1.796	0.0424336113960315
1.836	0.0453903030472169
1.876	0.0483989248308525
1.916	0.051453675857676
1.956	0.0545486420813894
1.996	0.0576778071925013
2.036	0.0608350609614128
2.076	0.0640142082027602
2.116	0.0672089827281788
2.156	0.0704130666934937
2.196	0.0736201145914173
2.236	0.0768237797922176
2.276	0.0800177407502893
2.316	0.0831957222979831
2.356	0.086351510431502
2.396	0.0894789637383191
2.436	0.0925720251275344
2.476	0.0956247372430461
2.516	0.0986312641578202
2.556	0.101585918258703
2.596	0.104483186852004
2.636	0.107317754679638
2.676	0.110084520469773
2.716	0.112778603972547
2.756	0.115395344875619
2.796	0.117930304622103
2.836	0.120379274887906
2.876	0.122738291932219
2.916	0.125003658047913
2.956	0.127171968954233
2.996	0.129240135194063
3.036	0.131205394382672
3.076	0.133065312727101
3.116	0.134817774879874
3.156	0.136460965026874
3.196	0.137993346332859
3.236	0.139413639208396
3.276	0.140720799206608
3.316	0.141913999388212
3.356	0.142992617205156
3.396	0.143956220644935
3.436	0.144804554303999
3.476	0.145537523397014
3.516	0.146155171838846
3.556	0.146657651548683
3.596	0.147045182857457
3.636	0.147318005957256
3.676	0.147476326305725
3.716	0.147520256540684
3.756	0.147449755624759
3.796	0.147264562264706
3.836	0.146964116353868
3.876	0.146547460433329
3.916	0.146013113647275
3.956	0.145358914343458
3.996	0.144581830487464
4.036	0.143677737299928
4.076	0.142641161454275
4.116	0.141464993020062
4.156	0.140140158261634
4.196	0.138655245521004
4.236	0.136996080995328
4.276	0.135145250207085
4.316	0.133081565674406
4.356	0.130779502052544
4.396	0.128208626277701
4.436	0.125333062947586
4.476	0.122111082575625
4.516	0.118494943791529
4.556	0.114431163144484
4.596	0.109861436989998
4.636	0.104724440525398
4.676	0.0989585675518292
4.716	0.0925052145767715
4.756	0.0853112627460355
4.796	0.0773276350850267
4.836	0.0728866636063934
4.876	0.0686065625261563
4.916	0.0645321314244676
4.956	0.0607099029125706
4.996	0.057187601727545
5.036	0.0540131581650449
5.076	0.0512333163309435
5.116	0.0488915968746184
5.156	0.0470258960811343
5.196	0.0456658223068445
5.236	0.0448305866532976
5.276	0.0445273251494811
5.316	0.044750545012036
5.356	0.04548281746073
5.396	0.0466966410421534
5.436	0.0483566972977272
5.476	0.0504225034202506
5.516	0.0528506789738579
5.556	0.055596706559168
5.596	0.0586161749341514
5.636	0.0618658596884636
5.676	0.0653042415737417
5.716	0.06889182629941
5.756	0.0725914966070995
5.796	0.0763686828654606
5.836	0.0801912097441964
5.876	0.0840291866384071
5.916	0.0878549022391191
5.956	0.0916427637684585
5.996	0.0953695050417203
6.036	0.0990146946709309
6.076	0.102561134628136
6.116	0.105995035697926
6.156	0.109305920926655
6.196	0.112485855708794
6.236	0.115528355262857
6.276	0.118427585215638
6.316	0.121177890996012
6.356	0.123773736119819
6.396	0.126210235696743
6.436	0.128483961636991
6.476	0.130593474411381
6.516	0.132539540270709
6.556	0.134325005584923
6.596	0.135954342870892
6.636	0.137433122494333
6.676	0.138767686591589
6.716	0.139964960298844
6.756	0.141032365112284
6.796	0.141977823866068
6.836	0.142809732515463
6.876	0.143536758550045
6.916	0.14416762343917
6.956	0.144710924681558
6.996	0.145175027422173
7.036	0.145568011425777
7.076	0.14589771893289
7.116	0.146171795217032
7.156	0.146397648511506
7.196	0.146582322464273
7.236	0.146732328746499
7.276	0.1468534488417
7.316	0.146950584684181
7.356	0.147027708953377
7.396	0.147087917354387
7.436	0.147133539516656
7.476	0.147166300576966
7.516	0.147187488931738
7.556	0.147198070512101
7.596	0.147198751212226
7.636	0.147190027060308
7.676	0.147172209912082
7.716	0.147145417372041
7.756	0.147109549213997
7.796	0.14706425360853
7.836	0.14700888188813
7.876	0.146942464656544
7.916	0.146863731997872
7.956	0.146771159797535
7.996	0.146663055853008
8.036	0.146537714692389
8.076	0.146393604340627
8.116	0.146229545899924
8.156	0.146044909919663
8.196	0.145839781360589
8.236	0.145615046468254
8.276	0.145372389888184
8.316	0.14511423868235
8.356	0.144843671198611
8.396	0.144564341062246
8.436	0.144280418658564
8.476	0.1439965829661
8.516	0.143718004243329
8.556	0.143450274603399
8.596	0.143199258849808
8.636	0.14297085436527
8.676	0.142770630011039
8.716	0.1426034727812
8.756	0.14247331054521
8.796	0.142382907442279
8.836	0.142333764403322
8.876	0.142326199681865
8.916	0.142359465951014
8.956	0.142431885790455
8.996	0.142541065801236
9.036	0.142684130474276
9.076	0.14285793085374
9.116	0.143059222688581
9.156	0.14328477832419
9.196	0.143531387204451
9.236	0.143795800371297
9.276	0.144074630354933
9.316	0.144364254661841
9.356	0.144660774701396
9.396	0.144960040978088
9.436	0.145257752594123
9.476	0.145549588748796
9.516	0.145831334498272
9.556	0.146099012212741
9.596	0.146349031841279
9.636	0.146578321861316
9.676	0.146784433062901
9.716	0.146965614216629
9.756	0.147120831570088
9.796	0.147249723774554
9.836	0.147352517001163
9.876	0.147429906275438
9.916	0.147482925332202
9.956	0.147512814300608
9.996	0.147520884052835
10.036	0.147508385351454
10.076	0.147476395330489
10.116	0.147425722251793
10.156	0.147356836366232
10.196	0.14726982752514
10.236	0.147164380637623
10.276	0.14703976875354
10.316	0.146894843783283
10.356	0.146728020174773
10.396	0.146537262409485
10.436	0.146320078445829
10.476	0.146073499555317
10.516	0.145794059986098
10.556	0.145477770732416
10.596	0.145120106273165
10.636	0.144716011244622
10.676	0.144259941492766
10.716	0.143745931385393
10.756	0.143167766637593
10.796	0.142519232417694
10.836	0.141794436040474
10.876	0.140988183104991
10.916	0.140096375316563
10.956	0.139116351600098
10.996	0.138047161813535
11.036	0.136889695476309
11.076	0.135646655875373
11.116	0.134322389856148
11.156	0.132922588751487
11.196	0.131453808114234
11.236	0.129923047085608
11.276	0.128337478744154
11.316	0.126704355414976
11.356	0.125031050501672
11.396	0.123325267488891
11.436	0.12159520266891
11.476	0.119849546189496
11.516	0.118097295232037
11.556	0.116347351749102
11.596	0.11460795847341
11.636	0.112886381864055
11.676	0.111188837758075
11.716	0.109520602759044
11.756	0.107886287771375
11.796	0.106290263558403
11.836	0.104736817840919
11.876	0.103230044414662
11.916	0.10177361262949
11.956	0.100370479067582
11.996	0.0990226054379413
12.036	0.0977310011632575
12.076	0.0964960663466208
12.116	0.095318147044555
12.156	0.0941981662374864
12.196	0.0931381609220416
12.236	0.0921414539504291
12.276	0.0912124852229148
12.316	0.0903564474224261
12.356	0.0895788174699739
12.396	0.0888849828839007
12.436	0.0882801514160612
12.476	0.0877695469259656
12.516	0.0873586877586909
12.556	0.0870536529586339
12.596	0.0868611263671077
12.636	0.0867881574177325
12.676	0.0868416803815855
12.716	0.0870279147688926
12.756	0.0873517673770543
12.796	0.0878165076285278
12.836	0.0884237231539409
12.876	0.0891735061192271
12.916	0.0900648231198211
12.956	0.0910960759326578
12.996	0.0922655285863279
13.036	0.0935714513905985
13.076	0.0950119852781377
13.116	0.0965846753594271
13.156	0.0982858113586325
13.196	0.100109929448788
13.236	0.102049570442635
13.276	0.104095318634325
13.316	0.106236217772572
13.356	0.108460296202043
13.396	0.110754913922083
13.436	0.113106789946652
13.476	0.115501754620158
13.516	0.117924330095004
13.556	0.120357395544506
13.596	0.12278216114591
13.636	0.125178556089974
13.676	0.127525964819188
13.716	0.129804123743948
13.756	0.131993991182373
13.796	0.134078405907029
13.836	0.136042422391416
13.876	0.137873363465555
13.916	0.139560709601337
13.956	0.14109588536849
13.996	0.142472064748521
14.036	0.143684109881423
14.076	0.144728627831878
14.116	0.145604058237165
14.156	0.14631076136337
14.196	0.146851013689382
14.236	0.147228880519993
14.276	0.147449957897162
14.316	0.147521017608131
14.356	0.147449625401318
14.396	0.14724383222983
14.436	0.146911959048982
14.476	0.146462455316392
14.516	0.145903798323449
14.556	0.14524435482706
14.596	0.14449222233743
14.636	0.143655103565575
14.676	0.142740279461233
14.716	0.141754741676667
14.756	0.140705510923464
14.796	0.139599993936674
14.836	0.138446288098766
14.876	0.137253316117199
14.916	0.136030703235857
14.956	0.134788426940577
14.996	0.133536431482117
15.036	0.132284340123814
15.076	0.131041356868646
15.116	0.129816276124554
15.156	0.128617457239894
15.196	0.127452773573427
15.236	0.126329514332358
15.276	0.125254250751372
15.316	0.124232799676452
15.356	0.123270305318005
15.396	0.122371297351197
15.436	0.121539821731009
15.476	0.120779576572449
15.516	0.120093844409009
15.556	0.119485444717544
15.596	0.118956914709177
15.636	0.118510666179315
15.676	0.118149153198775
15.716	0.117874927575226
15.756	0.117690301065313
15.796	0.117596600493901
15.836	0.117593220028962
15.876	0.117676715797419
15.916	0.117840271317117
15.956	0.118073908110762
15.996	0.118365249486768
16.036	0.118700527340057
16.076	0.119065713086936
16.116	0.119447451183778
16.156	0.119833505278866
16.196	0.120212881541054
16.236	0.120575835599478
16.276	0.120913796144659
16.316	0.121219337901568
16.356	0.121486329181909
16.396	0.121710030502388
16.436	0.121887202953271
16.476	0.122016183931418
16.516	0.122096998450029
16.556	0.12213143611967
16.596	0.122123277146589
16.636	0.122078525584069
16.676	0.122005598029336
16.716	0.121915411319872
16.756	0.12182137630268
16.796	0.121739109548503
16.836	0.121685805183194
16.876	0.121679228502298
16.916	0.121736637093786
16.956	0.121873760169127
16.996	0.122104018912903
17.036	0.122438093701735
17.076	0.122883935415462
17.116	0.123446983536159
17.156	0.12413037786045
17.196	0.124934940384104
17.236	0.125858921888653
17.276	0.126897525537732
17.316	0.128042441963803
17.356	0.129281624991958
17.396	0.130599510779529
17.436	0.131977725447118
17.476	0.133396147676482
17.516	0.134833985025264
17.556	0.136270628747713
17.596	0.137686243319383
17.636	0.139062125586666
17.676	0.14038085356685
17.716	0.141626306352261
17.756	0.142783671895661
17.796	0.143839457123786
17.836	0.14478146936845
17.876	0.145598788882399
17.916	0.146281726289498
17.956	0.146821806408607
17.996	0.147211842785314
18.036	0.147446154500695
18.076	0.14752092374523
18.116	0.147434629341976
18.156	0.14718844853962
18.196	0.14678650748947
18.236	0.146235915309358
18.276	0.14554660058776
18.316	0.144731015996431
18.356	0.143803796085319
18.396	0.14278145640785
18.436	0.141682149099832
18.476	0.140525425948649
18.516	0.139331906184598
18.556	0.138122752337576
18.596	0.136918971647095
18.636	0.135740716547726
18.676	0.134606691200634
18.716	0.13353369119039
18.756	0.132536371298674
18.796	0.131627192608878
18.836	0.130816401552966
18.876	0.130111956978272
18.916	0.129519530103178
18.956	0.129042621777561
18.996	0.128682851284854
19.036	0.12844039094259
19.076	0.128314511881126
19.116	0.128304014194388
19.156	0.128407424614327
19.196	0.128622896582787
19.236	0.128947871989606
19.276	0.129378651220105
19.316	0.129910133497003
19.356	0.130535787585078
19.396	0.131247797089419
19.436	0.132037316255374
19.476	0.132894763675363
19.516	0.133809968642996
19.556	0.134772194056513
19.596	0.135770198139401
19.636	0.136792358132443
19.676	0.137826856080775
19.716	0.138861893000669
19.756	0.139885865466784
19.796	0.140887429339156
19.836	0.141855463357221
19.876	0.142778972106999
19.916	0.143647058449698
19.956	0.144449027861416
19.996	0.145174642593002
20.036	0.145814461966143
20.076	0.146360221254302
20.116	0.146805208500989
20.156	0.1471445948719
20.196	0.147375718544662
20.236	0.147498376160069
20.276	0.147515104852769
20.316	0.147431356499123
20.356	0.147255477973321
20.396	0.146998445881064
20.436	0.146673375611673
20.476	0.146294866342846
20.516	0.145878261749633
20.556	0.145438925486449
20.596	0.14499161327927
20.636	0.144549956992503
20.676	0.144126070170262
20.716	0.143730351177563
20.756	0.143371413144944
20.796	0.143056043612962
20.836	0.142789127213721
20.876	0.142573509391401
20.916	0.142409798770448
20.956	0.142296228430762
20.996	0.142228725883225
21.036	0.142201287523068
21.076	0.142206640155184
21.116	0.142237065275932
21.156	0.142285130543041
21.196	0.142344170002286
21.236	0.142408459681175
21.276	0.142473181387675
21.316	0.142534219109553
21.356	0.142587978422231
21.396	0.142631301859634
21.436	0.142661482290041
21.476	0.142676348441842
21.516	0.142674411380451
21.556	0.142655009826345
21.596	0.142618413354963
21.636	0.142565867537886
21.676	0.142499588026549
21.716	0.142422648390156
21.756	0.142338784667164
21.796	0.142252131032816
21.836	0.142166946898495
21.876	0.142087408109848
21.916	0.14201753200155
21.956	0.14196117709994
21.996	0.141922067710308
22.036	0.141903829290126
22.076	0.141909929584561
22.116	0.141943470925607
22.156	0.1420069074785
22.196	0.142101782631631
22.236	0.142228571727866
22.276	0.142386735876347
22.316	0.142574973976867
22.356	0.142791538537043
22.396	0.143034536192932
22.436	0.143302142625149
22.476	0.143592593141637
22.516	0.143903970067978
22.556	0.144233898386101
22.596	0.144579250153061
22.636	0.144935918182544
22.676	0.145298732457778
22.716	0.1456614975116
22.756	0.146017054954353
22.796	0.146357312345334
22.836	0.146673246667188
22.876	0.146954941933974
22.916	0.147191706830849
22.956	0.147372355702903
22.996	0.147485636524973
23.036	0.147520709894867
23.076	0.147467572517311
23.116	0.147317351217378
23.156	0.147062469928816
23.196	0.146696767702036
23.236	0.146215651963534
23.276	0.145616336673715
23.316	0.14489814494674
23.356	0.144062754136559
23.396	0.143114255528818
23.436	0.142058978457133
23.476	0.140905070926383
23.516	0.139661916650443
23.556	0.138339497847557
23.596	0.136947811715853
23.636	0.135496407295346
23.676	0.133994175160939
