0.144	0.0844626099225536
0.304	0.0832439496259383
0.464	0.0820353021516951
0.624	0.0808370929026694
0.784	0.0796497646784076
0.944	0.0784737737056673
1.104	0.0773095845604246
1.264	0.0761576640482247
1.424	0.0750184739407302
1.584	0.0738924638668266
1.744	0.0727800648789128
1.904	0.0716816834328426
2.064	0.0705976987824499
2.224	0.0695284628811521
2.384	0.0684743014453773
2.544	0.0674355160153084
2.704	0.0664123872456628
2.864	0.0654051775127016
3.024	0.0644141326567649
3.184	0.0634394839867412
3.344	0.0624814489882795
3.504	0.0615402308858677
3.664	0.0606160182232713
3.824	0.0597089852083457
3.984	0.0588192917077492
4.144	0.0579470833330618
4.304	0.0570924921109679
4.464	0.0562556373471637
4.624	0.0554366261307848
4.784	0.0546355540458023
4.944	0.0538525062061979
5.104	0.0530875587350295
5.264	0.0523407800473308
5.424	0.0516122324395099
5.584	0.0509019728544047
5.744	0.0502100529716074
5.904	0.0495365184648051
6.064	0.0488814078895814
6.224	0.0482447512254964
6.384	0.0476265689442528
6.544	0.0470268716630642
6.704	0.0464456599051175
6.864	0.0458829239347267
7.024	0.0453386437733059
7.184	0.0448127891308729
7.344	0.0443053198159475
7.504	0.0438161870145279
7.664	0.0433453354029609
7.824	0.0428927057167527
7.984	0.0424582374269846
8.144	0.0420418706205226
8.304	0.0416435467509757
8.464	0.0412632083638016
8.624	0.040900797980413
8.784	0.0405562563423416
8.944	0.0402295207847203
9.104	0.0399205242430014
9.264	0.0396291948817122
9.424	0.0393554561565281
9.584	0.0390992273514996
9.744	0.0388604242748158
9.904	0.0386389596509673
10.064	0.0384347430062633
10.224	0.0382476800649272
10.384	0.038077671607283
10.544	0.0379246121034669
10.704	0.0377883883802781
10.864	0.03766887852683
11.024	0.0375659511075526
11.184	0.037479464706422
11.344	0.0374092675639588
11.504	0.0373551971276527
11.664	0.0373170795627118
11.824	0.037294729398667
11.984	0.0372879493807829
12.144	0.0372965304984803
12.304	0.0373202521271025
12.464	0.0373588821331907
12.624	0.0374121768707312
12.784	0.0374798812341908
12.944	0.0375617289083436
13.104	0.0376574428937317
13.264	0.0377667364282672
13.424	0.0378893141678134
13.584	0.0380248732844564
13.744	0.0381731045130493
13.904	0.0383336929639597
14.064	0.0385063183112777
14.224	0.0386906546467856
14.384	0.0388863703731488
14.544	0.0390931279452218
14.704	0.0393105833989864
14.864	0.039538386146404
15.024	0.0397761794124278
15.184	0.0400236014561699
15.344	0.0402802875089776
15.504	0.0405458721384377
15.664	0.04081999126592
15.824	0.0411022828959346
15.984	0.0413923856728218
16.144	0.041689935459118
16.304	0.0419945601166489
16.464	0.0423058740077806
16.624	0.0426234743588054
16.784	0.0429469403146356
16.944	0.0432758341608803
17.104	0.0436097044821224
17.264	0.0439480901804075
17.424	0.0442905221116519
17.584	0.044636521007277
17.744	0.0449855925840836
17.904	0.0453372213439991
18.064	0.0456908635088382
18.224	0.0460459404999654
18.384	0.0464018337748655
18.544	0.046757879925309
18.704	0.0471133642813868
18.864	0.0474675138766827
19.024	0.0478194885791083
19.184	0.0481683689290264
19.344	0.0485131417485434
19.504	0.0488526862021956
19.664	0.0491857588398545
19.824	0.0495109772202511
19.984	0.0498268068251093
20.144	0.0501315524147969
20.304	0.0504233534959155
20.464	0.0507001858158276
20.624	0.0509598694883096
20.784	0.0512000802574164
20.944	0.0514183633941627
21.104	0.0516121515024963
21.264	0.0517787852935214
21.424	0.0519155439558006
21.584	0.052019694295069
21.744	0.0520885688244164
21.904	0.0521196810994695
22.064	0.0521108920577547
22.224	0.052060640642793
22.384	0.0519682521063771
22.544	0.0518343336935061
22.704	0.0516612626930453
22.864	0.0514537620612998
23.024	0.0512195532344606
23.184	0.0509700683846575
23.344	0.0507212255814977
23.504	0.0503571502863167
23.664	0.0500035873623972
23.824	0.0496633929156189
23.984	0.0493392709176703
24.144	0.0490337679518973
24.304	0.0487492124526341
24.464	0.0484876280384299
24.624	0.0482506622469998
24.784	0.0480395432152534
24.944	0.0478551167540502
25.104	0.0476979820081453
25.264	0.0475686201724272
25.424	0.047467498224222
25.584	0.0473951251332494
25.744	0.047351999625306
25.904	0.0473384811097901
26.064	0.0473546710280459
26.224	0.0474003421840337
26.384	0.0474748996669234
26.544	0.0475774222441316
26.704	0.0477067378880918
26.864	0.0478615054410909
27.024	0.0480402299890272
27.184	0.0482412525090865
27.344	0.0484627112367946
27.504	0.0487025182023046
27.664	0.0489583403071663
27.824	0.0492276374560277
27.984	0.0495077182442003
28.144	0.0497957786099903
28.304	0.0500888699590121
28.464	0.0503838472462519
28.624	0.0506772113643876
28.784	0.0509649401801937
28.944	0.0512423529616797
29.104	0.0515040632088528
29.264	0.0517440106393394
29.424	0.051955625483032
29.584	0.0521320590453058
29.744	0.0522664529574115
29.904	0.052352243062586
30.064	0.0523834864433468
30.224	0.0523551669964206
30.384	0.0522635276237509
30.544	0.0521063755890339
30.704	0.0518832813110919
30.864	0.051595590101698
31.024	0.0512462490086989
31.184	0.0508394548670879
31.344	0.0503802177189812
31.504	0.0498739381198732
31.664	0.0493260963432647
31.824	0.048742113283339
31.984	0.0481273873936345
32.144	0.0474874214239378
32.304	0.0468279332019108
32.464	0.0461548878374458
32.624	0.0454744329830135
32.784	0.0447927384020943
32.944	0.0441157710089044
33.104	0.0434490893249802
33.264	0.0427977169263443
33.424	0.0421661241111622
33.584	0.0415583127144998
33.744	0.0409779555676266
33.904	0.0404285426230615
34.064	0.0399134771024876
34.224	0.0394360907415319
34.384	0.0389995967560424
34.544	0.0386070156057201
34.704	0.0382611127345456
34.864	0.0379643778494199
35.024	0.0377190363763873
35.184	0.0375270684850477
35.344	0.0373902464278046
35.504	0.0373101912799427
35.664	0.0372884456874374
35.824	0.0373265671866818
35.984	0.0374262277771606
36.144	0.0375892902874568
36.304	0.0378178461166669
36.464	0.0381141979707138
36.624	0.0384807928586781
36.784	0.0389201456872854
36.944	0.039434757634325
37.104	0.0400270287632054
37.264	0.0406991889697963
37.424	0.0414532273164525
37.584	0.0422907888925863
37.744	0.0432130860776567
37.904	0.0442208377746454
38.064	0.0453142307659675
38.224	0.0464928891167631
38.384	0.0477558482118923
38.544	0.0491014783517301
38.704	0.0505273711272309
38.864	0.0520302233356631
39.024	0.053605774772592
39.184	0.0552488627304513
39.344	0.0569536346522739
39.504	0.0587138741404658
39.664	0.060523362651594
39.824	0.0623761531787466
39.984	0.0642666810524304
40.144	0.0661897010895416
40.304	0.0681401165382169
40.464	0.0701127544201938
40.624	0.0721022309120656
40.784	0.074102947757666
40.944	0.0761091940182439
41.104	0.078115262822763
41.264	0.0801155498646438
41.424	0.0821045932929962
41.584	0.0840770304335763
41.744	0.0860275030014179
41.904	0.0879506196698401
42.064	0.0898409901257935
42.224	0.091693354409216
42.384	0.0935028053083045
42.544	0.0952650680921749
42.704	0.096976720163326
42.864	0.0986353663078887
43.024	0.100239783445289
43.184	0.101789945006175
43.344	0.103286902220958
43.504	0.104732623079002
43.664	0.106129793652343
43.824	0.107481556716976
43.984	0.108791268003102
44.144	0.11006226599423
44.304	0.111297648195915
44.464	0.112500110895127
44.624	0.113671852692192
44.784	0.114814522687794
44.944	0.115929287317073
45.104	0.117017018045516
45.264	0.118078535559192
45.424	0.11911484094972
45.584	0.120127319090415
45.744	0.121117786640383
45.904	0.122088408832923
46.064	0.123041497163655
46.224	0.123979178467465
46.384	0.124903038261976
46.544	0.125813872814575
46.704	0.126711538021908
46.864	0.127594943360322
47.024	0.128462208619652
47.184	0.129310904626067
47.344	0.130138279858244
47.504	0.130941506920607
47.664	0.131717893035585
47.824	0.132465012691483
47.984	0.133180760885438
48.144	0.133863377165511
48.304	0.134511371103969
48.464	0.135123362371274
48.624	0.135697923127594
48.784	0.13623344391695
48.944	0.136728059935109
49.104	0.137179695482388
49.264	0.137586196786941
49.424	0.137945476419276
49.584	0.138255626016104
49.744	0.138514974527681
49.904	0.138722037986582
50.064	0.138875397952603
50.224	0.138973606668145
50.384	0.139015159743025
50.544	0.138998558792849
50.704	0.138922414970551
50.864	0.138785554918485
51.024	0.138587071413014
51.184	0.138326339036183
51.344	0.138002967384892
51.504	0.137616752321861
51.664	0.137167675337963
51.824	0.136655925401584
51.984	0.136081918280041
52.144	0.1354463036661
52.304	0.134749907593033
52.464	0.133993587767094
52.624	0.133178048899055
52.784	0.132303692753084
52.944	0.131370563094691
53.104	0.130378455382612
53.264	0.129327129859888
53.424	0.128216582634792
53.584	0.127047321669323
53.744	0.125820529407719
53.904	0.124538050699726
54.064	0.12320227724237
54.224	0.121816003491375
54.384	0.120382261072876
54.544	0.118904241917932
54.704	0.117385292846876
54.864	0.115828893620034
55.024	0.114238645623487
55.184	0.112618266585827
55.344	0.110971489386003
55.504	0.109301940498398
55.664	0.107613121014055
55.824	0.105908461414657
55.984	0.104191383326366
56.144	0.102465410077883
56.304	0.100734264097269
56.464	0.0990018896070239
56.624	0.0972724421205555
56.784	0.0955503020756794
56.944	0.0938400746175887
57.104	0.0921465984107783
57.264	0.0904750148164624
57.424	0.088830784683779
57.584	0.0872196059096666
57.744	0.0856472701923678
57.904	0.0841195241286243
58.064	0.0826418986468127
58.224	0.0812195463496153
58.384	0.0798571252966269
58.544	0.0785587262407432
58.704	0.0773278242189406
58.864	0.0761672610819062
59.024	0.0750792473173476
59.184	0.074065431391233
59.344	0.0731270486013784
59.504	0.0722651290686542
59.664	0.0714806871267513
59.824	0.070774854860332
59.984	0.0701489324557372
60.144	0.0696043374633462
60.304	0.0691424599810091
60.464	0.0687645059859676
60.624	0.0684714158173563
60.784	0.0682638834809666
60.944	0.0681424657665559
61.104	0.0681077214075856
61.264	0.0681603718558961
61.424	0.0683014380474845
61.584	0.0685323077823625
61.744	0.0688547556705146
61.904	0.0692709405268772
62.064	0.0697833086717594
62.224	0.0703944077321523
62.384	0.0711066532277016
62.544	0.0719220463732029
62.704	0.0728418811835638
62.864	0.0738665719610196
63.024	0.0749956075356693
63.184	0.0762276015843497
63.344	0.077560454126882
63.504	0.0789915928652647
63.664	0.0805181480638737
63.824	0.0821370404366064
63.984	0.0838449763524238
64.144	0.085638325105009
64.304	0.0875129125227829
64.464	0.089463828515278
64.624	0.0914853101813549
64.784	0.0935707406507902
64.944	0.0957127041271235
65.104	0.0979031230745875
65.264	0.100133469791416
65.424	0.102395016301131
65.584	0.104679006770397
65.744	0.106976814735248
65.904	0.10928001254112
66.064	0.11158035250557
66.224	0.113869706727797
66.384	0.116140049607196
66.544	0.118383405154901
66.704	0.120591850115801
66.864	0.122757658555912
67.024	0.124873477753312
67.184	0.126932443914285
67.344	0.128928296000169
67.504	0.13085541784406
67.664	0.132708704295766
67.824	0.134483370088475
67.984	0.136174807004267
68.144	0.137778541866993
68.304	0.139290339537553
68.464	0.140706483562923
68.624	0.142024105673983
68.784	0.143241491134546
68.944	0.144358280749344
69.104	0.145375560802023
69.264	0.146295791559481
69.424	0.147122661391592
69.584	0.147860904978671
69.744	0.148516095317319
69.904	0.149094342844336
70.064	0.149601981999723
70.224	0.150045252814749
70.384	0.15042998566426
70.544	0.150761372913024
70.704	0.151043938852212
70.864	0.151281664180061
71.024	0.151478173960612
71.184	0.151636957097111
71.344	0.151761479917042
71.504	0.15185512283395
71.664	0.151921006828189
71.824	0.151961793472054
71.984	0.151979539080543
72.144	0.151975752232573
72.304	0.151951615162119
72.464	0.1519082565529
72.624	0.151846982789124
72.784	0.151769399270705
72.944	0.151677374642276
73.104	0.151572902256447
73.264	0.151457893516607
73.424	0.151333998016668
73.584	0.151202514883579
73.744	0.151064389441643
73.904	0.150920230486491
74.064	0.150770385344885
74.224	0.15061503632316
74.384	0.150454240199934
74.544	0.150287932312011
74.704	0.150115928562599
74.864	0.149937861582629
75.024	0.149753105237181
75.184	0.149560768510838
75.344	0.149359730557507
75.504	0.149148741893242
75.664	0.148926608124071
75.824	0.14869238744663
75.984	0.148445535300112
76.144	0.148185977800182
76.304	0.14791411149335
76.464	0.147630730660211
76.624	0.147336935206198
76.784	0.147034046101425
76.944	0.146723513014734
77.104	0.146406824315221
77.264	0.146085427565566
77.424	0.145760664250901
77.584	0.14543372887394
77.744	0.145105689126837
77.904	0.144777562236726
78.064	0.144450414664931
78.224	0.144125434888082
78.384	0.14380394043971
78.544	0.143487286081694
78.704	0.14317672922644
78.864	0.142873301311994
79.024	0.142577744307431
79.184	0.142290489120427
79.344	0.142011726396589
79.504	0.14174152337884
79.664	0.14147996294534
79.824	0.141227219449007
79.984	0.140983553333029
80.144	0.140749258053432
80.304	0.140524567317215
80.464	0.140309544869893
80.624	0.140104048707684
80.784	0.139907748816398
80.944	0.139720172591268
81.104	0.139540795418526
81.264	0.139369127637707
81.424	0.139204697749364
81.584	0.139046997733004
81.744	0.138895445175166
81.904	0.138749307309155
82.064	0.138607643586994
82.224	0.138469321821532
82.384	0.138333087549
82.544	0.138197652957643
82.704	0.138061820899992
82.864	0.137924539342094
83.024	0.137784911198565
83.184	0.137642212464613
83.344	0.137495891518796
83.504	0.137345562776574
83.664	0.137191047556513
83.824	0.137032419259327
83.984	0.136870084134301
84.144	0.136704954681733
84.304	0.136538615924195
84.464	0.136373413302664
84.624	0.136212492880333
84.784	0.136059767539138
84.944	0.135919720419366
85.104	0.135797150441846
85.264	0.135696948643471
85.424	0.135623931309311
85.584	0.135582778223949
85.744	0.135578114640822
85.904	0.135614640512955
86.064	0.135697240672783
86.224	0.135831068266242
86.384	0.136021509193966
86.544	0.136274003769103
86.704	0.136593824370294
86.864	0.136985902015198
87.024	0.137454689780185
87.184	0.138004099111953
87.344	0.138637527895156
87.504	0.139357943151623
87.664	0.140167937792143
87.824	0.141069776252863
87.984	0.142065349949718
88.144	0.143156058346023
88.304	0.144342650467166
88.464	0.145625096576822
88.624	0.147002473521553
88.784	0.148472920670855
88.944	0.150033655799547
89.104	0.151680990451581
89.264	0.153410335723407
89.424	0.155216224356053
89.584	0.157092320294367
89.744	0.159031443620705
89.904	0.161025658808882
90.064	0.16306644305601
90.224	0.165144883045144
90.384	0.16725188489599
90.544	0.169378295937435
90.704	0.171514918626457
90.864	0.173652407426545
91.024	0.175781116773948
91.184	0.177890982581999
91.344	0.179971556518097
91.504	0.182012182481031
91.664	0.184002302501796
91.824	0.185931824748394
91.984	0.187791496486369
92.144	0.189573157063109
92.304	0.191269870687933
92.464	0.192875926750645
92.624	0.194386747090761
92.784	0.195798736411604
92.944	0.19710915617307
93.104	0.198316034538976
93.264	0.199418132222291
93.424	0.200414951280464
93.584	0.201306762796008
93.744	0.202094621630607
93.904	0.202780378589381
94.064	0.203366670079419
94.224	0.203856879408562
94.384	0.204255078291197
94.544	0.20456596710639
94.704	0.204794805752812
94.864	0.20494734212437
95.024	0.205029740086303
95.184	0.205048509813793
95.344	0.205010440032964
95.504	0.204922529339086
95.664	0.204791909754618
95.824	0.204625757082425
95.984	0.204431186699509
96.144	0.204215137996329
96.304	0.203984260301212
96.464	0.203744807052345
96.624	0.203502546134615
96.784	0.20326268300667
96.944	0.203029796102356
97.104	0.2028077841791
97.264	0.202599827956448
97.424	0.20240837189462
97.584	0.202235134967481
97.744	0.202081155993682
97.904	0.201946872486275
98.064	0.201832221387605
98.224	0.201736747982665
98.384	0.201659708949165
98.544	0.201600161419123
98.704	0.201557034964395
98.864	0.201529189971865
99.024	0.201515464158575
99.184	0.201514708623762
99.344	0.20152581476728
99.504	0.201547732077842
99.664	0.20157947756914
99.824	0.201620139868595
99.984	0.201668881523375
100.144	0.201724940970649
100.304	0.201787635251861
100.464	0.20185636074055
100.624	0.201930593174296
100.784	0.20200988769048
100.944	0.202093884031598
101.104	0.202182317446187
101.264	0.202275036028453
101.424	0.202372020921786
101.584	0.202473402079164
101.744	0.202579458323868
101.904	0.202690602192689
102.064	0.202807359001298
102.224	0.202930348308456
102.384	0.203060266668018
102.544	0.203197874883841
102.704	0.20334398906985
102.864	0.203499475891846
103.024	0.203665240535571
103.184	0.203842207537065
103.344	0.204031305078075
103.504	0.204233461974155
103.664	0.204449627473792
103.824	0.204680816739966
103.984	0.204928175791025
104.144	0.205193050362851
104.304	0.205477053690146
104.464	0.205782099281947
104.624	0.206110383890547
104.784	0.206464327114162
104.944	0.20684648252373
105.104	0.20725942242214
105.264	0.207705615513561
105.424	0.208187314762455
105.584	0.208706483524026
105.744	0.209264753246799
105.904	0.209863389886692
106.064	0.210503244815897
106.224	0.211184716919121
106.384	0.211907704879565
106.544	0.212671528790821
106.704	0.213474859487661
106.864	0.214315676259304
107.024	0.215191238797871
107.184	0.216098117822213
107.344	0.217032299625799
107.504	0.217989265332818
107.664	0.218964045409308
107.824	0.219951264085267
107.984	0.220945111417819
108.144	0.221939246541439
108.304	0.222926734680669
108.464	0.223900027039491
108.624	0.224850982326899
108.784	0.225770963083534
108.944	0.226650997442022
109.104	0.227481937975114
109.264	0.228254644727627
109.424	0.228960128820205
109.584	0.229589633655138
109.744	0.230134662430061
109.904	0.230587030601356
110.064	0.230938983738071
110.224	0.23118341102159
110.384	0.231314093293378
110.544	0.231325948788623
110.704	0.231215260723189
110.864	0.230979808702187
111.024	0.23061887927841
111.184	0.230133305890746
111.344	0.229525500862934
111.504	0.228799474193153
111.664	0.227960880896632
111.824	0.227017079908052
111.984	0.225977033134342
112.144	0.224851127791368
112.304	0.223650911306237
112.464	0.22238877324051
112.624	0.221077641733501
112.784	0.219730809084382
112.944	0.218361800719236
113.104	0.216984259095995
113.264	0.215611811212085
113.424	0.214257878354175
113.584	0.212935399053464
113.744	0.211656513256941
113.904	0.210432232823138
114.064	0.209272126454636
114.224	0.208184090634319
114.384	0.207174239981356
114.544	0.206246932619962
114.704	0.20540490859733
114.864	0.204649510182577
115.024	0.20398092008341
115.184	0.203398374729005
115.344	0.202900319772795
115.504	0.202484521146204
115.664	0.20214813156835
115.824	0.201887737270482
115.984	0.201699393013456
116.144	0.20157865975321
