232.944	0.512830152412164
233.104	0.513001827661299
233.264	0.513178284481512
233.424	0.513360800112935
233.584	0.513550621400952
233.744	0.513748915693384
233.904	0.513956718614224
234.064	0.514174877995231
234.224	0.514403998194268
234.384	0.514644391208265
234.544	0.514896041049781
234.704	0.515158581882417
234.864	0.515431294844632
235.024	0.515713136850934
235.184	0.516002802516766
235.344	0.516298803740426
235.504	0.516599558404721
235.664	0.516903479136602
235.824	0.517209034654627
235.984	0.51751479088631
236.144	0.51781943768566
236.304	0.518121779641035
236.464	0.518420700534477
236.624	0.51871514938324
236.784	0.519004143890982
236.944	0.519286797060602
237.104	0.519562376453166
237.264	0.519830365851874
237.424	0.520090498150296
237.584	0.520342772724518
237.744	0.520587442607678
237.904	0.52082497269879
238.064	0.521056010124482
238.224	0.5212813888499
238.384	0.521502153579092
238.544	0.521719630375117
238.704	0.521935521908915
238.864	0.522151975477698
239.024	0.522371626843608
239.184	0.522597600484744
239.344	0.522833433527296
239.504	0.523082954690437
239.664	0.523350167656247
239.824	0.523639126129353
239.984	0.523953798518789
240.144	0.524297963446941
240.304	0.524675135640962
240.464	0.525088511352294
240.624	0.525540965431162
240.784	0.526035100593219
240.944	0.526573317981558
241.104	0.527157907579692
241.264	0.527791147891264
241.424	0.528475339580439
241.584	0.529212771012851
241.744	0.530005651734371
241.904	0.530856029136487
242.064	0.531765686789925
242.224	0.532736076187859
242.384	0.533768293445121
242.544	0.534863064188187
242.704	0.536020725816741
242.864	0.537241209685192
243.024	0.538523987685778
243.184	0.539868007852363
243.344	0.541271649483463
243.504	0.542732706431423
243.664	0.544248390300311
243.824	0.545815362418296
243.984	0.547429773932379
244.144	0.54908729237394
244.304	0.550783105921653
244.464	0.552511929540003
244.624	0.554268029003936
244.784	0.556045262463442
244.944	0.557837147000726
245.104	0.559636945173395
245.264	0.561437761069385
245.424	0.563232622293583
245.584	0.565014547909584
245.744	0.566776599697562
245.904	0.568511936394145
246.064	0.570213867080895
246.224	0.571875942005647
246.384	0.573492099654061
246.544	0.575056862948088
246.704	0.576565539983619
246.864	0.578014395611092
247.024	0.579400728619873
247.184	0.580722831951277
247.344	0.581979836226822
247.504	0.583171495514023
247.664	0.584297963737356
247.824	0.58535962718878
247.984	0.586356983849043
248.144	0.587290574207429
248.304	0.588160933689949
248.464	0.588968560786213
248.624	0.589713875388099
248.784	0.59039719138849
248.944	0.591018688801512
249.104	0.591578411923308
249.264	0.592076273427381
249.424	0.592512062010485
249.584	0.592885430201648
249.744	0.593195878198969
249.904	0.593442741992078
250.064	0.593625199048631
250.224	0.593742327524467
250.384	0.59379323413151
250.544	0.593777198486293
250.704	0.593693782116304
250.864	0.593542890602691
251.024	0.593324787238259
251.184	0.593040056357665
251.344	0.592689502132146
251.504	0.59227402129153
251.664	0.591794442502476
251.824	0.591251383788574
251.984	0.590645151272327
252.144	0.589975721231042
252.304	0.589242781534324
252.464	0.588445865090932
252.624	0.587584514810885
252.784	0.586658409610038
252.944	0.585667405626111
253.104	0.584611520417695
253.264	0.583490880070883
253.424	0.582305650854721
253.584	0.581056016973832
253.744	0.579742232447586
253.904	0.578364738462994
254.064	0.576924320632031
254.224	0.575422239246734
254.384	0.573860271450656
254.544	0.572240719285389
254.704	0.570566380718617
254.864	0.568840478299933
255.024	0.567066550090829
255.184	0.565248361325814
255.344	0.563389816009192
255.504	0.561494883122066
255.664	0.559567516718232
255.824	0.557611578813919
255.984	0.555630818243515
256.144	0.553628919564801
256.304	0.551609551422132
256.464	0.549576428642069
256.624	0.547533415879514
256.784	0.545484634592583
256.944	0.54343453628934
257.104	0.541387954699701
257.264	0.539350121264249
257.424	0.537326625840194
257.584	0.53532332482672
257.744	0.533346194395051
257.904	0.531401177000191
258.064	0.52949407525324
258.224	0.527630508572145
258.384	0.525815901393628
258.544	0.52405551217322
258.704	0.522354462994429
258.864	0.520717722653387
259.024	0.519150036950862
259.184	0.517655827518809
259.344	0.516239074805583
259.504	0.514903243585024
259.664	0.513651273261019
259.824	0.512485612720013
259.984	0.511408268488196
260.144	0.510420854821575
260.304	0.509524622186916
260.464	0.508720466235161
260.624	0.508008938287674
260.784	0.507390265693232
260.944	0.506864381474259
261.104	0.506430966530331
261.264	0.506089493454681
261.424	0.505839261946164
261.584	0.505679425978258
261.744	0.505609016007895
261.904	0.50562696350886
262.064	0.505732134313178
262.224	0.505923367381968
262.384	0.50619950943161
262.544	0.506559429669039
262.704	0.507002000022851
262.864	0.507526044164308
263.024	0.508130267883246
263.184	0.508813186425016
263.344	0.509573072395199
263.504	0.510407944333167
263.664	0.511315589230719
263.824	0.512293613266877
263.984	0.513339498295693
264.144	0.514450642838995
264.304	0.515624370180433
264.464	0.516857913560045
264.624	0.518148386507903
264.784	0.519492755016984
264.944	0.52088781208505
265.104	0.522330171811006
265.264	0.523816283526742
265.424	0.525342438326277
265.584	0.52690474108914
265.744	0.528499065434801
265.904	0.530120979539959
266.064	0.531765634764781
266.224	0.533427674520738
266.384	0.5351012188965
266.544	0.536779922910171
266.704	0.538457113249194
266.864	0.540125974708928
267.024	0.541779722464128
267.184	0.543411697582599
267.344	0.545015357286786
267.504	0.546584184776009
267.664	0.548111547078463
267.824	0.549590598625002
267.984	0.551014278723699
268.144	0.552375379490798
268.304	0.553666658614986
268.464	0.554881001238584
268.624	0.55601155276446
268.784	0.557051804516561
268.944	0.557995663507711
269.104	0.55883751250127
269.264	0.559572253960653
269.424	0.560195403307773
269.584	0.560703167965642
269.744	0.561092503012844
269.904	0.561361160639592
270.064	0.5615077493797
270.224	0.561531738224687
270.384	0.561433488190517
270.544	0.56121426200167
270.704	0.560876164335866
270.864	0.560422027184075
271.024	0.559855289458994
271.184	0.559179814970037
271.344	0.558399762900024
271.504	0.557519550685413
271.664	0.556543899089604
271.824	0.555477904596103
271.984	0.554327112923318
272.144	0.553097529632907
272.304	0.55179559353013
272.464	0.550428078325297
272.624	0.549001955003689
272.784	0.547524248351294
272.944	0.546001923331971
273.104	0.544441773916731
273.264	0.542850346916964
273.424	0.541233867009339
273.584	0.539598171418049
273.744	0.537948676428016
273.904	0.536290406686078
274.064	0.534628068941458
274.224	0.532966178297613
274.384	0.531309203631338
274.544	0.529661698420966
274.704	0.528028415306437
274.864	0.526414384817429
275.024	0.524824940270094
275.184	0.523265714234583
275.344	0.521742594121804
275.504	0.520261631618894
275.664	0.518828924117827
275.824	0.517450456084418
275.984	0.516131913193988
276.144	0.514878519970864
276.304	0.513694909567278
276.464	0.512585033003973
276.624	0.511552135510954
276.784	0.510598798569333
276.944	0.509727009472556
277.104	0.508938235521498
277.264	0.508233477849956
277.424	0.507613303246046
277.584	0.507077864434393
277.744	0.506626918734412
277.904	0.506259845662555
278.064	0.505975667574774
278.224	0.50577305848725
278.384	0.50565034003904
278.544	0.505605471625984
278.704	0.505636039400827
278.864	0.505739257106086
279.024	0.505911988487526
279.184	0.506150783056512
279.344	0.506451922521194
279.504	0.506811473977052
279.664	0.507225341443302
279.824	0.507689322037947
279.984	0.50819917035966
280.144	0.508750664478441
280.304	0.50933967641987
280.464	0.509962243012126
280.624	0.510614612719735
280.784	0.511293278671758
280.944	0.511995010508201
281.104	0.512716879636912
281.264	0.513456269596247
281.424	0.51421087823968
281.584	0.51497870432064
281.744	0.5157580297967
281.904	0.516547402503249
282.064	0.517345626114377
282.224	0.518151772635463
282.384	0.518965224775286
282.544	0.519785707639414
282.704	0.520613325716738
282.864	0.521448588428768
283.024	0.522292394155613
283.184	0.523145957500162
283.344	0.524010715526003
283.504	0.524888197615326
283.664	0.525779897725045
283.824	0.526687201818788
283.984	0.527611363232893
284.144	0.528553492334652
284.304	0.529514581490218
284.464	0.530495518090731
284.624	0.531497043269667
284.784	0.532519665884308
284.944	0.533563577718439
285.104	0.534628555101051
285.264	0.535713899464611
285.424	0.536818433163774
285.584	0.53794053733435
285.744	0.539078216915584
285.904	0.540229172538318
286.064	0.541390856735973
286.224	0.542560528970796
286.384	0.543735322416694
286.544	0.544912317111709
286.704	0.546088591439513
286.864	0.547261242274374
287.024	0.548427355197134
287.184	0.549583938943613
287.344	0.550727854449462
287.504	0.55185578267475
287.664	0.552964277728677
287.824	0.554049929318069
287.984	0.555109584686591
288.144	0.556140551973328
288.304	0.55714075079112
288.464	0.558108741241711
288.624	0.559043632987994
288.784	0.559944931876714
288.944	0.560812414180361
289.104	0.56164606713395
289.264	0.562446129965053
289.424	0.563213215946973
289.584	0.563948458955736
289.744	0.564653617103602
289.904	0.565331118849883
290.064	0.565984008656017
290.224	0.566615819237938
290.384	0.5672304298634
290.544	0.56783192805625
290.704	0.568424460786616
290.864	0.569012121969592
291.024	0.569598896843388
291.184	0.570188636642854
291.344	0.570785038674728
291.504	0.571391634697591
291.664	0.572011784621793
291.824	0.572648627839897
291.984	0.573305025880416
292.144	0.573983485131691
292.304	0.57468606777951
292.464	0.57541431653425
292.624	0.576169248591043
292.784	0.57695138078401
292.944	0.577760773684815
293.104	0.578597098231228
293.264	0.579459696076071
293.424	0.580347588604297
293.584	0.581259467514826
293.744	0.582193712847413
293.904	0.583148440334469
294.064	0.584121580807334
294.224	0.585110997140589
294.384	0.586114610631341
294.544	0.587130517263006
294.704	0.58815705285491
294.864	0.589192787400123
295.024	0.59023648910869
295.184	0.591287079250321
295.344	0.592343624435841
295.504	0.593405391046815
295.664	0.594471944765189
295.824	0.595543219468539
295.984	0.596619543743884
296.144	0.597701619250245
296.304	0.598790448972579
296.464	0.599887213173986
296.624	0.600993173737891
296.784	0.602109613827054
296.944	0.603237793129381
297.104	0.60437893590364
297.264	0.605534258399928
297.424	0.606704993477535
297.584	0.607892412031731
297.744	0.609097863952059
297.904	0.610322829966265
298.064	0.611568931434419
298.224	0.612837928194892
298.384	0.614131662629291
298.544	0.615451939190791
298.704	0.616800396440965
298.864	0.618178421892537
299.024	0.619587103886658
299.184	0.621027227962543
299.344	0.622499323446107
299.504	0.624003701077243
299.664	0.62554047479324
299.824	0.627109537926856
299.984	0.628710507392213
300.144	0.630342665771138
300.304	0.632004934332542
300.464	0.633695851588584
300.624	0.635413573561607
300.784	0.637155914332595
300.944	0.638920362386841
301.104	0.640704036747877
301.264	0.64250364943274
301.424	0.644315463292457
301.584	0.646135242533717
301.744	0.647958213130153
301.904	0.649779034894266
302.064	0.651591746393649
302.224	0.653389682173326
302.384	0.655165379223774
302.544	0.65691046320029
302.704	0.658615574780299
302.864	0.660270384795865
303.024	0.66186367399149
303.184	0.663383454513848
303.344	0.664817133699728
303.504	0.66615169249377
303.664	0.667373850408637
303.824	0.668470215783657
303.984	0.669427444493238
304.144	0.670232416504803
304.304	0.670872417940757
304.464	0.671335327289682
304.624	0.671609825508028
304.784	0.671685628169769
304.944	0.671553734423867
305.104	0.671206687377151
305.264	0.670638820467445
305.424	0.669846453524258
305.584	0.668828014471785
305.744	0.667584085211104
305.904	0.666117395787012
306.064	0.664432814978966
306.224	0.662537335271793
306.384	0.660440053004379
306.544	0.658152117085081
306.704	0.655686629596914
306.864	0.653058459671172
307.024	0.650283995335315
307.184	0.647380878301476
307.344	0.644367763763682
307.504	0.641264049711424
307.664	0.638089611745102
307.824	0.634864555093202
307.984	0.631608991989822
308.144	0.628342833725412
308.304	0.625085675331945
308.464	0.621856802886384
308.624	0.618675288422708
308.784	0.61556012632326
308.944	0.612530356741161
309.104	0.609605137766778
309.264	0.60680369075493
309.424	0.604145146596068
309.584	0.601648327333294
309.744	0.59933146152963
309.904	0.597211784776107
310.064	0.595305105874047
310.224	0.593625329012355
310.384	0.592184027547262
310.544	0.5909901592251
310.704	0.590049981634991
310.864	0.589367035355224
311.024	0.588942220043407
311.184	0.588773924072996
311.344	0.588858173350616
311.504	0.589188775707896
311.664	0.589757521000877
311.824	0.590554477531612
311.984	0.591568454154697
312.144	0.592787521703997
312.304	0.594199434194195
312.464	0.595791907163687
312.624	0.597552738315414
312.784	0.599469677216177
312.944	0.60153015267457
313.104	0.603721097129721
313.264	0.606028898918623
313.424	0.608439528333349
313.584	0.610938821222874
313.744	0.613512812310262
313.904	0.616147968839471
314.064	0.618831302012211
314.224	0.621550350054065
314.384	0.624293018285414
314.544	0.62704742639545
314.704	0.629801885427639
314.864	0.632544969101389
315.024	0.635265602418201
315.184	0.637953119712563
315.344	0.640597243683089
315.504	0.643187995934852
315.664	0.645715594567434
315.824	0.648170379784744
315.984	0.650542829188851
316.144	0.652823652121185
316.304	0.655003901926477
316.464	0.657075112503378
316.624	0.659029439568769
316.784	0.660859762866664
316.944	0.662559752001187
317.104	0.664123906968769
317.264	0.665547554419447
317.424	0.666826829601121
317.584	0.667958684772259
317.744	0.668940910238746
317.904	0.669772172429987
318.064	0.670452082608165
318.224	0.670981267247896
318.384	0.671361384911677
318.544	0.671595069540956
318.704	0.671685809126245
318.864	0.671637780842559
319.024	0.671455671440924
319.184	0.671144505327391
319.344	0.670709485369969
319.504	0.670155843941473
319.664	0.669488704554908
319.824	0.668712967550448
319.984	0.667833246021758
320.144	0.666853873387197
320.304	0.665778969894575
320.464	0.66461254651955
320.624	0.663358620575934
320.784	0.662021295849343
320.944	0.660604777542005
321.104	0.659113342284684
321.264	0.65755128517327
321.424	0.655922872358417
321.584	0.65423234174051
321.744	0.652483949198825
321.904	0.650682033369833
322.064	0.648831102450515
322.224	0.646935897395167
322.384	0.645001378682366
322.544	0.643032658723143
322.704	0.641034925380097
322.864	0.639013351580218
323.024	0.636973034829509
323.184	0.634918992696441
323.344	0.632856207420048
323.504	0.630789687646768
323.664	0.62872453966196
323.824	0.626666011779719
323.984	0.624619530628195
324.144	0.622590706632707
324.304	0.620585310466538
324.464	0.618609193879081
324.624	0.616668169492357
324.784	0.614767810690353
324.944	0.612913280810801
325.104	0.611109203031162
325.264	0.609359585415007
325.424	0.607667843252045
325.584	0.606036957963795
325.744	0.604469629797507
325.904	0.602968410052597
326.064	0.601535792765105
326.224	0.600174212240461
326.384	0.598885968986508
326.544	0.597673157046927
326.704	0.596537560846343
326.864	0.595480546063129
327.024	0.594503015827911
327.184	0.593605430437776
327.344	0.592787853810421
327.504	0.592050046584347
327.664	0.591391596685696
327.824	0.59081203797399
327.984	0.590310935128912
328.144	0.589887885858104
328.304	0.589542454541686
328.464	0.589274049614403
328.624	0.589081789583645
328.784	0.588964376887759
328.944	0.588920021174715
329.104	0.588946411503855
329.264	0.589040746244734
329.424	0.589199804619454
329.584	0.589420010604329
329.744	0.589697472642399
329.904	0.590028031689769
330.064	0.59040731068086
330.224	0.590830753627927
330.384	0.591293704956399
330.544	0.591791566771178
330.704	0.592320006899911
330.864	0.592875177488565
331.024	0.593453931376587
331.184	0.594053968169931
331.344	0.59467386082116
331.504	0.59531294918844
331.664	0.595971163516595
331.824	0.596648789373887
331.984	0.597346239005958
332.144	0.59806386931092
332.304	0.59880184184243
332.464	0.599560009873983
332.624	0.600337846420132
332.784	0.601134406612061
332.944	0.601948351623207
333.104	0.602778032840604
333.264	0.603621672447787
333.424	0.604477586802147
333.584	0.605344396525481
333.744	0.606221129158541
333.904	0.607107200611097
334.064	0.608002261335002
334.224	0.608905943659067
334.384	0.609817580315905
334.544	0.610736022295498
334.704	0.611659547043189
334.864	0.612585874720764
335.024	0.613512313138756
335.184	0.614435971657542
335.344	0.615353931912807
335.504	0.616263377084863
335.664	0.617161662172578
335.824	0.618046298402362
335.984	0.618914876610745
336.144	0.619765005114971
336.304	0.620594246298822
336.464	0.621400092617648
336.624	0.622180015056131
336.784	0.622931541511036
336.944	0.623652332779614
337.104	0.624340308155581
337.264	0.624993735838473
337.424	0.625611260065
337.584	0.626191904286941
337.744	0.626735078372178
337.904	0.627240562030977
338.064	0.627708469538732
338.224	0.62813919766262
338.384	0.628533380068632
338.544	0.628891860943838
338.704	0.629215693092476
338.864	0.629506121260818
339.024	0.629764572955821
339.184	0.629992657925698
339.344	0.630192176130606
339.504	0.630365153040941
339.664	0.630513928013613
339.824	0.63064126427065
339.984	0.630750428563999
340.144	0.630845176532887
340.304	0.630929599508988
340.464	0.631007881595053
340.624	0.631084007538732
340.784	0.631161477652029
340.944	0.631243088976078
341.104	0.63133084110649
341.264	0.63142598793894
341.424	0.63152920161491
341.584	0.631640773310721
341.744	0.631760812485652
341.904	0.631889414819341
342.064	0.6320267586471
342.224	0.632173113205852
342.384	0.63232879345145
342.544	0.632494067309779
342.704	0.632669039215955
342.864	0.63285356325531
343.024	0.63304721643425
343.184	0.633249294722248
343.344	0.633458857401536
343.504	0.633674813540154
343.664	0.633895984451271
343.824	0.634121120232123
343.984	0.634348926819996
344.144	0.634578093939638
344.304	0.634807319655749
344.464	0.635035363917211
344.624	0.63526110638287
344.784	0.63548357534529
344.944	0.63570197728103
345.104	0.635915701376064
345.264	0.636124290950022
345.424	0.636327420877535
345.584	0.636524899034328
345.744	0.636716644323485
345.904	0.636902649043293
346.064	0.637082950875254
346.224	0.637257569244696
346.384	0.637426416634241
346.544	0.637589221337578
346.704	0.637745467247839
346.864	0.637894362579061
347.024	0.638034901344611
347.184	0.638165993762925
347.344	0.638286603882023
347.504	0.63839588558443
347.664	0.638493272277572
347.824	0.638578465050898
347.984	0.638651359579228
348.144	0.63871196888266
348.304	0.638760356142541
348.464	0.638796585030661
348.624	0.638820733836098
348.784	0.638832953988697
348.944	0.638833521292952
349.104	0.638822871373748
349.264	0.638801629750958
