116.464	0.297810162365238
116.624	0.300359983932992
116.784	0.302663842055779
116.944	0.304742628925794
117.104	0.306616362956845
117.264	0.30830417875967
117.424	0.309824295625447
117.584	0.311193959335867
117.744	0.312429346457236
117.904	0.313545433173147
118.064	0.314555838187005
118.224	0.315472707050219
118.384	0.31630667320718
118.544	0.317066912133384
118.704	0.31776128448081
118.864	0.318396549301667
119.024	0.318978579304201
119.184	0.31951253146957
119.344	0.320002933935427
119.504	0.320453674862108
119.664	0.320867928797441
119.824	0.321248072581454
119.984	0.321595646900676
120.144	0.321911395713812
120.304	0.322195403358535
120.464	0.322447281809389
120.624	0.322666360156461
120.784	0.32285185568611
120.944	0.323003015451548
121.104	0.323119209349159
121.264	0.323199984313021
121.424	0.323245087300336
121.584	0.323254454902042
121.744	0.323228167916511
121.904	0.323166381552198
122.064	0.323069253522306
122.224	0.322936897504121
122.384	0.322769370878348
122.544	0.322566680771558
122.704	0.322328800855473
122.864	0.322055683981432
123.024	0.321747252215516
123.184	0.321403373252394
123.344	0.321023855986766
123.504	0.320608470129116
123.664	0.32015700374194
123.824	0.319669351124446
123.984	0.319145615597961
124.144	0.318586191986867
124.304	0.317991835806367
124.464	0.317363704009665
124.624	0.316703363088607
124.784	0.316012776396008
124.944	0.315294284351182
125.104	0.314550566058813
125.264	0.313784615774409
125.424	0.312999736488052
125.584	0.312199526299707
125.744	0.311387856156159
125.904	0.310568858313388
126.064	0.309746883717878
126.224	0.308926454239725
126.384	0.308112220871124
126.544	0.307308929141698
126.704	0.306521373722205
126.864	0.305754323812323
127.024	0.3050124040887
127.184	0.304299932198035
127.344	0.303620749579238
127.504	0.302978074734654
127.664	0.302374410541177
127.824	0.30181152253607
127.984	0.301290472393873
128.144	0.300811670954943
128.304	0.300374919986041
128.464	0.299979437773743
128.624	0.2996238893856
128.784	0.299306434933385
128.944	0.299024806582281
129.104	0.298776421754553
129.264	0.298558525424312
129.424	0.29836832202335
129.584	0.298203079004395
129.744	0.298060195202595
129.904	0.297937234615517
130.064	0.297831932573843
130.224	0.297742186414496
130.384	0.297666049844054
130.544	0.297601734290026
130.704	0.29754761470457
130.864	0.297502235416061
131.024	0.297464313266062
131.184	0.297432733764879
131.344	0.297406541251064
131.504	0.29738492318819
131.664	0.297367191505543
131.824	0.297352764280447
131.984	0.297341154062963
132.144	0.297331958372808
132.304	0.297324851100427
132.464	0.297319574785945
132.624	0.297315934467122
132.784	0.29731378915443
132.944	0.297313043096153
133.104	0.297313635663556
133.264	0.297315528964589
133.424	0.297318692616216
133.584	0.297323085697315
133.744	0.297328635394763
133.904	0.297335217465559
134.064	0.29734263923234
134.224	0.297350628464585
134.384	0.297358830921496
134.544	0.297366817958334
134.704	0.297374098001285
134.864	0.297380132152909
135.024	0.297384354180565
135.184	0.297386194164972
135.344	0.297385113683561
135.504	0.297380658035706
135.664	0.297372520093347
135.824	0.297360609574014
135.984	0.297345121103433
136.144	0.297326592409661
136.304	0.297305949246891
136.464	0.297284538142719
136.624	0.29726414871385
136.784	0.297247028809295
136.944	0.297235893697518
137.104	0.297233929505126
137.264	0.297244790300113
137.424	0.297272585918279
137.584	0.297321857947679
137.744	0.297397539257133
137.904	0.297504888349238
138.064	0.297649392986898
138.224	0.297836642159098
138.384	0.298072177953088
138.544	0.298361348693049
138.704	0.298709182617756
138.864	0.299120289923792
139.024	0.299598790686275
139.184	0.300148234321853
139.344	0.300771493656669
139.504	0.301470624029719
139.664	0.302246715174363
139.824	0.303099761108399
139.984	0.304028619509893
140.144	0.305031061996431
140.304	0.306103929668268
140.464	0.307243362254837
140.624	0.308445030143673
140.784	0.309704259580201
140.944	0.31101605757857
141.104	0.312375049216314
141.264	0.313775326223151
141.424	0.315210246666027
141.584	0.316672302842733
141.744	0.318153034576369
141.904	0.319643026700703
142.064	0.321132052782502
142.224	0.322609381748691
142.384	0.324064143506973
142.544	0.325485750979908
142.704	0.326864282414533
142.864	0.328190736669796
143.024	0.329457117180425
143.184	0.330656326747828
143.344	0.33178198685431
143.504	0.332828339658647
143.664	0.333790232947365
143.824	0.334663205447384
143.984	0.335443694422281
144.144	0.336129240660114
144.304	0.336718574903841
144.464	0.337211596048007
144.624	0.337609192429625
144.784	0.3379129446825
144.944	0.338124909479632
145.104	0.338247475704577
145.264	0.338283214457704
145.424	0.338234802426257
145.584	0.338105061116437
145.744	0.337896925486064
145.904	0.337613450685865
146.064	0.337257922829338
146.224	0.336834008378389
146.384	0.336345893994178
146.544	0.335798425826567
146.704	0.335197101536039
146.864	0.334547946760438
147.024	0.333857302237504
147.184	0.333131604803214
147.344	0.332377157054168
147.504	0.331599983979174
147.664	0.330805742265682
147.824	0.329999739955781
147.984	0.329186983532679
148.144	0.328372230264051
148.304	0.327559951965156
148.464	0.326754285719232
148.624	0.325958904267225
148.784	0.325176918638761
148.944	0.324410816631428
149.104	0.323662497479233
149.264	0.322933353355154
149.424	0.322224444898154
149.584	0.321536622303313
149.744	0.320870644653098
149.904	0.320227248832168
150.064	0.319607134321757
150.224	0.319010868784801
150.384	0.318438829331114
150.544	0.317891167314144
150.704	0.317367834161757
150.864	0.316868619528066
151.024	0.31639317332241
151.184	0.315940976275272
151.344	0.315511294507758
151.504	0.315103145275941
151.664	0.314715294664836
151.824	0.31434633626958
151.984	0.313994851132463
152.144	0.313659607001625
152.304	0.313339711152082
152.464	0.313034682678619
152.624	0.312744403716749
152.784	0.312468954082476
152.944	0.312208377002264
153.104	0.311962486363939
153.264	0.311730770664042
153.424	0.311512415151981
153.584	0.311306425014607
153.744	0.311111767845603
153.904	0.310927456272282
154.064	0.310752569975136
154.224	0.310586227064675
154.384	0.310427516066341
154.544	0.310275450744655
154.704	0.310128962806004
154.864	0.309986939758403
155.024	0.309848252554445
155.184	0.30971176047882
155.344	0.309576283323111
155.504	0.309440561607005
155.664	0.309303214997556
155.824	0.309162742162641
155.984	0.309017556037759
156.144	0.308866081748818
156.304	0.30870685672943
156.464	0.308538633164233
156.624	0.308360453050739
156.784	0.308171706614473
156.944	0.307972157316215
157.104	0.307761957413675
157.264	0.307541626982641
157.424	0.30731199923224
157.584	0.307074159493425
157.744	0.306829368487286
157.904	0.306578948130607
158.064	0.306324170938922
158.224	0.306066174382352
158.384	0.305805873389374
158.544	0.305543866148753
158.704	0.305280379038948
158.864	0.305015249433211
159.024	0.304747947125122
159.184	0.304477658757548
159.344	0.304203411897049
159.504	0.303924226351626
159.664	0.303639257969451
159.824	0.303347916468113
159.984	0.303049936249124
160.144	0.302745408843919
160.304	0.302434768270643
160.464	0.302118761307554
160.624	0.301798399904499
160.784	0.301474898558752
160.944	0.30114960039208
161.104	0.300823936471886
161.264	0.300499410354348
161.424	0.300177607413787
161.584	0.299860237310156
161.744	0.299549195673137
161.904	0.299246596755836
162.064	0.298954778047062
162.224	0.298676274938487
162.384	0.298413766054352
162.544	0.298170018159396
162.704	0.297947862435819
162.864	0.297750191465468
163.024	0.297579965550028
163.184	0.29744021143614
163.344	0.297333998384204
163.504	0.297264385162691
163.664	0.297234355203784
163.824	0.29724675656206
163.984	0.297304259332634
164.144	0.297409329292634
164.304	0.297564210274629
164.464	0.29777090850115
164.624	0.298031166132375
164.784	0.298346417982145
164.944	0.298717728852296
165.104	0.299145717124873
165.264	0.299630480336134
165.424	0.30017153239254
165.584	0.300767746518147
165.744	0.301417321826818
165.904	0.302117771709106
166.064	0.302865931067515
166.224	0.303658003363296
166.384	0.304489651057054
166.544	0.305356117730923
166.704	0.306252389555482
166.864	0.307173361770026
167.024	0.30811392972663
167.184	0.309069007745791
167.344	0.310033511015206
167.504	0.311002303519615
167.664	0.311970147512909
167.824	0.312931699550688
167.984	0.313881555166461
168.144	0.31481431071569
168.304	0.315724597529595
168.464	0.316607040830775
168.624	0.317456182039166
168.784	0.318266436943702
168.944	0.319032122838678
169.104	0.31974756848166
169.264	0.320407304611933
169.424	0.321006289881041
169.584	0.321540129427319
169.744	0.322005226468661
169.904	0.322398833542536
170.064	0.322719035911803
170.224	0.322964707318249
170.384	0.323135459471757
170.544	0.323231604925866
170.704	0.323254154986159
170.864	0.323204845055841
171.024	0.323086160762784
171.184	0.322901343649335
171.344	0.322654370814632
171.504	0.322349906664329
171.664	0.321993223262496
171.824	0.321590091237738
171.984	0.32114664233444
172.144	0.320669208678225
172.304	0.320164152975337
172.464	0.319637714682983
172.624	0.319095893375277
172.784	0.318544391662215
172.944	0.317988601146851
173.104	0.317433583437776
173.264	0.316884004993369
173.424	0.316344034294332
173.584	0.315817245230562
173.744	0.315306511575443
173.904	0.314813950723135
174.064	0.314341006404618
174.224	0.313888642879363
174.384	0.313457539999888
174.544	0.313048303947141
174.704	0.312661636837845
174.864	0.312298421151297
175.024	0.311959754529369
175.184	0.311646991859959
175.344	0.311361756215717
175.504	0.31110594606065
175.664	0.310881763170016
175.824	0.310691700155019
175.984	0.310538454036248
176.144	0.310424816588636
176.304	0.310353499777818
176.464	0.310326903196426
176.624	0.310346856593867
176.784	0.310414426821296
176.944	0.310529855930724
177.104	0.310692652266596
177.264	0.310901765070582
177.424	0.311155826025868
177.584	0.311453356440268
177.744	0.311792826669205
177.904	0.312172579980995
178.064	0.312590690245031
178.224	0.313044785960926
178.384	0.31353192013097
178.544	0.314048544505511
178.704	0.314590544882492
178.864	0.31515331563827
179.024	0.315731864491397
179.184	0.316320891628891
179.344	0.316914839869867
179.504	0.31750798910565
179.664	0.318094568772892
179.824	0.318668904054164
179.984	0.319225584698131
180.144	0.319759616956105
180.304	0.320266518544429
180.464	0.320742381566049
180.624	0.321183866525359
180.784	0.321588148013632
180.944	0.321952829369081
181.104	0.322275856585009
181.264	0.322555431614035
181.424	0.322789961894102
181.584	0.322978042135617
181.744	0.323118459014438
181.904	0.3232102022493
182.064	0.323252471765215
182.224	0.323244680713231
182.384	0.323186465149718
182.544	0.323077699743578
182.704	0.322918510655597
182.864	0.322709283104302
183.024	0.322450664488485
183.184	0.322143559005269
183.344	0.321789120536494
183.504	0.321388756200975
183.664	0.32094412532723
183.824	0.32045711930067
183.984	0.319929830141689
184.144	0.319364501158532
184.304	0.318763472818034
184.464	0.318129145069577
184.624	0.317463962772479
184.784	0.316770416474071
184.944	0.316051051654483
185.104	0.315308466626163
185.264	0.314545286947748
185.424	0.313764148372172
185.584	0.312967695948316
185.744	0.312158612209885
185.904	0.311339680294793
186.064	0.310513856893465
186.224	0.309684312844354
186.384	0.308854426889582
186.544	0.308027731987011
186.704	0.307207815058234
186.864	0.306398210293935
187.024	0.305602308346067
187.184	0.30482328484112
187.344	0.304064072792869
187.504	0.303327404153777
187.664	0.302615893575819
187.824	0.301932132863328
187.984	0.301278810643396
188.144	0.300658850670459
188.304	0.300075510521935
188.464	0.299532449874675
188.624	0.299033789926568
188.784	0.298584141776871
188.944	0.298188598760305
189.104	0.297852734155583
189.264	0.297582606187973
189.424	0.297384757004636
189.584	0.297266206322035
189.744	0.297234411538795
189.904	0.297297165031694
190.064	0.297462427479957
190.224	0.297738110858916
190.384	0.298131842606551
190.544	0.29865075628544
190.704	0.299301325335534
190.864	0.300089234928862
191.024	0.301019278511319
191.184	0.302095256543396
191.344	0.303319852442144
191.504	0.304694486261667
191.664	0.306219216158013
191.824	0.307892734086465
191.984	0.309712453216832
192.144	0.311674691201972
192.304	0.313774924262532
192.464	0.316008026216366
192.624	0.318368418985017
192.784	0.320850134115574
192.944	0.323446753573705
193.104	0.326151263627651
193.264	0.328955876713337
193.424	0.331851854681702
193.584	0.334829379781638
193.744	0.337877537925635
193.904	0.340984427185447
194.064	0.344137356339559
194.224	0.347323109695765
194.384	0.350528188428768
194.544	0.35373903534645
194.704	0.356942238931254
194.864	0.360124655591846
195.024	0.363273435832923
195.184	0.366376110493377
195.344	0.369420651759867
195.504	0.372395523806574
195.664	0.375289780228343
195.824	0.378093252475708
195.984	0.380796718138924
196.144	0.383392132611164
196.304	0.385872825444778
196.464	0.388233620369363
196.624	0.390470849719975
196.784	0.392582272251673
196.944	0.394566833423994
197.104	0.39642442788039
197.264	0.398155697513005
197.424	0.399761929790486
197.584	0.401245002592816
197.744	0.402607359309229
197.904	0.403851912391076
198.064	0.404981881778951
198.224	0.406000613546041
198.384	0.406911390984476
198.544	0.407717330991261
198.704	0.408421452355526
198.864	0.409026840989611
199.024	0.40953681750301
199.184	0.409955111318197
199.344	0.410285999767154
199.504	0.410534350317278
199.664	0.41070557585607
199.824	0.410805566108422
199.984	0.410840630928249
200.144	0.410817446498584
200.304	0.410742989171638
200.464	0.410624415615814
200.624	0.410468913061834
200.784	0.410283541841125
200.944	0.410075130048824
201.104	0.409850232486463
201.264	0.409615208287903
201.424	0.409376306591469
201.584	0.409139757794094
201.744	0.408911752533243
201.904	0.408698253796899
202.064	0.40850465857676
202.224	0.40833547377207
202.384	0.408193989519134
202.544	0.408082001735977
202.704	0.407999684785352
202.864	0.407945711211539
203.024	0.40791746969677
203.184	0.407911377908761
203.344	0.407923235947521
203.504	0.407948574602244
203.664	0.407982954342458
203.824	0.408022273159702
203.984	0.408063016750987
204.144	0.408102407773811
204.304	0.408138526250184
204.464	0.408170421665488
204.624	0.40819812536273
204.784	0.408222638466498
204.944	0.408245957065503
205.104	0.408271075034634
205.264	0.408301917431629
205.424	0.40834324138001
205.584	0.408400456158859
205.744	0.408479346565571
205.904	0.408585741022023
206.064	0.408725244222467
206.224	0.408903058156
206.384	0.409123913675614
206.544	0.409392089943083
206.704	0.40971148641853
206.864	0.410085649842188
207.024	0.410517714948071
207.184	0.411010254418159
207.344	0.411565073247232
207.504	0.412182942228526
207.664	0.412863298719515
207.824	0.413604054731707
207.984	0.414401546623083
208.144	0.415250622107067
208.304	0.416144898866207
208.464	0.417077140727372
208.624	0.418039689652289
208.784	0.419024894309644
208.944	0.420025446991247
209.104	0.421034474342093
209.264	0.422045424327678
209.424	0.423051914912378
209.584	0.424047577103636
209.744	0.425025927381
209.904	0.425980377094504
210.064	0.426904362966695
210.224	0.427791508481903
210.384	0.428635769149253
210.544	0.42943152243339
210.704	0.430173633839729
210.864	0.43085754625173
211.024	0.431479267824386
211.184	0.432035289405292
211.344	0.432522556973083
211.504	0.432938539882059
211.664	0.433281331147839
211.824	0.433549786971014
211.984	0.433743717405093
212.144	0.433864069266008
212.304	0.433913094650563
212.464	0.433894455400321
212.624	0.433813197446227
212.784	0.433675560944096
212.944	0.433488691361788
213.104	0.433260227438325
213.264	0.432997765725702
213.424	0.432708311458498
213.584	0.432397919517541
213.744	0.432071576460032
213.904	0.431733330325926
214.064	0.431386640606718
214.224	0.431034824643064
214.384	0.430681358102731
214.544	0.430329979539522
214.704	0.429984517670789
214.864	0.429648487776774
215.024	0.4293247289948
215.184	0.429015317451388
215.344	0.428721734109047
215.504	0.428445230527757
215.664	0.428187342576337
215.824	0.427950331629233
215.984	0.427737347736695
216.144	0.427552306114364
216.304	0.427399501310958
216.464	0.427283043734349
216.624	0.427206360811908
216.784	0.427171865860998
216.944	0.427180818521208
217.104	0.427233371242835
217.264	0.427328851850405
217.424	0.427466120400766
217.584	0.427643852397921
217.744	0.427860694906997
217.904	0.428115349603047
218.064	0.428406582608261
218.224	0.428733196173596
218.384	0.429093971302621
218.544	0.429487632954931
218.704	0.429912956183614
218.864	0.430368968337859
219.024	0.430855151836965
219.184	0.431371593567121
219.344	0.431919074975042
219.504	0.432498981288575
219.664	0.433113049846213
219.824	0.433762931505328
219.984	0.434449644610083
220.144	0.435173073587691
220.304	0.435931789177118
220.464	0.436723051462593
220.624	0.437543022442298
220.784	0.438387226460407
220.944	0.439251109975828
221.104	0.440130325163352
221.264	0.441020863616075
221.424	0.441919042353391
221.584	0.442821403245887
221.744	0.443724558307338
221.904	0.444625145069551
222.064	0.44551982951333
222.224	0.446405407723489
222.384	0.447278922778366
222.544	0.448137714664938
222.704	0.448979359261045
222.864	0.449801594489543
223.024	0.450602222166992
223.184	0.451379084787334
223.344	0.452130055592477
223.504	0.452853051283739
223.664	0.45354611461795
223.824	0.454207518083479
223.984	0.45483580302556
224.144	0.455429873841524
224.304	0.45598913907196
224.464	0.456513549472163
224.624	0.4570035825422
224.784	0.457460204796178
224.944	0.457884709498387
225.104	0.458278477741203
225.264	0.458642786811367
225.424	0.458978604637707
225.584	0.459286385783628
225.744	0.459565980534819
225.904	0.459816603304887
226.064	0.46003677805362
226.224	0.460224336694466
226.384	0.460376448591489
226.544	0.460489654180776
226.704	0.460559919118111
226.864	0.460582695287883
227.024	0.460552934038162
227.184	0.460465087392606
227.344	0.460313095920981
227.504	0.460090351999327
227.664	0.459789673471676
227.824	0.459403336003732
227.984	0.458923122453996
228.144	0.458340365986999
228.304	0.45764602600201
228.464	0.456830771842817
228.624	0.455885048714606
228.784	0.454799150199904
228.944	0.453563294663525
229.104	0.452167698350706
229.264	0.450602706859456
229.424	0.448859018454812
229.584	0.446927938702004
229.744	0.44480168726642
229.904	0.442473806379837
230.064	0.439939557074979
230.224	0.437196194140085
230.384	0.434243226241222
230.544	0.431082674031416
230.704	0.427719238470274
230.864	0.424160374062183
231.024	0.420416358052023
231.184	0.416500250344768
231.344	0.412427702437469
231.504	0.408216706311293
231.664	0.403887332859711
231.824	0.399461388708517
231.984	0.394962103445948
232.144	0.390413787474756
232.304	0.385841349797886
232.464	0.381269629864562
232.624	0.376722729852702
232.784	0.372223329872611
