232.944	0.585786598414529
233.104	0.585267071872408
233.264	0.58474351215375
233.424	0.584215587692711
233.584	0.583683581396713
233.744	0.583148479984288
233.904	0.582612040312711
234.064	0.582076833100132
234.224	0.581546230289064
234.384	0.581024319874018
234.544	0.580515773154843
234.704	0.580025659041098
234.864	0.579559235830516
235.024	0.579121782437255
235.184	0.57871846767614
235.344	0.57835423250765
235.504	0.578033682871251
235.664	0.577760964102367
235.824	0.57753959510876
235.984	0.577372278739972
236.144	0.577260717440026
236.304	0.577205458756112
236.464	0.577205782562601
236.624	0.577259619669917
236.784	0.577363483201793
236.944	0.577512400003457
237.104	0.57769984313893
237.264	0.577917676212223
237.424	0.578156132452591
237.584	0.578403855676811
237.744	0.578648014264331
237.904	0.578874487830149
238.064	0.579068127802771
238.224	0.579213081890089
238.384	0.579293168939444
238.544	0.579292289643149
238.704	0.579194845544521
238.864	0.578986137025481
239.024	0.578652702258864
239.184	0.578182548916743
239.344	0.577565251449982
239.504	0.57679190197598
239.664	0.575854942931187
239.824	0.574747990914716
239.984	0.573465776666239
240.144	0.57200429463785
240.304	0.57036120039777
240.464	0.568536316376253
240.624	0.566532042458789
240.784	0.56435350387676
240.944	0.562008319110305
241.104	0.559505961751825
241.264	0.556856975814412
241.424	0.554072304678016
241.584	0.551162933625278
241.744	0.548139912291504
241.904	0.54501470744583
242.064	0.541799773707794
242.224	0.538509232069941
242.384	0.535159367285928
242.544	0.531768889870932
242.704	0.528358910869997
242.864	0.524952622564911
243.024	0.521574558797624
243.184	0.518249710987789
243.344	0.515002583561568
243.504	0.511856467642815
243.664	0.508833053552848
243.824	0.505952490193181
243.984	0.503233409112113
244.144	0.50069277961677
244.304	0.498345477966382
244.464	0.49620350503767
244.624	0.494274941347726
244.784	0.492563214228198
244.944	0.49106681573096
245.104	0.489779354327425
245.264	0.48868983903651
245.424	0.48778337509259
245.584	0.487041969085226
245.744	0.486445413867045
245.904	0.485972359388256
246.064	0.485601514220093
246.224	0.48531284133071
246.384	0.485088878445026
246.544	0.484915764042512
246.704	0.484783505549444
246.864	0.484685598818601
247.024	0.484617973334139
247.184	0.484577485014711
247.344	0.484560490099398
247.504	0.484561961596341
247.664	0.484575412614618
247.824	0.48459346059019
247.984	0.484608694017084
248.144	0.484614601440285
248.304	0.484606506066143
248.464	0.484582109942608
248.624	0.48454160474887
248.784	0.48448764663101
248.944	0.484425255399515
249.104	0.484361518437368
249.264	0.484305166820945
249.424	0.484266070804665
249.584	0.484254679509036
249.744	0.484281682756432
249.904	0.484357806541198
250.064	0.484493749304534
250.224	0.484700387722228
250.384	0.48498900569632
250.544	0.485371270921974
250.704	0.48585901485842
250.864	0.486463858618322
251.024	0.487196679495923
251.184	0.488067047017125
251.344	0.489082622070896
251.504	0.490248605393504
251.664	0.491567431020599
251.824	0.493038691021525
251.984	0.494659391909522
252.144	0.496424452911128
252.304	0.49832737014151
252.464	0.500360789390129
252.624	0.502516901018794
252.784	0.504787607529238
252.944	0.507164569072415
253.104	0.509639264913972
253.264	0.51220301782962
253.424	0.51484693801433
253.584	0.517561851335927
253.744	0.520338238242061
253.904	0.523166240662817
254.064	0.52603569108544
254.224	0.52893625054287
254.384	0.531857583484566
254.544	0.534789449774621
254.704	0.537721588730733
254.864	0.540643412923714
255.024	0.543543565272671
255.184	0.546409585842525
255.344	0.549227884561446
255.504	0.551983984750336
255.664	0.554663029539483
255.824	0.557250460513046
255.984	0.559732568699133
256.144	0.562096815212158
256.304	0.564331985752801
256.464	0.566428198186827
256.624	0.568376837676283
256.784	0.570170538544176
256.944	0.571803217440106
257.104	0.573270201622677
257.264	0.574568513066083
257.424	0.575697221440464
257.584	0.576657756849841
257.744	0.577454121712094
257.904	0.578092923640838
258.064	0.578583181269209
258.224	0.578935945561284
258.384	0.579163833879306
258.544	0.579280560515713
258.704	0.579300529966645
258.864	0.579238521479624
259.024	0.579109453698152
259.184	0.578928198609105
259.344	0.578709428005027
259.504	0.578467482351357
259.664	0.578216249969159
259.824	0.577969057506039
259.984	0.577738556289319
260.144	0.577536576957414
260.304	0.577373950462174
260.464	0.577260301303454
260.624	0.57720382357877
260.784	0.577211083868065
260.944	0.577286885495255
261.104	0.577434208325599
261.264	0.577654233289309
261.424	0.57794643045429
261.584	0.578308671835316
261.744	0.578737359870161
261.904	0.579227559002561
262.064	0.579773122048323
262.224	0.580366840718511
262.384	0.581000625642559
262.544	0.581665681849813
262.704	0.582352673058836
262.864	0.583051876488867
263.024	0.583753310426914
263.184	0.58444687595977
263.344	0.585122556633564
263.504	0.585770678111317
263.664	0.586382183411956
263.824	0.586948896582385
263.984	0.587463714981027
264.144	0.587920710350886
264.304	0.58831515621489
264.464	0.588643518726371
264.624	0.588903414649053
264.784	0.589093572155093
264.944	0.589213776357269
265.104	0.589264787222533
265.264	0.589248218634225
265.424	0.589166386489183
265.584	0.589022119124934
265.744	0.588818592843495
265.904	0.588559221850232
266.064	0.588247588859417
266.224	0.587887422431436
266.384	0.587482641959127
266.544	0.587037443426766
266.704	0.586556376083195
266.864	0.586044391701421
267.024	0.585506860535247
267.184	0.584949534896737
267.344	0.58437844431694
267.504	0.583799743883105
267.664	0.583219545781162
267.824	0.582643772370034
267.984	0.582078060528715
268.144	0.581527726790341
268.304	0.580997745184163
268.464	0.58049272799019
268.624	0.58001688747629
268.784	0.579573957346042
268.944	0.579167064616399
269.104	0.578798612811283
269.264	0.578470202411722
269.424	0.578182587110973
269.584	0.577935679243296
269.744	0.577728611951557
269.904	0.577559825275443
270.064	0.577427164508777
270.224	0.577327988620368
270.384	0.57725928353841
270.544	0.577217771820074
270.704	0.577200017900964
270.864	0.577202518481158
271.024	0.577221776868669
271.184	0.5772543655454
271.344	0.577296982282064
271.504	0.577346509499989
271.664	0.577400081501423
271.824	0.577455152622065
271.984	0.577509557528742
272.144	0.57756155364234
272.304	0.577609832819348
272.464	0.577653498795485
272.624	0.577692012516422
272.784	0.577725115805265
272.944	0.577752744925078
273.104	0.577774948976753
273.264	0.577791822680524
273.424	0.577803461099052
273.584	0.57780993705012
273.744	0.577811302513624
273.904	0.577807607087493
274.064	0.577798922625448
274.224	0.577785368317677
274.384	0.577767131559199
274.544	0.577744475886561
274.704	0.577717735059764
274.864	0.577687305087352
275.024	0.577653633915929
275.184	0.577617212086011
275.344	0.577578573333199
275.504	0.577538301894606
275.664	0.57749703701495
275.824	0.577455479156583
275.984	0.577414393244112
276.144	0.577374601179258
276.304	0.57733696418984
276.464	0.577302357477606
276.624	0.577271632576526
276.784	0.577245571573826
276.944	0.577224841524753
277.104	0.577209954619434
277.264	0.577201236745736
277.424	0.577198807802802
277.584	0.577202572401916
277.744	0.577212219695525
277.904	0.577227231745042
278.064	0.57724690192174
278.224	0.577270365451682
278.384	0.577296641188354
278.544	0.577324679834078
278.704	0.577353411725767
278.864	0.577381789049127
279.024	0.577408821219819
279.184	0.577433602955466
279.344	0.577455334326828
279.504	0.577473337964079
279.664	0.577487072779718
279.824	0.577496144101701
279.984	0.577500307208197
280.144	0.577499467114308
280.304	0.577493675558458
280.464	0.577483127684104
280.624	0.577468157977933
280.784	0.577449233913399
280.944	0.577426946777109
281.104	0.577401997908169
281.264	0.577375178185434
281.424	0.577347343782208
281.584	0.577319393289258
281.744	0.577292251265249
281.904	0.577266856757547
282.064	0.577244154659752
282.224	0.577225086133353
282.384	0.577210577234041
282.544	0.577201528111459
282.704	0.577198804348086
282.864	0.577203233270325
283.024	0.57721560583343
283.184	0.577236679066232
283.344	0.577267171442259
283.504	0.577307745481107
283.664	0.57735897447867
283.824	0.577421298112881
283.984	0.577494977449192
284.144	0.577580055482599
284.304	0.577676325309426
284.464	0.57778330582471
284.624	0.577900215622435
284.784	0.578025935375649
284.944	0.578158964389445
285.104	0.578297380987465
285.264	0.578438815836421
285.424	0.578580453941072
285.584	0.578719079525968
285.744	0.57885116918726
285.904	0.578973021463412
286.064	0.579080903628551
286.224	0.579171188820624
286.384	0.579240460099413
286.544	0.579285564418228
286.704	0.57930362013542
286.864	0.579291998306076
287.024	0.579248310010939
287.184	0.579170427292979
287.344	0.579056543833872
287.504	0.578905261175009
287.664	0.578715674105865
287.824	0.578487418386999
287.984	0.578220657935276
288.144	0.577916031145946
288.304	0.577574583539104
288.464	0.577197709831694
288.624	0.576787118061134
288.784	0.576344840619299
288.944	0.575873286502997
289.104	0.575375314363669
289.264	0.574854306073689
289.424	0.574314217877713
289.584	0.573759584676395
289.744	0.573195469008283
289.904	0.572627336803293
290.064	0.572060858966893
290.224	0.571501711950646
290.384	0.57095546129824
290.544	0.57042755931127
290.704	0.569923386157484
290.864	0.5694482979344
291.024	0.569007672800694
291.184	0.568606885387112
291.344	0.568251161709327
291.504	0.567945385879398
291.664	0.567693923030788
291.824	0.567500482388482
291.984	0.567367984874295
292.144	0.567298453962053
292.304	0.567292873947849
292.464	0.567351056132452
292.624	0.567471587464411
292.784	0.567651888535806
292.944	0.567888386290292
293.104	0.568176890758537
293.264	0.56851306057672
293.424	0.568892720240115
293.584	0.569311987234528
293.744	0.569767214580793
293.904	0.570254755156952
294.064	0.570770647622453
294.224	0.571310349451437
294.384	0.571868621684303
294.544	0.572439556118866
294.704	0.573016742916593
294.864	0.573593527849539
295.024	0.574163312333098
295.184	0.574719827066588
295.344	0.575257374121179
295.504	0.575771012045266
295.664	0.576256669030158
295.824	0.576711159962656
295.984	0.577132132251904
296.144	0.577517927390659
296.304	0.577867395181443
296.464	0.578179714115436
296.624	0.578454268823066
296.784	0.578690582590411
296.944	0.578888318561098
297.104	0.579047328102774
297.264	0.579167709438138
297.424	0.579249849905068
297.584	0.579294442365722
297.744	0.579302472348559
297.904	0.579275194208208
298.064	0.579214123759471
298.224	0.579121071240593
298.384	0.578998231032188
298.544	0.578848330047663
298.704	0.578674814847204
298.864	0.578482054878464
299.024	0.578275536130263
299.184	0.578062026370958
299.344	0.577849699986587
299.504	0.577648226499264
299.664	0.577468828584301
299.824	0.577324318765136
299.984	0.577229112335885
300.144	0.577199203591249
300.304	0.577252087563124
300.464	0.577406612129039
300.624	0.577682752703936
300.784	0.578101310568968
300.944	0.578683549432867
301.104	0.579450786355324
301.264	0.580423947263739
301.424	0.581623089216578
301.584	0.583066885523408
301.744	0.584772040276789
301.904	0.586752621223354
302.064	0.58901934859216
302.224	0.591578851297186
302.384	0.59443294270352
302.544	0.597578013782936
302.704	0.601004584141833
302.864	0.604696979571258
303.024	0.608633185583699
303.184	0.612784886179838
303.344	0.617117632025952
303.504	0.621591130013371
303.664	0.626159646482051
303.824	0.63077247018839
303.984	0.635374514548062
304.144	0.639907158413848
304.304	0.644309305453703
304.464	0.648518685955082
304.624	0.652473449645299
304.784	0.656113912868591
304.944	0.659384199133115
305.104	0.662233652018244
305.264	0.664617970025233
305.424	0.666500049521005
305.584	0.66785057446225
305.744	0.668648424375647
305.904	0.668880875513537
306.064	0.668543533445813
306.224	0.667639922848707
306.384	0.666180743725477
306.544	0.664183014544619
306.704	0.661669396680395
306.864	0.658667904575509
307.024	0.65521216260197
307.184	0.651342116080855
307.344	0.647104819425863
307.504	0.642554911796765
307.664	0.637754512849938
307.824	0.632772307969958
307.984	0.627682079481133
308.144	0.622561136923309
308.304	0.617488886759133
308.464	0.612545586593683
308.624	0.607811328419416
308.784	0.603364845353212
308.944	0.599281724518391
309.104	0.595632220426637
309.264	0.592479249103349
309.424	0.589876886984825
309.584	0.587869644483931
309.744	0.586492625765572
309.904	0.585772061565081
310.064	0.585725535956158
310.224	0.586361567343033
310.384	0.587678592642646
310.544	0.589663384640176
310.704	0.592289624140108
310.864	0.595517204813518
311.024	0.599292461814571
311.184	0.603549237390894
311.344	0.608210818175507
311.504	0.61319232448443
311.664	0.618403358328237
311.824	0.623750661644976
311.984	0.62914049745234
312.144	0.634480586154154
312.304	0.639681683420008
312.464	0.644658774247659
312.624	0.649332093317867
312.784	0.653628301902359
312.944	0.657481857173138
313.104	0.66083632432867
313.264	0.663645466464118
313.424	0.665873854088318
313.584	0.667496883979425
313.744	0.668500317474468
313.904	0.668879566053533
314.064	0.66863896311736
314.224	0.667791187854277
314.384	0.666356821311751
314.544	0.664363943332432
314.704	0.6618476713885
314.864	0.658849587241207
315.024	0.655417051428799
315.184	0.651602408115764
315.344	0.647462162855504
315.504	0.6430561411795
315.664	0.638446564402898
315.824	0.633697082222284
315.984	0.628871821097732
316.144	0.624034296767263
316.304	0.619246160791704
316.464	0.614565874767891
316.624	0.610047317104204
316.784	0.605738441298968
316.944	0.601680226504982
317.104	0.597906011181863
317.264	0.594441244339691
317.424	0.591303674992673
317.584	0.588503786976275
317.744	0.586045297400801
317.904	0.583925667641893
318.064	0.582136570341959
318.224	0.580664327030831
318.384	0.579490427628684
318.544	0.578592168208729
318.704	0.577943398816501
318.864	0.577515374990639
319.024	0.577277674647235
319.184	0.577199115171084
319.344	0.577248626026289
319.504	0.577396038863412
319.664	0.577612772772795
319.824	0.577872411684552
319.984	0.578151169001671
320.144	0.578428233265754
320.304	0.578685996619811
320.464	0.578910175410442
320.624	0.579089843281167
320.784	0.579217397203251
320.944	0.579288469996413
321.104	0.579301788011094
321.264	0.579258965638132
321.424	0.57916423259951
321.584	0.57902409349947
321.744	0.578846930507666
321.904	0.578642566879012
322.064	0.578421803990864
322.224	0.578195940983392
322.384	0.577976292359494
322.544	0.577773694724897
322.704	0.577598021739618
322.864	0.577457736601559
323.024	0.577359504083347
323.184	0.577307879727982
323.344	0.577305115363401
323.504	0.577351085615305
323.664	0.577443339988008
323.824	0.577577264679917
323.984	0.577746323210818
324.144	0.577942353476487
324.304	0.57815593143107
324.464	0.578376781221436
324.624	0.578594231988177
324.784	0.578797710246931
324.944	0.57897723340659
325.104	0.579123881596956
325.264	0.579230230139842
325.424	0.579290712008628
325.584	0.579301895390131
325.744	0.579262667808621
325.904	0.579174308321967
326.064	0.579040448851742
326.224	0.578866933534414
326.384	0.578661588209457
326.544	0.578433924455226
326.704	0.578194791976898
326.864	0.577955999761457
327.024	0.57772993098763
327.184	0.577529173356311
327.344	0.577366180874492
327.504	0.577252987192537
327.664	0.577200964071039
327.824	0.577220622658501
327.984	0.577321458157371
328.144	0.577511837687894
328.304	0.577798934598945
328.464	0.578188702629291
328.624	0.578685879617865
328.784	0.579294016929566
328.944	0.580015524338819
329.104	0.580851712177378
329.264	0.581802842809452
329.424	0.582868188168618
329.584	0.584046084343868
329.744	0.585333967516021
329.904	0.586728425578372
330.064	0.588225270576118
330.224	0.589819623851895
330.384	0.591506039084948
330.544	0.593278651254536
330.704	0.59513124316311
330.864	0.597057219633939
331.024	0.599049510146983
331.184	0.601100414263897
331.344	0.603201479344193
331.504	0.605343571825074
331.664	0.60751713015145
331.824	0.60971249926672
331.984	0.611920347280034
332.144	0.614132096015624
332.304	0.616340209617761
332.464	0.618538277483935
332.624	0.620720963549161
332.784	0.622883837686572
332.944	0.625023137352514
333.104	0.627135488065619
333.264	0.629217672963136
333.424	0.631266437426461
333.584	0.633278323274794
333.744	0.635249562249214
333.904	0.637176105600815
334.064	0.639053656165856
334.224	0.640877740626024
334.384	0.642643834177875
334.544	0.6443474402314
334.704	0.645984026423434
334.864	0.647549008337705
335.024	0.649037782545861
335.184	0.650445778489598
335.344	0.651768573368031
335.504	0.653002117038454
335.664	0.654142933035132
335.824	0.655188306737841
335.984	0.656136408933094
336.144	0.656986262864962
336.304	0.657737586667849
336.464	0.658390619438364
336.624	0.658945868831438
336.784	0.659403824675451
336.944	0.659764731093333
337.104	0.660028406679999
337.264	0.660194076301309
337.424	0.660260231464804
337.584	0.660224480293095
337.744	0.660083410163793
337.904	0.659832524641956
338.064	0.659466252430889
338.224	0.65897801793119
338.384	0.658360438428758
338.544	0.657605658240868
338.704	0.656705746506418
338.864	0.655653102032488
339.024	0.654440837935567
339.184	0.653063121613854
339.344	0.651515470710478
339.504	0.649795024213859
339.664	0.647900818814492
339.824	0.645834109133489
339.984	0.643598717527425
340.144	0.641201316419597
340.304	0.63865161726801
340.464	0.63596245517067
340.624	0.633149724156851
340.784	0.630232157816977
340.944	0.627230969929428
341.104	0.624169331210055
341.264	0.62107165731652
341.424	0.617962787690999
341.584	0.614867142268963
341.744	0.611807926874121
341.904	0.608806506687984
342.064	0.605882095711536
342.224	0.60305169458627
342.384	0.600330218963904
342.544	0.597730726821851
342.704	0.595264656479799
342.864	0.592941936621742
343.024	0.590770993271349
343.184	0.588758641663503
343.344	0.586909972361013
343.504	0.585228296138325
343.664	0.58371518322167
343.824	0.582370584284604
343.984	0.581193022403681
344.144	0.580179763805631
344.304	0.579326909839551
344.464	0.578629389606817
344.624	0.578080866997539
344.784	0.577673601687025
344.944	0.577398333040605
345.104	0.577244221048772
345.264	0.57719887657106
345.424	0.577248484399774
345.584	0.577377989742331
345.744	0.577571313356771
345.904	0.5778115643094
346.064	0.578081230779503
346.224	0.578362345281789
346.384	0.57863664469653
346.544	0.578885754940643
346.704	0.579091418558278
346.864	0.579235756900403
347.024	0.579301548309672
347.184	0.579272486573359
347.344	0.579133398068848
347.504	0.578870408931039
347.664	0.578471055645991
347.824	0.57792434171472
347.984	0.577220721844355
348.144	0.576352001502642
348.304	0.575311180795893
348.464	0.574092301970836
348.624	0.572690345945944
348.784	0.571101303719502
348.944	0.56932244541315
349.104	0.567352740806314
349.264	0.565193354889402
