232.944	0.428178271230522
233.104	0.431394118888846
233.264	0.434504162726853
233.424	0.437510129592383
233.584	0.44041422507506
233.744	0.443218941768478
233.904	0.445926783080921
234.064	0.448540065870233
234.224	0.451060843052446
234.384	0.453490881830177
234.544	0.455831694612158
234.704	0.458084596007595
234.864	0.460250676802886
235.024	0.462330729758136
235.184	0.464325226422645
235.344	0.466234362923942
235.504	0.468058200888549
235.664	0.469796927240708
235.824	0.471451114990145
235.984	0.473021939184321
236.144	0.474511329574241
236.304	0.475922009228682
236.464	0.477257403517285
236.624	0.478521508725137
236.784	0.479718748373031
236.944	0.480853813671715
237.104	0.481931533310501
237.264	0.482956756432131
237.424	0.483934194158138
237.584	0.48486823198914
237.744	0.485762758482068
237.904	0.486621007187608
238.064	0.487445450534224
238.224	0.488237776056948
238.384	0.48899892427805
238.544	0.489729193679807
238.704	0.49042841875648
238.864	0.491096187376712
239.024	0.491732044025767
239.184	0.492335645507168
239.344	0.492906862327658
239.504	0.493445801029651
239.664	0.493952760168398
239.824	0.494428158439234
239.984	0.494872492549874
240.144	0.495286337433029
240.304	0.495670372059564
240.464	0.496025438275694
240.624	0.496352593792238
240.784	0.49665311469623
240.944	0.496928436203021
241.104	0.497180059016571
241.264	0.497409438070619
241.424	0.497617901063236
241.584	0.497806631998998
241.744	0.497976690951219
241.904	0.498129041140473
242.064	0.498264598479807
242.224	0.498384280432489
242.384	0.498489011422251
242.544	0.498579704746788
242.704	0.498657254483589
242.864	0.49872252857827
243.024	0.49877635750407
243.184	0.49881954813641
243.344	0.498852909929269
243.504	0.498877297911449
243.664	0.49889367946092
243.824	0.498903211542569
243.984	0.498907281957401
244.144	0.49890752482051
244.304	0.498905803637669
244.464	0.498904130065497
244.624	0.498904532389759
244.784	0.498908913588863
244.944	0.498918926790921
245.104	0.498935886377168
245.264	0.498960733573824
245.424	0.498994068559853
245.584	0.499036239504079
245.744	0.499087449850038
245.904	0.499147867076132
246.064	0.499217697954222
246.224	0.499297219232403
246.384	0.499386768233336
246.544	0.499486732655512
246.704	0.499597502206498
246.864	0.499719421770166
247.024	0.499852761815703
247.184	0.499997714787227
247.344	0.500154382427411
247.504	0.500322797346172
247.664	0.500502924958312
247.824	0.500694651225714
247.984	0.500897782134359
248.144	0.501112050030898
248.304	0.501337087363709
248.464	0.501572431699614
248.624	0.501817550020093
248.784	0.502071869576525
248.944	0.502334807322157
249.104	0.502605817631121
249.264	0.502884420423456
249.424	0.503170218739484
249.584	0.50346289830938
249.744	0.503762214420433
249.904	0.504067974234644
250.064	0.504380025793125
250.224	0.504698233329137
250.384	0.505022458062484
250.544	0.505352536162846
250.704	0.505688252572952
250.864	0.506029306240663
251.024	0.506375287871066
251.184	0.50672565846854
251.344	0.507079753559495
251.504	0.507436829217625
251.664	0.507796134744254
251.824	0.508157006601635
251.984	0.50851897545212
252.144	0.508881840258894
252.304	0.509245689159457
252.464	0.509610866474077
252.624	0.509977897437736
252.784	0.510347376324759
252.944	0.510719878616982
253.104	0.511095908031109
253.264	0.511475876899794
253.424	0.51186012094405
253.584	0.512248934908357
253.744	0.512642590293524
253.904	0.513041334893103
254.064	0.51344537106435
254.224	0.513854809689207
254.384	0.514269612880398
254.544	0.514689533159881
254.704	0.515114035558511
254.864	0.515542248115139
255.024	0.515972948362446
255.184	0.516404585938346
255.344	0.516835337492878
255.504	0.517263210927595
255.664	0.517686161717776
255.824	0.51810218797791
255.984	0.518509381220838
256.144	0.51890593411602
256.304	0.519290121777878
256.464	0.519660277957797
256.624	0.520014779672394
256.784	0.520352071181065
256.944	0.520670723253168
257.104	0.520969509567053
257.264	0.521247477069394
257.424	0.521503984724475
257.584	0.521738696732044
257.744	0.521951543143956
257.904	0.522142660700709
258.064	0.522312318634548
258.224	0.522460846159653
258.384	0.522588583992118
258.544	0.522695862494338
258.704	0.522783000624173
258.864	0.522850319971774
259.024	0.522898166442566
259.184	0.522926921124942
259.344	0.522937002729265
259.504	0.522928860359833
259.664	0.522902947288316
259.824	0.522859674529386
259.984	0.522799367729142
260.144	0.522722236355122
260.304	0.522628365905618
260.464	0.522517752171197
260.624	0.522390382601799
260.784	0.522246341858398
260.944	0.522085917114389
261.104	0.521909683316004
261.264	0.521718561271157
261.424	0.521513839639532
261.584	0.521297151527413
261.744	0.521070412844239
261.904	0.520835743150172
262.064	0.520595375428236
262.224	0.52035156263333
262.384	0.520106498828255
262.544	0.519862251647986
262.704	0.519620719698622
262.864	0.519383626924466
263.024	0.519152549623868
263.184	0.518928964837279
263.344	0.518714323860458
263.504	0.518510129233192
263.664	0.518317982536189
263.824	0.51813959950762
263.984	0.517976808740812
264.144	0.517831536181035
264.304	0.517705768839122
264.464	0.517601498856848
264.624	0.517520663705838
264.784	0.51746507902763
264.944	0.517436368758467
265.104	0.517435902517718
265.264	0.517464742942266
265.424	0.517523597668557
265.584	0.517612784186099
265.744	0.517732200780387
265.904	0.517881278148195
266.064	0.518058946750259
266.224	0.51826364425068
266.384	0.518493357516249
266.544	0.518745698929521
266.704	0.519018029173012
266.864	0.519307605677092
267.024	0.519611735650685
267.184	0.519927910886125
267.344	0.520253888697525
267.504	0.520587713968133
267.664	0.520927704438265
267.824	0.521272401341335
267.984	0.521620493517197
268.144	0.521970753268683
268.304	0.522321992010838
268.464	0.522673034714977
268.624	0.523022723356782
268.784	0.523369956266684
268.944	0.523713734127014
269.104	0.524053207331406
269.264	0.524387713875342
269.424	0.52471679762332
269.584	0.525040189408642
269.744	0.525357779248608
269.904	0.525669574406102
270.064	0.525975651485162
270.224	0.526276112967096
270.384	0.526571063185997
270.544	0.52686059238448
270.704	0.52714477479261
270.864	0.527423688853268
271.024	0.527697443790714
271.184	0.527966209620104
271.344	0.528230270239732
271.504	0.528490090533786
271.664	0.528746370723887
271.824	0.529000088939007
271.984	0.529252509619305
272.144	0.529505151920681
272.304	0.5297597266553
272.464	0.530018051059798
272.624	0.530281947894586
272.784	0.530553179656998
272.944	0.530833418514753
273.104	0.531124232289756
273.264	0.531427079611753
273.424	0.531743323440963
273.584	0.532074225911373
273.744	0.532420922022936
273.904	0.532784392867796
274.064	0.533165437768375
274.224	0.533564641653349
274.384	0.533982366066681
274.544	0.534418752530385
274.704	0.534873735397447
274.864	0.535347083716857
275.024	0.535838469123121
275.184	0.536347516486678
275.344	0.536873839076591
275.504	0.53741706520556
275.664	0.537976843721331
275.824	0.53855282228227
275.984	0.539144631196407
276.144	0.539751877030675
276.304	0.540374153616753
276.464	0.541011077966012
276.624	0.541662337581258
276.784	0.54232771554733
276.944	0.54300710035087
277.104	0.54370047202957
277.264	0.544407863063647
277.424	0.545129311842466
277.584	0.545864833241879
277.744	0.546614397845417
277.904	0.547377919569691
278.064	0.548155247740667
278.224	0.548946170304568
278.384	0.549750424028936
278.544	0.550567716024482
278.704	0.551397756633541
278.864	0.552240299140415
279.024	0.553095173728316
279.184	0.553962306275153
279.344	0.554841725772981
279.504	0.555733550860893
279.664	0.556637961180805
279.824	0.557555173818365
279.984	0.558485426081248
280.144	0.559428958611562
280.304	0.560386004532027
280.464	0.561356784718399
280.624	0.562341485228387
280.784	0.563340235698121
280.944	0.564353099337261
281.104	0.565380053216082
281.264	0.56642095716397
281.424	0.567475530859731
281.584	0.568543328771781
281.744	0.569623704343535
281.904	0.570715789593606
282.064	0.571818498398414
282.224	0.572930545119
282.384	0.574050485935423
282.544	0.575176770138007
282.704	0.576307794507521
282.864	0.577441948812812
283.024	0.578577641484159
283.184	0.579713305516044
283.344	0.5808474077581
283.504	0.581978464956983
283.664	0.583105067108754
283.824	0.584225923605665
283.984	0.585339908696099
284.144	0.586446090879399
284.304	0.587543748956556
284.464	0.588632358285047
284.624	0.589711532262314
284.784	0.590780938070715
284.944	0.591840207753044
285.104	0.592888852487548
285.264	0.593926218193459
285.424	0.594951485780427
285.584	0.595963711030308
285.744	0.596961892008309
285.904	0.597945049707633
286.064	0.598912286294208
286.224	0.599862811082573
286.384	0.60079592640308
286.544	0.601711007215052
286.704	0.602607487298535
286.864	0.603484868714133
287.024	0.604342741139867
287.184	0.605180833555266
287.344	0.605999058529143
287.504	0.606797514509999
287.664	0.607576431091331
287.824	0.608336084134471
287.984	0.609076699772274
288.144	0.609798368746048
288.304	0.610500998614512
288.464	0.611184324780993
288.624	0.611847970946478
288.784	0.612491541091657
288.944	0.613114719890092
289.104	0.613717335873339
289.264	0.614299371213349
289.424	0.614860936359527
289.584	0.615402227597947
289.744	0.615923463526997
289.904	0.616424842777519
290.064	0.616906543898516
290.224	0.61736876507112
290.384	0.617811780751126
290.544	0.618236012259679
290.704	0.618642090460206
290.864	0.619030891103058
291.024	0.619403538080142
291.184	0.619761368718578
291.344	0.62010586064401
291.504	0.620438515602224
291.664	0.620760736481053
291.824	0.621073714176845
291.984	0.621378350989744
292.144	0.621675233655566
292.304	0.621964685490163
292.464	0.622246867120921
292.624	0.622521889194488
292.784	0.622789902344515
292.944	0.623051148438542
293.104	0.623305955756408
293.264	0.623554719002641
293.424	0.62379786821419
293.584	0.624035849434641
293.744	0.624269114884939
293.904	0.624498124733094
294.064	0.624723344826414
294.224	0.624945239556077
294.384	0.625164220501844
294.544	0.625380580555522
294.704	0.625594459697723
294.864	0.625805840189841
295.024	0.626014550316505
295.184	0.626220325415844
295.344	0.626422900129413
295.504	0.62662207887567
295.664	0.626817766656629
295.824	0.627009971925091
295.984	0.627198752258714
296.144	0.627384142899459
296.304	0.627566105068617
296.464	0.627744492888461
296.624	0.627919045109536
296.784	0.628089428785096
296.944	0.628255288405278
297.104	0.628416265469028
297.264	0.62857199422762
297.424	0.628722089432678
297.584	0.628866105702969
297.744	0.629003503601979
297.904	0.629133638749479
298.064	0.629255767198828
298.224	0.629369076499444
298.384	0.629472740063775
298.544	0.629565969166322
298.704	0.629648053199404
298.864	0.629718403708978
299.024	0.629776578891629
299.184	0.629822284164447
299.344	0.629855377780899
299.504	0.629875886320768
299.664	0.629884021951689
299.824	0.629880212984382
299.984	0.629865130681878
300.144	0.629839690355062
300.304	0.629805030963908
300.464	0.62976247828103
300.624	0.62971348315132
300.784	0.629659546874848
300.944	0.629602153689603
301.104	0.62954272904279
301.264	0.629482596206302
301.424	0.62942292602331
301.584	0.629364694533272
301.744	0.629308650169051
301.904	0.629255292913044
302.064	0.629204893891533
302.224	0.629157572499295
302.384	0.629113410521576
302.544	0.62907257153276
302.704	0.629035392171744
302.864	0.629002406885412
303.024	0.628974297773958
303.184	0.628951788781173
303.344	0.628935509399405
303.504	0.628925866969603
303.664	0.628922977606777
303.824	0.628926677891592
303.984	0.628936618141068
304.144	0.628952393598581
304.304	0.628973669305246
304.464	0.629000262821954
304.624	0.62903217011997
304.784	0.629069530530394
304.944	0.629112554628264
305.104	0.629161434551122
305.264	0.629216260676124
305.424	0.629276991263886
305.584	0.629343478231036
305.744	0.629415532130693
305.904	0.629493008809149
306.064	0.629575905243527
306.224	0.629664416665946
306.384	0.629758944460242
306.544	0.629860063648472
306.704	0.629968454683379
306.864	0.630084807572885
307.024	0.630209736162548
307.184	0.630343700011757
307.344	0.630486955166035
307.504	0.630639561974952
307.664	0.630801448886743
307.824	0.630972486092652
307.984	0.631152582686063
308.144	0.631341793296265
308.304	0.631540383462657
308.464	0.631748836165833
308.624	0.631967819698353
308.784	0.63219811296959
308.944	0.632440489401603
309.104	0.632695598929971
309.264	0.63296386201791
309.424	0.63324538731375
309.584	0.633539925229741
309.744	0.633846860201366
309.904	0.634165229709069
310.064	0.634493778882955
310.224	0.634831049972668
310.384	0.635175481882804
310.544	0.635525495184901
310.704	0.635879571844995
310.864	0.636236317592754
311.024	0.636594505863954
311.184	0.636953096956823
311.344	0.637311237360521
311.504	0.637668230804465
311.664	0.638023493671575
311.824	0.638376496953356
311.984	0.638726702259831
312.144	0.639073519299529
312.304	0.639416306329821
312.464	0.639754400752309
312.624	0.640087163491906
312.784	0.640414036886703
312.944	0.640734599889839
313.104	0.641048597395532
313.264	0.641355944748028
313.424	0.641656701134345
313.584	0.641951022215032
313.744	0.642239111615169
313.904	0.642521186984844
314.064	0.642797458917421
314.224	0.643068124883534
314.384	0.643333384231276
314.544	0.643593474541696
314.704	0.643848709738641
314.864	0.644099506434884
315.024	0.644346384805146
315.184	0.644589943712958
315.344	0.644830810600553
315.504	0.645069592312076
315.664	0.645306836816147
315.824	0.645543016825485
315.984	0.645778534196978
316.144	0.646013745327082
316.304	0.646248980079104
316.464	0.64648455359875
316.624	0.646720767019808
316.784	0.646957898268798
316.944	0.647196177389326
317.104	0.647435761139128
317.264	0.647676708105191
317.424	0.647918970520116
317.584	0.648162389887435
317.744	0.648406687199582
317.904	0.648651453147217
318.064	0.648896153398351
318.224	0.649140144214734
318.384	0.649382697336691
318.544	0.649623043735957
318.704	0.649860419453269
318.864	0.650094108693843
319.024	0.650323479393695
319.184	0.65054799824167
319.344	0.650767220853805
319.504	0.650980777751254
319.664	0.651188351742189
319.824	0.651389648945816
319.984	0.651584378318454
320.144	0.651772247479997
320.304	0.651952960366426
320.464	0.652126220686277
320.624	0.652291738725594
320.784	0.652449239262054
320.944	0.652598468180194
321.104	0.65273920977193
321.264	0.652871303413495
321.424	0.652994658903197
321.584	0.653109271182775
321.744	0.653215229249135
321.904	0.653312710626921
322.064	0.653401965764722
322.224	0.653483298696571
322.384	0.653557045667561
322.544	0.653623553058949
322.704	0.653683162135003
322.864	0.653736200248254
323.024	0.653782974259567
323.184	0.653823768999573
323.344	0.653858850122582
323.504	0.653888465678357
323.664	0.65391285022837
323.824	0.6539322315768
323.984	0.653946839363662
324.144	0.65395691211133
324.304	0.653962704154118
324.464	0.653964489119463
324.624	0.653962555154003
324.784	0.653957193092886
324.944	0.653948683097383
325.104	0.65393728059772
325.264	0.653923204735584
325.424	0.653906633107077
325.584	0.653887703174945
325.744	0.653866517313791
325.904	0.653843147661831
326.064	0.653817636141508
326.224	0.653789987851518
326.384	0.653760157639816
326.544	0.653728034058055
326.704	0.653693426187804
326.864	0.653656056076393
327.024	0.653615558673756
327.184	0.653571490904362
327.344	0.653523347290243
327.504	0.653470572211859
327.664	0.65341256676426
327.824	0.653348692666718
327.984	0.653278267277926
328.144	0.653200553060678
328.304	0.65311475316836
328.464	0.653020010345173
328.624	0.652915413015336
328.784	0.652800021290812
328.944	0.652672905482405
329.104	0.652533184021998
329.264	0.652380063344179
329.424	0.652212876450811
329.584	0.652031094311567
329.744	0.65183431111917
329.904	0.651622214674955
330.064	0.651394543005388
330.224	0.651151035716769
330.384	0.650891400296338
330.544	0.650615297433507
330.704	0.65032234476039
330.864	0.65001214612105
331.024	0.649684338973309
331.184	0.649338638217557
331.344	0.648974873069211
331.504	0.648593017082185
331.664	0.648193208100928
331.824	0.64777575257682
331.984	0.647341136146323
332.144	0.646890037221311
332.304	0.646423334647501
332.464	0.645942106327645
332.624	0.645447627579891
332.784	0.644941356754465
332.944	0.644424903964456
333.104	0.643899994371317
333.264	0.643368448568687
333.424	0.642832171313707
333.584	0.642293158451956
333.744	0.641753511282559
333.904	0.641215444721183
334.064	0.640681269510047
334.224	0.640153349509944
334.384	0.639634024144748
334.544	0.639125512138136
334.704	0.638629826978232
334.864	0.63814871749701
335.024	0.637683619689341
335.184	0.637235625343664
335.344	0.636805491599731
335.504	0.636393677227808
335.664	0.636000388854626
335.824	0.635625634901366
335.984	0.6352692796114
336.144	0.634931083135839
336.304	0.634610732929374
336.464	0.634307852329876
336.624	0.634021989199297
336.784	0.633752611696885
336.944	0.633499119986269
337.104	0.633260852269174
337.264	0.633037093076723
337.424	0.632827098803588
337.584	0.632630109560822
337.744	0.632445343280871
337.904	0.632271984473746
338.064	0.63210916279197
338.224	0.631955921634031
338.384	0.631811196078573
338.544	0.63167378744437
338.704	0.631542346042728
338.864	0.631415389485213
339.024	0.631291353272061
339.184	0.631168652880341
339.344	0.63104575461594
339.504	0.630921239238113
339.664	0.630793833067877
339.824	0.630662400778462
339.984	0.630525927605383
340.144	0.630383514713245
340.304	0.63023438794341
340.464	0.630077921756296
340.624	0.629913673146532
340.784	0.629741428735151
340.944	0.629561232926136
341.104	0.629373378375988
341.264	0.62917836017948
341.424	0.628976812248226
341.584	0.628769432564098
341.744	0.628556910466145
341.904	0.62833987585276
342.064	0.628118878845889
342.224	0.627894405166735
342.384	0.62766693320382
342.544	0.627437016769598
342.704	0.627205357809167
342.864	0.626972872090896
343.024	0.626740746772811
343.184	0.626510445716292
343.344	0.626283679564182
343.504	0.626062374084952
343.664	0.625848622737337
343.824	0.625644610712797
343.984	0.625452551712222
344.144	0.625274621443907
344.304	0.625112878536193
344.464	0.624969206147227
344.624	0.624845279522624
344.784	0.62474252849794
344.944	0.624662124342386
345.104	0.624604983880104
345.264	0.62457176740331
345.424	0.624562846750877
345.584	0.624578277753997
345.744	0.624617773391797
345.904	0.624680720893309
346.064	0.624766232740058
346.224	0.624873234365417
346.384	0.625000578456834
346.544	0.625147171565779
346.704	0.625312066358056
346.864	0.625494530597081
347.024	0.625694086916035
347.184	0.625910518892923
347.344	0.626143863451695
347.504	0.626394391750978
347.664	0.626662559804174
347.824	0.626948960831299
347.984	0.627254276540576
348.144	0.627579203835303
348.304	0.627924375706144
348.464	0.628290304970228
348.624	0.628677344714383
348.784	0.629085657894848
348.944	0.629515217248674
349.104	0.629965822877871
349.264	0.630437124878618
