349.424	0.700096793602397
349.584	0.700075367086894
349.744	0.700067809724663
349.904	0.700073990188807
350.064	0.700093766883267
350.224	0.700127008235791
350.384	0.700173614006977
350.544	0.700233533260704
350.704	0.700306775786331
350.864	0.70039341533232
351.024	0.700493585247786
351.184	0.700607471212374
351.344	0.700735304268767
351.504	0.700877355576086
351.664	0.701033934853531
351.824	0.701205391866415
351.984	0.701392115200935
352.144	0.701594527303133
352.304	0.701813076248952
352.464	0.702048217976609
352.624	0.702300385658015
352.784	0.702569956296799
352.944	0.702857224529089
353.104	0.703162386680967
353.264	0.703485547439289
353.424	0.703826750636715
353.584	0.704186021648179
353.744	0.704563412778439
353.904	0.704959041203814
354.064	0.705373099805902
354.224	0.705805846065651
354.384	0.706257574196846
354.544	0.706728577949415
354.704	0.707219113622401
354.864	0.707729374807285
355.024	0.708259477338345
355.184	0.708809457868121
355.344	0.709379277727427
355.504	0.709968825164051
355.664	0.710577913876467
355.824	0.711206284941215
355.984	0.711853610270792
356.144	0.712519496789523
356.304	0.713203494327407
356.464	0.713905114244852
356.624	0.714623850366044
356.784	0.71535920465267
356.944	0.716110710211796
357.104	0.716877952407451
357.264	0.717660569715833
357.424	0.718458227785368
357.584	0.719270572759703
357.744	0.720097162365823
357.904	0.720937387239788
358.064	0.721790417344583
358.224	0.722655185458727
358.384	0.723530416011395
358.544	0.7244147011112
358.704	0.725306608409593
358.864	0.726204775541099
359.024	0.727107973535851
359.184	0.728015134226262
359.344	0.728925345895062
359.504	0.729837831727197
359.664	0.730751931036709
359.824	0.731667097938022
359.984	0.732582899050452
360.144	0.733499018826007
360.304	0.734415255639102
360.464	0.735331499382159
360.624	0.736247703819495
360.784	0.737163856439979
360.944	0.738079931491012
361.104	0.738995843425076
361.264	0.739911410353164
361.424	0.740826340594637
361.584	0.741740240495311
361.744	0.74265265446655
361.904	0.743563117471171
362.064	0.744471222360741
362.224	0.745376680412413
362.384	0.746279363333153
362.544	0.747179311417053
362.704	0.74807672000217
362.864	0.748971908542782
363.024	0.749865271267929
363.184	0.750757216784139
363.344	0.751648107806101
363.504	0.752538207111694
363.664	0.753427628050991
363.824	0.754316308152271
363.984	0.75520403607315
364.144	0.756090513458982
364.304	0.75697544262197
364.464	0.757858637462135
364.624	0.758740113910828
364.784	0.759620126887129
364.944	0.760499185445995
365.104	0.761378030533266
365.264	0.76225757942729
365.424	0.763138878327882
365.584	0.764023084915027
365.744	0.764911445822206
365.904	0.765805291651538
366.064	0.766706057427278
366.224	0.767615300798927
366.384	0.76853468628012
366.544	0.769465980125557
366.704	0.770411022957465
366.864	0.771371678000797
367.024	0.772349763376833
367.184	0.77334699511626
367.344	0.774364899134851
367.504	0.775404736867804
367.664	0.7764674712187
367.824	0.77755377544401
367.984	0.778664054554243
368.144	0.779798496637497
368.304	0.780957110895599
368.464	0.782139728184764
368.624	0.783345956229491
368.784	0.784575112024082
368.944	0.785826122710804
369.104	0.787097431737491
369.264	0.78838692365248
369.424	0.789691879000121
369.584	0.791008959274997
369.744	0.792334261225627
369.904	0.793663417986133
370.064	0.794991717237186
370.224	0.796314236541356
370.384	0.79762602884868
370.544	0.798922310181452
370.704	0.800198624937222
370.864	0.801450967112005
371.024	0.802675859428758
371.184	0.803870350514256
371.344	0.805031951049878
371.504	0.80615851713918
371.664	0.807248121193149
371.824	0.808298923471668
371.984	0.80930910985098
372.144	0.810276885089739
372.304	0.811200517709429
372.464	0.812078390856359
372.624	0.812909073230329
372.784	0.813691353475329
372.944	0.814424233250604
373.104	0.815106915360642
373.264	0.815738826857576
373.424	0.816319640271353
373.584	0.816849300129039
373.744	0.817328050890631
373.904	0.817756443714489
374.064	0.818135308392508
374.224	0.818465726284581
374.384	0.818749002174578
374.544	0.818986622859853
374.704	0.819180216009223
374.864	0.81933150827547
375.024	0.819442269890464
375.184	0.819514248130059
375.344	0.819549135029499
375.504	0.819548555932159
375.664	0.819514090575418
375.824	0.819447322855047
375.984	0.819349907649999
376.144	0.819223605062609
376.304	0.819070268578601
376.464	0.818891785019797
376.624	0.818690000814345
376.784	0.818466657005228
376.944	0.818223367216375
377.104	0.81796163564198
377.264	0.817682933994996
377.424	0.817388793351423
377.584	0.817080877816523
377.744	0.816761003607821
377.904	0.816431110249402
378.064	0.816093160571166
378.224	0.815748992400061
378.384	0.815400185669477
378.544	0.815047998010179
378.704	0.814693372600032
378.864	0.814337016902446
379.024	0.813979530942052
379.184	0.813621519441433
379.344	0.813263640755057
379.504	0.812906619153054
379.664	0.812551200515905
379.824	0.812198054618193
379.984	0.811847687304767
380.144	0.811500370655467
380.304	0.811156053646947
380.464	0.810814284980322
380.624	0.810474172778989
380.784	0.81013434115277
380.944	0.809792905406818
381.104	0.809447514029129
381.264	0.809095440681941
381.424	0.808733701866611
381.584	0.808359205395561
381.744	0.807968916429789
381.904	0.80756001065867
382.064	0.807130019101459
382.224	0.806676936164763
382.384	0.806199268671479
382.544	0.805696019893674
382.704	0.80516662586496
382.864	0.804610868417142
383.024	0.80402879959661
383.184	0.803420695596221
383.344	0.802787070145835
383.504	0.802128731113361
383.664	0.801446839415416
383.824	0.800742937896811
383.984	0.800018946942198
384.144	0.799277111469398
384.304	0.798519905043877
384.464	0.79774989999155
384.624	0.796969657480292
384.784	0.796181651744513
384.944	0.795388240287655
385.104	0.794591655916381
385.264	0.793794028212448
385.424	0.792997427570944
385.584	0.79220391125488
385.744	0.791415562911757
385.904	0.790634532311387
386.064	0.789863056070855
386.224	0.789103449416877
386.384	0.788358088077155
386.544	0.787629373824666
386.704	0.786919678537494
386.864	0.786231287584479
387.024	0.785566334063463
387.184	0.784926717249659
387.344	0.784314045960364
387.504	0.783729606535386
387.664	0.783174369961267
387.824	0.782649037407056
387.984	0.782154119881804
388.144	0.78168999948493
388.304	0.781257005805672
388.464	0.780855486975952
388.624	0.780485844153512
388.784	0.780148544220779
388.944	0.779844132672567
389.104	0.779573227812705
389.264	0.77933654018127
389.424	0.779134904645
389.584	0.778969275631114
389.744	0.778840682762508
389.904	0.778750197696329
390.064	0.778698865403706
390.224	0.778687622616918
390.384	0.778717235289977
390.544	0.778788270869048
390.704	0.778901090901791
390.864	0.779055857793259
391.024	0.779252547292847
391.184	0.779490978160158
391.344	0.779770843653347
391.504	0.780091739873686
391.664	0.780453186596777
391.824	0.780854642753879
391.984	0.781295497160251
392.144	0.781775068336678
392.304	0.782292601661277
392.464	0.782847259627675
392.624	0.783438139013511
392.784	0.784064330791584
392.944	0.784724984932986
393.104	0.785419366698113
393.264	0.786146907050652
393.424	0.78690720402935
393.584	0.787699983463844
393.744	0.788525056536683
393.904	0.7893822832552
394.064	0.790271537312172
394.224	0.791192710214805
394.384	0.792145748201914
394.544	0.793130686188336
394.704	0.794147658449753
394.864	0.795196894576185
395.024	0.796278671885731
395.184	0.797393246673288
395.344	0.798540781713341
395.504	0.799721273789344
395.664	0.800934501040804
395.824	0.802180012770502
395.984	0.803457143120655
396.144	0.804765032732744
396.304	0.80610266590763
396.464	0.807468894686188
396.624	0.808862460924875
396.784	0.810282037113638
396.944	0.811726270106282
397.104	0.813193807319854
397.264	0.81468337243732
397.424	0.816193840064187
397.584	0.817724269457117
397.744	0.819273907154336
397.904	0.820842159927906
398.064	0.822428484788208
398.224	0.824032269436024
398.384	0.825652741411331
398.544	0.827288878736404
398.704	0.828939335356587
398.864	0.830602418236374
399.024	0.832276062726092
399.184	0.833957792221156
399.344	0.835644712817168
399.504	0.837333543507067
399.664	0.839020666858729
399.824	0.840702251845336
399.984	0.842374448758281
400.144	0.844033575102205
400.304	0.845676259274918
400.464	0.847299532545591
400.624	0.848900843838346
400.784	0.850477982137449
400.944	0.852028985047269
401.104	0.853552057271921
401.264	0.855045498000037
401.424	0.856507638316292
401.584	0.857936807820261
401.744	0.859331283697023
401.904	0.860689241948055
402.064	0.862008723008433
402.224	0.863287621844418
402.384	0.864523669305731
402.544	0.865714472494028
402.704	0.866857598358644
402.864	0.867950653545619
403.024	0.8689913398426
403.184	0.869977528410362
403.344	0.870907293976592
403.504	0.871778932392758
403.664	0.872590990122813
403.824	0.873342326498611
403.984	0.87403215602254
404.144	0.874660094426252
404.304	0.875226177466941
404.464	0.875730833894262
404.624	0.876174796893637
404.784	0.876558988403963
404.944	0.876884385320852
405.104	0.877151901211491
405.264	0.877362331396714
405.424	0.877516363243913
405.584	0.877614629050029
405.744	0.877657757791119
405.904	0.877646424255352
406.064	0.877581372388664
406.224	0.877463395260179
406.384	0.877293293893445
406.544	0.877071864056173
406.704	0.876799885508937
406.864	0.876478123376557
407.024	0.876107353664788
407.184	0.875688382490153
407.344	0.875222023258982
407.504	0.874709071766275
407.664	0.874150264686131
407.824	0.873546220989624
407.984	0.872897388896718
408.144	0.872204057405251
408.304	0.87146641026967
408.464	0.870684607164737
408.624	0.869858877916261
408.784	0.868989626221943
408.944	0.868077510153024
409.104	0.86712349744429
409.264	0.866128885766691
409.424	0.865095291697578
409.584	0.864024597741134
409.744	0.862918874865747
409.904	0.861780272862215
410.064	0.860610889707609
410.224	0.859412646574079
410.384	0.85818721017349
410.544	0.856935960199634
410.704	0.855660026147789
410.864	0.854360372414846
411.024	0.853037906251105
411.184	0.851693579323264
411.344	0.850328450195242
411.504	0.848943653341341
411.664	0.847540326993206
411.824	0.846119524695244
411.984	0.844682108619793
412.144	0.843228655143975
412.304	0.841759437872874
412.464	0.8402744544473
412.624	0.838773508523474
412.784	0.837256368399084
412.944	0.835722942339893
413.104	0.834173386802937
413.264	0.832608186861933
413.424	0.831028162488945
413.584	0.829434369924144
413.744	0.82782793906229
413.904	0.826209940038737
414.064	0.824581282846563
414.224	0.822942700898869
414.384	0.821294838215489
414.544	0.819638409253102
414.704	0.817974363384396
414.864	0.816304023547415
415.024	0.814629163097879
415.184	0.812952002308497
415.344	0.811275130186665
415.504	0.809601389994995
415.664	0.807933751581829
415.824	0.806275177565223
415.984	0.804628500808417
416.144	0.802996339229207
416.304	0.801381041432339
416.464	0.799784688882281
416.624	0.798209162093909
416.784	0.796656221932198
416.944	0.795127571177649
417.104	0.793624929891786
417.264	0.792150082828357
417.424	0.790704875836302
417.584	0.789291192554705
417.744	0.787910950846402
417.904	0.786566087182247
418.064	0.785258550001011
418.224	0.783990289881171
418.384	0.782763223056542
418.544	0.78157915268517
418.704	0.780439716925824
418.864	0.779346340502971
419.024	0.778300206438195
419.184	0.777302262254599
419.344	0.776353294317064
419.504	0.775454011232229
419.664	0.774605133012203
419.824	0.773807466881727
419.984	0.773061957771654
420.144	0.77236969211933
420.304	0.771731873426426
420.464	0.771149768514464
420.624	0.770624633013983
420.784	0.77015764475977
420.944	0.769749883168063
421.104	0.769402333621748
421.264	0.769115889061803
421.424	0.768891348870801
421.584	0.768729415960016
421.744	0.768630661689179
421.904	0.768595461979056
422.064	0.768623954764058
422.224	0.768716020368688
422.384	0.768871296387394
422.544	0.769089241133579
422.704	0.769369231900905
422.864	0.76971063049025
423.024	0.770112823362608
423.184	0.770575243472342
423.344	0.771097343949726
423.504	0.771678537885587
423.664	0.772318163148509
423.824	0.773015464760483
423.984	0.773769586359974
424.144	0.774579575404129
424.304	0.775444397113647
424.464	0.776362922607585
424.624	0.777333899088976
424.784	0.778355908130922
424.944	0.779427304790556
425.104	0.780546149391655
425.264	0.781710174988188
425.424	0.78291678844065
425.584	0.784163076147454
425.744	0.785445839461826
425.904	0.786761660437278
426.064	0.788106970254729
426.224	0.78947813204773
426.384	0.790871548796678
426.544	0.792283768454203
426.704	0.793711561722232
426.864	0.795151980508838
427.024	0.79660238303091
427.184	0.79806042455907
427.344	0.799524036338928
427.504	0.800991401146076
427.664	0.802460943117005
427.824	0.803931339824939
427.984	0.805401529642498
428.144	0.806870688419286
428.304	0.808338170087886
428.464	0.809803419080597
428.624	0.811265879102173
428.784	0.812724944468499
428.944	0.814179951186961
429.104	0.815630206514849
429.264	0.81707503517215
429.424	0.818513801438929
429.584	0.819945882931913
429.744	0.821370614381255
429.904	0.822787196485893
430.064	0.824194608660788
430.224	0.825591560003703
430.384	0.826976503792096
430.544	0.828347693844966
430.704	0.829703289566577
430.864	0.831041465951819
431.024	0.832360504090649
431.184	0.833658800014441
431.344	0.834934825450491
431.504	0.836187054214966
431.664	0.83741388556385
431.824	0.838613566830358
431.984	0.839784196673934
432.144	0.840923796550334
432.304	0.84203043259156
432.464	0.843102331745794
432.624	0.844137985975303
432.784	0.845136199757902
432.944	0.84609609800051
433.104	0.8470171010679
433.264	0.847898894293943
433.424	0.848741386978177
433.584	0.849544675757426
433.744	0.850308987569098
433.904	0.851034607789929
434.064	0.85172180686366
434.224	0.85237078610279
434.384	0.85298165403262
434.544	0.853554424379374
434.704	0.854089036323511
434.864	0.854585368886493
435.024	0.855043243400101
435.184	0.85546239736531
435.344	0.855842450370004
435.504	0.856182870228066
435.664	0.856482955513462
435.824	0.856741857689965
435.984	0.8569586621117
436.144	0.857132504622927
436.304	0.857262693103088
436.464	0.857348806375178
436.624	0.857390775233022
436.784	0.857388912813643
436.944	0.857343889487868
437.104	0.857256658379026
437.264	0.857128393221475
437.424	0.856960449482023
437.584	0.856754336554671
437.744	0.856511718804482
437.904	0.856234443204577
438.064	0.855924544054907
438.224	0.855584198726211
438.384	0.85521567171673
438.544	0.854821230890282
438.704	0.854403033097681
438.864	0.853963050376408
439.024	0.853503042334892
439.184	0.853024534042439
439.344	0.852528831919157
439.504	0.852017091272617
439.664	0.851490377396133
439.824	0.850949696333284
439.984	0.850396034351657
440.144	0.849830373432885
440.304	0.849253681581957
440.464	0.848666926763596
440.624	0.848071114001536
440.784	0.84746729598473
440.944	0.846856599822112
441.104	0.846240296946703
441.264	0.845619854579342
441.424	0.844996951927538
441.584	0.844373486090368
441.744	0.843751531944039
441.904	0.843133243143268
442.064	0.842520723525688
442.224	0.841915875446685
442.384	0.84132025750821
442.544	0.840734998119575
442.704	0.840145182472959
442.864	0.839602486181484
443.024	0.839106046436348
443.184	0.838655359920517
443.344	0.838249843455406
443.504	0.837888641990532
443.664	0.83757058246133
443.824	0.837294204379752
443.984	0.837057823597035
444.144	0.836859605602783
444.304	0.836697635975709
444.464	0.83656998067597
444.624	0.836474733116092
444.784	0.836410049216572
444.944	0.836374172071418
445.104	0.836365446856277
445.264	0.836382327963948
445.424	0.836423381674385
445.584	0.836487286079173
445.744	0.836572829857115
445.904	0.836678911114375
446.064	0.836804535526428
446.224	0.836948811929846
446.384	0.837110947025611
446.544	0.837290239754967
446.704	0.837486074036676
446.864	0.837697910825105
447.024	0.837925281875633
447.184	0.838167784049277
447.344	0.838425073645832
447.504	0.838696860853324
447.664	0.838982904184049
447.824	0.839283003232205
447.984	0.839596990805132
448.144	0.839924725223315
448.304	0.840266083338168
448.464	0.840620954599162
448.624	0.840989237794078
448.784	0.841370839830256
448.944	0.841765675317616
449.104	0.842173666479362
449.264	0.842594743320028
449.424	0.843028843058947
449.584	0.843475909377533
449.744	0.843935892050255
449.904	0.844408747104269
450.064	0.84489443669567
450.224	0.845392929319011
450.384	0.845904200199961
450.544	0.846428231415105
450.704	0.846965011763
450.864	0.847514537240363
451.024	0.84807681224829
451.184	0.848651850876376
451.344	0.849239677773278
451.504	0.849840328144829
451.664	0.850453846282244
451.824	0.851080282821671
451.984	0.851719691597943
452.144	0.852372127025498
452.304	0.853037642279214
452.464	0.853716288700812
452.624	0.85440811601317
452.784	0.855113171988345
452.944	0.855831501091957
453.104	0.856563142590512
453.264	0.857308128088649
453.424	0.85806647882624
453.584	0.858838203605789
453.744	0.859623298150066
453.904	0.860421745414866
454.064	0.861233516849857
454.224	0.862058574231041
454.384	0.86289687158949
454.544	0.863748356367555
454.704	0.864612970108919
454.864	0.865490648292705
455.024	0.866381319094178
455.184	0.867284901407215
455.344	0.868201303179166
455.504	0.869130419880161
455.664	0.870072133557723
455.824	0.871026312448412
455.984	0.871992811211484
456.144	0.87297147149897
456.304	0.873962122900582
456.464	0.874964583748718
456.624	0.875978661832888
456.784	0.87700415481446
456.944	0.878040849907956
457.104	0.879088522807487
457.264	0.880146936218775
457.424	0.881215838155152
457.584	0.882294960424734
457.744	0.883384017779122
457.904	0.884482707419949
458.064	0.885590708650468
458.224	0.886707682661666
458.384	0.887833272020665
458.544	0.888967099334054
458.704	0.89010876573225
458.864	0.891257849512525
459.024	0.892413904991189
459.184	0.89357646180638
459.344	0.894745024760096
459.504	0.89591907387247
459.664	0.897098064530993
459.824	0.898281427639378
459.984	0.89946856969812
460.144	0.900658872722651
460.304	0.901851693965598
460.464	0.903046365289234
460.624	0.904242192366708
460.784	0.905438453699011
460.944	0.906634399359035
461.104	0.907829249634539
461.264	0.909022193687452
461.424	0.910212388013515
461.584	0.911398954576242
461.744	0.912580979274595
461.904	0.913757510555081
462.064	0.914927558099538
462.224	0.916090092149785
462.384	0.91724404363936
462.544	0.918388304244067
462.704	0.919521726308419
462.864	0.920643122798932
463.024	0.921751266778322
463.184	0.922844890077706
463.344	0.923922681969415
463.504	0.924983287891778
463.664	0.926025308239624
463.824	0.927047297755458
463.984	0.928047765507897
464.144	0.929025174777752
464.304	0.92997794304497
464.464	0.930904442163354
464.624	0.931802998082724
464.784	0.932671889886501
464.944	0.933509348307425
465.104	0.934313553737595
465.264	0.935082633608829
465.424	0.935814659327504
465.584	0.936507643047186
465.744	0.937159534622909
465.904	0.937768218943268
