116.464	0.330946010255786
116.624	0.329788046790156
116.784	0.328601076918119
116.944	0.327385324267254
117.104	0.326140958317922
117.264	0.324868004360781
117.424	0.323566211122227
117.584	0.322234915830848
117.744	0.320872968642618
117.904	0.319478731819856
118.064	0.31805016706636
118.224	0.316584984684084
118.384	0.315080816540842
118.544	0.313535426584906
118.704	0.311946898694998
118.864	0.310313777919703
119.024	0.308635223811677
119.184	0.306911188097217
119.344	0.305142500299837
119.504	0.303330835372037
119.664	0.301478623272885
119.824	0.299588896996454
119.984	0.297665082055175
120.144	0.295710820920988
120.304	0.293729856128095
120.464	0.291725990455291
120.624	0.289703133555292
120.784	0.287665343259903
120.944	0.285616793335009
121.104	0.283561809092419
121.264	0.281504940462867
121.424	0.27945093011823
121.584	0.277404650257324
121.744	0.275371064427247
121.904	0.273355127313664
122.064	0.271361673507215
122.224	0.269395453419122
122.384	0.267461206193559
122.544	0.265563789460373
122.704	0.263708428214102
122.864	0.261900855242118
123.024	0.260147212349978
123.184	0.258453842126926
123.344	0.256826949267008
123.504	0.255272139848955
123.664	0.253794147814176
123.824	0.252396891738329
123.984	0.251083745306971
124.144	0.249857969987545
124.304	0.248723287154178
124.464	0.247684314590799
124.624	0.246746655202571
124.784	0.245916677789921
124.944	0.245201169515155
125.104	0.244606876675164
125.264	0.244140051085481
125.424	0.243806174592748
125.584	0.243609966661609
125.744	0.243555550729582
125.904	0.243646648658853
126.064	0.243886772992084
126.224	0.244279312093852
126.384	0.244827473551652
126.544	0.24553412382437
126.704	0.246401437417546
126.864	0.247430482153561
127.024	0.248620972392757
127.184	0.2499711844643
127.344	0.251477909806852
127.504	0.253136459344375
127.664	0.254940707487378
127.824	0.256883029384824
127.984	0.258954149852173
128.144	0.261143006464465
128.304	0.263436754116299
128.464	0.265821017658766
128.624	0.268280387339757
128.784	0.270799053963458
128.944	0.273361478922027
129.104	0.275953037632746
129.264	0.278560446819768
129.424	0.281171974771439
129.584	0.283777438307141
129.744	0.286368049584382
129.904	0.288936212745341
130.064	0.291475342802016
130.224	0.293979701766546
130.384	0.296444286952749
130.544	0.298864789464972
130.704	0.301237634425718
130.864	0.303560003708355
131.024	0.305829837984732
131.184	0.308045806215034
131.344	0.310207216828815
131.504	0.312313883517788
131.664	0.314366044097198
131.824	0.316364313434008
131.984	0.318309696534186
132.144	0.320203669060504
132.304	0.322048269624531
132.464	0.323846142561649
132.624	0.325600549320882
132.784	0.327315356533347
132.944	0.328994975735725
133.104	0.330644276750661
133.264	0.332268525397069
133.424	0.333873313032484
133.584	0.335464491122309
133.744	0.337048124736214
133.904	0.338630419022422
134.064	0.340217595603974
134.224	0.341815773082828
134.384	0.343430853118718
134.544	0.345068384412855
134.704	0.346733432695999
134.864	0.34843047173382
135.024	0.350163256844155
135.184	0.35193470860969
135.344	0.353746861296543
135.504	0.355600874393815
135.664	0.357497048640028
135.824	0.359434879418416
135.984	0.361413094836337
136.144	0.363429625101901
136.304	0.365481517637193
136.464	0.367564871870002
136.624	0.369674774390489
136.784	0.37180525829973
136.944	0.373949314179356
137.104	0.376098929932652
137.264	0.378245091298652
137.424	0.38037775227491
137.584	0.382485760780185
137.744	0.38455673507616
137.904	0.386576902393529
138.064	0.388530989948379
138.224	0.390402141054494
138.384	0.392171847803695
138.544	0.393819946586575
138.704	0.395324718766062
138.864	0.396663083670376
139.024	0.397810923870395
139.184	0.398743509496455
139.344	0.399435938946283
139.504	0.399863573171899
139.664	0.400002478513272
139.824	0.399829878134199
139.984	0.399324654779377
140.144	0.398467927075046
140.304	0.397243657892034
140.464	0.395639265013926
140.624	0.393646168737007
140.784	0.391260202792694
140.944	0.38848188064145
141.104	0.38531648932468
141.264	0.381773968674509
141.424	0.37786866024868
141.584	0.373618981535003
141.744	0.369047070571526
141.904	0.364178566826297
142.064	0.359042695218307
142.224	0.353672550852309
142.384	0.348105434943875
142.544	0.342382944864823
142.704	0.336550638184747
142.864	0.33065722210705
143.024	0.324753426412201
143.184	0.318890608195318
143.344	0.313119528417076
143.504	0.30748951211541
143.664	0.302047952930309
143.824	0.296840082433675
143.984	0.291909018031276
144.144	0.287295737977558
144.304	0.283038896254823
144.464	0.279174522928599
144.624	0.275735573626946
144.784	0.272751375955124
144.944	0.270247218379893
145.104	0.268244015610946
145.264	0.266757840583125
145.424	0.265799482744626
145.584	0.265374063485353
145.744	0.265480696101633
145.904	0.266112060383477
146.064	0.267254502559865
146.224	0.268888725567706
146.384	0.270991028907758
146.544	0.273534634191094
146.704	0.276491169712983
146.864	0.279831621663391
147.024	0.28352659845865
147.184	0.287546068862696
147.344	0.291858954597785
147.504	0.296432471406263
147.664	0.301231670832124
147.824	0.306219272822375
147.984	0.311355897546093
148.144	0.316600681319926
148.304	0.321912385407416
148.464	0.327250497937086
148.624	0.332576184916263
148.784	0.337853004033207
148.944	0.343047258980334
149.104	0.348127860455236
149.264	0.353065928805393
149.424	0.35783449840261
149.584	0.362408523111128
149.744	0.366765183704558
149.904	0.370884397541033
150.064	0.374749403268481
150.224	0.378347171403959
150.384	0.38166842967513
150.544	0.384707348260292
150.704	0.387461061954866
150.864	0.389929124369758
151.024	0.392113059443375
151.184	0.394016069471093
151.344	0.395642832993701
151.504	0.396999334062514
151.664	0.398092687098881
151.824	0.398930891529801
151.984	0.399522552891597
152.144	0.399876633063798
152.304	0.400002277052465
152.464	0.399908732754341
152.624	0.39960535821848
152.784	0.399101677950341
152.944	0.398407459644261
153.104	0.397532794969777
153.264	0.396488152540144
153.424	0.3952844091869
153.584	0.393932855109654
153.744	0.392445164260664
153.904	0.39083331507851
154.064	0.389109484279572
154.224	0.387285924129912
154.384	0.385374852387542
154.544	0.383388368831959
154.704	0.381338408908107
154.864	0.379236711286978
155.024	0.377094799593635
155.184	0.374923955577344
155.344	0.372735154001532
155.504	0.370538962779221
155.664	0.368345382202335
155.824	0.366163615148309
155.984	0.364001776287353
156.144	0.361866604505678
156.304	0.359763213493409
156.464	0.357694990622178
156.624	0.355663663018788
156.784	0.353669535169331
156.944	0.351711810279141
157.104	0.349788956634995
157.264	0.347899012888035
157.424	0.346039823065496
157.584	0.344209197445991
157.744	0.342405026536937
157.904	0.340625321415644
158.064	0.338868230343962
158.224	0.337132008042147
158.384	0.335414946640924
158.544	0.333715261886312
158.704	0.332030994033232
158.864	0.330359967572406
159.024	0.328699826761692
159.184	0.32704809539706
159.344	0.325402237527499
159.504	0.32375969379035
159.664	0.322117849689164
159.824	0.320473944485968
159.984	0.318825050520161
160.144	0.31716816283614
160.304	0.315500428802068
160.464	0.31381955625676
160.624	0.312124296793229
160.784	0.310414832979461
160.944	0.308693065135515
161.104	0.306962748485432
161.264	0.305229392372951
161.424	0.303499984994971
161.584	0.301782685269643
161.744	0.300086464041726
161.904	0.298420796823223
162.064	0.296795464901209
162.224	0.295220435276235
162.384	0.293705799655356
162.544	0.292261743306597
162.704	0.290898370970638
162.864	0.289625406905259
163.024	0.288451897660536
163.184	0.287385966423528
163.344	0.28643468285776
163.504	0.285604156611555
163.664	0.284899712234107
163.824	0.284326026129577
163.984	0.28388712684108
164.144	0.28358618064118
164.304	0.283425109899383
164.464	0.283404228798588
164.624	0.283522052544242
164.784	0.283775332339985
164.944	0.284159269235431
165.104	0.284667832805496
165.264	0.285294160912656
165.424	0.286030882176135
165.584	0.286870305191599
165.744	0.287804593437102
165.904	0.288825929962002
166.064	0.289926552654208
166.224	0.291098736772199
166.384	0.292334754674641
166.544	0.293626765191959
166.704	0.294966723627965
166.864	0.296346475387566
167.024	0.297757938722555
167.184	0.299193401308628
167.344	0.300645932638702
167.504	0.302109718621807
167.664	0.303580187233194
167.824	0.305054030097892
167.984	0.306529099853208
168.144	0.308004167757474
168.304	0.309478671923728
168.464	0.310952527789766
168.624	0.312425947330041
168.784	0.313899306190763
168.944	0.315373100000386
169.104	0.31684792440268
169.264	0.31832446351865
169.424	0.319803521201663
169.584	0.321286048731679
169.744	0.322773131411452
169.904	0.324265949557741
170.064	0.325765696909741
170.224	0.32727345050472
170.384	0.328790040259435
170.544	0.330315967581612
170.704	0.331851401522101
170.864	0.333396227012202
171.024	0.334950133420023
171.184	0.336512728732657
171.344	0.338083618534085
171.504	0.339662423160064
171.664	0.341248776009309
171.824	0.342842296801734
171.984	0.344442493741155
172.144	0.346048637071647
172.304	0.347659638894186
172.464	0.349273915050446
172.624	0.350889227049095
172.784	0.352502576573954
172.944	0.354110171548484
173.104	0.355707484718835
173.264	0.357289406535131
173.424	0.358850458562358
173.584	0.360385002506121
173.744	0.361887451075575
173.904	0.363352440019128
174.064	0.364774951636548
174.224	0.366150380888769
174.384	0.367474609965996
174.544	0.368744070537389
174.704	0.369955785824516
174.864	0.371107376968041
175.024	0.372197078017109
175.184	0.373223706068813
175.344	0.374186581231072
175.504	0.375085409710039
175.664	0.375920180024934
175.824	0.376691084714196
175.984	0.377398477910049
176.144	0.378042873224615
176.304	0.378624969697569
176.464	0.379145686974937
176.624	0.379606219531581
176.784	0.380008090534886
176.944	0.380353173535752
177.104	0.38064369201885
177.264	0.38088221022241
177.424	0.381071587255349
177.584	0.381214877895957
177.744	0.381315229733502
177.904	0.381375785777948
178.064	0.38139954267632
178.224	0.38138921025967
178.384	0.381347138730746
178.544	0.381275245192285
178.704	0.381174969225697
178.864	0.381047293841505
179.024	0.380892780331635
179.184	0.380711611647996
179.344	0.380503704381283
179.504	0.380268842416456
179.664	0.380006791612061
179.824	0.37971743475174
179.984	0.379400887820395
180.144	0.379057535544518
180.304	0.378688027002511
180.464	0.378293217032763
180.624	0.377874007280809
180.784	0.377431179356392
180.944	0.376965279847639
181.104	0.376476516454943
181.264	0.375964720989316
181.424	0.375429414990379
181.584	0.374869890794855
181.744	0.374285291715353
181.904	0.373674712789409
182.064	0.373037309034373
182.224	0.372372413500273
182.384	0.371679664512214
182.544	0.370959085249126
182.704	0.37021106070398
182.864	0.369436236591866
183.024	0.368635372285382
183.184	0.367809163547747
183.344	0.366958105185915
183.504	0.366082461079998
183.664	0.365182329786251
183.824	0.364257788205407
183.984	0.363309037039073
184.144	0.362336519711619
184.304	0.361340993482429
184.464	0.36032354723767
184.624	0.359285538798588
184.784	0.358228530064991
184.944	0.357154208970371
185.104	0.356064301081517
185.264	0.354960500047639
185.424	0.353844464146562
185.584	0.352717834850466
185.744	0.351582335194109
185.904	0.350439921812779
186.064	0.349292871334967
186.224	0.348143766229498
186.384	0.346995435716337
186.544	0.345850816404607
186.704	0.344712767486442
186.864	0.343583962370815
187.024	0.34246685137515
187.184	0.341363662030005
187.344	0.340276460865709
187.504	0.33920725313925
187.664	0.338158054310099
187.824	0.337130956854537
187.984	0.336128187518909
188.144	0.335152135205874
188.304	0.334205328370388
188.464	0.333290416923262
188.624	0.332410130541859
188.784	0.331567209774846
188.944	0.330764334486332
189.104	0.330004095420065
189.264	0.329289011356934
189.424	0.328621567028961
189.584	0.328004250800007
189.744	0.327439561158997
189.904	0.326929995521539
190.064	0.326477991615832
190.224	0.326085823461597
190.384	0.325755498333876
190.544	0.325488693891259
190.704	0.325286702388837
190.864	0.325150373819781
191.024	0.325080071171953
191.184	0.325075620476866
191.344	0.325136266233415
191.504	0.325260675849506
191.664	0.325446955382915
191.824	0.325692692432824
191.984	0.325995078136373
192.144	0.326351062527294
192.304	0.326757488495389
192.464	0.32721120765865
192.624	0.32770921999753
192.784	0.328248763042041
192.944	0.328827347304184
193.104	0.329442736794647
193.264	0.330092934881179
193.424	0.330776136619818
193.584	0.331490672756274
193.744	0.332234968321984
193.904	0.333007544373288
194.064	0.333807026917441
194.224	0.3346321891907
194.384	0.335481999606429
194.544	0.33635566834829
194.704	0.337252688744513
194.864	0.338172900622851
195.024	0.339116489059109
195.184	0.340083949592383
195.344	0.341076036506877
195.504	0.342093663369781
195.664	0.34313775981451
195.824	0.344209175969183
195.984	0.345308649391484
196.144	0.346436809494946
196.304	0.347594197649244
196.464	0.348781290435056
196.624	0.349998493059559
196.784	0.351246115190463
196.944	0.352524339950207
197.104	0.353833213265546
197.264	0.355172660308028
197.424	0.356542510551265
197.584	0.357942521970529
197.744	0.359372374332509
197.904	0.360831593931209
198.064	0.36231944263551
198.224	0.363834810520359
198.384	0.365376116033133
198.544	0.366941234120588
198.704	0.368527471190248
198.864	0.370131537918553
199.024	0.371749509658514
199.184	0.373376811080846
199.344	0.375008243631839
199.504	0.376638015109904
199.664	0.378259779923212
199.824	0.379866698750959
199.984	0.381451484046295
200.144	0.383006437847428
200.304	0.384523555751969
200.464	0.385994694084786
200.624	0.387411798442429
200.784	0.388767190870169
200.944	0.390053891540731
201.104	0.39126589447261
201.264	0.392398387359947
201.424	0.393447886958313
201.584	0.394412278685252
201.744	0.39529076879063
201.904	0.396083786064594
202.064	0.396792841527997
202.224	0.397420354930603
202.384	0.39796945059453
202.544	0.398443747810518
202.704	0.398847150387894
202.864	0.399183645807682
203.024	0.399457137783486
203.184	0.399671337615757
203.344	0.399829705023706
203.504	0.399935441019863
203.664	0.399991525735061
203.824	0.400000779227014
203.984	0.3999659321899
204.144	0.399889694417482
204.304	0.399774803896264
204.464	0.399624051193825
204.624	0.399440275931795
204.784	0.399226341857741
204.944	0.398985123855766
205.104	0.398719529667972
205.264	0.398432556188993
205.424	0.398127378098309
205.584	0.397807440893814
205.744	0.39747649981706
205.904	0.39713858754186
206.064	0.39679793546253
206.224	0.396458877385214
206.384	0.39612577418626
206.544	0.395803004065158
206.704	0.395494980740125
206.864	0.395206155520384
207.024	0.394940970328946
207.184	0.39470373527962
207.344	0.394498452780283
207.504	0.394328671512824
207.664	0.394197370201084
207.824	0.394106886927659
207.984	0.39405893589884
208.144	0.39405468330466
208.304	0.394094807344857
208.464	0.394179533534782
208.624	0.394308599548197
208.784	0.39448114367957
208.944	0.394695559622107
209.104	0.394949341185395
209.264	0.395238956748983
209.424	0.395559854554961
209.584	0.395906606949268
209.744	0.396273135790182
209.904	0.396652970153866
210.064	0.397039492426131
210.224	0.397426101360509
210.384	0.397806308658403
210.544	0.398173804806504
210.704	0.398522498815566
210.864	0.398846552999032
211.024	0.399140415815339
211.184	0.399398847796931
211.344	0.399616941152601
211.504	0.399790144500741
211.664	0.39991430447941
211.824	0.399985724033797
211.984	0.400001225475819
212.144	0.39995821484473
212.304	0.399854740453804
212.464	0.399689553090923
212.624	0.399462178031683
212.784	0.399172978196759
212.944	0.398823195449324
213.104	0.398414941271369
213.264	0.397951103580738
213.424	0.39743516037862
213.584	0.396870966817517
213.744	0.396262544222566
213.904	0.395613922926998
214.064	0.394929084228863
214.224	0.394211993593046
214.384	0.393466658682257
214.544	0.392697192541902
214.704	0.391907819648452
214.864	0.391102810429004
215.024	0.390286375665539
215.184	0.389462555448574
215.344	0.388635109096924
215.504	0.387807457576685
215.664	0.386982692746699
215.824	0.386163631446891
215.984	0.385352895542212
216.144	0.384552988769258
216.304	0.383766353167914
216.464	0.382995396363242
216.624	0.382242492625494
216.784	0.381509944991706
216.944	0.380799949047343
217.104	0.380114564352709
217.264	0.379455666530305
217.424	0.378824914551672
217.584	0.378223783862779
217.744	0.377653633420834
217.904	0.377115779743974
218.064	0.376611595700808
218.224	0.376142612026854
218.384	0.375710599531033
218.544	0.375317645212647
218.704	0.374966186577751
218.864	0.374658995583616
219.024	0.374399124235708
219.184	0.374189809851089
219.344	0.374034295300419
219.504	0.373935604663131
219.664	0.373896334573203
219.824	0.373918499701915
219.984	0.374003428961998
220.144	0.374151774397944
220.304	0.374363604459006
220.464	0.374638534764756
220.624	0.374975838322655
220.784	0.375374495178505
220.944	0.375833128534225
221.104	0.376349910507145
221.264	0.376922493808991
221.424	0.37754800712861
221.584	0.378223133359199
221.744	0.378944326078056
221.904	0.379708055056938
222.064	0.380510991856511
222.224	0.381350083982682
222.384	0.3822225116715
222.544	0.383125512456502
222.704	0.384056171949908
222.864	0.385011212555412
223.024	0.385986800360172
223.184	0.386978426506232
223.344	0.387980892485814
223.504	0.38898833817035
223.664	0.389994298582053
223.824	0.390991790641522
223.984	0.391973429143775
224.144	0.392931522295441
224.304	0.39385817822432
224.464	0.394745441016141
224.624	0.395585448808163
224.784	0.39637058472141
224.944	0.397093637681621
225.104	0.397747952843758
225.264	0.398327543455082
225.424	0.398827175457484
225.584	0.399242429853814
225.744	0.399569746971622
225.904	0.39980647974977
226.064	0.39995096617173
226.224	0.400002605362545
226.384	0.399961930485517
226.544	0.399830647479405
226.704	0.399611600727496
226.864	0.399308654436084
227.024	0.398926485970208
227.184	0.398470319044975
227.344	0.397945662584164
227.504	0.397358086126644
227.664	0.396713074704678
227.824	0.396015996285371
227.984	0.395272142653141
228.144	0.394486783225659
228.304	0.393665252407175
228.464	0.392813015988452
228.624	0.391935673205865
228.784	0.391038939068096
228.944	0.390128612486535
229.104	0.389210482418605
229.264	0.388290229909273
229.424	0.387373380818246
229.584	0.386465278499884
229.744	0.385571075859673
229.904	0.384695790880244
230.064	0.383844377156777
230.224	0.383021737078991
230.384	0.382232706639627
230.544	0.381482005571172
230.704	0.380774161791635
230.864	0.380113401753135
231.024	0.379503537297808
231.184	0.378947846036283
231.344	0.378449025910697
231.504	0.378009206359877
231.664	0.377630041776968
231.824	0.377312837401917
231.984	0.377058656726433
232.144	0.376868369803617
232.304	0.376742646076138
232.464	0.376681856980952
232.624	0.376685991849001
232.784	0.376754738595366
