0.144	0.0922564536635946
0.304	0.0681927230450015
0.464	0.0470226542050796
0.624	0.0285376874603003
0.784	0.0125403520297027
0.944	-0.00115618518185556
1.104	-0.0127285466507487
1.264	-0.0223435547707709
1.424	-0.0301586308590913
1.584	-0.0363221829757663
1.744	-0.0409739890312153
1.904	-0.0442455763082421
2.064	-0.0462605966203
2.224	-0.0471351961348887
2.384	-0.0469783767599665
2.544	-0.0458923462707617
2.704	-0.0439728566056488
2.864	-0.0413095301691442
3.024	-0.0379861742386538
3.184	-0.0340810835867842
3.344	-0.0296673303125203
3.504	-0.0248130400649416
3.664	-0.0195816536279949
3.824	-0.0140321727328683
3.984	-0.00821939148175943
4.144	-0.0021941157020251
4.304	0.00399662866379913
4.464	0.0103093967100563
4.624	0.0167041336162015
4.784	0.0231439914685438
4.944	0.0295951550314157
5.104	0.0360266767689268
5.264	0.0424103211520901
5.424	0.0487204174451676
5.584	0.0549337194591999
5.744	0.0610292707880831
5.904	0.0669882759224834
6.064	0.072793977085837
6.224	0.0784315363401902
6.384	0.0838879228255109
6.544	0.0891518051673756
6.704	0.0942134474403247
6.864	0.0990646082195212
7.024	0.103698442488053
7.184	0.108109407081542
7.344	0.112293170362761
7.504	0.11624652709628
7.664	0.119967318956867
7.824	0.123454360526239
7.984	0.126707369434342
8.144	0.12972690016764
8.304	0.132514280984935
8.464	0.13507155312584
8.624	0.13740141192568
8.784	0.139507150973543
8.944	0.141392609284594
9.104	0.143062121124444
9.264	0.144520468606714
9.424	0.145772836948709
9.584	0.146824771924997
9.744	0.147682139133508
9.904	0.148351084783286
10.064	0.148837997938585
10.224	0.149149474497676
10.384	0.149292283194598
10.544	0.149273333916625
10.704	0.149099648588447
10.864	0.148778334424691
11.024	0.148316559260536
11.184	0.147721528652795
11.344	0.147000464622067
11.504	0.146160586233606
11.664	0.14520909182238
11.824	0.144153142474124
11.984	0.142999846626424
12.144	0.141756245249894
12.304	0.140429296789563
12.464	0.139025862189328
12.624	0.1375526904651
12.784	0.136016405457752
12.944	0.134423494122473
13.104	0.132780296928303
13.264	0.131093000053312
13.424	0.129367628813924
13.584	0.127610041453977
13.744	0.125825923174375
13.904	0.124020780141109
14.064	0.122199933790455
14.224	0.120368515289499
14.384	0.118531460193424
14.544	0.116693502949516
14.704	0.114859171658509
14.864	0.113032783923444
15.024	0.111218443938981
15.184	0.109420040725468
15.344	0.107641248373568
15.504	0.105885528634161
15.664	0.104156134381242
15.824	0.102456112689993
15.984	0.100788307664317
16.144	0.0991553624814401
16.304	0.0975597206116277
16.464	0.0960036274694005
16.624	0.0944891338279206
16.784	0.0930181001578205
16.944	0.0915922021280267
17.104	0.0902129368402882
17.264	0.0888816277729916
17.424	0.0875994276149186
17.584	0.0863673202835855
17.744	0.0851861226568928
17.904	0.0840564879054568
18.064	0.0829789125432114
18.224	0.0819537488739286
18.384	0.0809812207344009
18.544	0.0800614390506382
18.704	0.0791944142800389
18.864	0.0783800638810419
19.024	0.0776182129303038
19.184	0.0769085899289621
19.344	0.0762508207324686
19.504	0.0756444228759676
19.664	0.0750888008370509
19.824	0.0745832422403794
19.984	0.0741269126132522
20.144	0.0737188442395791
20.304	0.0733579155078701
20.464	0.0730428183368588
20.624	0.0727720124420728
20.784	0.0725436658872525
20.944	0.0723555825436222
21.104	0.0722051147645857
21.264	0.0720890611943901
21.424	0.0720035502164649
21.584	0.0719439136871358
21.744	0.0719045559844744
21.904	0.0718788270384891
22.064	0.0718589149568913
22.224	0.0718357832826939
22.384	0.0717991865349177
22.544	0.0717378172546717
22.704	0.0716396534197088
22.864	0.0714925928329819
23.024	0.0712854669766045
23.184	0.0710095225587395
23.344	0.070660424519474
23.504	0.0699343876350156
23.664	0.069187053668287
23.824	0.0684208805888034
23.984	0.0676388601287954
24.144	0.0668443618432946
24.304	0.0660409772103776
24.464	0.0652323703670277
24.624	0.0644221296658429
24.784	0.0636136514233101
24.944	0.0628101094572742
25.104	0.0620144642729201
25.264	0.0612294922868841
25.424	0.0604578299200398
25.584	0.0597019747618504
25.744	0.0589642407207407
25.904	0.0582466936149899
26.064	0.057551106819119
26.224	0.0568789436059092
26.384	0.0562313940584431
26.544	0.0556094658718962
26.704	0.0550140960529006
26.864	0.0544462455361554
27.024	0.0539069562651946
27.184	0.0533973437678128
27.344	0.0529185469083302
27.504	0.0524716699572423
27.664	0.0520577412560783
27.824	0.0516776907927294
27.984	0.0513323547843072
28.144	0.0510224824659815
28.304	0.0507487096170109
28.464	0.0505114849920574
28.624	0.0503109641154538
28.784	0.0501468948692434
28.944	0.050018526790268
29.104	0.04992456653315
29.264	0.049863180231057
29.424	0.0498320358021545
29.584	0.0498283767389864
29.744	0.0498491151686267
29.904	0.0498909376038625
30.064	0.0499504155850445
30.224	0.0500241066645515
30.384	0.0501086281651055
30.544	0.0502006945215214
30.704	0.0502971231524327
30.864	0.0503948199697106
31.024	0.0504907656852538
31.184	0.0505820205365524
31.344	0.0506657477753265
31.504	0.0507392514535638
31.664	0.0508000272347147
31.824	0.0508458117023167
31.984	0.0508746291132525
32.144	0.0508848561431137
32.304	0.0508753101229047
32.464	0.050845354429697
32.624	0.0507950235612782
32.784	0.0507251468989409
32.944	0.0506374608298188
33.104	0.0505347079140961
33.264	0.0504206977126387
33.424	0.0503003086152489
33.584	0.0501794354957781
33.744	0.0500648816238538
33.904	0.0499642032002896
34.064	0.0498855433826861
34.224	0.0498374639515475
34.384	0.0498287741653485
34.544	0.0498683550634951
34.704	0.049964966985101
34.864	0.0501270503624767
35.024	0.0503625417204603
35.184	0.05067871545819
35.344	0.0510820697789995
35.504	0.0515782595721817
35.664	0.0521720400756749
35.824	0.0528672182562957
35.984	0.0536666072286209
36.144	0.0545719874828023
36.304	0.05558409518639
36.464	0.0567026526009613
36.624	0.0579264177660264
36.784	0.0592532523244529
36.944	0.0606801934630425
37.104	0.0622035044902418
37.264	0.0638187278009923
37.424	0.0655207612558684
37.584	0.0673039332199323
37.744	0.0691620770055295
37.904	0.0710886073832455
38.064	0.073076559630465
38.224	0.0751186124527976
38.384	0.0772071060041242
38.544	0.0793340759216221
38.704	0.0814913382688758
38.864	0.0836706384547199
39.024	0.0858637801873385
39.184	0.0880627266410272
39.344	0.0902596638505031
39.504	0.0924470044147654
39.664	0.094617331410916
39.824	0.0967633671810972
39.984	0.0988780073034832
40.144	0.10095441588075
40.304	0.10298615611427
40.464	0.104967324666688
40.624	0.106892648901862
40.784	0.108757544512912
40.944	0.110558108471849
41.104	0.112291070467279
41.264	0.113953763236793
41.424	0.115544147056482
41.584	0.117060899953685
41.744	0.118503521548831
41.904	0.119872380591403
42.064	0.121168710970039
42.224	0.1223945606082
42.384	0.1235526410685
42.544	0.124646120257808
42.704	0.125678426051053
42.864	0.12665309886529
43.024	0.127573679277987
43.184	0.128443651369082
43.344	0.129266435697872
43.504	0.130045393845251
43.664	0.130783818576617
43.824	0.131484913316228
43.984	0.132151742910992
44.144	0.132787166759385
44.304	0.133393803732133
44.464	0.133974011695386
44.624	0.134529853282515
44.784	0.135063062299849
44.944	0.135575068873436
45.104	0.136067046388348
45.264	0.136539961243329
45.424	0.136994641782024
45.584	0.137431848092774
45.744	0.137852291933967
45.904	0.138256629470618
46.064	0.138645418614146
46.224	0.139019061889258
46.384	0.139377778061601
46.544	0.139721647766407
46.704	0.140050702878455
46.864	0.140365045411812
47.024	0.140664974340666
47.184	0.140951049640222
47.344	0.141224069971457
47.504	0.141484984605398
47.664	0.141734773940868
47.824	0.141974308455616
47.984	0.142204242184874
48.144	0.142424950274034
48.304	0.142636511125858
48.464	0.142838740753035
48.624	0.143031281828684
48.784	0.143213714823105
48.944	0.143385659246974
49.104	0.143546849096111
49.264	0.143697183163056
49.424	0.143836730042381
49.584	0.143965701144026
49.744	0.144084411301463
49.904	0.144193249003251
50.064	0.144292648212456
50.224	0.144383082427396
50.384	0.14446508300145
50.544	0.144539242689717
50.704	0.144606204691286
50.864	0.144666647033091
51.024	0.144721248687574
51.184	0.144770649965267
51.344	0.144815435563828
51.504	0.144856123695774
51.664	0.144893151682993
51.824	0.144926876350183
51.984	0.14495757430015
52.144	0.144985431441796
52.304	0.14501054006567
52.464	0.145032905245131
52.624	0.14505245168769
52.784	0.145069033959857
52.944	0.145082441293368
53.104	0.145092396620555
53.264	0.145098574459325
53.424	0.145100627707222
53.584	0.145098207083606
53.744	0.145090986396099
53.904	0.145078697187159
54.064	0.145061144450125
54.224	0.145038199880105
54.384	0.145009779875124
54.544	0.144975818531577
54.704	0.144936244303125
54.864	0.144890964946285
55.024	0.144839860228814
55.184	0.144782801184675
55.344	0.14471970112001
55.504	0.144650565162493
55.664	0.144575523670881
55.824	0.144494849172389
55.984	0.144408957729951
56.144	0.144318392694345
56.304	0.144223790647231
56.464	0.144125830824919
56.624	0.144025200332862
56.784	0.143922602480131
56.944	0.143818786433201
57.104	0.143714590820679
57.264	0.143611005128491
57.424	0.14350920049236
57.584	0.143410482458421
57.744	0.143316195411302
57.904	0.143227605820869
58.064	0.143145786932962
58.224	0.143071554045889
58.384	0.143005486033047
58.544	0.14294800127314
58.704	0.142899476206082
58.864	0.142860360438647
59.024	0.142831238053873
59.184	0.142812810257567
59.344	0.142805840175299
59.504	0.142811062978467
59.664	0.14282908729308
59.824	0.142860308510421
59.984	0.142904856620873
60.144	0.142962575109607
60.304	0.143033038042063
60.464	0.14311560012132
60.624	0.143209493309314
60.784	0.143313946175454
60.944	0.143428295665899
61.104	0.143552069646148
61.264	0.143685023744808
61.424	0.143827119506284
61.584	0.143978461767915
61.744	0.144139216372253
61.904	0.144309519198316
62.064	0.144489397788305
62.224	0.144678711613636
62.384	0.144877098647839
62.544	0.145083942607869
62.704	0.145298370056253
62.864	0.145519261873801
63.024	0.145745290264301
63.184	0.145974976607022
63.344	0.146206744531298
63.504	0.146438957382259
63.664	0.1466699593378
63.824	0.146898119100655
63.984	0.147121869174782
64.144	0.14733974546408
64.304	0.14755041665353
64.464	0.14775269558362
64.624	0.14794552994843
64.784	0.148127977618941
64.944	0.148299178940306
65.104	0.14845833972754
65.264	0.14860473745523
65.424	0.14873774771192
65.584	0.148856878934112
65.744	0.14896179954161
65.904	0.149052348277849
66.064	0.149128527894248
66.224	0.149190487833494
66.384	0.149238506794973
66.544	0.149272979174356
66.704	0.149294405348371
66.864	0.149303382132643
67.024	0.149300589967652
67.184	0.149286776070028
67.344	0.149262732982749
67.504	0.14922927510986
67.664	0.149187218304235
67.824	0.149137363598641
67.984	0.149080487863444
68.144	0.1490173444123
68.304	0.148948670028744
68.464	0.1488751944039
68.624	0.148797648395657
68.784	0.148716763026528
68.944	0.148633254624514
69.104	0.148547796058267
69.264	0.148460988756227
69.424	0.148373341539099
69.584	0.14828526244716
69.744	0.148197062543176
69.904	0.148108969152759
70.064	0.148021126632784
70.224	0.147933588693519
70.384	0.147846309744466
70.544	0.14775914713772
70.704	0.147671877987221
70.864	0.147584247860664
71.024	0.147496032411311
71.184	0.147407095681785
71.344	0.147317429911141
71.504	0.147227160981174
71.664	0.147136501768841
71.824	0.147045675233471
71.984	0.146954829023741
72.144	0.14686396201904
72.304	0.14677288645828
72.464	0.146681235970391
72.624	0.146588513589222
72.784	0.146494164553985
72.944	0.146397655814781
73.104	0.146298543366697
73.264	0.146196503763235
73.424	0.146091321014183
73.584	0.145982853423845
73.744	0.145870985527949
73.904	0.145755583170057
74.064	0.145636469201435
74.224	0.145513421589271
74.384	0.145386169269443
74.544	0.145254382887003
74.704	0.145117648418676
74.864	0.144975408060986
75.024	0.144826895609583
75.184	0.144671105355712
75.344	0.14450680055873
75.504	0.144332565612814
75.664	0.144146904437036
75.824	0.143948361220481
75.984	0.14373562178389
76.144	0.143507577735932
76.304	0.143263351566588
76.464	0.14300229833259
76.624	0.142723983108056
76.784	0.142428157685487
76.944	0.142114738676895
77.104	0.141783789936142
77.264	0.141435529388502
77.424	0.141070380824317
77.584	0.140689036396736
77.744	0.1402925365133
77.904	0.139882354902426
78.064	0.139460463308865
78.224	0.139029330752635
78.384	0.138591862225212
78.544	0.138151269842126
78.704	0.137710915422701
78.864	0.137274157223317
79.024	0.136844222139928
79.184	0.136424114021793
79.344	0.136016580261838
79.504	0.135624075002227
79.664	0.135248720322636
79.824	0.134892321926287
79.984	0.134556407347134
80.144	0.134242270248734
80.304	0.133951043569539
80.464	0.133683750073033
80.624	0.133441276395104
80.784	0.133224313958493
80.944	0.133033266069731
81.104	0.132868148037005
81.264	0.132728571854216
81.424	0.132613853701855
81.584	0.132523172146875
81.744	0.132455790479298
81.904	0.132411277449307
82.064	0.132389625207054
82.224	0.132391259370024
82.384	0.132416998442068
82.544	0.132467943666597
82.704	0.132545355879842
82.864	0.132650569118795
83.024	0.132784917114634
83.184	0.132949670985198
83.344	0.133146016410166
83.504	0.133375010528169
83.664	0.133637495725623
83.824	0.133934019371679
83.984	0.134264747733539
84.144	0.134629358830125
84.304	0.135026960319749
84.464	0.135456039402499
84.624	0.13591442597729
84.784	0.136399306174326
84.944	0.136907297418986
85.104	0.137434589651804
85.264	0.137977135124345
85.424	0.138530846853939
85.584	0.139091777257107
85.744	0.139656274768981
85.904	0.140221076604547
86.064	0.140783317559112
86.224	0.141340474275694
86.384	0.141890279561721
86.544	0.142430629304698
86.704	0.142959511217953
86.864	0.143474973976993
87.024	0.143975141799785
87.184	0.144458268185815
87.344	0.144922790090789
87.504	0.145367356492784
87.664	0.145790845548504
87.824	0.146192361069211
87.984	0.146571201356608
88.144	0.146926818016539
88.304	0.147258775496312
88.464	0.147566721896737
88.624	0.147850374571391
88.784	0.148109507166112
88.944	0.148343924808103
89.104	0.148553443734045
89.264	0.148737875536369
89.424	0.148897009015457
89.584	0.14903058441746
89.744	0.149138266777527
89.904	0.149219618167677
90.064	0.14927407067475
90.224	0.149300911331579
90.384	0.149299289621013
90.544	0.149268250906744
90.704	0.149206795451533
90.864	0.14911395341619
91.024	0.148988861045467
91.184	0.148830823787193
91.344	0.148639350015515
91.504	0.148414148500024
91.664	0.148155102450517
91.824	0.147862231174088
91.984	0.147535652631575
92.144	0.147175571943848
92.304	0.146782303673263
92.464	0.146356322892586
92.624	0.145898342658313
92.784	0.145409388397525
92.944	0.144890829510473
93.104	0.144344370070371
93.264	0.143772005501461
93.424	0.143175966085209
93.584	0.142558675345356
93.744	0.141922746325605
93.904	0.141270994079633
94.064	0.140606477208792
94.224	0.139932539052921
94.384	0.139252827022744
94.544	0.138571260271107
94.704	0.137891969436566
94.864	0.137219183320667
95.024	0.136557071469269
95.184	0.135909554626949
95.344	0.135280146827427
95.504	0.134671840575749
95.664	0.134087045571391
95.824	0.133527565232555
95.984	0.132994612365394
96.144	0.13248882199639
96.304	0.13201027140255
96.464	0.131558501933426
96.624	0.131132555990973
96.784	0.1307310584628
96.944	0.130352386966024
97.104	0.12999490075137
97.264	0.129657161996192
97.424	0.129338138905155
97.584	0.12903732877578
97.744	0.128754741763856
97.904	0.128490802068768
98.064	0.128246221515155
98.224	0.128021849646871
98.384	0.127818533834073
98.544	0.127637044429747
98.704	0.127478042382506
98.864	0.127342057994866
99.024	0.127229501103727
99.184	0.127140678021902
99.344	0.127075798481314
99.504	0.127034963493827
99.664	0.127018147488087
99.824	0.127025187166737
99.984	0.127055826062616
100.144	0.127109811784806
100.304	0.127187008982077
100.464	0.12728749047875
100.624	0.127411576730282
100.784	0.127559813587283
100.944	0.127732869940644
101.104	0.127931330894853
101.264	0.128155497077444
101.424	0.128405217184195
101.584	0.12867975023795
101.744	0.128977674167743
101.904	0.129296918948484
102.064	0.129634882175083
102.224	0.129988596243919
102.384	0.130354945480804
102.544	0.130730885127775
102.704	0.131113596881391
102.864	0.131500604271537
103.024	0.131889815175242
103.184	0.13227946936496
103.344	0.132668052302421
103.504	0.133054259835149
103.664	0.133436964222625
103.824	0.133815200491597
103.984	0.134188189168697
104.144	0.134555347897162
104.304	0.134916234883832
104.464	0.135270476962489
104.624	0.135617708391095
104.784	0.135957497834539
104.944	0.13628931458004
105.104	0.136612574641219
105.264	0.13692670010434
105.424	0.137231193449054
105.584	0.137525725237225
105.744	0.137810189542762
105.904	0.138084706125539
106.064	0.138349601518826
106.224	0.138605356057553
106.384	0.138852509971429
106.544	0.139091550486427
106.704	0.139322794181851
106.864	0.13954627936161
107.024	0.139761709145233
107.184	0.139968464018295
107.344	0.140165697318622
107.504	0.140352490065311
107.664	0.140528037624136
107.824	0.140691815697551
107.984	0.140843695644662
108.144	0.140983975306256
108.304	0.141113337933859
108.464	0.14123276360948
108.624	0.141343389455955
108.784	0.14144635113712
108.944	0.141542649702785
109.104	0.141633032677305
109.264	0.141717900500026
109.424	0.141797267786416
109.584	0.141870786193749
109.744	0.141937823411837
109.904	0.141997597145831
110.064	0.142049334179205
110.224	0.142092400317722
110.384	0.142126387160118
110.544	0.142151154768612
110.704	0.142166811746051
110.864	0.142173645186801
111.024	0.142172027870743
111.184	0.142162322456358
111.344	0.142144781479459
111.504	0.142119475402325
111.664	0.142086262104584
111.824	0.14204479695573
111.984	0.141994579981997
112.144	0.141935045898208
112.304	0.141865672896529
112.464	0.141786074159199
112.624	0.141696038833288
112.784	0.141595501358609
112.944	0.141484435217819
113.104	0.141362707280337
113.264	0.141229938520155
113.424	0.141085431482225
113.584	0.140928189755641
113.744	0.140757004417338
113.904	0.140570595761176
114.064	0.140367768815736
114.224	0.140147534700077
114.384	0.139909173204359
114.544	0.139652254759397
114.704	0.139376617963848
114.864	0.13908230756104
115.024	0.138769512490711
115.184	0.138438506343249
115.344	0.138089582581131
115.504	0.137723012718823
115.664	0.137339042782088
115.824	0.136937944052164
115.984	0.136520115569397
116.144	0.136086207767164
116.304	0.135637217081069
