349.424	0.694369727183357
349.584	0.693140433430244
349.744	0.692300879955155
349.904	0.691855012005135
350.064	0.691799587799551
350.224	0.692123928874253
350.384	0.692809682519737
350.544	0.693830712815497
350.704	0.695153304330006
350.864	0.696736802190344
351.024	0.698534715911819
351.184	0.700496167074334
351.344	0.702567475157366
351.504	0.704693736187664
351.664	0.706820296316664
351.824	0.708894148552417
351.984	0.710865367431552
352.144	0.712688635179575
352.304	0.714324581084156
352.464	0.715740841963225
352.624	0.716912604593972
352.784	0.717822420521088
352.944	0.718459402274902
353.104	0.718818320821129
353.264	0.718898845103695
353.424	0.71870511646307
353.584	0.718245732639616
353.744	0.717533961130584
353.904	0.716587750199551
354.064	0.715429401890333
354.224	0.714084806044184
354.384	0.712582238048753
354.544	0.710951050449012
354.704	0.709220766000954
354.864	0.707420694526036
355.024	0.705580062682884
355.184	0.703728534944958
355.344	0.701896807388266
355.504	0.700116934046719
355.664	0.698422279989018
355.824	0.696847118657161
355.984	0.695425965758432
356.144	0.694192872619851
356.304	0.693180806502596
356.464	0.692421182928911
356.624	0.691943521280109
356.784	0.691775112977439
356.944	0.691940590056447
357.104	0.692461360266634
357.264	0.693354895984385
357.424	0.694633951876085
357.584	0.696305879634338
357.744	0.698372173367034
357.904	0.700828362835864
358.064	0.703664304831136
358.224	0.706864778441968
358.384	0.710410207227369
358.544	0.714277396794614
358.704	0.71844011322969
358.864	0.722869417265656
359.024	0.727533934373014
359.184	0.732400238865694
359.344	0.737433342883605
359.504	0.742597310589417
359.664	0.747856129830552
359.824	0.753174509987048
359.984	0.758518405634504
360.144	0.763855365744121
360.304	0.769154790257517
360.464	0.774387996637643
360.624	0.779528266884199
360.784	0.784551042750309
360.944	0.789434151886553
361.104	0.794158067166563
361.264	0.798706208249087
361.424	0.803065092550924
361.584	0.807224271772384
361.744	0.811176078027302
361.904	0.81491526809782
362.064	0.818438657834804
362.224	0.821744837867527
362.384	0.824833973271552
362.544	0.827707703793067
362.704	0.830369097857556
362.864	0.832822599806832
363.024	0.835073940575739
363.184	0.837129976551068
363.344	0.838998434561063
363.504	0.840687612356533
363.664	0.842206067231245
363.824	0.843562314295241
363.984	0.844764539723883
364.144	0.84582038286112
364.304	0.84673674461169
364.464	0.847519635389062
364.624	0.848174084235552
364.784	0.848704141989174
364.944	0.849112981861026
365.104	0.849403091706563
365.264	0.849576515576473
365.424	0.849635083166731
365.584	0.849580560982076
365.744	0.849414681834105
365.904	0.849139048468487
366.064	0.848754960388078
366.224	0.848263231310057
366.384	0.847664067522373
366.544	0.846957073801377
366.704	0.846141401963223
366.864	0.845216031633527
367.024	0.844180146434837
367.184	0.843033543400679
367.344	0.841776987480216
367.504	0.840412466043063
367.664	0.838943302953112
367.824	0.83737414878874
367.984	0.835710910325133
368.144	0.833960704599349
368.304	0.832131858048569
368.464	0.830233961381737
368.624	0.828277896277314
368.784	0.826275783036863
368.944	0.82424079084808
369.104	0.822186881694279
369.264	0.820128536757466
369.424	0.81808052700967
369.584	0.816057695523568
369.744	0.814074751230919
369.904	0.81214602666455
370.064	0.810285113502459
370.224	0.808504424606099
370.384	0.806814777010231
370.544	0.805225101407132
370.704	0.803742328912676
370.864	0.802371500608615
371.024	0.801116018697257
371.184	0.799977988769342
371.344	0.798958542288119
371.504	0.798058083683145
371.664	0.797276449607352
371.824	0.796613037256748
371.984	0.796066896359434
372.144	0.795636830341437
372.304	0.795321502163688
372.464	0.795119520466187
372.624	0.795029470723193
372.784	0.795049875871655
372.944	0.795179071736811
373.104	0.795415027749414
373.264	0.795755134654655
373.424	0.796195975995261
373.584	0.796733133561929
373.744	0.797361035139829
373.904	0.798072846141849
374.064	0.798860462345829
374.224	0.79971461529999
374.384	0.80062507846992
374.544	0.801580981900997
374.704	0.802571134839354
374.864	0.803584250569884
375.024	0.804609086111441
375.184	0.805634478205548
375.344	0.806649233858707
375.504	0.807641974716489
375.664	0.808601047878028
375.824	0.809514494453424
375.984	0.810370080787152
376.144	0.811155489830298
376.304	0.811858632714348
376.464	0.812468053921066
376.624	0.812973388798355
376.784	0.813365779562218
376.944	0.813638184539514
377.104	0.813785644683094
377.264	0.813805448380435
377.424	0.81369717487928
377.584	0.813462636014947
377.744	0.813105862164093
377.904	0.812633018866336
378.064	0.812052289909161
378.224	0.811373719539688
378.384	0.810608973138869
378.544	0.809770958115905
378.704	0.808873473148424
378.864	0.807930779987828
379.024	0.806957168918643
379.184	0.805966530405158
379.344	0.804971963151957
379.504	0.80398544820514
379.664	0.803017773649799
379.824	0.802078578021565
379.984	0.80117645955329
380.144	0.800319098069167
380.304	0.799513406962205
380.464	0.798765552713803
380.624	0.798080840760349
380.784	0.7974635145913
380.944	0.79691657977105
381.104	0.796441688104778
381.264	0.796039129124665
381.424	0.795707935640849
381.584	0.795446080874399
381.744	0.79525067968757
381.904	0.795118143136506
382.064	0.795044276403814
382.224	0.795024346165746
382.384	0.795053159883764
382.544	0.795125192688147
382.704	0.795234770075467
382.864	0.795376289106798
383.024	0.795544416428356
383.184	0.795734193490034
383.344	0.795941032509518
383.504	0.796160619733882
383.664	0.796388753287147
383.824	0.796621185569393
383.984	0.796853548711397
384.144	0.797081392655173
384.304	0.797300342661174
384.464	0.797506366102652
384.624	0.79769609014852
384.784	0.797867084179188
384.944	0.798018049403481
385.104	0.798148878159964
385.264	0.798260583090951
385.424	0.798355138607576
385.584	0.798435281136562
385.744	0.798504291331255
385.904	0.798565784403536
386.064	0.798623534384433
386.224	0.798681308912137
386.384	0.798742684879699
386.544	0.798810891829135
386.704	0.798888731007764
386.864	0.798978541263523
387.024	0.799082225057418
387.184	0.799201354158185
387.344	0.799337295153919
387.504	0.799491294632617
387.664	0.799664523532329
387.824	0.799858063085367
387.984	0.800072831025091
388.144	0.800309504709503
388.304	0.800568468959
388.464	0.800849761027393
388.624	0.801153026279962
388.784	0.801477496764846
388.944	0.801821951498596
389.104	0.802184662277114
389.264	0.802563378050536
389.424	0.802955384018105
389.584	0.803357645353799
389.744	0.803767031472262
389.904	0.80418058439659
390.064	0.804595748739075
390.224	0.80501046707127
390.384	0.805423141849815
390.544	0.805832489873637
390.704	0.806237302578893
390.864	0.806636237954763
391.024	0.807027763246197
391.184	0.807410219477106
391.344	0.807781974235013
391.504	0.808141637151266
391.664	0.808488212276416
391.824	0.808821155292435
391.984	0.809140377941048
392.144	0.809446213837191
392.304	0.809739338140616
392.464	0.810020751490129
392.624	0.810291810371154
392.784	0.810554220817949
392.944	0.810810006750899
393.104	0.811061457060759
393.264	0.811311009050542
393.424	0.811561100752215
393.584	0.811814042460128
393.744	0.812071913019054
393.904	0.812336524078773
394.064	0.812609413397013
394.224	0.812891814051227
394.384	0.813184634759409
394.544	0.813488477966757
394.704	0.813803656222944
394.864	0.814130239192082
395.024	0.814468135299876
395.184	0.814817153323247
395.344	0.815177015660311
395.504	0.815547369418482
395.664	0.815927700755537
395.824	0.816317237384055
395.984	0.816714910483597
396.144	0.817119394361498
396.304	0.817529179051462
396.464	0.817942694633757
396.624	0.818358412004045
396.784	0.818774884005279
396.944	0.819190690940786
397.104	0.819604328693231
397.264	0.820014133655832
397.424	0.820418250869579
397.584	0.820814588137864
397.744	0.821200826383347
397.904	0.821574464858486
398.064	0.821932861643063
398.224	0.822273319564601
398.384	0.822593280209048
398.544	0.822890519822295
398.704	0.823163370561588
398.864	0.823410956327052
399.024	0.823633299121639
399.184	0.823831265785202
399.344	0.824006438344668
399.504	0.824160902042649
399.664	0.824297014085687
399.824	0.824417217493874
399.984	0.824523930269834
400.144	0.824619530569407
400.304	0.82470643621059
400.464	0.824787164661529
400.624	0.824864425236456
400.784	0.824941247258948
400.944	0.825021067913212
401.104	0.82510774303887
401.264	0.825205514352319
401.424	0.825318882671354
401.584	0.825452415662994
401.744	0.825610609091882
401.904	0.825797814964744
402.064	0.82601822017773
402.224	0.826275915511587
402.384	0.826574999083505
402.544	0.826919561899786
402.704	0.82731353550821
402.864	0.827760457218346
403.024	0.828263168909643
403.184	0.828823517135561
403.344	0.829442181638797
403.504	0.830118636758243
403.664	0.830851212621155
403.824	0.831637223003099
403.984	0.832473116018036
404.144	0.833354556418954
404.304	0.834276432964771
404.464	0.835232866532124
404.624	0.83621724236923
404.784	0.83722227663452
404.944	0.838240128210828
405.104	0.839262548240868
405.264	0.840281039827687
405.424	0.841287032137416
405.584	0.842272057836226
405.744	0.843227890071148
405.904	0.844146596195287
406.064	0.845020519640684
406.224	0.84584218178702
406.384	0.846604114726006
406.544	0.847298708978769
406.704	0.847918147842165
406.864	0.848454444922709
407.024	0.848899600417326
407.184	0.849245871552966
407.344	0.849486119783023
407.504	0.849614181939387
407.664	0.849625223357862
407.824	0.849516030082441
407.984	0.849285210135577
408.144	0.848933286564943
408.304	0.848462693992815
408.464	0.847877701741027
408.624	0.847184279454495
408.784	0.846389937735012
408.944	0.845503543952191
409.104	0.844535077472528
409.264	0.843495309874697
409.424	0.842395406237529
409.584	0.841246481756798
409.744	0.840059218121723
409.904	0.838843587343717
410.064	0.837608703764317
410.224	0.836362841280106
410.384	0.835113591475647
410.544	0.833868071360712
410.704	0.832633145371119
410.864	0.83141562761125
411.024	0.830222389745131
411.184	0.829060397381681
411.344	0.827936640943108
411.504	0.826857915248411
411.664	0.825830556538904
411.824	0.824860178413701
411.984	0.82395138668403
412.144	0.823107558481979
412.304	0.822330761922558
412.464	0.821621814937089
412.624	0.820980459558768
412.784	0.820405631402764
412.944	0.819895852230957
413.104	0.8194496969993
413.264	0.819066207358219
413.424	0.818745189755418
413.584	0.818487383631918
413.744	0.818294393448241
413.904	0.818168423413908
414.064	0.818111966864535
414.224	0.818127549958035
414.384	0.818217572771346
414.544	0.818384315505
414.704	0.818630039889513
414.864	0.8189570342563
415.024	0.819367590920365
415.184	0.819863867428694
415.344	0.820447579729489
415.504	0.821119611860695
415.664	0.821879635082269
415.824	0.822725761385072
415.984	0.823654209365259
416.144	0.824659090110117
416.304	0.825732444682899
416.464	0.826864547932701
416.624	0.828044348913181
416.784	0.829260085057513
416.944	0.830499972950975
417.104	0.831752717827612
417.264	0.833007769741698
417.424	0.834255415641337
417.584	0.83548671897438
417.744	0.836693392823918
417.904	0.837867724997295
418.064	0.839002616205335
418.224	0.840091677668852
418.384	0.84112936265069
418.544	0.842111056764452
418.704	0.843033083525597
418.864	0.843892642997389
419.024	0.844687741117241
419.184	0.845417147661237
419.344	0.846080392258727
419.504	0.846677791711727
419.664	0.847210479059186
419.824	0.847680389608058
419.984	0.848090142808587
420.144	0.84844285451959
420.304	0.848741944860876
420.464	0.848990965413805
420.624	0.849193482463079
420.784	0.849353042517805
420.944	0.849473188060301
421.104	0.849557480602698
421.264	0.84960951852122
421.424	0.849632928698838
421.584	0.849631329831709
421.744	0.849608283602493
421.904	0.849567244073796
422.064	0.849511511093851
422.224	0.849444195019487
422.384	0.849368196563546
422.544	0.849286202113717
422.704	0.849200695148056
422.864	0.849113968677329
423.024	0.849028136179413
423.184	0.848945134238193
423.344	0.848866709485947
423.504	0.848794394625429
423.664	0.848729495453654
423.824	0.848673085157998
423.984	0.848626004621792
424.144	0.848588870837602
424.304	0.848562100966546
424.464	0.848545938526286
424.624	0.848540481024656
424.784	0.84854570106495
424.944	0.84856144606033
425.104	0.848587418955276
425.264	0.848623160125726
425.424	0.848668020318883
425.584	0.848721143999001
425.744	0.848781479577838
425.904	0.84884781421556
426.064	0.848918816547894
426.224	0.848993086672408
426.384	0.849069193249534
426.544	0.849145701088901
426.704	0.849221192465166
426.864	0.84929428517512
427.024	0.849363632719133
427.184	0.849427918607262
427.344	0.849485846595826
427.504	0.849536126065459
427.664	0.849577463390915
427.824	0.849608569440306
427.984	0.849628181693561
428.144	0.849635095187523
428.304	0.849628190930389
428.464	0.849606452195303
428.624	0.849568968457561
428.784	0.849514931500153
428.944	0.849443627303344
429.104	0.849354425808315
429.264	0.849246766350234
429.424	0.849120137582986
429.584	0.848974048656373
429.744	0.848807997590711
429.904	0.848621452131511
430.064	0.848413865954399
430.224	0.848184739708131
430.384	0.847933734261233
430.544	0.847660825332468
430.704	0.84736647026125
430.864	0.847051742488702
431.024	0.846718387690316
431.184	0.846368774563189
431.344	0.846005729880517
431.504	0.845632305555455
431.664	0.845251537186186
431.824	0.844866256542218
431.984	0.844478971345552
432.144	0.844091848377275
432.304	0.843706762179181
432.464	0.843325348424742
432.624	0.842949036283017
432.784	0.842579067345696
432.944	0.842216502372366
433.104	0.841862248944608
433.264	0.841517104120385
433.424	0.841181777118209
433.584	0.840856921583736
433.744	0.840543180551549
433.904	0.840241194034434
434.064	0.839951557490394
434.224	0.839674767584484
434.384	0.839411106046782
434.544	0.839160514198966
434.704	0.838922502898868
434.864	0.838696093485623
435.024	0.838479808984857
435.184	0.838271813947131
435.344	0.838070108784677
435.504	0.837872710413876
435.664	0.837677850547834
435.824	0.837484164241459
435.984	0.837290765424086
436.144	0.837097243031394
436.304	0.83690359949037
436.464	0.836710126299067
436.624	0.836517237920589
436.784	0.836325323166193
436.944	0.836134645486482
437.104	0.835945352344652
437.264	0.835757578620587
437.424	0.835571630406548
437.584	0.835388172558169
437.744	0.835208361355626
437.904	0.835033876029001
438.064	0.834866872433167
438.224	0.834709842890106
438.384	0.834565458118732
438.544	0.834436481017974
438.704	0.834325738958114
438.864	0.834236104574074
439.024	0.834170519718327
439.184	0.834131974007278
439.344	0.834123359499472
439.504	0.83414725849002
439.664	0.834205747661827
439.824	0.834300210344054
439.984	0.834431269556944
440.144	0.83459890193285
440.304	0.83480266532456
440.464	0.835041933841467
440.624	0.835316109309815
440.784	0.835624771221092
440.944	0.835967692655913
441.104	0.836344775445696
441.264	0.836755936393502
441.424	0.83720096451566
441.584	0.837679332066955
441.744	0.838190002586771
441.904	0.838731265634351
442.064	0.839300609789689
442.224	0.839894645823506
442.384	0.840509166192305
442.544	0.841139277173852
442.704	0.841779529482892
442.864	0.842399482972951
443.024	0.842962344475609
443.184	0.843474087077766
443.344	0.843940330175656
443.504	0.844366376099742
443.664	0.844757167727721
443.824	0.845117229391917
443.984	0.845450621788359
444.144	0.845760921759165
444.304	0.846051226655845
444.464	0.84632417520902
444.624	0.846581980317524
444.784	0.846826467701931
444.944	0.84705911505921
445.104	0.847281088849513
445.264	0.847493279541823
445.424	0.847696333101112
445.584	0.847890678597423
445.744	0.84807655239797
445.904	0.848254020087779
446.064	0.84842299627303
446.224	0.848583263872797
446.384	0.84873449206475
446.544	0.848876252892524
446.704	0.849008036704845
446.864	0.849129265778856
447.024	0.849239305357742
447.184	0.849337472874822
447.344	0.849423046262245
447.504	0.849495271765363
447.664	0.84955337147926
447.824	0.849596550830256
447.984	0.849624006064232
448.144	0.849634931541232
448.304	0.849628526636252
448.464	0.849604002022488
448.624	0.849560585377048
448.784	0.849497526440928
448.944	0.849414101494631
449.104	0.84930961743953
449.264	0.849183415490415
449.424	0.849034874489689
449.584	0.848863414100606
449.744	0.848668497985045
449.904	0.848449636992655
450.064	0.848206392444581
450.224	0.847938379594098
450.384	0.847645270616567
450.544	0.847326796806328
450.704	0.846982749936842
450.864	0.846612982003762
451.024	0.846217403563287
451.184	0.845795981395668
451.344	0.845348735894504
451.504	0.844875738876226
451.664	0.844377112851589
451.824	0.84385303111344
451.984	0.843303718011839
452.144	0.842729448894033
452.304	0.842130549455533
452.464	0.841507393734219
452.624	0.840860401394593
452.784	0.840190034433135
452.944	0.839496793551689
453.104	0.838781215216613
453.264	0.838043869541025
453.424	0.837285358092458
453.584	0.836506312060237
453.744	0.835707391153619
453.904	0.834889282989252
454.064	0.834052703563657
454.224	0.833198399241837
454.384	0.832327149874573
454.544	0.831439771988926
454.704	0.830537122040596
454.864	0.829620098459372
455.024	0.828689642163454
455.184	0.82774673551171
455.344	0.826792400813019
455.504	0.825827698042986
455.664	0.824853722551097
455.824	0.823871603128509
455.984	0.82288250073384
456.144	0.821887607444069
456.304	0.820888145687832
456.464	0.819885368046243
456.624	0.818880558159663
456.784	0.817875032377515
456.944	0.816870141562731
457.104	0.815867272425066
457.264	0.814867848028143
457.424	0.813873327531155
457.584	0.812885205251177
457.744	0.811905010031523
457.904	0.810934304863395
458.064	0.809974687388376
458.224	0.809027791091239
458.384	0.808095286408161
458.544	0.807178880618039
458.704	0.806280317218125
458.864	0.805401374988151
459.024	0.804543866944414
459.184	0.803709639504859
459.344	0.802900572816952
459.504	0.802118582175581
459.664	0.801365620544175
459.824	0.800643681376869
459.984	0.79995480167031
460.144	0.799301064783094
460.304	0.798684602964613
460.464	0.798107598735669
460.624	0.797572285573324
460.784	0.797080948683515
460.944	0.796635926282988
461.104	0.796239611450574
461.264	0.795894454762902
461.424	0.795602967493096
461.584	0.795367725069582
461.744	0.795191370548991
461.904	0.795076617558379
462.064	0.795026252668549
462.224	0.79504313755001
462.384	0.795130210967955
462.544	0.795290490664456
462.704	0.795527075132441
462.864	0.795843144945366
463.024	0.796241963519833
463.184	0.796726877323863
463.344	0.797301315880532
463.504	0.797968792152233
463.664	0.798732903753034
463.824	0.799597334469809
463.984	0.800565855910691
464.144	0.801642329695142
464.304	0.802830709251111
464.464	0.804135041907784
464.624	0.80555947222615
464.784	0.807108247681981
464.944	0.808785725573898
465.104	0.810596380517154
465.264	0.812544812011083
465.424	0.814635750516345
465.584	0.816874059771408
465.744	0.819264737069943
465.904	0.821812910249037
