116.464	0.34350912963464
116.624	0.340897146207681
116.784	0.338082068502445
116.944	0.335069888011049
117.104	0.331869349511635
117.264	0.328491951816659
117.424	0.324951783512915
117.584	0.32126512438299
117.744	0.317449821216087
117.904	0.313524521481213
118.064	0.309507835681416
118.224	0.305417577328626
118.384	0.301270321751417
118.544	0.29708143336029
118.704	0.292865547352449
118.864	0.288637559628569
119.024	0.284413800959555
119.184	0.280212915885386
119.344	0.276056105881707
119.504	0.271966573022382
119.664	0.267968222445234
119.824	0.264084053046645
119.984	0.260334755047552
120.144	0.256737850523677
120.304	0.253307440716071
120.464	0.250054540770179
120.624	0.246987750256267
120.784	0.24411387617738
120.944	0.241438354000366
121.104	0.238965552321133
121.264	0.23669882521699
121.424	0.234640484596184
121.584	0.232791893576632
121.744	0.231153606428961
121.904	0.229725428518122
122.064	0.228506529118931
122.224	0.227495605108743
122.384	0.226690957402752
122.544	0.226090474316607
122.704	0.22569163426806
122.864	0.225491451310518
123.024	0.225486357498085
123.184	0.225672124366611
123.344	0.226043691400264
123.504	0.226594961141927
123.664	0.227318623788506
123.824	0.228206218345349
123.984	0.22924843578221
124.144	0.230435775906244
124.304	0.231759406846777
124.464	0.233211975332779
124.624	0.234788096195189
124.784	0.236484419931003
124.944	0.238299210224341
125.104	0.240231644817413
125.264	0.242281066795385
125.424	0.244446307854105
125.584	0.246725151670034
125.744	0.249114190351065
125.904	0.251608734324691
126.064	0.254202707974855
126.224	0.256888588657603
126.384	0.259657447678819
126.544	0.26249896278523
126.704	0.265401720595037
126.864	0.268353707195274
127.024	0.271342803525386
127.184	0.274357324959965
127.344	0.277386523907353
127.504	0.280420744702496
127.664	0.283451465656981
127.824	0.286471347174029
127.984	0.289474246500959
128.144	0.292455160642021
128.304	0.295410290566451
128.464	0.298336980489694
128.624	0.301233408412827
128.784	0.304098024045288
128.944	0.30692880902734
129.104	0.309722570378653
129.264	0.312474642041252
129.424	0.315179013819943
129.584	0.317828809962066
129.744	0.320417046487364
129.904	0.322937395326335
130.064	0.325384656582173
130.224	0.327754861980793
130.384	0.330045046389387
130.544	0.332252849254928
130.704	0.334376192503441
130.864	0.336413132014968
131.024	0.338361871285088
131.184	0.340220894937829
131.344	0.341989209422536
131.504	0.343666525435992
131.664	0.345253320131633
131.824	0.346750819148383
131.984	0.348160919008023
132.144	0.349486000051684
132.304	0.350728692154462
132.464	0.351891637882318
132.624	0.352977287376689
132.784	0.353987766719683
132.944	0.354924872279753
133.104	0.355790153241514
133.264	0.356585036425258
133.424	0.357310988981226
133.584	0.357969691363905
133.744	0.358563163255894
133.904	0.359093839266961
134.064	0.359564610198504
134.224	0.359978827943905
134.384	0.360340287795225
134.544	0.360653192631162
134.704	0.360922103505345
134.864	0.361151870065441
135.024	0.361347551465087
135.184	0.361514325500593
135.344	0.361657389998527
135.504	0.361781863670785
135.664	0.361892697737858
135.824	0.361994595301439
135.984	0.362091939124184
136.144	0.362188725128817
136.304	0.362288494007771
136.464	0.362394255991376
136.624	0.362508412076068
136.784	0.362632676187786
136.944	0.362768010063974
137.104	0.362914586193256
137.264	0.363071793134168
137.424	0.363238284085583
137.584	0.363412072290657
137.744	0.363590662397428
137.904	0.363771193371122
138.064	0.363950577082733
138.224	0.364125623650125
138.384	0.364293143693658
138.544	0.364450037768165
138.704	0.364593377039
138.864	0.364720477896299
139.024	0.364828961947296
139.184	0.364916793919747
139.344	0.364982284807411
139.504	0.365024077262206
139.664	0.365041134058174
139.824	0.365032774819838
139.984	0.364998759177297
140.144	0.364939410955685
140.304	0.364855744248644
140.464	0.364749540000957
140.624	0.364623315758763
140.784	0.364480196534487
140.944	0.36432371576575
141.104	0.364157589131992
141.264	0.363985495375346
141.424	0.363810913524276
141.584	0.363637016868552
141.744	0.363466606416523
141.904	0.363302062052298
142.064	0.363145315551037
142.224	0.36299782870401
142.384	0.362860576056846
142.544	0.36273403992459
142.704	0.362618225697133
142.864	0.362512691008988
143.024	0.362416602087478
143.184	0.362328817469006
143.344	0.36224798841431
143.504	0.362172666615152
143.664	0.362101414238168
143.824	0.362032900447502
143.984	0.361965977146156
144.144	0.361899737838939
144.304	0.361833564664266
144.464	0.361767162105025
144.624	0.361700578974705
144.784	0.361634217932533
144.944	0.361568824921505
145.104	0.361505451303856
145.264	0.36144538625922
145.424	0.361390061532575
145.584	0.36134093948931
145.744	0.361299401277847
145.904	0.361266650615107
146.064	0.361243643623538
146.224	0.361231045757449
146.384	0.361229213079014
146.544	0.361238186434548
146.704	0.361257698135432
146.864	0.361287184415005
147.024	0.361325810677727
147.184	0.361372510243655
147.344	0.361426039932667
147.504	0.361485051185355
147.664	0.361548174217205
147.824	0.361614107308924
147.984	0.361681705609271
148.144	0.361750063704903
148.304	0.361818584014145
148.464	0.361887025626174
148.624	0.361955532334832
148.784	0.362024633301189
148.944	0.362095218482409
149.104	0.362168491904413
149.264	0.362245905123018
149.424	0.362329070155283
149.584	0.362419655062922
149.744	0.362519262915839
149.904	0.362629297340391
150.064	0.362750821112058
150.224	0.362884412246331
150.384	0.363030029437141
150.544	0.36318690370058
150.704	0.36335346977512
150.864	0.363527350667937
151.024	0.363705416037647
151.184	0.363883920473427
151.344	0.364058707347795
151.504	0.364225454193502
151.664	0.364379925237699
151.824	0.364518192120158
151.984	0.364636806398948
152.144	0.364732915532613
152.304	0.364804320484382
152.464	0.364849496632814
152.624	0.364867603993162
152.784	0.364858486308094
152.944	0.364822650466749
153.104	0.364761225594066
153.264	0.364675913780047
153.424	0.36456892010915
153.584	0.364442860900226
153.744	0.364300663744416
153.904	0.364145475146188
154.064	0.363980572295759
154.224	0.363809273325842
154.384	0.363634844684384
154.544	0.363460398474672
154.704	0.363288785551731
154.864	0.363122496730284
155.024	0.362963569681597
155.184	0.362813502600829
155.344	0.362673181519767
155.504	0.362542812457832
155.664	0.362421846956522
155.824	0.362308901848337
155.984	0.36220168473119
156.144	0.362096941269328
156.304	0.361990441342641
156.464	0.361877009951968
156.624	0.361750601308586
156.784	0.361604408551102
156.944	0.361431000338143
157.104	0.361222474400847
157.264	0.360970624812353
157.424	0.360667118474339
157.584	0.360303675360683
157.744	0.359872244674534
157.904	0.359365167736541
158.064	0.358775308252916
158.224	0.358096153777296
158.384	0.357321894083725
158.544	0.356447500109425
158.704	0.35546882850349
158.864	0.354382764342972
159.024	0.353187417924119
159.184	0.351882363916502
159.344	0.350468876745708
159.504	0.348950083614909
159.664	0.347331011793358
159.824	0.345618518229912
159.984	0.343821123022053
160.144	0.341948821370352
160.304	0.340012901516729
160.464	0.33802578850873
160.624	0.33600095570182
160.784	0.333952860427416
160.944	0.331896785119397
161.104	0.329848607912481
161.264	0.327824547024193
161.424	0.325840800122478
161.584	0.323913110063586
161.744	0.322056337926369
161.904	0.32028409028635
162.064	0.318608434667567
162.224	0.317039781882613
162.384	0.315586896498644
162.544	0.31425694785321
162.704	0.313055534986688
162.864	0.311986611815428
163.024	0.311052370367179
163.184	0.310253134652612
163.344	0.309587285608814
163.504	0.309051349344372
163.664	0.308640273762194
163.824	0.308347818906896
163.984	0.308166906209863
164.144	0.308089900185223
164.304	0.308108737236125
164.464	0.308215041666699
164.624	0.308400257883477
164.784	0.308655767663367
164.944	0.308972963712222
165.104	0.309343441997044
165.264	0.309759232601209
165.424	0.310212959657747
165.584	0.310698001554101
165.744	0.31120876967907
165.904	0.311740974936583
166.064	0.312291818058384
166.224	0.312860027004717
166.384	0.313445740041971
166.544	0.314050207040964
166.704	0.314675394547976
166.864	0.315323500319664
167.024	0.315996452019135
167.184	0.316695568389605
167.344	0.317421388961066
167.504	0.318173700106399
167.664	0.318951784112414
167.824	0.319754858099714
167.984	0.320582466499218
168.144	0.321434764133301
168.304	0.322312571406655
168.464	0.323217113387273
168.624	0.324149500435396
168.784	0.325110246420991
168.944	0.326098904315131
169.104	0.327113977907629
169.264	0.328153149358059
169.424	0.329213773359243
169.584	0.330293378680835
169.744	0.331390073576358
169.904	0.332502691332365
170.064	0.333630601848427
170.224	0.334773239537299
170.384	0.335929557265899
170.544	0.337097550810313
170.704	0.338273972334264
170.864	0.339454344144542
171.024	0.340633275653772
171.184	0.341804948337085
171.344	0.342963617756141
171.504	0.344104010396222
171.664	0.345221517819937
171.824	0.346312202031186
171.984	0.347372678540523
172.144	0.348399963665997
172.304	0.349391332197001
172.464	0.350344284249331
172.624	0.351256588318392
172.784	0.352126332307762
172.944	0.352951947340443
173.104	0.353732244936964
173.264	0.354466437532437
173.424	0.355154158010919
173.584	0.355795497411464
173.744	0.356391036758851
173.904	0.356941857639413
174.064	0.357449532116561
174.224	0.357916063785069
174.384	0.358343777613982
174.544	0.358735196610724
174.704	0.359092924629294
174.864	0.35941953514839
175.024	0.359717491433912
175.184	0.359989102837744
175.344	0.360236496300786
175.504	0.360461601910174
175.664	0.360666148583505
175.824	0.360851685106581
175.984	0.361019623263928
176.144	0.361171298815407
176.304	0.361308029297334
176.464	0.361431165147678
176.624	0.361542117780118
176.784	0.361642362686325
176.944	0.361733422452289
177.104	0.361816840503707
177.264	0.361894146960594
177.424	0.361966824009414
177.584	0.362036269694727
177.744	0.362103761183789
177.904	0.362170415039373
178.064	0.362237152509806
178.224	0.362304666370392
178.384	0.36237339191166
178.544	0.362443484644928
178.704	0.362514812437894
178.864	0.362586961036868
179.024	0.362659257177711
179.184	0.362730808121796
179.344	0.362800548857876
179.504	0.362867290239592
179.664	0.362929770426945
179.824	0.362986705891672
179.984	0.363036835905405
180.144	0.363078969126036
180.304	0.363112030633602
180.464	0.363135100757063
180.624	0.363147443780917
180.784	0.363148531939487
180.944	0.363138056762409
181.104	0.363115944067431
181.264	0.363082376751663
181.424	0.363037823054356
181.584	0.362983060933402
181.744	0.362919193621337
181.904	0.362847627494375
182.064	0.362770003306423
182.224	0.362688081025681
182.384	0.362603591958532
182.544	0.362518072799048
182.704	0.362432708962842
182.864	0.362348201407031
183.024	0.362264662824145
183.184	0.362181543504676
183.344	0.362097585052879
183.504	0.36201079314219
183.664	0.361918427234059
183.824	0.361817007733862
183.984	0.361702344789819
184.144	0.361569589661713
184.304	0.361413310840589
184.464	0.361227594310549
184.624	0.361006166067
184.784	0.360742532459426
184.944	0.360430138468018
185.104	0.360062542935339
185.264	0.35963360663618
185.424	0.359137687182738
185.584	0.358569837453842
185.744	0.357925988773331
185.904	0.357203099993512
186.064	0.356399247420086
186.224	0.355513658917971
186.384	0.35454668994862
186.544	0.353499779719186
186.704	0.352375420921362
186.864	0.351177186179257
187.024	0.34990981638839
187.184	0.34857935342302
187.344	0.347193249209568
187.504	0.345760389388488
187.664	0.344291011611404
187.824	0.342796565283152
187.984	0.341289486023243
188.144	0.339782962146728
188.304	0.338290776870508
188.464	0.336827250150691
188.624	0.335407146018042
188.784	0.33404565820365
188.944	0.332758420114033
189.104	0.331561403013438
189.264	0.330470736101688
189.424	0.329502542632554
189.584	0.328672592651401
189.744	0.327995789115903
189.904	0.327485608137977
190.064	0.327153485648523
190.224	0.327008109689359
190.384	0.32705487238718
190.544	0.327295512332512
190.704	0.3277278834139
190.864	0.328345941572934
191.024	0.329140007698243
191.184	0.330097144641059
191.344	0.331201585358485
191.504	0.332435319665819
191.664	0.333778797702962
191.824	0.335211652108228
191.984	0.336713427016548
192.144	0.338264295849967
192.304	0.339845579321945
192.464	0.341440022980805
192.624	0.343031898621348
192.784	0.344606991436649
192.944	0.346152476146017
193.104	0.347656794675459
193.264	0.349109531805425
193.424	0.350501323935532
193.584	0.351823810019823
193.744	0.353069677810254
193.904	0.354232754721806
194.064	0.355308150871224
194.224	0.356292434938268
194.384	0.357183780181231
194.544	0.357982031817301
194.704	0.358688694979492
194.864	0.359306838218799
195.024	0.359840933268515
195.184	0.360296683604702
195.344	0.360680862951085
195.504	0.361001155889426
195.664	0.361265990472475
195.824	0.361484358981215
195.984	0.36166561549112
196.144	0.361819265329814
196.304	0.361954765194241
196.464	0.362081347331241
196.624	0.362207870268776
196.784	0.362342695714915
196.944	0.362493580097635
197.104	0.362667569811492
197.264	0.362870896293543
197.424	0.363108884033863
197.584	0.363385888399307
197.744	0.363705286571758
197.904	0.364069540238916
198.064	0.364480329395519
198.224	0.364938723694195
198.384	0.365445365451023
198.544	0.366000646728253
198.704	0.366604850390559
198.864	0.367258253990258
199.024	0.367961194528334
199.184	0.368714094740653
199.344	0.369517448450779
199.504	0.370371793593449
199.664	0.371277660646683
199.824	0.372235528878946
199.984	0.373245855381128
200.144	0.374309157052721
200.304	0.375426083966431
200.464	0.376597418651954
200.624	0.377824005488492
200.784	0.379106585817226
200.944	0.380445555557571
201.104	0.381840704646038
201.264	0.383291024051005
201.424	0.384794583917483
201.584	0.386348587263228
201.744	0.387949549430914
201.904	0.389593582599446
202.064	0.391276700625895
202.224	0.392995153609945
202.384	0.394745657903968
202.544	0.396525569934511
202.704	0.398332937760188
202.864	0.400166438009819
203.024	0.402025166182511
203.184	0.403908339952068
203.344	0.405814851683772
203.504	0.407742756122843
203.664	0.409688721364773
203.824	0.411647450607234
203.984	0.413611160877053
204.144	0.41556926542944
204.304	0.41750825174131
204.464	0.419411761484525
204.624	0.421260892143437
204.784	0.42303456587797
204.944	0.424709982760305
205.104	0.426263118780525
205.264	0.427669394169698
205.424	0.428904492803895
205.584	0.429945175444573
205.744	0.430770148616375
205.904	0.431361157187439
206.064	0.43170404135094
206.224	0.431789488049162
206.384	0.431613552100544
206.544	0.431177661883339
206.704	0.430487999808975
206.864	0.429554605404292
207.024	0.428390333573134
207.184	0.427009713357165
207.344	0.425428202003104
207.504	0.423661907162341
207.664	0.421727483858149
207.824	0.419642243714634
207.984	0.417424490244457
208.144	0.415093573515605
208.304	0.412669734742849
208.464	0.410173842902623
208.624	0.407627053098395
208.784	0.405050376608415
208.944	0.402464361970033
209.104	0.399888724552056
209.264	0.397342036955706
209.424	0.394841554059894
209.584	0.39240306634656
209.744	0.390040752942241
209.904	0.387767086784152
210.064	0.38559272044381
210.224	0.383526352963145
210.384	0.381574686180329
210.544	0.379742506358525
210.704	0.3780327681568
210.864	0.376446713745736
211.024	0.374984039850915
211.184	0.373643068267711
211.344	0.372420887071257
211.504	0.371313478447519
211.664	0.370315830906748
211.824	0.369422057509382
211.984	0.368625537774051
212.144	0.36791907505085
212.304	0.367295055787963
212.464	0.366745637860959
212.624	0.366262960561926
212.784	0.365839369577316
212.944	0.365467624999837
213.104	0.36514108867641
213.264	0.364853867392412
213.424	0.364600874120015
213.584	0.364377800905913
213.744	0.364181036072978
213.904	0.3640075553526
214.064	0.363854793917653
214.224	0.363720533890046
214.384	0.363602827691921
214.544	0.363499945819058
214.704	0.363410343287796
214.864	0.363332642906244
215.024	0.363265618632568
215.184	0.363208171786937
215.344	0.36315930291812
215.504	0.36311809033532
215.664	0.363083667021783
215.824	0.363055207758634
215.984	0.363031924300458
216.144	0.363013072147623
216.304	0.362997964095257
216.464	0.362985989071603
216.624	0.362976627515764
216.784	0.362969458372845
216.944	0.362964155812961
217.104	0.362960481626033
217.264	0.362958273309459
217.424	0.362957427946185
217.584	0.36295788352254
217.744	0.362959603728314
217.904	0.362962558079744
218.064	0.362966696420699
218.224	0.362971923721489
218.384	0.362978088135378
218.544	0.362984980417878
218.704	0.362992345329076
218.864	0.362999906684763
219.024	0.363007398939544
219.184	0.363014589972408
219.344	0.363021286633511
219.504	0.363027314029296
219.664	0.363032475229602
219.824	0.363036513145744
219.984	0.363039094518399
220.144	0.363039813383466
220.304	0.363038225365926
220.464	0.363033903033056
220.624	0.36302649244135
220.784	0.363015750415116
220.944	0.36300156003108
221.104	0.362983917819292
221.264	0.362962904563119
221.424	0.362938653871652
221.584	0.362911325596315
221.744	0.362881090085011
221.904	0.362848127048665
222.064	0.3628126313547
222.224	0.362774816625006
222.384	0.362734918713613
222.544	0.362693198885609
222.704	0.362649946434658
222.864	0.362605479726199
223.024	0.362560141537188
223.184	0.362514282802294
223.344	0.3624682372606
223.504	0.362422289645792
223.664	0.362376646010716
223.824	0.36233141015714
223.984	0.362286572475568
224.144	0.362242014512049
224.304	0.362197527352919
224.464	0.362152834996778
224.624	0.362107615569357
224.784	0.362061516096446
224.944	0.362014160008812
225.104	0.361965151095546
225.264	0.361914074663218
225.424	0.361860500031298
225.584	0.361803983934124
225.744	0.361744076086325
225.904	0.36168032390492
226.064	0.361612275934476
226.224	0.361539484240893
226.384	0.361461510747176
226.544	0.361377937922043
226.704	0.361288378671588
226.864	0.361192485564061
227.024	0.361089954628369
227.184	0.360980515328492
227.344	0.360863903018981
227.504	0.360739823742051
227.664	0.360607912097521
227.824	0.36046769571908
227.984	0.360318578718534
228.144	0.360159838737445
228.304	0.359990628214291
228.464	0.359809985111951
228.624	0.359616845207711
228.784	0.359410052862586
228.944	0.35918837559052
229.104	0.358950527401703
229.264	0.358695193100175
229.424	0.358421052686481
229.584	0.358126799658294
229.744	0.357811137902445
229.904	0.357472756099696
230.064	0.357110287410705
230.224	0.356722273410469
230.384	0.356307146273821
230.544	0.355863246712261
230.704	0.355388857586377
230.864	0.354882248404465
231.024	0.354341704561648
231.184	0.35376552249204
231.344	0.353151964355675
231.504	0.352499198834721
231.664	0.351805263309416
231.824	0.351068067478082
231.984	0.35028546987769
232.144	0.349455403097863
232.304	0.348576023850001
232.464	0.347645845540683
232.624	0.346663827827797
232.784	0.345629385003804
