0.144	-0.0813247553433172
0.304	-0.0707051114248856
0.464	-0.0604387689848664
0.624	-0.0505179082761202
0.784	-0.0409349152634064
0.944	-0.0316823321503108
1.104	-0.022752818329721
1.264	-0.0141391205491033
1.424	-0.00583405078693033
1.584	0.00216953221719507
1.744	0.0098787356886163
1.904	0.0173006360679295
2.064	0.0244422747567654
2.224	0.0313106533336764
2.384	0.0379127319310584
2.544	0.0442554256708121
2.704	0.05034560241414
2.864	0.0561900808560409
3.024	0.0617956276409615
3.184	0.0671689525900803
3.344	0.0723167004080238
3.504	0.0772454355650467
3.664	0.0819616237536565
3.824	0.0864716124629155
3.984	0.0907816120209901
4.144	0.0948976806171657
4.304	0.0988257174498557
4.464	0.102571459757186
4.624	0.1061404813385
4.784	0.109538193945227
4.944	0.112769850081392
5.104	0.115840546643071
5.264	0.118755230271844
5.424	0.121518703194212
5.584	0.124135628815665
5.744	0.126610537019516
5.904	0.128947828211793
6.064	0.131151776228464
6.224	0.133226532117575
6.384	0.135176128229276
6.544	0.137004482826612
6.704	0.138715405811368
6.864	0.140312604939126
7.024	0.141799690761857
7.184	0.143180180960186
7.344	0.14445750272732
7.504	0.145634993676524
7.664	0.14671590263994
7.824	0.147703390712863
7.984	0.148600532028397
8.144	0.149410315160495
8.304	0.150135645193629
8.464	0.150779346200792
8.624	0.151344163740461
8.784	0.151832767382515
8.944	0.152247752923941
9.104	0.152591644315194
9.264	0.152866895431359
9.424	0.153075892073829
9.584	0.153220954419353
9.744	0.153304340055328
9.904	0.153328247511965
10.064	0.153294820001761
10.224	0.153206148950645
10.384	0.153064277083999
10.544	0.15287120094554
10.704	0.152628872953827
10.864	0.152339203460357
11.024	0.15200406321442
11.184	0.151625286169107
11.344	0.151204672566863
11.504	0.15074399198754
11.664	0.150244985764871
11.824	0.149709368428844
11.984	0.149138828298035
12.144	0.148535027369249
12.304	0.147899601012298
12.464	0.147234157948688
12.624	0.146540280368711
12.784	0.145819523621086
12.944	0.14507341540984
13.104	0.144303454246923
13.264	0.143511107289456
13.424	0.142697807802264
13.584	0.141864952652227
13.744	0.141013900673713
13.904	0.140145971923474
14.064	0.139262447653024
14.224	0.138364571375988
14.384	0.137453551048267
14.544	0.136530561605824
14.704	0.135596747633613
14.864	0.134653226435901
15.024	0.13370109039856
15.184	0.132741408404897
15.344	0.131775226116346
15.504	0.130803565778436
15.664	0.129827426700999
15.824	0.128847787665435
15.984	0.127865611635329
16.144	0.126881852819324
16.304	0.12589746482341
16.464	0.124913408207092
16.624	0.123930656323537
16.784	0.122950198526766
16.944	0.121973039979892
17.104	0.121000199277191
17.264	0.120032704777785
17.424	0.119071590036853
17.584	0.118117890307971
17.744	0.117172641303696
17.904	0.116236879539358
18.064	0.115311644331982
18.224	0.114397981200639
18.384	0.113496944265151
18.544	0.112609596622448
18.704	0.111737008920798
18.864	0.11088025615048
19.024	0.110040414123873
19.184	0.109218557963814
19.344	0.10841576420772
19.504	0.107633115804802
19.664	0.106871708681084
19.824	0.106132656261863
19.984	0.105417090680746
20.144	0.104726160989927
20.304	0.104061029484072
20.464	0.103422866195828
20.624	0.102812843840653
20.784	0.102232132913755
20.944	0.101681895083246
21.104	0.101163272033645
21.264	0.100677367352361
21.424	0.100225217189561
21.584	0.0998077451218791
21.744	0.0994256957392992
21.904	0.0990795391541752
22.064	0.0987693380266847
22.224	0.0984945691724732
22.384	0.0982538902004393
22.544	0.098044841324608
22.704	0.0978634780440046
22.864	0.0977039363335024
23.024	0.0975579403766318
23.184	0.0974142781140159
23.344	0.0972582892560041
23.504	0.0968030210747628
23.664	0.0963566181893185
23.824	0.0959170834962748
23.984	0.0954828273648189
24.144	0.0950527360918301
24.304	0.0946262617090809
24.464	0.094203499330419
24.624	0.0937851798478704
24.784	0.0933725807569914
24.944	0.0929673591901548
25.104	0.0925713329236117
25.264	0.0921862629424339
25.424	0.0918137123819207
25.584	0.0914549819814141
25.744	0.0911111157712838
25.904	0.0907829643230826
26.064	0.0904712560849106
26.224	0.0901766367230863
26.384	0.0898996714129936
26.544	0.0896408136571125
26.704	0.0894003542528452
26.864	0.0891783867972578
27.024	0.0889747969095396
27.184	0.0887892718647691
27.344	0.0886213230043467
27.504	0.088470308341968
27.664	0.0883354308641771
27.824	0.0882157384723854
27.984	0.0881101384472203
28.144	0.0880174165397847
28.304	0.0879362689774297
28.464	0.0878653489337893
28.624	0.0878032974285787
28.784	0.0877487553668033
28.944	0.0877003666211209
29.104	0.0876567808850979
29.264	0.0876166746377152
29.424	0.0875787936032992
29.584	0.0875419938019633
29.744	0.0875052805306922
29.904	0.0874678361562218
30.064	0.0874290069178159
30.224	0.0873882486676365
30.384	0.0873450677269574
30.544	0.0872989520700713
30.704	0.0872493355226567
30.864	0.0871956044293398
31.024	0.0871371219319172
31.184	0.0870732602016488
31.344	0.0870034493520535
31.504	0.0869272141809034
31.664	0.0868441958055115
31.824	0.086754165340281
31.984	0.0866570421132877
32.144	0.0865529038543826
32.304	0.0864419994469898
32.464	0.0863247746133453
32.624	0.0862019233463656
32.784	0.0860744504754933
32.944	0.0859437383521566
33.104	0.0858116007536438
33.264	0.0856803052856634
33.424	0.0855525509249304
33.584	0.0854314094921875
33.744	0.085320250605335
33.904	0.0852226627232113
34.064	0.085142397028207
34.224	0.0850833394768955
34.384	0.0850494940893753
34.544	0.0850449573940892
34.704	0.0850738711496462
34.864	0.0851403450828201
35.024	0.085248351869339
35.184	0.085401606612507
35.344	0.0856034422863132
35.504	0.0858566896154542
35.664	0.0861635676871373
35.824	0.0865255871765243
35.984	0.0869434626236938
36.144	0.0874170432630734
36.304	0.0879452631753423
36.464	0.0885261196324763
36.624	0.0891566712220282
36.784	0.0898330576948609
36.944	0.0905505515673184
37.104	0.0913036279425086
37.264	0.0920860730609974
37.424	0.0928911458783404
37.584	0.0937117678001727
37.744	0.0945407143634469
37.904	0.0953708107463598
38.064	0.0961950990913323
38.224	0.097006916913287
38.384	0.0977999157349103
38.544	0.0985680598235916
38.704	0.0993056560392205
38.864	0.100007433673952
39.024	0.100668682483658
39.184	0.101285396018213
39.344	0.10185434937766
39.504	0.102373074484078
39.664	0.102839747459299
39.824	0.103253019322082
39.984	0.103611854335711
40.144	0.10391543712602
40.304	0.104163165094732
40.464	0.104354690886382
40.624	0.104490026086452
40.784	0.1045696889244
40.944	0.104594793889461
41.104	0.104567045431267
41.264	0.104488626074371
41.424	0.104361952403266
41.584	0.104189345861172
41.744	0.103972743084668
41.904	0.103713530090133
42.064	0.103412553258678
42.224	0.103070348162689
42.384	0.102687507749167
42.544	0.102265032502586
42.704	0.101804511388295
42.864	0.101308073911341
43.024	0.100778146901277
43.184	0.100217175249028
43.344	0.0996274598910958
43.504	0.0990111682477135
43.664	0.0983704564984436
43.824	0.0977076951357816
43.984	0.0970256564906862
44.144	0.0963275874152458
44.304	0.0956171619611013
44.464	0.0948983810804833
44.624	0.0941754286129566
44.784	0.0934525589929507
44.944	0.0927340325467156
45.104	0.0920240610683862
45.264	0.0913267922749554
45.424	0.0906463537072995
45.584	0.0899868880407979
45.744	0.0893525772418542
45.904	0.0887476661830959
46.064	0.0881764389878157
46.224	0.0876431168791072
46.384	0.0871517218744629
46.544	0.0867059201379874
46.704	0.0863088825450831
46.864	0.0859632090879785
47.024	0.085670921362393
47.184	0.0854334858639021
47.344	0.0852518622920542
47.504	0.0851265627107836
47.664	0.0850577035946998
47.824	0.0850450497677997
47.984	0.0850880589221532
48.144	0.0851859191491116
48.304	0.0853375785651025
48.464	0.0855417620720544
48.624	0.0857969748254988
48.784	0.0861015103661913
48.944	0.0864534582959067
49.104	0.086850722478502
49.264	0.087291060065823
49.424	0.0877721316773972
49.584	0.0882915317556723
49.744	0.0888468080977276
49.904	0.0894354480832789
50.064	0.0900548494222875
50.224	0.0907022950121501
50.384	0.0913749433904485
50.544	0.0920698401105682
50.704	0.0927839864442461
50.864	0.0935144458296548
51.024	0.0942584554209844
51.184	0.0950135374934149
51.344	0.0957775683707069
51.504	0.0965487848929598
51.664	0.097325759520956
51.824	0.0981073710295135
51.984	0.0988927834033433
52.144	0.0996814517231286
52.304	0.100473138157227
52.464	0.101267893825238
52.624	0.102066004853995
52.784	0.102867925936565
52.944	0.103674192390528
53.104	0.10448531517612
53.264	0.10530170435014
53.424	0.106123627607801
53.584	0.106951176301706
53.744	0.107784257380544
53.904	0.108622597681958
54.064	0.109465703029812
54.224	0.110312833391376
54.384	0.111163030785761
54.544	0.112015164230897
54.704	0.112867994072374
54.864	0.113720283399672
55.024	0.11457087234372
55.184	0.115418671707275
55.344	0.116262623310618
55.504	0.117101612808071
55.664	0.117934325559943
55.824	0.118759116507348
55.984	0.119573941529822
56.144	0.120376348761326
56.304	0.121163584164478
56.464	0.121932801683542
56.624	0.122681280592147
56.784	0.123406603618534
56.944	0.124106771028622
57.104	0.124780212643358
57.264	0.125425694178617
57.424	0.126042156533842
57.584	0.126628569098827
57.744	0.127183832132786
57.904	0.127706730346446
58.064	0.128195906117909
58.224	0.128649829768662
58.384	0.129066737910605
58.544	0.129444544204162
58.704	0.129780742113027
58.864	0.130072331423023
59.024	0.130315803436545
59.184	0.130507200155492
59.344	0.130642232973102
59.504	0.130716394354565
59.664	0.130725049730543
59.824	0.130663536325912
59.984	0.130527275490337
60.144	0.13031188896953
60.304	0.130013312221692
60.464	0.129627939556386
60.624	0.129152748893532
60.784	0.128585368210324
60.944	0.127924113675348
61.104	0.127168007383474
61.264	0.126316788903566
61.424	0.125370959160691
61.584	0.124331847417025
61.744	0.123201662631217
61.904	0.121983541722258
62.064	0.120681551770716
62.224	0.119300631691019
62.384	0.117846477196323
62.544	0.116325398389179
62.704	0.114744167937673
62.864	0.113109951902103
63.024	0.111430353140676
63.184	0.109713519344567
63.344	0.107968304427985
63.504	0.106204453296343
63.664	0.104432698506272
63.824	0.10266475685593
63.984	0.100913208318659
64.144	0.0991912528851771
64.304	0.0975124014259308
64.464	0.0958901702181407
64.624	0.0943377927671492
64.784	0.0928680171458751
64.944	0.091493015452798
65.104	0.090224350645812
65.264	0.0890729563176222
65.424	0.0880490979594839
65.584	0.0871622849270324
65.744	0.0864211146017482
65.904	0.0858330877124871
66.064	0.0854044372539278
66.224	0.0851400302762357
66.384	0.0850433714693537
66.544	0.085116701460052
66.704	0.0853611628827338
66.864	0.0857769856829265
67.024	0.0863636426082763
67.184	0.0871199513063488
67.344	0.0880441170224202
67.504	0.0891337096166893
67.664	0.0903855831854656
67.824	0.0917957520853605
67.984	0.0933592772120022
68.144	0.0950701786426151
68.304	0.0969213630112762
68.464	0.0989045794838574
68.624	0.101010444638391
68.784	0.103228523443747
68.944	0.105547484382768
69.104	0.107955314955618
69.264	0.11043956008443
69.424	0.112987551509704
69.584	0.11558656664964
69.744	0.118223916358531
69.904	0.120887028082379
70.064	0.123563592589775
70.224	0.126241767946098
70.384	0.128910482748083
70.544	0.131559690316394
70.704	0.134180523408403
70.864	0.136765209274003
71.024	0.139306753968
71.184	0.141798381558189
71.344	0.144232971765618
71.504	0.146602516563561
71.664	0.148897728771018
71.824	0.151107840885217
71.984	0.153220657095162
72.144	0.155222657471924
72.304	0.157099289414973
72.464	0.158835337470791
72.624	0.160415387965983
72.784	0.161824354384962
72.944	0.163048086030457
73.104	0.16407385906102
73.264	0.164890715076396
73.424	0.165489578277104
73.584	0.165863215393856
73.744	0.16600606220338
73.904	0.16591401543694
74.064	0.165584317610566
74.224	0.165015543437718
74.384	0.164207627861273
74.544	0.163161915948749
74.704	0.161881172760943
74.864	0.160369459049136
75.024	0.158631952287791
75.184	0.156674809390822
75.344	0.15450520869193
75.504	0.152131673550954
75.664	0.14956463622984
75.824	0.146817035222782
75.984	0.143904707307442
76.144	0.140846445552299
76.304	0.137663712540174
76.464	0.134380056964332
76.624	0.13102042273043
76.784	0.127610521725316
76.944	0.124176421552576
77.104	0.120744303301237
77.264	0.117340318096964
77.424	0.113990414488214
77.584	0.110720145478794
77.744	0.107554477860774
77.904	0.104517580759634
78.064	0.101632631917184
78.224	0.0989216665029033
78.384	0.0964054233788119
78.544	0.0941031616356298
78.704	0.0920324584009649
78.864	0.0902090066574459
79.024	0.0886463950335354
79.184	0.0873558760013537
79.344	0.0863460878784537
79.504	0.085622771863413
79.664	0.0851885684925406
79.824	0.0850429613492878
79.984	0.0851823958112021
80.144	0.085600565618293
80.304	0.0862887987673133
80.464	0.087236454508556
80.624	0.0884312613703031
80.784	0.089859566332521
80.944	0.0915065186505188
81.104	0.0933562201800697
81.264	0.0953918714273101
81.424	0.0975959078736963
81.584	0.0999501373390927
81.744	0.102435858327411
81.904	0.105033932690489
82.064	0.107724801606892
82.224	0.110488480893522
82.384	0.113304521782183
82.544	0.116151998708531
82.704	0.119009588200996
82.864	0.121855783285682
83.024	0.124669224944213
83.184	0.12742912275705
83.344	0.130115687104009
83.504	0.13271050503532
83.664	0.135196770346127
83.824	0.137559399078484
83.984	0.139785060399916
84.144	0.141862174698318
84.304	0.143780887399245
84.464	0.145533057242361
84.624	0.147112252648171
84.784	0.148513753177198
84.944	0.149734547122378
85.104	0.150773332396156
85.264	0.151630492872684
85.424	0.152308038762371
85.584	0.152809512714882
85.744	0.153139854503522
85.904	0.153305239975097
86.064	0.153312911019029
86.224	0.153170995612825
86.384	0.152888317573613
86.544	0.152474205715166
86.704	0.151938316760081
86.864	0.151290483759496
87.024	0.150540601529244
87.184	0.149698555506106
87.344	0.148774192582792
87.504	0.147777335975988
87.664	0.146717848613278
87.824	0.145605747579438
87.984	0.144451329085811
88.144	0.143265278273404
88.304	0.142058693494889
88.464	0.140842950995747
88.624	0.139629419382445
88.784	0.138429099138918
88.944	0.137252274571537
89.104	0.136108332337912
89.264	0.13500581218112
89.424	0.13395258382694
89.584	0.132956029295102
89.744	0.132023124915335
89.904	0.131160312937467
90.064	0.130373222810064
90.224	0.129666394507112
90.384	0.129043027933889
90.544	0.128504877835994
90.704	0.128052321682233
90.864	0.127684534637794
91.024	0.127399692587844
91.184	0.127195251834692
91.344	0.127068177626299
91.504	0.127015143372248
91.664	0.127032717802891
91.824	0.127117434639089
91.984	0.127265763282438
92.144	0.127474078127833
92.304	0.127738603448861
92.464	0.12805538440152
92.624	0.128420335727824
92.784	0.128829354791705
92.944	0.129278419141357
93.104	0.129763661032015
93.264	0.13028137448957
93.424	0.130827954344525
93.584	0.131399864621457
93.744	0.131993686201881
93.904	0.132606195340244
94.064	0.133234443163545
94.224	0.133875838803462
94.384	0.134528219073374
94.544	0.135189845019411
94.704	0.135859336914464
94.864	0.136535563879121
95.024	0.1372175482188
95.184	0.137904363650463
95.344	0.138595037893239
95.504	0.139288447957185
95.664	0.139983261699726
95.824	0.140677890492057
95.984	0.141370462857694
96.144	0.142058827249272
96.304	0.142740599013408
96.464	0.143413251974593
96.624	0.144074293115423
96.784	0.144721416757292
96.944	0.145352611196884
97.104	0.145966233691937
97.264	0.146561007960102
97.424	0.14713590081594
97.584	0.147689965030381
97.744	0.148222215943846
97.904	0.148731560805189
98.064	0.149216825374211
98.224	0.149676861030471
98.384	0.150110665169606
98.544	0.150517477704327
98.704	0.150896819695348
98.864	0.151248442016666
99.024	0.15157222463732
99.184	0.151868084155026
99.344	0.152135927566931
99.504	0.152375660319805
99.664	0.152587249682441
99.824	0.15277081211751
99.984	0.1529266859025
100.144	0.153055461586959
100.304	0.153157972293783
100.464	0.153235257992279
100.624	0.153288525597404
100.784	0.153319113779119
100.944	0.153328459927721
101.104	0.153318064009611
101.264	0.153289447597658
101.424	0.153244116108439
101.584	0.15318353943006
101.744	0.153109161771837
101.904	0.153022439971792
102.064	0.152924890733672
102.224	0.152818119207254
102.384	0.152703806732106
102.544	0.152583655338546
102.704	0.152459299941953
102.864	0.152332216376166
103.024	0.152203655402943
103.184	0.152074627302298
103.344	0.151945930332531
103.504	0.151818195291114
103.664	0.151691924600911
103.824	0.151567520227829
103.984	0.151445291813317
104.144	0.151325452707553
104.304	0.151208132719816
104.464	0.151093417874975
104.624	0.150981420055572
104.784	0.150872363309603
104.944	0.150766641214474
105.104	0.150664812421255
105.264	0.150567558030801
105.424	0.150475594890551
105.584	0.150389559536265
105.744	0.150309896200767
105.904	0.150236780808356
106.064	0.150170080206109
106.224	0.150109342329401
106.384	0.150053785314284
106.544	0.150002294009127
106.704	0.149953437178468
106.864	0.149905503439598
107.024	0.1498565409929
107.184	0.149804425357402
107.344	0.149746950543388
107.504	0.149681911476264
107.664	0.14960716749421
107.824	0.14952067901153
107.984	0.14942051500536
108.144	0.149304850090388
108.304	0.149171972460934
108.464	0.149020295778129
108.624	0.148848396851278
108.784	0.148655075875539
108.944	0.148439427893791
109.104	0.148200873382208
109.264	0.147939123391652
109.424	0.147654067064806
109.584	0.147345603737492
109.744	0.147013445894586
109.904	0.146656928970444
110.064	0.146274877374353
110.224	0.145865561918001
110.384	0.145426735407412
110.544	0.144955722930789
110.704	0.144449549567824
110.864	0.143905072610252
111.024	0.143319093330646
111.184	0.142688434706301
111.344	0.142009975798103
111.504	0.141280653665589
111.664	0.140497482972179
111.824	0.139657618000754
111.984	0.138758460996385
112.144	0.137797805953156
112.304	0.136774014965212
112.464	0.135686153548917
112.624	0.134534048470258
112.784	0.133318255207016
112.944	0.13203994496358
113.104	0.130700782862093
113.264	0.129302848551347
113.424	0.127848620782473
113.584	0.12634101366514
113.744	0.124783450447509
113.904	0.123179915888002
114.064	0.121534956018465
114.224	0.119853593235305
114.384	0.118141220935101
114.544	0.116403519513611
114.704	0.114646431310987
114.864	0.112876185808332
115.024	0.111099392976868
115.184	0.109323173391047
115.344	0.10755527884244
115.504	0.105804139700112
115.664	0.104078788000251
115.824	0.102388632888889
115.984	0.1007431456906
116.144	0.0991515094546997
116.304	0.0976223238821916
