232.944	0.561819713895545
233.104	0.560897582903408
233.264	0.559969168665759
233.424	0.559038890366708
233.584	0.558110248716503
233.744	0.557185745262473
233.904	0.556266993874146
234.064	0.555354975965372
234.224	0.554450335348974
234.384	0.553553677328296
234.544	0.552665787596595
234.704	0.551787773157571
234.864	0.550921145501832
235.024	0.550067875097113
235.184	0.549230411640963
235.344	0.54841168578173
235.504	0.547615069364667
235.664	0.546844323152357
235.824	0.546103500888023
235.984	0.545396805337361
236.144	0.544728404859598
236.304	0.544102265175923
236.464	0.543521976626607
236.624	0.542990598053791
236.784	0.54251053933541
236.944	0.542083503663264
237.104	0.541710481046664
237.264	0.541391794538015
237.424	0.54112718733569
237.584	0.540915933669794
237.744	0.540756948082333
237.904	0.540648880689105
238.064	0.54059017786841
238.224	0.540579095517955
238.384	0.540613670051357
238.544	0.540691657350806
238.704	0.540810453436563
238.864	0.540967028011721
239.024	0.541157893676711
239.184	0.541379114310928
239.344	0.541626353085576
239.504	0.541894947611922
239.664	0.542179986886538
239.824	0.542476373763805
239.984	0.542778886181338
240.144	0.54308222524503
240.304	0.543381063090749
240.464	0.543670113853807
240.624	0.543944220120636
240.784	0.54419843027091
240.944	0.544428093237855
241.104	0.544628969641906
241.264	0.54479734454344
241.424	0.544930123537995
241.584	0.545024914777514
241.744	0.54508008022151
241.904	0.545094767989269
242.064	0.545068930809407
242.224	0.545003345588498
242.384	0.544899612297229
242.544	0.544760142576365
242.704	0.544588104634329
242.864	0.544387278376576
243.024	0.544161854976096
243.184	0.543916232094659
243.344	0.543654832047082
243.504	0.543381963449235
243.664	0.543101777620791
243.824	0.54281831237023
243.984	0.542535584883751
244.144	0.542257684172455
244.304	0.541988815643208
244.464	0.541733255522843
244.624	0.541495236213393
244.784	0.541278776908655
244.944	0.541087477615008
245.104	0.540924324047808
245.264	0.540791543285025
245.424	0.540690513597042
245.584	0.540621736276023
245.744	0.54058487245868
245.904	0.540578836304633
246.064	0.540601941143734
246.224	0.540652087302476
246.384	0.540726961247572
246.544	0.540824214665065
246.704	0.540941595059053
246.864	0.541077004630949
247.024	0.541228490376625
247.184	0.541394195622274
247.344	0.541572298455037
247.504	0.541760966187724
247.664	0.541958350272637
247.824	0.542162626467757
247.984	0.542372054094415
248.144	0.542585050222044
248.304	0.542800269202246
248.464	0.543016680831897
248.624	0.543233652199149
248.784	0.543451050773172
248.944	0.543669341432917
249.104	0.543889649482594
249.264	0.544113766919168
249.424	0.544344089123911
249.584	0.544583470659347
249.744	0.544835034690834
249.904	0.545101981760183
250.064	0.545387424372336
250.224	0.545694277615553
250.384	0.546025216283965
250.544	0.546382670778087
250.704	0.546768835539467
250.864	0.547185690478557
251.024	0.547635028319121
251.184	0.548118493511538
251.344	0.548637644613052
251.504	0.549194028794659
251.664	0.549789227439135
251.824	0.550424867676213
251.984	0.551102584343028
252.144	0.551823931113631
252.304	0.552590242635858
252.464	0.553402504281792
252.624	0.554261212030553
252.784	0.555166249014576
252.944	0.556116808792183
253.104	0.557111383290191
253.264	0.55814780323027
253.424	0.559223357355279
253.584	0.560334971655209
253.744	0.561479426395238
253.904	0.562653544782847
254.064	0.563854311045986
254.224	0.56507885106646
254.384	0.566324302063947
254.544	0.567587608014549
254.704	0.568865312963737
254.864	0.570153414251706
255.024	0.571447363934396
255.184	0.572742188554571
255.344	0.574032720837408
255.504	0.575313896277123
255.664	0.576581046002559
255.824	0.577830099496794
255.984	0.579057685899841
256.144	0.58026108784702
256.304	0.581438089582946
256.464	0.582586789740333
256.624	0.583705445495809
256.784	0.58479238625597
256.944	0.585846027086859
257.104	0.586864978736912
257.264	0.587848198316522
257.424	0.5887950873053
257.584	0.589705488378911
257.744	0.590579605686912
257.904	0.591417869560871
258.064	0.592220784367953
258.224	0.592988816541094
258.384	0.593722347028347
258.544	0.594421645869488
258.704	0.595086842291209
258.864	0.595717908642655
259.024	0.596314646282792
259.184	0.596876713065626
259.344	0.597403720200305
259.504	0.597895361166252
259.664	0.598351520102938
259.824	0.598772342745974
259.984	0.599158206595234
260.144	0.599509610468488
260.304	0.599827016801953
260.464	0.600110696677973
260.624	0.600360624181747
260.784	0.600576457377599
260.944	0.60075757344265
261.104	0.60090316808089
261.264	0.60101237516875
261.424	0.601084398164119
261.584	0.601118665225158
261.744	0.601115018057783
261.904	0.60107387063556
262.064	0.600996305701244
262.224	0.600884090822717
262.384	0.600739589128409
262.544	0.600565574222571
262.704	0.600365036433402
262.864	0.600141014618998
263.024	0.599896483734767
263.184	0.599634286143612
263.344	0.599357096540757
263.504	0.599067392537904
263.664	0.598767426551035
263.824	0.598459201162029
263.984	0.598144531306673
264.144	0.597825188096806
264.304	0.597503092822706
264.464	0.59718050349295
264.624	0.596860178069676
264.784	0.596545440323268
264.944	0.596240187957733
265.104	0.595948837010724
265.264	0.595676219825179
265.424	0.595427493510613
265.584	0.595208092315261
265.744	0.595023636746703
265.904	0.594879784864304
266.064	0.594782057943007
266.224	0.594735667249154
266.384	0.594745373502917
266.544	0.594815444328162
266.704	0.594949701485916
266.864	0.595151655379084
267.024	0.595424669080614
267.184	0.595772042271108
267.344	0.596196977112584
267.504	0.596702446976337
267.664	0.59729100829685
267.824	0.597964568026725
267.984	0.59872417740047
268.144	0.599569865175283
268.304	0.600500544133695
268.464	0.601513963181503
268.624	0.60260666541717
268.784	0.60377391156652
268.944	0.60500959527991
269.104	0.606306160187046
269.264	0.607654578425922
269.424	0.609044415547373
269.584	0.610463970560602
269.744	0.61190043242533
269.904	0.613340059246298
270.064	0.614768350630072
270.224	0.616170207546645
270.384	0.617530108492019
270.544	0.618832332034117
270.704	0.620061210783831
270.864	0.621201388207453
271.024	0.622238067519959
271.184	0.623157218153381
271.344	0.62394570418445
271.504	0.624591365831861
271.664	0.625083091381214
271.824	0.625410888022145
271.984	0.625565961728796
272.144	0.625540791396645
272.304	0.625329166106724
272.464	0.624926183842092
272.624	0.624328227303465
272.784	0.623532938372648
272.944	0.622539213000493
273.104	0.621347213578304
273.264	0.619958366358333
273.424	0.61837533097065
273.584	0.616601936745326
273.744	0.614643092967981
273.904	0.612504678655739
274.064	0.61019344944458
274.224	0.607717033091774
274.384	0.605083998834004
274.544	0.60230393694934
274.704	0.599387591672155
274.864	0.596346995565057
275.024	0.593195497027125
275.184	0.589947731862537
275.344	0.586619565050967
275.504	0.583227968757285
275.664	0.579790899782608
275.824	0.576327253510897
275.984	0.572856784369208
276.144	0.569400078817296
276.304	0.56597854004832
276.464	0.56261432428704
276.624	0.559330107954736
276.784	0.556148777706937
276.944	0.553092940489762
277.104	0.550184373259128
277.264	0.547443446879186
277.424	0.54488870479878
277.584	0.542536642593802
277.744	0.540401740378627
277.904	0.538496536843297
278.064	0.536831864183512
278.224	0.535417035886496
278.384	0.534259891938461
278.544	0.533366642397311
278.704	0.532741693155856
278.864	0.532387376381678
279.024	0.532303671023044
279.184	0.53248797852649
279.344	0.532935051617358
279.504	0.533636983094141
279.664	0.534583313195128
279.824	0.535761334725123
279.984	0.537156613786522
280.144	0.538753527849565
280.304	0.540535772178885
280.464	0.54248672668308
280.624	0.544589772739585
280.784	0.546828529533116
280.944	0.549187123002355
281.104	0.551650481561239
281.264	0.554204658669448
281.424	0.556837034920875
281.584	0.559536328057618
281.744	0.562292403921163
281.904	0.565095969000993
282.064	0.567938228194919
282.224	0.570810616900133
282.384	0.573704503277156
282.544	0.576610935633937
282.704	0.579520519523669
282.864	0.582423396274123
283.024	0.585309187573955
283.184	0.588167028285682
283.344	0.59098572693523
283.504	0.593753950389271
283.664	0.596460389608922
283.824	0.599093917025073
283.984	0.601643755867087
284.144	0.604099624450384
284.304	0.606451869509954
284.464	0.608691596738538
284.624	0.61081077239146
284.784	0.61280225776278
284.944	0.614659805755025
285.104	0.616378036522519
285.264	0.617952434249503
285.424	0.619379421432029
285.584	0.620656515857888
285.744	0.621782472071743
285.904	0.622757340082501
286.064	0.623582398075371
286.224	0.624259979539886
286.384	0.624793216358796
286.544	0.625185767291157
286.704	0.625441588322985
286.864	0.62556476555585
287.024	0.625559408965387
287.184	0.625429603492023
287.344	0.625179408459701
287.504	0.624812909467266
287.664	0.624334326160465
287.824	0.623748155748729
287.984	0.623059329071395
288.144	0.622273338144225
288.304	0.621396287214509
288.464	0.620434830038391
288.624	0.619396028612925
288.784	0.618287163519369
288.944	0.617115534461391
289.104	0.615888293528258
289.264	0.614612351604592
289.424	0.613294339444963
289.584	0.611940609329338
289.744	0.610557276653083
289.904	0.609150292923061
290.064	0.607725508574163
290.224	0.606288757736422
290.384	0.604845954448308
290.544	0.603403134494897
290.704	0.601966448455016
290.864	0.600542101405722
291.024	0.59913621770346
291.184	0.597754666598632
291.344	0.596402918483705
291.504	0.595085923766987
291.664	0.593808017422646
291.824	0.59257288041664
291.984	0.59138353992347
292.144	0.590242349498681
292.304	0.589151020094505
292.464	0.58811070218843
292.624	0.587122093201344
292.784	0.586185595734548
292.944	0.585301511381488
293.104	0.584470191711091
293.264	0.583692140132484
293.424	0.582968072155609
293.584	0.582298891965877
293.744	0.581685622102952
293.904	0.581129371722511
294.064	0.580631330532356
294.224	0.580192727426208
294.384	0.579814792920672
294.544	0.579498662982189
294.704	0.579245182254681
294.864	0.57905465923352
295.024	0.578926654726786
295.184	0.578859798027111
295.344	0.578851714187749
295.504	0.578899102951539
295.664	0.578997963246195
295.824	0.579143889451586
295.984	0.579332400667624
296.144	0.579559232468739
296.304	0.57982051777509
296.464	0.580112853478511
296.624	0.580433307606938
296.784	0.580779357468657
296.944	0.581148821995669
297.104	0.58153982779703
297.264	0.581950781242483
297.424	0.58238032050167
297.584	0.582827267257301
297.744	0.583290567443044
297.904	0.583769201605094
298.064	0.584262102364335
298.224	0.584768122132857
298.384	0.58528603931137
298.544	0.585814628563242
298.704	0.586352756261022
298.864	0.586899466334557
299.024	0.587453971483058
299.184	0.588015555774689
299.344	0.588583349672433
299.504	0.589156079658665
299.664	0.589731863534951
299.824	0.590308114970867
299.984	0.590881600717239
300.144	0.591448689025299
300.304	0.592005675917278
300.464	0.592549129494159
300.624	0.593076141334279
300.784	0.593584432288537
300.944	0.594072270947777
301.104	0.594538278890298
301.264	0.594981171248151
301.424	0.595399536722198
301.584	0.595791696886124
301.744	0.596155687185103
301.904	0.5964893028451
302.064	0.59679019414915
302.224	0.597056013999861
302.384	0.597284606744722
302.544	0.597474180516599
302.704	0.597623429019961
302.864	0.597731557352063
303.024	0.597798239398969
303.184	0.597823477195391
303.344	0.597807402935416
303.504	0.59775008372452
303.664	0.597651393730814
303.824	0.597510994847937
303.984	0.597328448464395
304.144	0.59710337372411
304.304	0.596835623172467
304.464	0.596525437816751
304.624	0.596173511108645
304.784	0.595780941179044
304.944	0.59534912196591
305.104	0.594879605394738
305.264	0.594373947021268
305.424	0.593833558968697
305.584	0.59325958990604
305.744	0.592652863957539
305.904	0.592013899028871
306.064	0.591342979223214
306.224	0.590640240070741
306.384	0.589905790192518
306.544	0.589139839361906
306.704	0.588342775339413
306.864	0.58751522325133
307.024	0.58665811272391
307.184	0.585772701041037
307.344	0.58486058701186
307.504	0.583923709982173
307.664	0.582964288958294
307.824	0.581984717228124
307.984	0.580987433376833
308.144	0.579974771007414
308.304	0.578948860738365
308.464	0.57791163348935
308.624	0.576864879053403
308.784	0.5758103281795
308.944	0.574749747637441
309.104	0.573684985093507
309.264	0.572617924281872
309.424	0.571550420376582
309.584	0.570484246765716
309.744	0.569421025247891
309.904	0.568362154926433
310.064	0.567308773668174
310.224	0.566261715929954
310.384	0.565221476056479
310.544	0.564188187928153
310.704	0.563161664711799
310.864	0.562141497770938
311.024	0.56112723741694
311.184	0.560118564396191
311.344	0.559115417481621
311.504	0.558118078633299
311.664	0.557127263337179
311.824	0.556144154104516
311.984	0.55517040792239
312.144	0.554208191463715
312.304	0.553260208680456
312.464	0.552329622871127
312.624	0.551419895344281
312.784	0.550534526265324
312.944	0.549676743721818
313.104	0.548849229902146
313.264	0.548053993425981
313.424	0.547292368640854
313.584	0.54656517585363
313.744	0.545873014557515
313.904	0.545216562342603
314.064	0.544596786096633
314.224	0.544015055180012
314.384	0.543473138198522
314.544	0.542973084115602
314.704	0.54251705119799
314.864	0.542107125666007
315.024	0.541745130853883
315.184	0.541432449568731
315.344	0.54116986530488
315.504	0.540957414166883
315.664	0.540794269277228
315.824	0.540678688362107
315.984	0.540608029104021
316.144	0.540578814593516
316.304	0.540586823004162
316.464	0.540627181829166
316.624	0.540694470149162
316.784	0.540782847295759
316.944	0.540886232172738
317.104	0.540998543203898
317.264	0.541113973039387
317.424	0.541227238765543
317.584	0.541333764833212
317.744	0.541429766470003
317.904	0.541512234817731
318.064	0.541578870020317
318.224	0.54162800823741
318.384	0.541658554744458
318.544	0.541669947110165
318.704	0.541662135660886
318.864	0.541635559703877
319.024	0.541591110505806
319.184	0.541530114864997
319.344	0.541454336382117
319.504	0.541365990702502
319.664	0.541267760965013
319.824	0.541162805737031
319.984	0.541054731464669
320.144	0.540947532336645
320.304	0.540845515556157
320.464	0.540753239256446
320.624	0.540675474417867
320.784	0.540617195290451
320.944	0.540583588769039
321.104	0.540580048892593
321.264	0.540612132849617
321.424	0.54068547118203
321.584	0.540805637927406
321.744	0.540978018075009
321.904	0.541207707624778
322.064	0.5414994574557
322.224	0.541857665222892
322.384	0.542286394372979
322.544	0.542789362901601
322.704	0.543369869501475
322.864	0.54403064639331
323.024	0.544773663665808
323.184	0.545599917437983
323.344	0.546509298730712
323.504	0.547500577844119
323.664	0.548571521457973
323.824	0.549719097917489
323.984	0.550939716728237
324.144	0.552229415461852
324.304	0.553583967847658
324.464	0.5549989161143
324.624	0.556469573818106
324.784	0.557991023770285
324.944	0.559558179429757
325.104	0.561165912956881
325.264	0.562809227976345
325.424	0.564483400994106
325.584	0.566184075310275
325.744	0.567907271030663
325.904	0.569649342852927
326.064	0.571406828681972
326.224	0.573176236776931
326.384	0.574953859304003
326.544	0.576735627308778
326.704	0.578517005914534
326.864	0.580292997138827
327.024	0.582058218634984
327.184	0.583807031087588
327.344	0.585533692556908
327.504	0.587232539343177
327.664	0.588898127244875
327.824	0.590525358263335
327.984	0.592109613494699
328.144	0.593646879738685
328.304	0.595133823558115
328.464	0.596567796594172
328.624	0.597946755049406
328.784	0.599269118589405
328.944	0.600533605064641
329.104	0.601739102775753
329.264	0.602884646809571
329.424	0.603969474988332
329.584	0.604993113180797
329.744	0.605955471865229
329.904	0.606856919351173
330.064	0.607698283873503
330.224	0.608480816674728
330.384	0.60920614123836
330.544	0.609876212058339
330.704	0.610493273025611
330.864	0.611059830539205
331.024	0.611578632953467
331.184	0.612052626097636
331.344	0.61248487979941
331.504	0.612878527515306
331.664	0.613236736284193
331.824	0.61356272281256
331.984	0.613859797610701
332.144	0.614131420605077
332.304	0.614381226523335
332.464	0.614612996100846
332.624	0.614830575538917
332.784	0.615037760029395
332.944	0.615238149004313
333.104	0.615434994959969
333.264	0.615631095057324
333.424	0.615828728848726
333.584	0.616029633839332
333.744	0.616235025280389
333.904	0.616445662055185
334.064	0.616661948488343
334.224	0.616884037508441
334.384	0.617111958809232
334.544	0.617345747438378
334.704	0.617585515114627
334.864	0.617831462792935
335.024	0.618083818762727
335.184	0.618342716128552
335.344	0.618608040939364
335.504	0.618879331131836
335.664	0.619155711415999
335.824	0.619435889686088
335.984	0.619718227480064
336.144	0.620000872411026
336.304	0.620281878717208
336.464	0.620559339322256
336.624	0.620831523145227
336.784	0.621096987751173
336.944	0.621354645430813
337.104	0.621603809208523
337.264	0.621844171901159
337.424	0.622075738491446
337.584	0.622298718355694
337.744	0.62251340454975
337.904	0.622720051872591
338.064	0.622918802343349
338.224	0.623109657838825
338.384	0.623292478725489
338.544	0.623467010009051
338.704	0.623632932173393
338.864	0.623789906792297
339.024	0.623937616014871
339.184	0.624075801244373
339.344	0.624204286303495
339.504	0.624322979246529
339.664	0.62443186729439
339.824	0.624531007672829
339.984	0.624620517553069
340.144	0.624700566231184
340.304	0.624771374988143
340.464	0.624833224189672
340.624	0.624886470086551
340.784	0.624931563232337
340.944	0.624969057954843
341.104	0.624999610275381
341.264	0.625023967239315
341.424	0.625042944318977
341.584	0.625057392503606
341.744	0.62506815681769
341.904	0.625076034375581
342.064	0.625081731277589
342.224	0.625085824392386
342.384	0.625088732390566
342.544	0.625090706273113
342.704	0.625091839849517
342.864	0.625092099723872
343.024	0.625091364588513
343.184	0.625089465260373
343.344	0.62508622097954
343.504	0.625081469552981
343.664	0.625075086965637
343.824	0.625067003273386
343.984	0.625057218249879
344.144	0.625045820468472
344.304	0.625033002602265
344.464	0.625019070047927
344.624	0.625004433291735
344.784	0.624989580884233
344.944	0.624975040076663
345.104	0.624961338362652
345.264	0.624948973405992
345.424	0.624938397237088
345.584	0.624930023646073
345.744	0.624924233580543
345.904	0.624921365299826
346.064	0.624921681909655
346.224	0.624925324063554
346.384	0.624932255805504
346.544	0.624942232185674
346.704	0.624954802473383
346.864	0.624969356320378
347.024	0.62498519618623
347.184	0.625001619287787
347.344	0.625017976346783
347.504	0.625033704839836
347.664	0.62504833704179
347.824	0.62506149454083
347.984	0.625072878471826
348.144	0.625082272813813
348.304	0.625089555508225
348.464	0.625094712716361
348.624	0.625097840655087
348.784	0.625099132667685
348.944	0.625098857579644
349.104	0.625097338585533
349.264	0.625094937628717
