349.424	0.815336658730104
349.584	0.816125138705871
349.744	0.816890179529906
349.904	0.817626710249925
350.064	0.818330098563848
350.224	0.818996149450669
350.384	0.819621088046034
350.544	0.820201580738427
350.704	0.820734697655695
350.864	0.821217788905443
351.024	0.821648289009573
351.184	0.822023464531668
351.344	0.82234013644964
351.504	0.822594551090361
351.664	0.822782432711307
351.824	0.822899178303516
351.984	0.822940158566695
352.144	0.822901155987353
352.304	0.822778729291969
352.464	0.822570415652223
352.624	0.822274747744615
352.784	0.821891132020284
352.944	0.821419579752757
353.104	0.820860419520869
353.264	0.820214091131021
353.424	0.819481065241263
353.584	0.818661868919008
353.744	0.817757179563301
353.904	0.816767923031676
354.064	0.815695267099869
354.224	0.814540576069049
354.384	0.813305457124017
354.544	0.811991849160933
354.704	0.810602169095688
354.864	0.8091395659591
355.024	0.807608170008763
355.184	0.806013185924172
355.344	0.804360837115979
355.504	0.802658193161989
355.664	0.800912865211131
355.824	0.799132798938928
355.984	0.797326247898837
356.144	0.795501792831402
356.304	0.793668331034638
356.464	0.791835038060782
356.624	0.790011180985204
356.784	0.788205766869424
356.944	0.78642714943922
357.104	0.784682714897059
357.264	0.782978664204535
357.424	0.781319982074962
357.584	0.779710512075468
357.744	0.778153092995268
357.904	0.776649680472616
358.064	0.775201500803661
358.224	0.773809173940691
358.384	0.772472821629464
358.544	0.771192176937376
358.704	0.769966697124033
358.864	0.76879562626803
359.024	0.767678001197538
359.184	0.766612654164334
359.344	0.765598219944565
359.504	0.764633117113277
359.664	0.763715546403915
359.824	0.762843462620623
359.984	0.762014534511223
360.144	0.761226150343788
360.304	0.760475468860847
360.464	0.759759495981399
360.624	0.759075205376831
360.784	0.758419694589094
360.944	0.757790308107502
361.104	0.757184722325547
361.264	0.756600972710459
361.424	0.756037406163415
361.584	0.755492594732829
361.744	0.754965243711155
361.904	0.754454079455542
362.064	0.753957726417667
362.224	0.753474632557101
362.384	0.75300299959477
362.544	0.752540778415806
362.704	0.752085724772684
362.864	0.751635484463037
363.024	0.751187701822829
363.184	0.750740159749427
363.344	0.750290871553517
363.504	0.749838133139207
363.664	0.749380541644456
363.824	0.748916991366087
363.984	0.748446652721128
364.144	0.74796896193746
364.304	0.74748358062314
364.464	0.746990338906613
364.624	0.746489147879657
364.784	0.745979930546042
364.944	0.745462595417649
365.104	0.744937069902591
365.264	0.744403382491015
365.424	0.743861834552177
365.584	0.743313182386174
365.744	0.742758752756373
365.904	0.742200501801022
366.064	0.741641021467927
366.224	0.741083445630494
366.384	0.740531316283892
366.544	0.739988439134123
366.704	0.739458734086753
366.864	0.738946078716623
367.024	0.73845418106751
367.184	0.737986434486203
367.344	0.737545778878399
367.504	0.737134586315307
367.664	0.736754603996729
367.824	0.736406940358421
367.984	0.736092093949452
368.144	0.735810003501712
368.304	0.735560112004151
368.464	0.735341419213711
368.624	0.735152524124743
368.784	0.734991662204862
368.944	0.734856752527691
369.104	0.734745459407264
369.264	0.734655267402019
369.424	0.734583565874715
369.584	0.73452773667546
369.744	0.734485238496774
369.904	0.734453679668519
370.064	0.734430880165888
370.224	0.734414916733414
370.384	0.734404152166036
370.544	0.734397253071762
370.704	0.734393203629594
370.864	0.734391319639855
371.024	0.734391271577039
371.184	0.734393118465306
371.344	0.734397347138753
371.504	0.734404908896892
371.664	0.73441724359148
371.824	0.734436278773984
371.984	0.734464399086647
372.144	0.734504392449054
372.304	0.734559383841003
372.464	0.73463276397743
372.624	0.734728122640973
372.784	0.734849177666916
372.944	0.73499968445995
373.104	0.735183316432796
373.264	0.735403519153493
373.424	0.735663348000372
373.584	0.735965342891774
373.744	0.736311474955102
373.904	0.736703159642758
374.064	0.737141314252
374.224	0.737626484483286
374.384	0.7381589885496
374.544	0.738739064172165
374.704	0.739367026216797
374.864	0.740043494138632
375.024	0.740769600819618
375.184	0.741547188058036
375.344	0.742378946716514
375.504	0.743268443639664
375.664	0.744219967818054
375.824	0.745238281139592
375.984	0.746328255079703
376.144	0.74749446577178
376.304	0.748740847497658
376.464	0.750070482284656
376.624	0.751485425170273
376.784	0.752986594286568
376.944	0.754573726435666
377.104	0.756245361092084
377.264	0.757998792822974
377.424	0.759830074446
377.584	0.761734059714314
377.744	0.763704495842177
377.904	0.765734189021401
378.064	0.767815250742984
378.224	0.769939346650432
378.384	0.772097974954164
378.544	0.774282714228576
378.704	0.776485362841669
378.864	0.77869799205078
379.024	0.780912978642306
379.184	0.783122940904974
379.344	0.78532068035716
379.504	0.787499215105669
379.664	0.789651818629437
379.824	0.791772065507558
379.984	0.793853975999951
380.144	0.795892164478488
380.304	0.79788189156173
380.464	0.799819082212849
380.624	0.801700296114433
380.784	0.803522611494628
380.944	0.805283466845054
381.104	0.806980503284109
381.264	0.808611346592016
381.424	0.810173400826017
381.584	0.811663706412588
381.744	0.813078937697497
381.904	0.81441550340665
382.064	0.815669767903756
382.224	0.816838330202387
382.384	0.817918332503183
382.544	0.818907663659758
382.704	0.819805051371787
382.864	0.820610064610406
383.024	0.821323075602692
383.184	0.821945151559845
383.344	0.822477969895687
383.504	0.822923755699918
383.664	0.823285265161445
383.824	0.823565786712862
383.984	0.82376914332977
384.144	0.82389968012788
384.304	0.823962299561373
384.464	0.823962495479606
384.624	0.823906371722302
384.784	0.82380067185116
384.944	0.823652757508654
385.104	0.823470497539262
385.264	0.823262141335732
385.424	0.823036158560313
385.584	0.82280104109671
385.744	0.822565183766898
385.904	0.822336860509637
386.064	0.822124193270639
386.224	0.821935130071239
386.384	0.821777428271645
386.544	0.821658528070571
386.704	0.821585340317853
386.864	0.821563970421863
387.024	0.821599466097183
387.184	0.821695733550229
387.344	0.821855615429541
387.504	0.822081039318078
387.664	0.822373249445974
387.824	0.822732971291458
387.984	0.823160413828901
388.144	0.823655131151583
388.304	0.824215818261933
388.464	0.82484002479535
388.624	0.825523944600292
388.784	0.826262424701468
388.944	0.827049170768788
389.104	0.827877051570766
389.264	0.828738482842851
389.424	0.829625800378921
389.584	0.830531541721172
389.744	0.831448614213485
389.904	0.832370390341367
390.064	0.833290708831697
390.224	0.834203791437886
390.384	0.835104083676043
390.544	0.835986051144488
390.704	0.836844015659409
390.864	0.837672130933385
391.024	0.838464527737443
391.184	0.839215570905395
391.344	0.839920193933864
391.504	0.840574217745854
391.664	0.84117455835505
391.824	0.841719266839306
391.984	0.842207365351243
392.144	0.842638527999867
392.304	0.843012791816449
392.464	0.843330362555008
392.624	0.843591469764561
392.784	0.84379630146563
392.944	0.84394503043805
393.104	0.844037787039696
393.264	0.844074592290809
393.424	0.844055349479532
393.584	0.84397987248272
393.744	0.843847907617516
393.904	0.84365924784035
394.064	0.843413866335567
394.224	0.843112006516463
394.384	0.842754235459637
394.544	0.842341454635317
394.704	0.841874788769275
394.864	0.841355465926682
395.024	0.840784735530434
395.184	0.840163816149158
395.344	0.839493903445629
395.504	0.838776260981518
395.664	0.83801227872712
395.824	0.837203525366903
395.984	0.836351809386173
396.144	0.835459213659107
396.304	0.834528096673097
396.464	0.83356117015731
396.624	0.832561606821656
396.784	0.831533154614846
396.944	0.830480294385126
397.104	0.829408349448414
397.264	0.828323481622448
397.424	0.827232594120034
397.584	0.82614317071463
397.744	0.825063009563195
397.904	0.823999911726247
398.064	0.822961412867045
398.224	0.821954577631601
398.384	0.820985890745561
398.544	0.820061259472624
398.704	0.819186085092525
398.864	0.818365407781386
399.024	0.817604060401692
399.184	0.816906782323059
399.344	0.816278271083917
399.504	0.815723189849933
399.664	0.815246068424273
399.824	0.814851138498653
399.984	0.814542147563913
400.144	0.814322124436927
400.304	0.814193169253514
400.464	0.814156325144069
400.624	0.814211491705379
400.784	0.814357335832511
400.944	0.814591236038979
401.104	0.814909319917803
401.264	0.815306496149134
401.424	0.815776525614893
401.584	0.81631222358979
401.744	0.816905770407658
401.904	0.817549033943834
402.064	0.818233859914614
402.224	0.818952256105746
402.384	0.819696411221031
402.544	0.820458647196944
402.704	0.821231404408564
402.864	0.822007287978892
403.024	0.822779222121
403.184	0.823540684251753
403.344	0.824285946856577
403.504	0.825010221391068
403.664	0.8257096895031
403.824	0.826381420630099
403.984	0.827023206673829
404.144	0.827633397346204
404.304	0.828210766495459
404.464	0.828754430519126
404.624	0.829263798541461
404.784	0.829738547694063
404.944	0.830178631237544
405.104	0.830584315565517
405.264	0.830956237997128
405.424	0.831295483297055
405.584	0.83160365697816
405.744	0.83188292507603
405.904	0.83213599201369
406.064	0.832366023328944
406.224	0.832576521290576
406.384	0.832771196232471
406.544	0.832953817091521
406.704	0.833128042329832
406.864	0.83329723455816
407.024	0.833464293828769
407.184	0.833631500954567
407.344	0.833800378646089
407.504	0.833971637076189
407.664	0.834145242207029
407.824	0.834320572638632
407.984	0.834496643724293
408.144	0.834672365195644
408.304	0.834846781175173
408.464	0.835019246645203
408.624	0.835189533517251
408.784	0.835357866369492
408.944	0.835524883843306
409.104	0.835691560678043
409.264	0.835859160302135
409.424	0.83602920761453
409.584	0.836203445923644
409.744	0.836383829098992
409.904	0.836572555099593
410.064	0.83677210029137
410.224	0.836985245011562
410.384	0.837215102307624
410.544	0.83746507599264
410.704	0.837738760319922
410.864	0.838039849985222
411.024	0.838372017109378
411.184	0.838738719217218
411.344	0.839143005369152
411.504	0.839587360515594
411.664	0.84007355248329
411.824	0.840602502611461
411.984	0.841174197112963
412.144	0.841787690014002
412.304	0.842441167294368
412.464	0.843132041679695
412.624	0.843857093853359
412.784	0.844612654983479
412.944	0.84539478836129
413.104	0.84619947325902
413.264	0.847022745078249
413.424	0.847860791405111
413.584	0.848710021843345
413.744	0.849567144743247
413.904	0.850429162534766
414.064	0.851293313859429
414.224	0.852157013680397
414.384	0.853017787626612
414.544	0.853873184201262
414.704	0.854720696722012
414.864	0.855557677606072
415.024	0.856381253975115
415.184	0.857188285754631
415.344	0.857975336279679
415.504	0.858738662941533
415.664	0.859474249675173
415.824	0.860177867070917
415.984	0.860845133013214
416.144	0.86147158408906
416.304	0.862052741004646
416.464	0.86258418144169
416.624	0.863061614504346
416.784	0.863480955493884
416.944	0.863838372589527
417.104	0.864130315980816
417.264	0.864353520682386
417.424	0.864504991224663
417.584	0.864581974802178
417.744	0.864581940858926
417.904	0.864502573083342
418.064	0.864341783125639
418.224	0.864097752074287
418.384	0.863768995846186
418.544	0.863354454313964
418.704	0.862853599769636
418.864	0.862266545732012
419.024	0.8615941300923
419.184	0.860837976176327
419.344	0.86000051483515
419.504	0.859085000905253
419.664	0.858095568209052
419.824	0.857037352651474
419.984	0.855916654423396
420.144	0.854741121580361
420.304	0.853519840298446
420.464	0.852263283596443
420.624	0.850983122290728
420.784	0.849691971005001
420.944	0.848403098008959
421.104	0.847130219054492
421.264	0.845887393063123
421.424	0.844689014125294
421.584	0.843549742864155
421.744	0.84248430243926
421.904	0.841507087659153
422.064	0.840631652446604
422.224	0.839870152086206
422.384	0.839232901927431
422.544	0.838728162985291
422.704	0.83836214421811
422.864	0.838139128974291
423.024	0.838061675658963
423.184	0.838130786191215
423.344	0.838345956965298
423.504	0.838705174688727
423.664	0.839204881401855
423.824	0.839839936646939
423.984	0.840603613071863
424.144	0.841487673742478
424.304	0.842482451190591
424.464	0.843576924667133
424.624	0.844758800476228
424.784	0.846014588782936
424.944	0.847329685114829
425.104	0.848688517629597
425.264	0.850074761439743
425.424	0.851471626624658
425.584	0.852862231330761
425.744	0.854230059445769
425.904	0.855559405277432
426.064	0.856835721249723
426.224	0.85804582903225
426.384	0.859178009680619
426.544	0.860221956083279
426.704	0.861168660139498
426.864	0.862010319695429
427.024	0.862740326589147
427.184	0.863353326690316
427.344	0.863845327602149
427.504	0.864213798527345
427.664	0.86445773419635
427.824	0.864577667789632
427.984	0.864575645406802
428.144	0.864455182103285
428.304	0.864221221298266
428.464	0.863880084216277
428.624	0.863439382257042
428.784	0.862907883279973
428.944	0.862295330530202
429.104	0.861612230749557
429.264	0.86086962041955
429.424	0.86007885000609
429.584	0.859251396699989
429.744	0.858398706421696
429.904	0.857532030823933
430.064	0.856662252385064
430.224	0.855799643765664
430.384	0.854953579064357
430.544	0.854132212693258
430.704	0.853342156798163
430.864	0.852588206628837
431.024	0.851873223643196
431.184	0.851198171484754
431.344	0.850562278141098
431.504	0.849963346043268
431.664	0.849398153957424
431.824	0.84886285011649
431.984	0.848353324857186
432.144	0.847865511449328
432.304	0.847395553305574
432.464	0.84693988772554
432.624	0.846495274321938
432.784	0.846058731127897
432.944	0.845627442676374
433.104	0.845198691767251
433.264	0.844769798155681
433.424	0.844338084658176
433.584	0.843900832179344
433.744	0.843455203220657
433.904	0.842998184209506
434.064	0.842526593071597
434.224	0.842037120229548
434.384	0.841526429946924
434.544	0.840991317275922
434.704	0.840428827444413
434.864	0.839836288366399
435.024	0.839211269966171
435.184	0.838551433789888
435.344	0.837854325368681
435.504	0.837117225893763
435.664	0.836337090399724
435.824	0.835510536201213
435.984	0.83463395965768
436.144	0.833703781518949
436.304	0.832716721818571
436.464	0.831670081491467
436.624	0.830562072509366
436.784	0.82939210710029
436.944	0.82816096131981
437.104	0.826870829307296
437.264	0.825525225432813
437.424	0.824128716373735
437.584	0.822686612406329
437.744	0.821204694661475
437.904	0.819688992500716
438.064	0.818145661969794
438.224	0.81658093556112
438.384	0.815001089344179
438.544	0.813412400557837
438.704	0.811821123108103
438.864	0.810233457678038
439.024	0.808655608152463
439.184	0.807093898566251
439.344	0.805554838468566
439.504	0.804045134094196
439.664	0.802571660754353
439.824	0.801141306322307
439.984	0.799760720329147
440.144	0.798436180427444
440.304	0.797173532257517
440.464	0.795978131201224
440.624	0.794854915997263
440.784	0.793808504670466
440.944	0.79284317361558
441.104	0.791962787161111
441.264	0.791170729398829
441.424	0.790469756051635
441.584	0.789861872642774
441.744	0.789348378558799
441.904	0.788929951330289
442.064	0.788606746859983
442.224	0.788378527316155
442.384	0.78824473584362
442.544	0.788530135449065
442.704	0.788847547998472
442.864	0.789186523092809
443.024	0.789538197851385
443.184	0.789895533100918
443.344	0.790253285787031
443.504	0.790607827149898
443.664	0.790956890316608
443.824	0.79129930286004
443.984	0.79163473938425
444.144	0.791963506278222
444.304	0.792286359979158
444.464	0.792604357902889
444.624	0.792918738124428
444.784	0.793230821916751
444.944	0.793541936957837
445.104	0.793853363611362
445.264	0.794166300409898
445.424	0.794481844712919
445.584	0.794800986069532
445.744	0.795124608317025
445.904	0.795453491151335
446.064	0.795788312360997
446.224	0.796129651911457
446.384	0.796477996216851
446.544	0.7968337409458
446.704	0.797197199570434
446.864	0.797568614486778
447.024	0.797948168305226
447.184	0.798335993594065
447.344	0.798732182568898
447.504	0.799136790464019
447.664	0.79954983690007
447.824	0.799971309000995
447.984	0.800401165264276
448.144	0.800839342026421
448.304	0.801285764270148
448.464	0.801740356007514
448.624	0.802203047644099
448.784	0.802673781262484
448.944	0.803152510435126
449.104	0.803639193022065
449.264	0.804133783035496
449.424	0.804636224560596
449.584	0.805146446688269
449.744	0.805664361470832
449.904	0.806189866045798
450.064	0.806722846408576
450.224	0.807263180273964
450.384	0.80781073839924
450.544	0.808365383695246
450.704	0.808926969692976
450.864	0.80949534047798
451.024	0.810070332606443
451.184	0.810651779443475
451.344	0.811239516841539
451.504	0.81183339033683
451.664	0.812433259834876
451.824	0.813038998828034
451.984	0.813650489145544
452.144	0.814267615504974
452.304	0.814890260418707
452.464	0.81551830022218
452.624	0.816151604077419
452.784	0.81679003729019
452.944	0.817433466063704
453.104	0.818081762639309
453.264	0.818734808894789
453.424	0.819392496803772
453.584	0.82005472484903
453.744	0.820721392530146
453.904	0.821392393242064
454.064	0.822067606675574
454.224	0.822746892907418
454.384	0.823430089489108
454.544	0.82411701060883
454.704	0.824807448171128
454.864	0.825501174849506
455.024	0.826197948733949
455.184	0.826897518628385
455.344	0.827599629633056
455.504	0.828304028029578
455.664	0.829010465452058
455.824	0.82971870148063
455.984	0.830428503896115
456.144	0.831139646610183
456.304	0.831851906352796
456.464	0.832565058278391
456.624	0.833278871987915
456.784	0.833993108801025
456.944	0.834707519876503
457.104	0.835421844778949
457.264	0.836135810673028
457.424	0.83684913209143
457.584	0.837561510860922
457.744	0.838272636136395
457.904	0.838982185251126
458.064	0.839689824716203
458.224	0.840395210967898
458.384	0.84109799146168
458.544	0.841797805997061
458.704	0.842494287892151
458.864	0.84318706527884
459.024	0.843875762563329
459.184	0.844560001087842
459.344	0.84523939976205
459.504	0.845913576015988
459.664	0.846582146261454
459.824	0.847244726113018
459.984	0.847900931460316
460.144	0.848550379730938
460.304	0.849192690870296
460.464	0.849827488480997
460.624	0.850454400328175
460.784	0.851073057919706
460.944	0.851683095928848
461.104	0.852284150857287
461.264	0.85287585905931
461.424	0.853457854981201
461.584	0.854029769108905
461.744	0.854591225630458
461.904	0.855141840630296
462.064	0.855681221557489
462.224	0.856208967662525
462.384	0.85672467191236
462.544	0.857227923708848
462.704	0.857718311412128
462.864	0.85819542436812
463.024	0.858658854193408
463.184	0.859108194792242
463.344	0.85954304141481
463.504	0.859962990032528
463.664	0.860367636821394
463.824	0.860756577370836
463.984	0.861129406298716
464.144	0.861485716766225
464.304	0.86182509922233
464.464	0.862147139775942
464.624	0.86245141851785
464.784	0.862737507545631
464.944	0.863004969199579
465.104	0.8632533556395
465.264	0.863482209288833
465.424	0.863691063887046
465.584	0.863879446051584
465.744	0.864046876861522
