116.464	0.334674350878572
116.624	0.334262553329495
116.784	0.333854583418656
116.944	0.333453068771291
117.104	0.333060492024856
117.264	0.332679181541494
117.424	0.332311309294369
117.584	0.33195889142246
117.744	0.331623808620975
117.904	0.3313078223822
118.064	0.331012565830065
118.224	0.330739529862626
118.384	0.330490039100255
118.544	0.330265206418403
118.704	0.330065899314491
118.864	0.329892740692571
119.024	0.329746125701718
119.184	0.329626252781395
119.344	0.329533164406371
119.504	0.329466792814515
119.664	0.329427006080209
119.824	0.329413652944709
119.984	0.329426594987012
120.144	0.329465735941653
120.304	0.329531048057902
120.464	0.3296225666694
120.624	0.329740338626266
120.784	0.329884354247611
120.944	0.330054467748937
121.104	0.330250332556147
121.264	0.330471367988252
121.424	0.330716783523826
121.584	0.330985637626213
121.744	0.331276918623757
121.904	0.331589603522957
122.064	0.331922674853445
122.224	0.332275082056753
122.384	0.332645668653072
122.544	0.333033068085001
122.704	0.333435582199741
122.864	0.333851090541316
123.024	0.334277016818419
123.184	0.334710340122797
123.344	0.335147649757459
123.504	0.335585240174282
123.664	0.33601921446882
123.824	0.336445574034883
123.984	0.336860278414065
124.144	0.337259269877563
124.304	0.337638469137914
124.464	0.337993776421968
124.624	0.338321082580137
124.784	0.338616307946381
124.944	0.338875475304917
125.104	0.33909481139392
125.264	0.339270852691811
125.424	0.33940054803918
125.584	0.339481341937358
125.744	0.339511233309736
125.904	0.339488807148427
126.064	0.339413239538089
126.224	0.33928428280808
126.384	0.339102242905938
126.544	0.338867959159188
126.704	0.338582798572475
126.864	0.338248672956865
127.024	0.337868068297098
127.184	0.337444072685798
127.344	0.33698039259923
127.504	0.336481352122178
127.664	0.335951873199065
127.824	0.335397452085658
127.984	0.334824127119077
128.144	0.33423843035348
128.304	0.333647321273588
128.464	0.333058102023074
128.624	0.332478306364351
128.784	0.331915584442754
128.944	0.331377609233755
129.104	0.330871998134967
129.264	0.330406239657236
129.424	0.329987621608893
129.584	0.329623139156411
129.744	0.329319374248485
129.904	0.329082367454816
130.064	0.328917506919083
130.224	0.328829448521788
130.384	0.328822076303709
130.544	0.328898495768385
130.704	0.329061041339969
130.864	0.329311282673075
131.024	0.329650016155597
131.184	0.33007723124831
131.344	0.330592057566491
131.504	0.331192703928423
131.664	0.331876397147084
131.824	0.332639341616527
131.984	0.333476722015121
132.144	0.334382749147721
132.304	0.335350742911032
132.464	0.33637323964706
132.624	0.337442108807295
132.784	0.338548648072788
132.944	0.339683685443106
133.104	0.340837719926071
133.264	0.342001105719191
133.424	0.343164285930015
133.584	0.344318066664187
133.744	0.345453859585177
133.904	0.346563820396909
134.064	0.347640897108136
134.224	0.348678788186021
134.384	0.349671854247617
134.544	0.350615136458259
134.704	0.351504518279967
134.864	0.352336944370677
135.024	0.353110641032004
135.184	0.353825274667429
135.344	0.354481830058717
135.504	0.355082243363199
135.664	0.355628962470746
135.824	0.356124467608083
135.984	0.35657087390598
136.144	0.356969770700402
136.304	0.357322202443243
136.464	0.357628624021913
136.624	0.357888889794253
136.784	0.358102211465734
136.944	0.35826702564384
137.104	0.358380945032764
137.264	0.358440866023216
137.424	0.358443186956151
137.584	0.35838414014529
137.744	0.358260232631437
137.904	0.358068596889211
138.064	0.357807174893651
138.224	0.357474775735795
138.384	0.357070940481549
138.544	0.356595676948587
138.704	0.356049260956524
138.864	0.355432132446253
139.024	0.354744819614666
139.184	0.353987955403795
139.344	0.353162369887627
139.504	0.352269156712282
139.664	0.351309829316506
139.824	0.350286595647162
139.984	0.349202664959762
140.144	0.348062567887951
140.304	0.346872491334466
140.464	0.345640435033033
140.624	0.344376110372195
140.784	0.343090691692396
140.944	0.341796446091735
141.104	0.340506277568352
141.264	0.339233305015568
141.424	0.337990509935821
141.584	0.336790447895169
141.744	0.335644999389046
141.904	0.334565125155905
142.064	0.333560631848854
142.224	0.332639992255963
142.384	0.331810227042297
142.544	0.331076849740725
142.704	0.330443897471923
142.864	0.329914024938944
143.024	0.329488627049045
143.184	0.329167952903731
143.344	0.328951173044402
143.504	0.328836396919655
143.664	0.328820648552778
143.824	0.328899808603978
143.984	0.329068559968277
144.144	0.329320375401835
144.304	0.329647566739254
144.464	0.330041407072713
144.624	0.330492318459051
144.784	0.330990109187837
144.944	0.3315242582172
145.104	0.332084213377698
145.264	0.332659685336807
145.424	0.333240928530472
145.584	0.333818982005255
145.744	0.334385832301336
145.904	0.334934516594899
146.064	0.335459162546499
146.224	0.335954980257725
146.384	0.336418236627196
146.544	0.336846229070147
146.704	0.337237250320754
146.864	0.337590545864032
147.024	0.337906245327417
147.184	0.338185255036706
147.344	0.338429118721592
147.504	0.338639866217022
147.664	0.338819867054212
147.824	0.338971707764244
147.984	0.339098094314636
148.144	0.33920177046673
148.304	0.339285451558112
148.464	0.339351764534285
148.624	0.339403190835583
148.784	0.339442020879346
148.944	0.339470324271474
149.104	0.339489933300115
149.264	0.33950244031837
149.424	0.339509206087996
149.584	0.339511374340077
149.744	0.339509890584509
149.904	0.339505523156845
150.064	0.339498884629279
150.224	0.339490453235499
150.384	0.339480593773374
150.544	0.339469577441264
150.704	0.339457601943309
150.864	0.339444811464432
151.024	0.339431315776324
151.184	0.339417207866177
151.344	0.339402578477461
151.504	0.339387525473626
151.664	0.339372156783952
151.824	0.339356586756026
151.984	0.339340926824093
152.144	0.339325272558085
152.304	0.339309690084178
152.464	0.339294204690418
152.624	0.339278795018686
152.784	0.339263396184265
152.944	0.339247913056511
153.104	0.339232242091953
153.264	0.339216298793758
153.424	0.33920004564618
153.584	0.339183514993351
153.744	0.339166823567325
153.904	0.33915017340621
154.064	0.339133838377961
154.224	0.339118139091738
154.384	0.339103412589452
154.544	0.339089980217864
154.704	0.339078122745491
154.864	0.33906806605512
155.024	0.339059976580188
155.184	0.33905396308694
155.344	0.339050081559321
155.504	0.339048339566602
155.664	0.33904870174581
155.824	0.339051098878031
155.984	0.339055441376217
156.144	0.339061633311189
156.304	0.339069585640004
156.464	0.339079225371165
156.624	0.339090495397954
156.784	0.339103344967612
156.944	0.339117719581395
157.104	0.339133555737021
157.264	0.339150779441184
157.424	0.339169310160173
157.584	0.339189067273651
157.744	0.339209972133744
157.904	0.339231943825894
158.064	0.339254890126654
158.224	0.339278694915834
158.384	0.339303208635442
158.544	0.33932824181386
158.704	0.339353556125275
158.864	0.339378851215656
159.024	0.339403749143344
159.184	0.339427774469982
159.344	0.339450334907383
159.504	0.339470707137821
159.664	0.33948802995485
159.824	0.339501306951092
159.984	0.339509418888497
160.144	0.339511140871878
160.304	0.339505162787077
160.464	0.339490112725912
160.624	0.339464583283984
160.784	0.339427163682672
160.944	0.339376478130248
161.104	0.33931122657475
161.264	0.339230222528045
161.424	0.339132421644422
161.584	0.339016935746372
161.744	0.338883030556531
161.904	0.338730112302187
162.064	0.338557714345711
162.224	0.338365495119774
162.384	0.3381532561923
162.544	0.337920985551705
162.704	0.33766891715868
162.864	0.337397586828615
163.024	0.337107871628177
163.184	0.336801007701865
163.344	0.336478571480143
163.504	0.33614242647252
163.664	0.335794657962083
163.824	0.335437503435173
163.984	0.335073287359478
164.144	0.334704377209505
164.304	0.334333160186702
164.464	0.333962017449039
164.624	0.333593300244388
164.784	0.333229310348429
164.944	0.332872271963083
165.104	0.332524300523005
165.264	0.332187385310249
165.424	0.331863370454698
165.584	0.331553923821389
165.744	0.331260497619837
165.904	0.330984290195829
166.064	0.330726213985486
166.224	0.330486879492241
166.384	0.330266596751585
166.544	0.330065400901958
166.704	0.329883090402632
166.864	0.32971926024959
167.024	0.329573324759508
167.184	0.329444534012168
167.344	0.329331989324487
167.504	0.329234667276523
167.664	0.329151452795259
167.824	0.329081171558869
167.984	0.329022617784744
168.144	0.328974572968718
168.304	0.328935815423051
168.464	0.328905130065209
168.624	0.328881326570354
168.784	0.328863265805353
168.944	0.32884989070908
169.104	0.328840254317242
169.264	0.328833541043991
169.424	0.328829080443597
169.584	0.328826356801756
169.744	0.328825019715509
169.904	0.32882490023519
170.064	0.328826033468772
170.224	0.328828684491782
170.384	0.328833371730411
170.544	0.328840880168968
170.704	0.32885225856046
170.864	0.328868797200926
171.024	0.328891985827227
171.184	0.328923456851726
171.344	0.328964926054255
171.504	0.32901814095726
171.664	0.329084844756721
171.824	0.329166761323791
171.984	0.329265591255876
172.144	0.329383002463715
172.304	0.329520606709707
172.464	0.329679913232667
172.624	0.329862256921274
172.784	0.330068716641222
172.944	0.330300047989112
173.104	0.330556646030004
173.264	0.330838540556556
173.424	0.331145421951987
173.584	0.331476677633987
173.744	0.331831413755367
173.904	0.332208450424787
174.064	0.332606289580099
174.224	0.333023059328866
174.384	0.333456445263437
174.544	0.333903640599601
174.704	0.334361331880473
174.864	0.334825726994154
175.024	0.33529262251102
175.184	0.335757502452111
175.344	0.336215639720876
175.504	0.336662191859091
175.664	0.337092290232135
175.824	0.337501115685086
175.984	0.337883952552602
176.144	0.338236236616581
176.304	0.338553597188479
176.464	0.338831888011782
176.624	0.339067211451493
176.784	0.33925595044559
176.944	0.339394799689103
177.104	0.339480794638916
177.264	0.33951134310098
177.424	0.339484251767203
177.584	0.339397745500605
177.744	0.339250486144351
177.904	0.33904159146357
178.064	0.338770663463833
178.224	0.338437835082345
178.384	0.338043823088242
178.544	0.3375899800252
178.704	0.337078349494163
178.864	0.336511705559928
179.024	0.33589357381868
179.184	0.335228253327955
179.344	0.33452084018802
179.504	0.333777230743067
179.664	0.333004120415467
179.824	0.332208986031333
179.984	0.331400039835557
180.144	0.330586179520765
180.304	0.329776960041386
180.464	0.328982575400573
180.624	0.328213850265342
180.784	0.327482237661229
180.944	0.326799792689485
181.104	0.326179101458933
181.264	0.325633184148614
181.424	0.325175384864565
181.584	0.324819253309329
181.744	0.324578408761795
181.904	0.324466368194749
182.064	0.324496307822415
182.224	0.324680752769268
182.384	0.325031231233538
182.544	0.32555795238693
182.704	0.326269558584841
182.864	0.327172964202759
183.024	0.328273248396385
183.184	0.329573570011803
183.344	0.33107508746059
183.504	0.332776858214743
183.664	0.334675736217946
183.824	0.336766295507346
183.984	0.339040815749172
184.144	0.341489323754899
184.304	0.344099708745375
184.464	0.346857859404395
184.624	0.349747815471005
184.784	0.35275191177459
184.944	0.355850909611604
185.104	0.359024142716976
185.264	0.362249723569789
185.424	0.365504769823815
185.584	0.368765701930784
185.744	0.372008644585662
185.904	0.375209932233588
186.064	0.378346722552465
186.224	0.38139770563555
186.384	0.384343610108658
186.544	0.387167433659329
186.704	0.389854433565347
186.864	0.392391782498976
187.024	0.394767825104623
187.184	0.396971309049263
187.344	0.398990787837533
187.504	0.400814236221436
187.664	0.40242911189705
187.824	0.403822726088606
187.984	0.404982577504484
188.144	0.405896604994382
188.304	0.406553247045963
188.464	0.406941199066637
188.624	0.407049222658884
188.784	0.406866280659301
188.944	0.406381878732077
189.104	0.405586740098784
189.264	0.404473865574005
189.424	0.403039751325309
189.584	0.401285530903237
189.744	0.399217921947297
189.904	0.396849665651757
190.064	0.394199537995178
190.224	0.391291877692424
190.384	0.388155642514334
190.544	0.384823238898321
190.704	0.381329497703859
190.864	0.377710654497264
191.024	0.374003504943289
191.184	0.370244753608517
191.344	0.366470469608998
191.504	0.3627156301892
191.664	0.359013893532961
191.824	0.355397343687287
191.984	0.351896259272849
192.144	0.348538946518715
192.304	0.345351409211958
192.464	0.34235678787752
192.624	0.3395747817234
192.784	0.337021122034571
192.944	0.334707180148939
193.104	0.332639877921679
193.264	0.330821846532103
193.424	0.329251769357938
193.584	0.327924837692422
193.744	0.326833209189431
193.904	0.325966390914459
194.064	0.325311593826996
194.224	0.324854082794786
194.384	0.324577564352126
194.544	0.324464637443839
194.704	0.324497291371358
194.864	0.324657403478454
195.024	0.324927191227403
195.184	0.325289581749871
195.344	0.325728499019647
195.504	0.326229071092826
195.664	0.326777764372423
195.824	0.327362463112081
195.984	0.32797249516409
196.144	0.328598597836276
196.304	0.329232834077061
196.464	0.32986846041365
196.624	0.330499768366849
196.784	0.33112192541364
196.944	0.331730831583059
197.104	0.332323014239932
197.264	0.332895567855871
197.424	0.333446123418412
197.584	0.333972839044577
197.744	0.334474393652613
197.904	0.334949965138435
198.064	0.335399175531279
198.224	0.335822013119582
198.384	0.336218733180317
198.544	0.336589757176739
198.704	0.336935589089876
198.864	0.337256749919447
199.024	0.33755373498991
199.184	0.337826994880629
199.344	0.338076936498396
199.504	0.338303941421714
199.664	0.33850840485627
199.824	0.338690789099132
199.984	0.338851676360377
200.144	0.338991808604192
200.304	0.339112106880407
200.464	0.339213667108083
200.624	0.339297728564247
200.784	0.339365625531059
200.944	0.339418737756318
201.104	0.339458450486404
201.264	0.339486128760996
201.424	0.339503107173982
201.584	0.339510689449185
201.744	0.339510151143827
201.904	0.339502739497561
202.064	0.339489666988015
202.224	0.339472099877753
202.384	0.339451144502959
202.544	0.339427833647619
202.704	0.339403114798984
202.864	0.339377842309887
203.024	0.339352771351741
203.184	0.339328554139797
203.344	0.339305739230554
203.504	0.339284776340605
203.664	0.339266023232426
203.824	0.339249751744319
203.984	0.339236152799913
204.144	0.339225339796371
204.304	0.339217346361124
204.464	0.339212122986737
204.624	0.339209539191074
204.784	0.339209394645536
204.944	0.339211437207723
205.104	0.339215384946897
205.264	0.339220948526076
205.424	0.339227847869211
205.584	0.339235820847762
205.744	0.33924462263542
205.904	0.339254022413002
206.064	0.339263799390665
206.224	0.33927374148027
206.384	0.339283646683839
206.544	0.339293325405606
206.704	0.339302598004565
206.864	0.339311290597038
207.024	0.33931922994077
207.184	0.339326235842918
207.344	0.339332115376124
207.504	0.339336665259452
207.664	0.339339675925544
207.824	0.339340935130281
207.984	0.339340230334415
208.144	0.339337348969252
208.304	0.33933207177563
208.464	0.339324161307673
208.624	0.339313348483529
208.784	0.339299316663528
208.944	0.339281682965975
209.104	0.339259983216493
209.264	0.339233661749518
209.424	0.339202064543201
209.584	0.339164437086424
209.744	0.339119930197171
209.904	0.339067608937626
210.064	0.339006459192547
210.224	0.338935390230859
210.384	0.338853231872463
210.544	0.338758721961199
210.704	0.338650493923751
210.864	0.338527076300011
211.024	0.338386912882129
211.184	0.338228408328064
211.344	0.33805000471591
211.504	0.337850274880452
211.664	0.337628015572022
211.824	0.337382325485351
211.984	0.337112660593107
212.144	0.336818860409039
212.304	0.336501147280956
212.464	0.336160116000087
212.624	0.335796729985191
212.784	0.335412326870028
212.944	0.335008638332056
213.104	0.334587821748073
213.264	0.334152503043128
213.424	0.33370581591555
213.584	0.333251423867182
213.744	0.332793516160905
213.904	0.332336763551552
214.064	0.331886228966937
214.224	0.331447248494555
214.384	0.331025298078089
214.544	0.33062585804862
214.704	0.330254300238153
214.864	0.329915791893995
215.024	0.329615202994887
215.184	0.329357017655298
215.344	0.329145256367838
215.504	0.328983417188397
215.664	0.328874445276711
215.824	0.328820740410833
215.984	0.328824193797232
216.144	0.3288862378364
216.304	0.329007905505819
216.464	0.329189895201125
216.624	0.329432640537561
216.784	0.329736390920175
216.944	0.330101283464614
217.104	0.330527389663416
217.264	0.331014744691629
217.424	0.331563351947239
217.584	0.3321731765202
217.744	0.332844182877807
217.904	0.333576410223486
218.064	0.33437002817459
218.224	0.335225379803319
218.384	0.336142975639746
218.544	0.337123351233686
218.704	0.338166881761481
218.864	0.339273643748584
219.024	0.34044334354428
219.184	0.341675365483184
219.344	0.342968955489937
219.504	0.344323444327529
219.664	0.345738397212813
219.824	0.34721363997744
219.984	0.348749087953479
220.144	0.350344397071467
220.304	0.35199854894222
220.464	0.353709497358409
220.624	0.355473903887514
220.784	0.35728701536118
220.944	0.35914271438071
221.104	0.361033731136445
221.264	0.362951959242878
221.424	0.364888818173995
221.584	0.366835551715099
221.744	0.368783488888425
221.904	0.370724279732144
222.064	0.37265008934321
222.224	0.374553803942831
222.384	0.376429385439678
222.544	0.378272364031091
222.704	0.380080411626636
222.864	0.3818539014419
223.024	0.383596289930097
223.184	0.385314144755057
223.344	0.387016888422522
223.504	0.388716180660253
223.664	0.390425041671278
223.824	0.392157041942482
223.984	0.393925702388287
224.144	0.395744039390252
224.304	0.397624309212461
224.464	0.399577870290841
224.624	0.401615002302265
224.784	0.403744701139658
224.944	0.405974384636465
225.104	0.408309401437009
225.264	0.410752505213281
225.424	0.413303520722025
225.584	0.415959214614531
225.744	0.418713450265727
225.904	0.421557706848262
226.064	0.424481894401424
226.224	0.427475168695992
226.384	0.430526534233877
226.544	0.433624896761444
226.704	0.436758572934764
226.864	0.439914460419118
227.024	0.443077147702979
227.184	0.446228233392276
227.344	0.44934620239485
227.504	0.452406942992525
227.664	0.455384722143663
227.824	0.458253410337079
227.984	0.460987536620564
228.144	0.463563102718581
228.304	0.465958100092962
228.464	0.468152725716891
228.624	0.470129323733431
228.784	0.471872381030948
228.944	0.473368456552862
229.104	0.474605833826786
229.264	0.475573931071608
229.424	0.476262666643834
229.584	0.476661823630138
229.744	0.476760611058012
229.904	0.476547576893495
230.064	0.476010887701818
230.224	0.475139124318844
230.384	0.473922600158744
230.544	0.472354944761378
230.704	0.470434541512645
230.864	0.468165703245518
231.024	0.46555919522882
231.184	0.462632055311246
231.344	0.459406788150204
231.504	0.455910361236761
231.664	0.452173024337071
231.824	0.448227115446343
231.984	0.444106151465348
232.144	0.439844187004041
232.304	0.435475205340822
232.464	0.431032645740174
232.624	0.426549010323697
232.784	0.422055486508157
