0.144	0.0598008463207407
0.304	0.0585424430651074
0.464	0.0573408079458204
0.624	0.0561953548126439
0.784	0.0551054042903161
0.944	0.0540701790391722
1.104	0.0530888034013515
1.264	0.0521603068905279
1.424	0.0512836317761867
1.584	0.0504576427379106
1.744	0.049681135285482
1.904	0.0489528430784958
2.064	0.0482714443719487
2.224	0.0476355677360516
2.384	0.0470437966882855
2.544	0.046494673576035
2.704	0.0459867026224856
2.864	0.0455183533445052
3.024	0.0450880659705035
3.184	0.0446942592748201
3.344	0.0443353393861798
3.504	0.0440097094228804
3.664	0.0437157790061065
3.824	0.0434519718287447
3.984	0.0432167300809851
4.144	0.0430085166303797
4.304	0.0428258156794072
4.464	0.0426671332766091
4.624	0.0425309986708271
4.784	0.0424159665249135
4.944	0.0423206196569481
5.104	0.0422435721088732
5.264	0.0421834716448757
5.424	0.0421390013430027
5.584	0.0421088806019725
5.744	0.0420918659187919
5.904	0.0420867517100305
6.064	0.0420923713941193
6.224	0.0421075986182586
6.384	0.0421313484744132
6.544	0.0421625784297248
6.704	0.0422002888922179
6.864	0.042243523565503
7.024	0.0422913697479999
7.184	0.0423429586976454
7.344	0.0423974662321598
7.504	0.0424541135239451
7.664	0.0425121681150813
7.824	0.0425709449132228
7.984	0.0426298068055075
8.144	0.0426881644775676
8.304	0.0427454755931649
8.464	0.0428012434654192
8.624	0.0428550154006189
8.784	0.0429063812384811
8.944	0.0429549724253775
9.104	0.0430004614722748
9.264	0.0430425612644285
9.424	0.0430810238062804
9.584	0.0431156384152018
9.744	0.0431462292212927
9.904	0.0431726521551354
10.064	0.043194791926453
10.224	0.0432125594129502
10.384	0.0432258898285909
10.544	0.0432347419186954
10.704	0.0432390978917283
10.864	0.0432389638567656
11.024	0.0432343706529537
11.184	0.0432253748572293
11.344	0.0432120594564367
11.504	0.0431945338827973
11.664	0.0431729333618023
11.824	0.0431474182028069
11.984	0.0431181734616075
12.144	0.0430854087449006
12.304	0.0430493584467513
12.464	0.0430102825198446
12.624	0.042968466550974
12.784	0.0429242204886577
12.944	0.0428778762830007
13.104	0.0428297845605812
13.264	0.0427803107163527
13.424	0.0427298308572972
13.584	0.0426787280644021
13.744	0.0426273892248901
13.904	0.0425762031231898
14.064	0.0425255594041118
14.224	0.0424758479389311
14.384	0.0424274583078841
14.544	0.0423807793417836
14.704	0.0423361981561357
14.864	0.0422940986522917
15.024	0.0422548595465742
15.184	0.0422188523721161
15.344	0.0421864399363585
15.504	0.0421579758490225
15.664	0.0421338051178282
15.824	0.0421142659274665
15.984	0.0420996925627151
16.144	0.0420904191055342
16.304	0.0420867836214711
16.464	0.0420891326889432
16.624	0.0420978260704032
16.784	0.042113241278912
16.944	0.0421357783466192
17.104	0.0421658653035593
17.264	0.0422039649197359
17.424	0.0422505829606052
17.584	0.0423062772574667
17.744	0.0423716668087764
17.904	0.0424474398937491
18.064	0.0425343604179034
18.224	0.0426332726924556
18.384	0.0427451064820161
18.544	0.0428708837821432
18.704	0.0430117290002272
18.864	0.0431688829617087
19.024	0.0433437188644348
19.184	0.0435377575308848
19.344	0.0437526813298064
19.504	0.0439903453629995
19.664	0.0442527880682064
19.824	0.0445422435936962
19.984	0.0448611585793515
20.144	0.0452122117917497
20.304	0.0455983381020815
20.464	0.0460227528451469
20.624	0.0464889723784836
20.784	0.0470008268025595
20.944	0.047562460420977
21.104	0.048178312059008
21.264	0.0488530690422522
21.424	0.0495915875112587
21.584	0.0503987707757005
21.744	0.0512793986222277
21.904	0.0522379006529263
22.064	0.0532780594189717
22.224	0.0544026359934833
22.384	0.0556129143883481
22.544	0.0569081643702702
22.704	0.0582850416253677
22.864	0.059736984200299
23.024	0.0612537024039739
23.184	0.0628209129158677
23.344	0.0644205429412068
23.504	0.0660316849957781
23.664	0.0666490448461445
23.824	0.0672499633233201
23.984	0.0678331290896494
24.144	0.0683973624004466
24.304	0.0689417769385727
24.464	0.0694659691794186
24.624	0.0699701030284814
24.784	0.0704549264487468
24.944	0.0709218059550949
25.104	0.0713726849085106
25.264	0.0718099717064433
25.424	0.0722364652324359
25.584	0.0726553189692822
25.744	0.0730698703605412
25.904	0.0734834345953459
26.064	0.0738990570339411
26.224	0.0743191989326988
26.384	0.0747454893030408
26.544	0.0751787682497707
26.704	0.0756191761952323
26.864	0.0760663515561646
27.024	0.076519831557107
27.184	0.0769794308921519
27.344	0.0774453216622533
27.504	0.0779179537571508
27.664	0.0783977560645326
27.824	0.0788846953496432
27.984	0.079377882843346
28.144	0.0798753922813376
28.304	0.0803742527864415
28.464	0.0808707601777314
28.624	0.0813610196805712
28.784	0.0818414979662521
28.944	0.0823094245884022
29.104	0.0827629729760702
29.264	0.083201222511434
29.424	0.0836239889272292
29.584	0.0840316265043839
29.744	0.0844249486476656
29.904	0.0848053342538151
30.064	0.0851749071312042
30.224	0.0855366307127952
30.384	0.0858942330401078
30.544	0.0862518954086227
30.704	0.0866137753641851
30.864	0.0869834478712619
31.024	0.0873633436790442
31.184	0.0877543473166043
31.344	0.0881557096668075
31.504	0.0885652871443199
31.664	0.0889799726314777
31.824	0.0893961355600368
31.984	0.0898099343235117
32.144	0.0902174263032975
32.304	0.0906144787045378
32.464	0.0909965276864568
32.624	0.0913583821115935
32.784	0.091694230230587
32.944	0.0919978144861489
33.104	0.092262760210815
33.264	0.0924829245391265
33.424	0.0926526794960409
33.584	0.0927670237656457
33.744	0.0928214556429339
33.904	0.0928117027447115
34.064	0.0927335412429784
34.224	0.0925827350188229
34.384	0.0923551080500147
34.544	0.0920467486253074
34.704	0.091654308159832
34.864	0.0911752709494067
35.024	0.0906082703008906
35.184	0.0899533479710044
35.344	0.0892121255988059
35.504	0.0883878972040293
35.664	0.0874856654113501
35.824	0.0865119330578636
35.984	0.0854743432996656
36.144	0.084381251103423
36.304	0.083241271352108
36.464	0.0820628989681609
36.624	0.0808542589497847
36.784	0.0796229838911131
36.944	0.0783762291789571
37.104	0.0771206806625742
37.264	0.075862441238769
37.424	0.0746068564753841
37.584	0.0733583074083981
37.744	0.0721200348293678
37.904	0.0708940655299557
38.064	0.0696813301569819
38.224	0.0684818139347954
38.384	0.0672948072956387
38.544	0.0661191975764268
38.704	0.0649537428184885
38.864	0.063797240349686
39.024	0.0626487440508754
39.184	0.0615077715669941
39.344	0.0603745067987802
39.504	0.059249947843
39.664	0.0581360164574107
39.824	0.0570354614633288
39.984	0.0559516162488762
40.144	0.0548880851752074
40.304	0.0538484834028168
40.464	0.0528362577047119
40.624	0.0518546924299699
40.784	0.0509070096745745
40.944	0.0499964393388836
41.104	0.0491261969395964
41.264	0.0482993458304009
41.424	0.0475185398195208
41.584	0.0467857850239852
41.744	0.0461023795819528
41.904	0.0454690257379298
42.064	0.0448861049185325
42.224	0.0443540389283044
42.384	0.0438735610500771
42.544	0.0434458111781169
42.704	0.0430723286522152
42.864	0.0427549739392816
43.024	0.0424958775370214
43.184	0.0422974687085116
43.344	0.0421625764352029
43.504	0.0420945367227432
43.664	0.042097262122752
43.824	0.0421752093866417
43.984	0.0423332240939089
44.144	0.042576272428505
44.304	0.0429090954407911
44.464	0.0433358591803881
44.624	0.0438598642708712
44.784	0.0444833801789173
44.944	0.0452076294891413
45.104	0.0460328925169051
45.264	0.0469586446192807
45.424	0.0479836763811363
45.584	0.0491060870776892
45.744	0.0503231232491999
45.904	0.0516309196814291
46.064	0.0530242121490119
46.224	0.0544960300371713
46.384	0.0560375270738405
46.544	0.0576380538136618
46.704	0.0592854897490724
46.864	0.0609668155616419
47.024	0.0626690650847195
47.184	0.0643804773476404
47.344	0.0660914778222832
47.504	0.0677953801719013
47.664	0.0694888427174192
47.824	0.0711716694609095
47.984	0.0728460307605019
48.144	0.0745156051766571
48.304	0.0761849476498355
48.464	0.0778590582754077
48.624	0.0795434477445269
48.784	0.0812445298893181
48.944	0.0829700238132318
49.104	0.0847291442419191
49.264	0.0865325286345069
49.424	0.0883915870831515
49.584	0.0903174628724628
49.744	0.0923199049798313
49.904	0.0944060359393006
50.064	0.0965791891062509
50.224	0.0988380868307104
50.384	0.101176451284573
50.544	0.103582920505232
50.704	0.106040994958221
50.864	0.108528904452669
51.024	0.111019589905936
51.184	0.113480987518869
51.344	0.115876641759769
51.504	0.118166939744242
51.664	0.120311261592633
51.824	0.122270831258447
51.984	0.124011554707522
52.144	0.12550593808237
52.304	0.126733565331506
52.464	0.127679842643829
52.624	0.128333247719183
52.784	0.128681821719965
52.944	0.128710071426667
53.104	0.128397259955364
53.264	0.127717480853335
53.424	0.126641645842483
53.584	0.125140644270232
53.744	0.123189006973462
53.904	0.12076862641652
54.064	0.117871868605562
54.224	0.11450355362058
54.384	0.110681948920046
54.544	0.106439094496181
54.704	0.101820449670868
54.864	0.0968840945101874
55.024	0.0916996780320005
55.184	0.0863471822353858
55.344	0.0809154847570426
55.504	0.0755005233791053
55.664	0.070202775103553
55.824	0.0651239836138302
55.984	0.0603633402101877
56.144	0.0560134555148579
56.304	0.0521566754764535
56.464	0.0488621840709129
56.624	0.0461841931105482
56.784	0.0441612857362088
56.944	0.0428166847882494
57.104	0.0421591859653745
57.264	0.0421845595305967
57.424	0.0428771972069626
57.584	0.0442118431924428
57.744	0.0461553077007011
57.904	0.0486680503622665
58.064	0.0517055553013961
58.224	0.0552195036821104
58.384	0.0591587643070852
58.544	0.0634702342226774
58.704	0.0680996239866545
58.864	0.0729921778352036
59.024	0.0780933331629967
59.184	0.0833494628755034
59.344	0.0887087483438336
59.504	0.0941221867074091
59.664	0.0995446526126216
59.824	0.104935936828497
59.984	0.110261480037025
60.144	0.115492621501744
60.304	0.120606256811243
60.464	0.125584107138366
60.624	0.130411784336957
60.784	0.135077898367399
60.944	0.139573348204522
61.104	0.143890882176947
61.264	0.148024756376344
61.424	0.151970391791565
61.584	0.155723977543403
61.744	0.159282041360257
61.904	0.162641027485279
62.064	0.165797137503887
62.224	0.168746442589054
62.384	0.171485239759477
62.544	0.174010549561444
62.704	0.176320592467619
62.864	0.178415076785768
63.024	0.180295273944012
63.184	0.181963880000239
63.344	0.183424780685982
63.504	0.184682800764222
63.664	0.185743490386358
63.824	0.18661295085667
63.984	0.18729772112647
64.144	0.187804706910811
64.304	0.188141165545403
64.464	0.188314725097825
64.624	0.188333411717849
64.784	0.188205672941422
64.944	0.187940394374436
65.104	0.187546920941259
65.264	0.187035112549438
65.424	0.18641544664797
65.584	0.185699182881308
65.744	0.184898578480443
65.904	0.184027092841006
66.064	0.183099510323245
66.224	0.182131935669986
66.384	0.181141568712064
66.544	0.180146274140952
66.704	0.179164026113085
66.864	0.17821230999516
67.024	0.177307546623069
67.184	0.176464645676333
67.344	0.175696691931535
67.504	0.175014763272429
67.664	0.174427869089868
67.824	0.173942964167964
67.984	0.173565003282874
68.144	0.173297059637207
68.304	0.173140503208288
68.464	0.173095205526351
68.624	0.173159750047944
68.784	0.173331597094602
68.944	0.173607174451263
69.104	0.173981909398663
69.264	0.17445023546361
69.424	0.175005636394872
69.584	0.175640755660879
69.744	0.176347554534459
69.904	0.177117478464879
70.064	0.177941574513625
70.224	0.178810474877992
70.384	0.179714243435683
70.544	0.180642207288201
70.704	0.181582902731407
70.864	0.182524177289906
71.024	0.18345352519691
71.184	0.184358628221617
71.344	0.185227887448946
71.504	0.186050828677708
71.664	0.186818451739327
71.824	0.187523410257654
71.984	0.188159990368604
72.144	0.188724026848377
72.304	0.189212787180168
72.464	0.189624720986558
72.624	0.189959296295001
72.784	0.190216906552905
72.944	0.190398779629049
73.104	0.190506946634287
73.264	0.190544317473268
73.424	0.19051458353033
73.584	0.190422014395608
73.744	0.190271255551579
73.904	0.190067074664057
74.064	0.18981401186511
74.224	0.189516117822222
74.384	0.189176752396179
74.544	0.188798430723637
74.704	0.188382743296188
74.864	0.187930350808983
75.024	0.1874410258647
75.184	0.186913779913539
75.344	0.186347162135007
75.504	0.185739678582195
75.664	0.185090264360497
75.824	0.184398763016816
75.984	0.183666405514032
76.144	0.182896113249171
76.304	0.18209268473629
76.464	0.181262907146902
76.624	0.180415504657958
76.784	0.179560900971865
76.944	0.178710884935299
77.104	0.177878136612435
77.264	0.177075664960739
77.424	0.176316291321655
77.584	0.175612248617199
77.744	0.174974941749042
77.904	0.174414931997035
78.064	0.173942054782401
78.224	0.173565550391231
78.384	0.173294092297965
78.544	0.173135606672531
78.704	0.173096879034802
78.864	0.173183040237291
79.024	0.173397023047528
79.184	0.173739092523192
79.344	0.17420652939154
79.504	0.174793481248798
79.664	0.17549098668178
79.824	0.176287151462475
79.984	0.177167444639508
80.144	0.178115132105177
80.304	0.17911184493687
80.464	0.180138223934136
80.624	0.181174568001097
80.784	0.182201421452646
80.944	0.183200005011258
81.104	0.184152457581604
81.264	0.185041949337119
81.424	0.185852750619688
81.584	0.186570310734623
81.744	0.187181357280224
81.904	0.187673995291789
82.064	0.188037763062766
82.224	0.188263628257573
82.384	0.188343934597015
82.544	0.188272359221173
82.704	0.188043940074294
82.864	0.187655173087023
83.024	0.187104122451728
83.184	0.186390488757297
83.344	0.185515593026594
83.504	0.184482258885055
83.664	0.183294647240928
83.824	0.181958077539548
83.984	0.180478866170688
84.144	0.178864208401592
84.304	0.177122047200555
84.464	0.175260870049442
84.624	0.173289541131908
84.784	0.171217229554259
84.944	0.169053302887278
85.104	0.166807222371517
85.264	0.164488488314873
85.424	0.162106517620032
85.584	0.159670429476591
85.744	0.15718891403003
85.904	0.154670187016109
86.064	0.15212204593854
86.224	0.149552154191497
86.384	0.146968461524466
86.544	0.144379544974527
86.704	0.141794924179976
86.864	0.139225339185487
87.024	0.13668282408662
87.184	0.134180587303945
87.344	0.131732866380389
87.504	0.129354712439181
87.664	0.127061673202206
87.824	0.124869479571771
87.984	0.122793694243683
88.144	0.120849228777388
88.304	0.119049913257641
88.464	0.117408178986352
88.624	0.115934769125943
88.784	0.114638590992854
88.944	0.113526741839905
89.104	0.112604610439575
89.264	0.111875985225652
89.424	0.111343259612568
89.584	0.111007612275444
89.744	0.110869153364092
89.904	0.110926996067519
90.064	0.111179231926599
90.224	0.111622890536182
90.384	0.11225393513314
90.544	0.113067198507906
90.704	0.114056375229211
90.864	0.115214068084697
91.024	0.116531756831591
91.184	0.117999652712115
91.344	0.119606635416403
91.504	0.121340228065947
91.664	0.123186693703701
91.824	0.125131324856284
91.984	0.127158919824524
92.144	0.129254402025708
92.304	0.131403576557659
92.464	0.133593658375048
92.624	0.135813418648922
92.784	0.138053070652404
92.944	0.140304034274322
93.104	0.142558496382208
93.264	0.144809086257283
93.424	0.147048749547594
93.584	0.149270774741581
93.744	0.151468855598523
93.904	0.153637205976793
94.064	0.155770574174767
94.224	0.157864197955405
94.384	0.159913721387511
94.544	0.161915102915827
94.704	0.16386458027273
94.864	0.165758804430425
95.024	0.16759497893554
95.184	0.169370899086516
95.344	0.171084866663932
95.504	0.172735480286519
95.664	0.174321276758292
95.824	0.175840397320371
95.984	0.177290333502697
96.144	0.178667845153996
96.304	0.179969065236492
96.464	0.181189739194906
96.624	0.18232550465882
96.784	0.183372184440941
96.944	0.184325987510874
97.104	0.185183559659436
97.264	0.185941968799398
97.424	0.186598728587796
97.584	0.187151853379419
97.744	0.187599964021047
97.904	0.187942414079316
98.064	0.188179387845139
98.224	0.188311932930901
98.384	0.18834194488818
98.544	0.188272139318997
98.704	0.188106065438205
98.864	0.187848180350102
99.024	0.187503961641141
99.184	0.187080003607207
99.344	0.186584022438637
99.504	0.186024733242903
99.664	0.185411606561047
99.824	0.184754549271474
99.984	0.184063560211598
100.144	0.183348430739443
100.304	0.182618515459126
100.464	0.181882568380843
100.624	0.181148641166601
100.784	0.180424035443593
100.944	0.179715268398013
101.104	0.179028036113323
101.264	0.178367179471479
101.424	0.177736650865427
101.584	0.177139499920031
101.744	0.176577918930434
101.904	0.176053357434739
102.064	0.175566718548453
102.224	0.175118646750434
102.384	0.174709857843936
102.544	0.174341437330895
102.704	0.174015045846772
102.864	0.173732995840055
103.024	0.173498181048217
103.184	0.173313885640255
103.344	0.173183520788825
103.504	0.1731103596926
103.664	0.173097309931563
103.824	0.17314674877025
103.984	0.173260430836763
104.144	0.173439447510191
104.304	0.173684214473269
104.464	0.173994488437984
104.624	0.174369413000477
104.784	0.174807599926226
104.944	0.175307289375723
105.104	0.175866576536009
105.264	0.176483651090621
105.424	0.177156954765906
105.584	0.177885152241743
105.744	0.178666822805553
105.904	0.179499915737779
106.064	0.180381081305768
106.224	0.181305091019112
106.384	0.182264523246431
106.544	0.183249840520602
106.704	0.184249817616092
106.864	0.185252116003994
107.024	0.186243778446169
107.184	0.187211537743224
107.344	0.188141894539967
107.504	0.189021066248188
107.664	0.189835020737974
107.824	0.190569778806548
107.984	0.191211974992711
108.144	0.191749610838542
108.304	0.192172838644638
108.464	0.192474593310635
108.624	0.192650891326139
108.784	0.192700799333124
108.944	0.192626057347752
109.104	0.192430588531806
109.264	0.192119975005426
109.424	0.191700958885576
109.584	0.191181096810851
109.744	0.190568629585414
109.904	0.189872357116201
110.064	0.189101550422947
110.224	0.188265927707562
110.384	0.187375539001096
110.544	0.186440562089501
110.704	0.185471229464838
110.864	0.184477824341684
111.024	0.183470708123878
111.184	0.182460438302314
111.344	0.181457885321379
111.504	0.180474209268596
111.664	0.17952071414993
111.824	0.178608555108895
111.984	0.177748278977106
112.144	0.17694935118061
112.304	0.176219709430825
112.464	0.175565388534324
112.624	0.174990314970728
112.784	0.174496285608711
112.944	0.174083064961906
113.104	0.173748602503565
113.264	0.173489328181404
113.424	0.173300452601779
113.584	0.17317624378893
113.744	0.173110266645836
113.904	0.173095575165007
114.064	0.173124890558483
114.224	0.173190784475537
114.384	0.173285867953837
114.544	0.173402980312403
114.704	0.17353534955555
114.864	0.173676698580039
115.024	0.173821289854914
115.184	0.173963910629482
115.344	0.174099822218068
115.504	0.17422471308646
115.664	0.17433467246201
115.824	0.174426202133418
115.984	0.174496267256927
116.144	0.174542362021839
116.304	0.17456256279047
