232.944	0.550269558715669
233.104	0.549252023661879
233.264	0.548190143472752
233.424	0.547082404445732
233.584	0.545927369805653
233.744	0.544723767697619
233.904	0.543470604704609
234.064	0.542167271055447
234.224	0.540813600083638
234.384	0.539409883834523
234.544	0.537956885208402
234.704	0.536455825519667
234.864	0.534908352378224
235.024	0.533316492711535
235.184	0.531682643473843
235.344	0.530009593247129
235.504	0.528300569038706
235.664	0.526559329792846
235.824	0.524790254866261
235.984	0.522998412588819
236.144	0.52118960310365
236.304	0.519370349112464
236.464	0.517547751598428
236.624	0.515729257522352
236.784	0.513922375048693
236.944	0.512134347824585
237.104	0.510371889787606
237.264	0.508641042513077
237.424	0.506947082573035
237.584	0.505294454659676
237.744	0.503686706656637
237.904	0.502126421150408
238.064	0.500615167904172
238.224	0.499153628662654
238.384	0.497741868938178
238.544	0.496379717826002
238.704	0.495067221604458
238.864	0.493804985714164
239.024	0.49259421797926
239.184	0.491436485805636
239.344	0.490333304472856
239.504	0.489285604028041
239.664	0.488293265310617
239.824	0.487354918192167
239.984	0.486468003689524
240.144	0.4856290402506
240.304	0.484834030092472
240.464	0.484078849504201
240.624	0.4833594946234
240.784	0.482672248716412
240.944	0.482013742045794
241.104	0.481380828620317
241.264	0.480770381473789
241.424	0.480179134531724
241.584	0.479603571491836
241.744	0.479039914829158
241.904	0.478484252650034
242.064	0.477932874053906
242.224	0.477382704961357
242.384	0.476831746230729
242.544	0.476279347828594
242.704	0.475726327333504
242.864	0.47517489229476
243.024	0.474628477926885
243.184	0.474091467129071
243.344	0.473568908459171
243.504	0.473066196308068
243.664	0.472588717798303
243.824	0.472141450399008
243.984	0.471728683085573
244.144	0.471353816232622
244.304	0.471019297174152
244.464	0.470726789222041
244.624	0.470477556427724
244.784	0.470272823386651
244.944	0.470114072603835
245.104	0.470003204384724
245.264	0.469942403625495
245.424	0.469933770798249
245.584	0.469979046145383
245.744	0.470079484587856
245.904	0.470235920924765
246.064	0.470449114392565
246.224	0.470720231351194
246.384	0.471051118430793
246.544	0.471444321287308
246.704	0.471902932930661
246.864	0.47243020490167
247.024	0.473029018922134
247.184	0.473701484409204
247.344	0.474448683267937
247.504	0.475270527770178
247.664	0.476165819781087
247.824	0.47713251340916
247.984	0.478167981649776
248.144	0.479269319309466
248.304	0.48043366360524
248.464	0.481658469156329
248.624	0.482941653140912
248.784	0.484281569410356
248.944	0.485676757045425
249.104	0.48712554635658
249.264	0.488625696712049
249.424	0.490174199268253
249.584	0.491767292079757
249.744	0.493400698979869
249.904	0.495070047103908
250.064	0.496771314470593
250.224	0.498501159691372
250.384	0.500257026087453
250.544	0.502037041299431
250.704	0.503839725543614
250.864	0.505663623089092
251.024	0.507506923303467
251.184	0.509367177173132
251.344	0.511241146085453
251.504	0.513124798464148
251.664	0.51501340825034
251.824	0.516901750033227
251.984	0.518784339531393
252.144	0.520655721121486
252.304	0.522510719163606
252.464	0.524344584732191
252.624	0.526153039599237
252.784	0.527932326742118
252.944	0.52967921981211
253.104	0.531391004275278
253.264	0.533065480278978
253.424	0.534700987903292
253.584	0.536296379632901
253.744	0.537850948348918
253.904	0.539364339931225
254.064	0.540836422027311
254.224	0.542267145172488
254.384	0.543656472698203
254.544	0.545004364789563
254.704	0.546310791830692
254.864	0.547575810076282
255.024	0.548799667541729
255.184	0.54998288612363
255.344	0.551126309893377
255.504	0.5522311314338
255.664	0.553298869609861
255.824	0.554331293656148
255.984	0.555330313138754
256.144	0.556297874981666
256.304	0.557235879670301
256.464	0.558146141737083
256.624	0.559030389611493
256.784	0.559890294108115
256.944	0.560727498543983
257.104	0.561543639434703
257.264	0.562340343927573
257.424	0.563119195905458
257.584	0.563881670952284
257.744	0.564629071562919
257.904	0.56536248643225
258.064	0.566082763380209
258.224	0.566790521598804
258.384	0.567486206735552
258.544	0.568170170188964
258.704	0.568842751865347
258.864	0.569504353092483
259.024	0.570155473730026
259.184	0.570796708410896
259.344	0.571428710012512
259.504	0.572052128054835
259.664	0.572667530403109
259.824	0.573275342514805
259.984	0.573875811199727
260.144	0.574468993673108
260.304	0.575054764479475
260.464	0.57563284413952
260.624	0.576202848511841
260.784	0.576764360239551
260.944	0.577316999838317
261.104	0.577860471532162
261.264	0.578394585536202
261.424	0.578919246250322
261.584	0.579434394539462
261.744	0.579939926409835
261.904	0.58043562193437
262.064	0.580921108856373
262.224	0.581395864239298
262.384	0.581859253960189
262.544	0.582310589072378
262.704	0.582749178254275
262.864	0.583174372674577
263.024	0.583585607935774
263.184	0.583982427887676
263.344	0.58436450353831
263.504	0.584731664682849
263.664	0.585083916687424
263.824	0.585421405285032
263.984	0.585744361981298
264.144	0.586053036536939
264.304	0.58634760878202
264.464	0.586628111577895
264.624	0.586894392410031
264.784	0.587146108020406
264.944	0.58738276294774
265.104	0.587603795373681
265.264	0.587808684402702
265.424	0.587997060586289
265.584	0.588168817401126
265.744	0.588324187766929
265.904	0.588463766045763
266.064	0.588588469255214
266.224	0.588699453187004
266.384	0.588798003220106
266.544	0.588885427510874
266.704	0.588962976763511
266.864	0.589031807667183
267.024	0.58909297176676
267.184	0.589147432237027
267.344	0.589196099129694
267.504	0.589239882171725
267.664	0.589279731662586
267.824	0.589316669783429
267.984	0.589351791526141
268.144	0.589386247467289
268.304	0.589421212959607
268.464	0.589457864421021
268.624	0.589497381565124
268.784	0.589540977094416
268.944	0.58958991015912
269.104	0.589645478750001
269.264	0.589708994345798
269.424	0.589781728264697
269.584	0.589864830998849
269.744	0.589959252456239
269.904	0.590065678127857
270.064	0.590184496890558
270.224	0.590315813445713
270.384	0.590459463248564
270.544	0.590615023362076
270.704	0.590781844138675
270.864	0.590959106860154
271.024	0.591145887681577
271.184	0.591341238303798
271.344	0.591544285281074
271.504	0.591754312449368
271.664	0.591970807880372
271.824	0.592193470949766
271.984	0.592422199711379
272.144	0.592657065634327
272.304	0.592898274952049
272.464	0.593146114531848
272.624	0.593400892553788
272.784	0.593662860680112
272.944	0.593932139070589
273.104	0.594208622420282
273.264	0.594491887991566
273.424	0.594781124638175
273.584	0.595075128019104
273.744	0.59537233126359
273.904	0.595670880847123
274.064	0.595968739069392
274.224	0.596263780604872
274.384	0.596553829663534
274.544	0.596836670273476
274.704	0.597110023920592
274.864	0.597371505956616
275.024	0.597618591089415
275.184	0.597848638323327
275.344	0.598058951640596
275.504	0.598246901843922
275.664	0.598410062311856
275.824	0.598546316072813
275.984	0.598653898366862
276.144	0.598731415136157
276.304	0.598777822117071
276.464	0.598792382294093
276.624	0.598774615720785
276.784	0.598724280926476
276.944	0.598641363235842
277.104	0.598526062351809
277.264	0.598378751591596
277.424	0.598199914964297
277.584	0.59799007056823
277.744	0.597749699232153
277.904	0.59747918488317
278.064	0.597178805440521
278.224	0.596848789349949
278.384	0.596489423388888
278.544	0.596101195682465
278.704	0.595684923933888
278.864	0.595241836285695
279.024	0.594773588185987
279.184	0.594282222659885
279.344	0.593770060387087
279.504	0.593239562193602
279.664	0.592693192137787
279.824	0.592133316058138
279.984	0.591562134299451
280.144	0.590981669271898
280.304	0.590393782567261
280.464	0.589800220381548
280.624	0.589202656594054
280.784	0.588602723977758
280.944	0.588002004369613
281.104	0.587401992926445
281.264	0.586804054309297
281.424	0.586209383120192
281.584	0.585618963447516
281.744	0.585033551826527
281.904	0.584453691730616
282.064	0.583879742428493
282.224	0.583311907886056
282.384	0.582750282420918
282.544	0.582194883487759
282.704	0.581645683545148
282.864	0.581102653537968
283.024	0.580565802823443
283.184	0.580035194842466
283.344	0.579510955840917
283.504	0.578993267918392
283.664	0.578482339219121
283.824	0.577978381479213
283.984	0.577481600197629
284.144	0.576992173203493
284.304	0.576510227182084
284.464	0.576035811224969
284.624	0.575568865739271
284.784	0.57510919120368
284.944	0.574656440598389
285.104	0.574210137515578
285.264	0.573769715709076
285.424	0.57333458345714
285.584	0.572904184569879
285.744	0.572478034964078
285.904	0.572055732305543
286.064	0.571636957435018
286.224	0.571221466758729
286.384	0.570809088255302
286.544	0.570399724551848
286.704	0.569993358068913
286.864	0.569590046735343
287.024	0.569189915927083
287.184	0.568793142461843
287.344	0.568399942633548
287.504	0.568010566599625
287.664	0.567625299788276
287.824	0.567244446992376
287.984	0.566868294784044
288.144	0.566497053208693
288.304	0.566130797430603
288.464	0.565769415532699
288.624	0.565412585864109
288.784	0.565059803457686
288.944	0.564710452549647
289.104	0.56436389011769
289.264	0.564019519815744
289.424	0.563676844142705
289.584	0.563335479588588
289.744	0.562995157257021
289.904	0.56265572838025
290.064	0.562317175107054
290.224	0.561979610996545
290.384	0.561643265988138
290.544	0.561308442749734
290.704	0.560975448408882
290.864	0.560644516272461
291.024	0.560315746418539
291.184	0.559989087941332
291.344	0.559664369259949
291.504	0.559341363810617
291.664	0.559019862092143
291.824	0.558699720316937
291.984	0.558380858938889
292.144	0.558063193544726
292.304	0.557746530115864
292.464	0.557430480032778
292.624	0.557114419080435
292.784	0.556797523323823
292.944	0.556478882261658
293.104	0.556157661557435
293.264	0.555833259945629
293.424	0.555505443258298
293.584	0.555174392642343
293.744	0.554840673384874
293.904	0.554505157327341
294.064	0.554168943518206
294.224	0.55383325749294
294.384	0.553499395481637
294.544	0.553168734820119
294.704	0.552842771100856
294.864	0.552523145042628
295.024	0.552211687094868
295.184	0.551910448822227
295.344	0.551621711862467
295.504	0.551347950523436
295.664	0.551091761618622
295.824	0.550855761496777
295.984	0.550642490817253
296.144	0.55045431198208
296.304	0.550293318764759
296.464	0.55016127221289
296.624	0.550059579212515
296.784	0.549989284029593
296.944	0.549951096391894
297.104	0.549945439338657
297.264	0.5499725256809
297.424	0.550032457627296
297.584	0.550125349967672
297.744	0.550251430429896
297.904	0.550411109333865
298.064	0.550604979767783
298.224	0.550833740548896
298.384	0.551098051841606
298.544	0.551398368790544
298.704	0.551734774478959
298.864	0.552106876392642
299.024	0.552513761739576
299.184	0.552954020108515
299.344	0.55342581688727
299.504	0.553927002436339
299.664	0.554455209804459
299.824	0.555007957752238
299.984	0.555582722363269
300.144	0.556176986940486
300.304	0.5567882845301
300.464	0.557414225270108
300.624	0.558052484255981
300.784	0.558700783629362
300.944	0.559356861933892
301.104	0.560018446122783
301.264	0.56068323633211
301.424	0.561348916474557
301.584	0.562013175723834
301.744	0.562673758189518
301.904	0.563328516012731
302.064	0.563975448757319
302.224	0.564612739306753
302.384	0.565238797143238
302.544	0.565852275092809
302.704	0.566452063516735
302.864	0.567037284394743
303.024	0.56760727548469
303.184	0.568161553160152
303.344	0.568699767633447
303.504	0.569221666757173
303.664	0.569727077732054
303.824	0.57021590883231
303.984	0.570688180562385
304.144	0.571144063249719
304.304	0.571583893979707
304.464	0.572008181445867
304.624	0.572417601672427
304.784	0.572812955270805
304.944	0.573195106705199
305.104	0.573564956754851
305.264	0.57392343509143
305.424	0.574271496379694
305.584	0.574610135109864
305.744	0.574940412809255
305.904	0.575263467620616
306.064	0.575580509423887
306.224	0.575892801017275
306.384	0.576201604369416
306.544	0.576508107632421
306.704	0.576813356442912
306.864	0.577118184375351
307.024	0.577423148343982
307.184	0.577728501503188
307.344	0.578034218802813
307.504	0.578340059302363
307.664	0.578645642543947
307.824	0.578950530793222
307.984	0.579254301105024
308.144	0.579556585137354
308.304	0.57985706284471
308.464	0.580155426234953
308.624	0.580451325279157
308.784	0.580744325136138
308.944	0.581033884335383
309.104	0.581319352535658
309.264	0.581599995224721
309.424	0.581875059418323
309.584	0.582143850490226
309.744	0.582405799624652
309.904	0.582660516251607
310.064	0.582907811817321
310.224	0.583147682682053
310.384	0.583380266550179
310.544	0.583605776838553
310.704	0.583824430167155
310.864	0.584036402982107
311.024	0.584241801354821
311.184	0.584440645415881
311.344	0.584632870579057
311.504	0.584818346430936
311.664	0.584996891165744
311.824	0.585168295275579
311.984	0.585332356675607
312.144	0.585488935103442
312.304	0.585638008929536
312.464	0.585779724782
312.624	0.585914411399514
312.784	0.586042562976488
312.944	0.58616477111768
313.104	0.586281624294358
313.264	0.586393607409534
313.424	0.586501033624003
313.584	0.586603998592338
313.744	0.586702385979251
313.904	0.58679591756065
314.064	0.586884212655931
314.224	0.586966854558156
314.384	0.587043451021415
314.544	0.587113655787888
314.704	0.587177170863626
314.864	0.587233739447171
315.024	0.587283117398542
315.184	0.587325045122085
315.344	0.587359253716031
315.504	0.587385484839146
315.664	0.587403510907492
315.824	0.587413164692109
315.984	0.587414356884025
316.144	0.587407082796275
316.304	0.587391431233286
316.464	0.587367590539017
316.624	0.587335844333765
316.784	0.58729657607482
316.944	0.587250266531996
317.104	0.587197471318561
317.264	0.587138784642136
317.424	0.587074803918355
317.584	0.58700611222217
317.744	0.586933288196335
317.904	0.5868569116315
318.064	0.58677757705486
318.224	0.586695918840221
318.384	0.586612634178991
318.544	0.586528492041836
318.704	0.586444354359273
318.864	0.586361187302472
319.024	0.586280059091948
319.184	0.586202141082694
319.344	0.586128706086683
319.504	0.586061104641132
319.664	0.586000750332616
319.824	0.585949125721115
319.984	0.585907778937994
320.144	0.585878307845789
320.304	0.585862347324607
320.464	0.585861547432202
320.624	0.585877531172557
320.784	0.585911866096737
320.944	0.585966058643166
321.104	0.5860415588172
321.264	0.586139772935255
321.424	0.586262071778705
321.584	0.586409769903852
321.744	0.586584089485243
321.904	0.586786132134634
322.064	0.587016862686866
322.224	0.587277132494975
322.384	0.587567732715215
322.544	0.587889464437282
322.704	0.588243206988849
322.864	0.58862998150299
323.024	0.589050966994918
323.184	0.589507499090345
323.344	0.590001060084589
323.504	0.590533274436766
323.664	0.591105920567131
323.824	0.5917209805704
323.984	0.592380673659633
324.144	0.593087473305488
324.304	0.593844106295521
324.464	0.594653502862613
324.624	0.595518695724294
324.784	0.596442719597505
324.944	0.597428515007195
325.104	0.59847885484082
325.264	0.59959632526521
325.424	0.600783333106833
325.584	0.602042113177546
325.744	0.603374722241696
325.904	0.60478299735523
326.064	0.60626843386261
326.224	0.607832037069201
326.384	0.609474152160359
326.544	0.611194312788299
326.704	0.612991135358172
326.864	0.614862306848906
327.024	0.616804617556213
327.184	0.618814042377821
327.344	0.620885819767224
327.504	0.623014512042104
327.664	0.625194014381734
327.824	0.627417569073131
327.984	0.629677803118781
328.144	0.631966801100404
328.304	0.6342762126
328.464	0.63659742383264
328.624	0.638921733902336
328.784	0.641240511425266
328.944	0.643545303054665
329.104	0.64582789978094
329.264	0.648080357226078
329.424	0.650295000292132
329.584	0.652464414215032
329.744	0.654581432815334
329.904	0.656639145644803
330.064	0.658630929720161
330.224	0.660550509142169
330.384	0.662392046985403
330.544	0.664150259869288
330.704	0.665820544969037
330.864	0.667399093430831
331.024	0.668882967705756
331.184	0.670270151261477
331.344	0.671559582672884
331.504	0.672751174950221
331.664	0.673845812298381
331.824	0.674845329852459
331.984	0.675752432380634
332.144	0.676570563946868
332.304	0.677303744904904
332.464	0.67795640472319
332.624	0.678533231211915
332.784	0.679039066935772
332.944	0.679478862809148
333.104	0.679857665553399
333.264	0.680180597110294
333.424	0.680452808396254
333.584	0.680679407145433
333.744	0.680865374979774
333.904	0.681015480322728
334.064	0.681134215002245
334.224	0.681225756613472
334.384	0.681293952759845
334.544	0.681342318652767
334.704	0.681374040210628
334.864	0.681391979504482
335.024	0.681398686808691
335.184	0.681396416871664
335.344	0.681387145315895
335.504	0.681372585315088
335.664	0.681354202908764
335.824	0.68133323027466
335.984	0.681310681261081
336.144	0.681287372314088
336.304	0.68126394666514
336.464	0.681240900263944
336.624	0.681218604454145
336.784	0.681197321461681
336.944	0.681177216018554
337.104	0.681158365601831
337.264	0.681140769856526
337.424	0.681124363917021
337.584	0.681109036861656
337.744	0.681094647519288
337.904	0.681081033744604
338.064	0.681068021416806
338.224	0.681055430882012
338.384	0.681043081387898
338.544	0.681030799789269
338.704	0.681018435353295
338.864	0.681005880161521
339.024	0.680993096505333
339.184	0.680980141179035
339.344	0.680967174816729
339.504	0.68095445363538
339.664	0.680942304709831
339.824	0.680931083492382
339.984	0.680921129136678
340.144	0.680912732564522
340.304	0.680906130067243
340.464	0.680901516685296
340.624	0.680899071582118
340.784	0.680898979809157
340.944	0.680901446750099
341.104	0.680906696513247
341.264	0.680914957883815
341.424	0.680926442787111
341.584	0.680941323456906
341.744	0.680959707871338
341.904	0.680981617731263
342.064	0.681006966494166
342.224	0.681035545632554
342.384	0.681067021325092
342.544	0.681100939542645
342.704	0.68113673282879
342.864	0.681173730450908
343.024	0.681211163130129
343.184	0.681248159854832
343.344	0.681283742222703
343.504	0.681316820754844
343.664	0.681346186634684
343.824	0.681370498260335
343.984	0.681388259286493
344.144	0.681397785124247
344.304	0.681397162811535
344.464	0.681384217294337
344.624	0.681356497003591
344.784	0.681311289664379
344.944	0.681245672251109
345.104	0.681156589935753
345.264	0.681040955945136
345.424	0.680895761544562
345.584	0.680718184294577
345.744	0.680505679480902
345.904	0.68025605142121
346.064	0.679967504471293
346.224	0.679638670063937
346.384	0.679268605804467
346.544	0.678856788314974
346.704	0.678403091005393
346.864	0.677907753597353
347.024	0.677371369630507
347.184	0.67679491044747
347.344	0.676179764942091
347.504	0.675527820913928
347.664	0.674841577023685
347.824	0.674124235210272
347.984	0.673379737280854
348.144	0.672612742536032
348.304	0.671828523303517
348.464	0.671032796886536
348.624	0.670231517623094
348.784	0.669430655072787
348.944	0.6686359886031
349.104	0.667852976971673
349.264	0.66708667696291
