0.0144	0.12690141968857
0.0304	0.126841918962757
0.0464	0.126764358523449
0.0624	0.12666902547574
0.0784	0.126556218955055
0.0944	0.12642623522112
0.1104	0.126279358930883
0.1264	0.126115861400369
0.1424	0.125936008461041
0.1584	0.125740068387092
0.1744	0.125528318935737
0.1904	0.125301050563262
0.2064	0.125058568783455
0.2224	0.124801193556896
0.2384	0.124529255567834
0.2544	0.12424309078645
0.2704	0.123943035591343
0.2864	0.123629420945857
0.3024	0.123302568001272
0.3184	0.122962787257672
0.3344	0.122610381059961
0.3504	0.122245647054139
0.3664	0.121868881611629
0.3824	0.121480384601184
0.3984	0.12108046572387
0.4144	0.120669451504458
0.4304	0.120247692310862
0.4464	0.119815569310669
0.4624	0.119373498529622
0.4784	0.118921931350186
0.4944	0.11846135126137
0.5104	0.117992267209517
0.5264	0.117515204825191
0.5424	0.117030698899227
0.5584	0.116539287104445
0.5744	0.116041505064266
0.5904	0.115537884498358
0.6064	0.115028954193231
0.6224	0.114515242171791
0.6384	0.113997278289069
0.6544	0.113475597324014
0.6704	0.112950742380821
0.6864	0.112423268382522
0.7024	0.111893744050248
0.7184	0.111362751900323
0.7344	0.110830886626951
0.7504	0.110298751851491
0.7664	0.109766955198084
0.7824	0.109236103138093
0.7984	0.10870679584407
0.8144	0.108179622415145
0.8304	0.107655156854317
0.8464	0.10713395456056
0.8624	0.106616549368597
0.8784	0.106103452982053
0.8944	0.105595156804759
0.9104	0.105092134731858
0.9264	0.104594846939524
0.9424	0.104103743130224
0.9584	0.103619264522501
0.9744	0.103141844089365
0.9904	0.102671904433872
1.0064	0.102209854741679
1.0224	0.10175608884141
1.0384	0.101310984149329
1.0544	0.100874901117645
1.0704	0.100448183584311
1.0864	0.100031158493355
1.1024	0.0996241333244958
1.1184	0.0992273930463821
1.1344	0.0988411972219891
1.1504	0.0984657777468332
1.1664	0.098101338946341
1.1824	0.0977480598809466
1.1984	0.097406096184149
1.2144	0.0970755815894995
1.2304	0.0967566290389179
1.2464	0.0964493299779194
1.2624	0.0961537539151758
1.2784	0.095869950089055
1.2944	0.0955979509483749
1.3104	0.095337777389898
1.3264	0.0950894458855656
1.3424	0.0948529757135912
1.3584	0.0946283945559463
1.3744	0.0944157439179483
1.3904	0.094215085927237
1.4064	0.0940265118194814
1.4224	0.0938501528322417
1.4384	0.0936861929703774
1.4544	0.0935348832620697
1.4704	0.0933965562667183
1.4864	0.0932716404602578
1.5024	0.0931606742613882
1.5184	0.0930643211024202
1.5344	0.0929833868747778
1.5504	0.0929188411967603
1.5664	0.0928718433403768
1.5824	0.0928437737081529
1.5984	0.0928362716624287
1.6144	0.0928512803111925
1.6304	0.0928910980296882
1.6464	0.0929584351857322
1.6624	0.0930564723627283
1.6784	0.0931889144658449
1.6944	0.0933600348143573
1.7104	0.0935747008854548
1.7264	0.0938383712810484
1.7424	0.0941570495856672
1.7584	0.0945371745544774
1.7744	0.0949854161332695
1.7904	0.0955083406202188
1.8064	0.0961118987420697
1.8224	0.0968006967640829
1.8384	0.0975770330505661
1.8544	0.0984397531520997
1.8704	0.0993831080886141
1.8864	0.10039603165471
1.9024	0.101462580878048
1.9184	0.102564710352882
1.9344	0.103688992416899
1.9504	0.103213246257333
1.9664	0.102608713567753
1.9824	0.101890644888099
1.9984	0.1010784362067
2.0144	0.100194958335548
2.0304	0.099265574559058
2.0464	0.0983170648317806
2.0624	0.0973764370953125
2.0784	0.0964699003910265
2.0944	0.0956220455176657
2.1104	0.0948552716534756
2.1264	0.0941894327533248
2.1424	0.0936417041128346
2.1584	0.093226603846384
2.1744	0.0929561396921654
2.1904	0.0928400400197003
2.2064	0.0928859802258053
2.2224	0.0930997410793868
2.2384	0.0934852604959175
2.2544	0.0940445751485157
2.2704	0.0947776927388455
2.2864	0.0956824055422141
2.3024	0.0967541233106122
2.3184	0.0979858458280987
2.3344	0.0993683112366526
2.3504	0.100890311311157
2.3664	0.102539222767817
2.3824	0.104301573883107
2.3984	0.10616349340321
2.4144	0.108111020065681
2.4304	0.110130257140718
2.4464	0.112207300477587
2.4624	0.114328118284102
2.4784	0.116478451890648
2.4944	0.118643704347786
2.5104	0.120808893801885
2.5264	0.122958744794026
2.5424	0.125077873092756
2.5584	0.127151100673036
2.5744	0.129163907509551
2.5904	0.131102972061718
2.6064	0.13295674818164
2.6224	0.134715950627604
2.6384	0.136373811644522
2.6544	0.137926056212384
2.6704	0.139370646035673
2.6864	0.140707392795474
2.7024	0.141937561669955
2.7184	0.143063534386452
2.7344	0.144088536977933
2.7504	0.145016432458688
2.7664	0.145851514924063
2.7824	0.146598334815939
2.7984	0.147261581882013
2.8144	0.147846021554376
2.8304	0.148356448304503
2.8464	0.1487976835102
2.8624	0.149174532087045
2.8784	0.14949169164431
2.8944	0.149753624714905
2.9104	0.149964388852156
2.9264	0.150127452202087
2.9424	0.150245567862535
2.9584	0.150320688641896
2.9744	0.15035390971566
2.9904	0.150345451727727
3.0064	0.150294656374563
3.0224	0.150199947081114
3.0384	0.150058794385519
3.0544	0.149867694585319
3.0704	0.149622164413788
3.0864	0.149316790525022
3.1024	0.148945344774871
3.1184	0.14850091349003
3.1344	0.147976073318844
3.1504	0.147363114916343
3.1664	0.146654251352689
3.1824	0.145841829541855
3.1984	0.144918592672235
3.2144	0.143877951434485
3.2304	0.142714255310811
3.2464	0.141423083377079
3.2624	0.14000150326812
3.2784	0.138448204582948
3.2944	0.13676356609482
3.3104	0.134949706134455
3.3264	0.133010545557687
3.3424	0.130951958448518
3.3584	0.128782018158037
3.3744	0.126511297020928
3.3904	0.124153160881199
3.4064	0.121723981964791
3.4224	0.119243126970909
3.4384	0.116732813198612
3.4544	0.114217879716699
3.4704	0.111725462799287
3.4864	0.109284510212363
3.5024	0.106925088278482
3.5184	0.104677402004432
3.5344	0.10257060577375
3.5504	0.100631505670522
3.5664	0.0988833528992181
3.5824	0.0973448787756492
3.5984	0.0960296479654383
3.6144	0.0949455867136146
3.6304	0.0940946655096351
3.6464	0.0934727166061
3.6624	0.0930694036462123
3.6784	0.0928684017325736
3.6944	0.0928478808913153
3.7104	0.092981314879097
3.7264	0.0932385895781049
3.7424	0.0935873078836611
3.7584	0.0939941771864934
3.7744	0.0944263948653097
3.7904	0.0948529331833541
3.8064	0.0952456643300943
3.8224	0.09558027760876
3.8384	0.0958370166036513
3.8544	0.0960012551264011
3.8704	0.0960639150678926
3.8864	0.0960217278564581
3.9024	0.0958773529333961
3.9184	0.0956393082799289
3.9344	0.0953216852152945
3.9504	0.0949436839477418
3.9664	0.0945289231022013
3.9824	0.094104418272134
3.9984	0.0936992372881651
4.0144	0.0933429351624184
4.0304	0.0930639130760804
4.0464	0.0928879549114354
4.0624	0.0928371610612091
4.0784	0.0929293502012509
4.0944	0.0931778824841256
4.1104	0.0935918207439981
4.1264	0.0941762745640302
4.1424	0.0949328529447211
4.1584	0.095860257590088
4.1744	0.096954934318557
4.1904	0.0982117402614664
4.2064	0.0996245747116467
4.2224	0.101186877478873
4.2384	0.102891874694909
4.2544	0.104732629758361
4.2704	0.106701909858241
4.2864	0.108791954472919
4.3024	0.110994193409259
4.3184	0.113298998708217
4.3344	0.115695400876976
4.3504	0.118170759910288
4.3664	0.120710454070685
4.3824	0.123297690285263
4.3984	0.125913396908013
4.4144	0.128536248647481
4.4304	0.131142926265607
4.4464	0.133708611401705
4.4624	0.13620752489014
4.4784	0.138613496021289
4.4944	0.140900586819468
4.5104	0.143043689812397
4.5264	0.14501908490859
4.5424	0.146804985060451
4.5584	0.148382025068265
4.5744	0.149733600944161
4.5904	0.150846048867778
4.6064	0.151708681575563
4.6224	0.152313702117456
4.6384	0.152656090084646
4.6544	0.152733564038994
4.6704	0.15254666223086
4.6864	0.152098908608777
4.7024	0.151397023363907
4.7184	0.150451125215246
4.7344	0.14927487915937
4.7504	0.147885614810835
4.7664	0.146304440807613
4.7824	0.144556341204373
4.7984	0.142670182434959
4.8144	0.140678513644896
4.8304	0.138617042107864
4.8464	0.136523839132113
4.8624	0.134438406301346
4.8784	0.132400687763218
4.8944	0.130450193912122
4.9104	0.128625377677305
4.9264	0.126963188819394
4.9424	0.125498634765341
4.9584	0.124264197968833
4.9744	0.123288988442119
4.9904	0.122597588541267
5.0064	0.122208679844063
5.0224	0.122133642719399
5.0384	0.12237529461674
5.0544	0.122926910391153
5.0704	0.123771702665937
5.0864	0.12488285882957
5.1024	0.126224147740003
5.1184	0.127751070764524
5.1344	0.129412378322646
5.1504	0.131151797307155
5.1664	0.132909789006719
5.1824	0.134625354449945
5.1984	0.136237897819419
5.2144	0.137689434234529
5.2304	0.138927030485065
5.2464	0.139905393684156
5.2624	0.140589342236393
5.2784	0.140955820950561
5.2944	0.140994984467564
5.3104	0.140710272958338
5.3264	0.14011759096354
5.3424	0.139243849579165
5.3584	0.138125059979246
5.3744	0.136804201372636
5.3904	0.135329059079625
5.4064	0.133750165129408
5.4224	0.132118860922036
5.4384	0.130485579416528
5.4544	0.128898335210937
5.4704	0.127401480533376
5.4864	0.12603476876927
5.5024	0.124832763366785
5.5184	0.12382460615754
5.5344	0.123034173121366
5.5504	0.12248053034596
5.5664	0.122178543263706
5.5824	0.122139386615584
5.5984	0.122370772218886
5.6144	0.122876775988388
5.6304	0.123657330847582
5.6464	0.124707543477983
5.6624	0.126016961373873
5.6784	0.127568962638914
5.6944	0.129340362946861
5.7104	0.13130124631875
5.7264	0.133415049438626
5.7424	0.135639022674718
5.7584	0.137925052441429
5.7744	0.140220905975979
5.7904	0.142471811428961
5.8064	0.144622199895417
5.8224	0.146617385566607
5.8384	0.148405125383756
5.8544	0.149936969788512
5.8704	0.151169462630002
5.8864	0.152065294991654
5.9024	0.152594416117831
5.9184	0.152734986420506
5.9344	0.152474031479914
5.9504	0.15180768880642
5.9664	0.150741010206675
5.9824	0.149287373820174
5.9984	0.147467684194003
6.0144	0.145309542848423
6.0304	0.142846417579959
6.0464	0.140116867924445
6.0624	0.13716371846597
6.0784	0.134033028529532
6.0944	0.130772847640288
6.1104	0.127431911256697
6.1264	0.124058300088395
6.1424	0.120698323230856
6.1584	0.117395812366739
6.1744	0.114191725522614
6.1904	0.111123873114713
6.2064	0.108226800750461
6.2224	0.105531514870182
6.2384	0.103064895383322
6.2544	0.100849015690186
6.2704	0.0989005023025422
6.2864	0.0972299166038866
6.3024	0.0958413955152846
6.3184	0.0947326280177547
6.3344	0.0938950348585994
6.3504	0.0933141405929279
6.3664	0.092970217867391
6.3824	0.0928391036776945
6.3984	0.0928931554958483
6.4144	0.0931022841393458
6.4304	0.0934349576656679
6.4464	0.0938591411241658
6.4624	0.0943431321986035
6.4784	0.0948562945658127
6.4944	0.0953698049178877
6.5104	0.095857459621433
6.5264	0.0962964506971469
6.5424	0.0966681123624396
6.5584	0.0969584912134316
6.5744	0.097158638006702
6.5904	0.0972645679647419
6.6064	0.0972769379864271
6.6224	0.0972004185590558
6.6384	0.0970429276754956
6.6544	0.0968148052435263
6.6704	0.0965279953880387
6.6864	0.0961953342729194
6.7024	0.0958300309667734
6.7184	0.0954452575470519
6.7344	0.0950538133843351
6.7504	0.0946678321757863
6.7664	0.0942985236864198
6.7824	0.0939559318577787
6.7984	0.0936487454444634
6.8144	0.0933841592077345
6.8304	0.0931678003500727
6.8464	0.0930037376626025
6.8624	0.0928945633406864
6.8784	0.0928415197535255
6.8944	0.0928446511639596
6.9104	0.0929029685465137
6.9264	0.0930146192207193
6.9424	0.0931770496443027
6.9584	0.09338714251406
6.9744	0.0936413466381047
6.9904	0.0939358293087276
7.0064	0.0942666661459066
7.0224	0.0946300769116775
7.0384	0.0950227068048992
7.0544	0.0954418568208419
7.0704	0.0958856523734379
7.0864	0.0963531957454862
7.1024	0.0968446888245484
7.1184	0.0973615165428345
7.1344	0.0979063818696799
7.1504	0.0984834057907733
7.1664	0.0990980761596525
7.1824	0.0997570373553156
7.1984	0.100467716014647
7.2144	0.101237712850731
7.2304	0.102074118009856
7.2464	0.102982866679472
7.2624	0.103968107436652
7.2784	0.105031705453051
7.2944	0.106172991297774
7.3104	0.107388717673313
7.3264	0.108673210154556
7.3424	0.110018810665926
7.3584	0.111416584128273
7.3744	0.112857180923585
7.3904	0.114331667921932
7.4064	0.115832138115559
7.4224	0.117351991636025
7.4384	0.118885895812074
7.4544	0.120429445104802
7.4704	0.121978650553271
7.4864	0.123529414809358
7.5024	0.125077109239642
7.5184	0.126616348009298
7.5344	0.128141020389784
7.5504	0.129644500356676
7.5664	0.13112002709237
7.5824	0.132561189575139
7.5984	0.13396230805087
7.6144	0.135318600713275
7.6304	0.136626173314534
7.6464	0.13788187545319
7.6624	0.139083067402094
7.6784	0.140227383667201
7.6944	0.141312593962997
7.7104	0.142336610165239
7.7264	0.143297648011386
7.7424	0.144194469349189
7.7584	0.145026611748585
7.7744	0.145794518364201
7.7904	0.146499541982683
7.8064	0.147143812548115
7.8224	0.147730003140579
7.8384	0.14826104765195
7.8544	0.148739922825494
7.8704	0.149169528926406
7.8864	0.149552640840589
7.9024	0.149891919831203
7.9184	0.150189966101263
7.9344	0.150449341057317
7.9504	0.150672533049851
7.9664	0.150861864524228
7.9824	0.151019377403013
7.9984	0.151146730289484
8.0144	0.151245115548097
8.0304	0.151315186236163
8.0464	0.151356987563457
8.0624	0.151369922030126
8.0784	0.151352725652184
8.0944	0.151303439194269
8.1104	0.151219402694053
8.1264	0.151097297824146
8.1424	0.150933217104579
8.1584	0.15072276471598
8.1744	0.150461183030152
8.1904	0.150143481238701
8.2064	0.149764551676664
8.2224	0.149319293450697
8.2384	0.148802735755898
8.2544	0.148210161926316
8.2704	0.147537240564256
8.2864	0.146780224409506
8.3024	0.145936171155671
8.3184	0.145003171457726
8.3344	0.143980588806829
8.3504	0.142869253379721
8.3664	0.141671508406567
8.3824	0.140391166384176
8.3984	0.139033421137753
8.4144	0.137604720422153
8.4304	0.136112610994338
8.4464	0.134565790764611
8.4624	0.132974223865071
8.4784	0.131349223439384
8.4944	0.129703394601353
8.5104	0.128050510151538
8.5264	0.1264051214294
8.5424	0.124782022572603
8.5584	0.12319554854004
8.5744	0.121658896892237
8.5904	0.12018349102294
8.6064	0.118778577737205
8.6224	0.117451043996637
8.6384	0.116205549981347
8.6544	0.11504495388379
8.6704	0.113971007792132
8.6864	0.11298497557434
8.7024	0.112088184408383
8.7184	0.111282467187917
8.7344	0.110570421020881
8.7504	0.10995541647992
8.7664	0.109441472562199
8.7824	0.109032967115962
8.7984	0.108734246083695
8.8144	0.108549191039688
8.8304	0.108480818338352
8.8464	0.108530988135443
8.8624	0.108700338449408
8.8784	0.108988292256975
8.8944	0.109393265377074
8.9104	0.109913080624608
8.9264	0.110545400453278
8.9424	0.111287960303112
8.9584	0.112138688454759
8.9744	0.113095483413545
8.9904	0.114155727510332
9.0064	0.11531559330463
9.0224	0.116569361799657
9.0384	0.1179088574013
9.0544	0.119323390800061
9.0704	0.120800053442718
9.0864	0.122324264170298
9.1024	0.123880413190117
9.1184	0.125452480433259
9.1344	0.127024357658325
9.1504	0.128579954780817
9.1664	0.13010327328426
9.1824	0.131578656093502
9.1984	0.132991191463352
9.2144	0.134327222707937
9.2304	0.135574840507818
9.2464	0.136724246652989
9.2624	0.137767819852454
9.2784	0.138699925264651
9.2944	0.13951656759477
9.3104	0.140214945750061
9.3264	0.140792981197683
9.3424	0.141248874958896
9.3584	0.141580709584258
9.3744	0.141786067866223
9.3904	0.141861694217804
9.4064	0.141803200237666
9.4224	0.141604778075338
9.4384	0.141258964320289
9.4544	0.140756523598904
9.4704	0.140086501871703
9.4864	0.139236463015167
9.5024	0.138192965251232
9.5184	0.13694233298692
9.5344	0.135471633181416
9.5504	0.133769789493465
9.5664	0.131828859755797
9.5824	0.387370607669861
9.5984	0.386966475601353
9.6144	0.386557919140823
9.6304	0.386145051081525
9.6464	0.38572593774325
9.6624	0.385296536278106
9.6784	0.384850748448506
9.6944	0.384380562137811
9.7104	0.383876277923062
9.7264	0.383326846324489
9.7424	0.382720302477112
9.7584	0.382044272402843
9.7744	0.381286532701932
9.7904	0.380435583830169
9.8064	0.379481147028554
9.8224	0.378414569353742
9.8384	0.377229121531137
9.8544	0.375920181626653
9.8704	0.374485356792472
9.8864	0.37292461357531
9.9024	0.37124035062629
9.9184	0.369437373943281
9.9344	0.36752280459724
9.9504	0.365505866490061
9.9664	0.363397456703034
9.9824	0.361209602982196
9.9984	0.358954944780163
10.0144	0.35664627334913
10.0304	0.354296169008848
10.0464	0.351916819755554
10.0624	0.349519923724108
10.0784	0.347116551115251
10.0944	0.344717002356264
10.1104	0.342330650505647
10.1264	0.33996569171315
10.1424	0.337628916859546
10.1584	0.335325651065233
10.1744	0.33305971661301
10.1904	0.330833311671663
10.2064	0.328646999400033
10.2224	0.32649975572075
10.2384	0.324388926967953
10.2544	0.32231026324757
10.2704	0.32025823510722
10.2864	0.318226520363639
10.3024	0.316208665771696
10.3184	0.314198860855949
10.3344	0.312192591935032
10.3504	0.310186945408334
10.3664	0.308180666330874
10.3824	0.306173860752569
10.3984	0.30416742751305
10.4144	0.302162490557302
10.4304	0.300160018737611
10.4464	0.298160595193278
10.4624	0.296164472462868
10.4784	0.294171867991455
10.4944	0.292183311872679
10.5104	0.290199945776145
10.5264	0.288223694640673
10.5424	0.286257163681733
10.5584	0.284303385307104
10.5744	0.282365584775585
10.5904	0.280447017137704
10.6064	0.278550885300048
10.6224	0.276680525021048
10.6384	0.274839735012217
10.6544	0.273033082484439
10.6704	0.271266114235306
10.6864	0.269545368844865
10.7024	0.267878089716449
10.7184	0.266271778624942
10.7344	0.264733865698856
10.7504	0.263271527712172
10.7664	0.261891672691626
10.7824	0.260601130541124
10.7984	0.25940699127358
10.8144	0.258316869291093
10.8304	0.257339019851859
10.8464	0.256482262474021
10.8624	0.25575566912354
10.8784	0.255168030746447
10.8944	0.254727122386211
10.9104	0.254438901105311
10.9264	0.254306948906489
10.9424	0.254332247157794
10.9584	0.254513345768142
10.9744	0.254846909829447
10.9904	0.255328598196862
11.0064	0.255953957201009
11.0224	0.256719109875401
11.0384	0.257621106677922
11.0544	0.258657864955007
11.0704	0.259827882558161
11.0864	0.26112991013276
11.1024	0.262562632910165
11.1184	0.264124340874583
11.1344	0.265812621910098
11.1504	0.26762407239683
11.1664	0.269553944690748
11.1824	0.271595837229046
11.1984	0.273741700670697
11.2144	0.275982180401444
11.2304	0.278307264759026
11.2464	0.280707117799269
11.2624	0.283172908065402
11.2784	0.285697286207167
11.2944	0.288274458697731
11.3104	0.290899787070816
11.3264	0.293569002804345
11.3424	0.296277212217446
11.3584	0.299018028082893
11.3744	0.301783020122551
11.3904	0.304561538915689
11.4064	0.307341014210415
11.4224	0.310107662070311
11.4384	0.312847342207305
11.4544	0.315546373748775
11.4704	0.31819215542557
11.4864	0.320773504395406
11.5024	0.323280756653928
11.5184	0.32570568179518
11.5344	0.328041318115848
11.5504	0.330281828132174
11.5664	0.332422519248313
11.5824	0.334459929467489
11.5984	0.336391912478538
11.6144	0.338217656391024
11.6304	0.339937596027653
11.6464	0.341553131474548
11.6624	0.343066297081766
11.6784	0.344479388568689
11.6944	0.345794677284113
11.7104	0.347014275454723
11.7264	0.348140118611805
11.7424	0.349173981976028
11.7584	0.35011756555454
11.7744	0.350972547617192
11.7904	0.351740578707904
11.8064	0.352423225425794
11.8224	0.353021908397739
11.8384	0.353537820224175
11.8544	0.353971844146032
11.8704	0.354324411910893
11.8864	0.35459545317787
11.9024	0.354784510152763
11.9184	0.354891007336634
11.9344	0.354914630361519
11.9504	0.354855824459614
11.9664	0.354716185582789
11.9824	0.354498640936754
11.9984	0.35420740150037
12.0144	0.353847672367311
12.0304	0.353425169173559
12.0464	0.352945664560584
12.0624	0.352414575122066
12.0784	0.351836733723471
12.0944	0.351216391278878
12.1104	0.350557402903366
12.1264	0.34986347142495
12.1424	0.349138472676201
12.1584	0.348386714935039
12.1744	0.347613100253432
12.1904	0.346823143783026
12.2064	0.346022805446791
12.2224	0.345218143712161
12.2384	0.34441495771462
12.2544	0.343618501946456
12.2704	0.34283331565425
12.2864	0.342063284966674
12.3024	0.341311853853741
12.3184	0.340582263343367
12.3344	0.339877821172293
12.3504	0.339202175975045
12.3664	0.338559471714615
12.3824	0.3379543972498
12.3984	0.337392058830404
12.4144	0.336877646525647
12.4304	0.336415961769241
12.4464	0.336010946340574
12.4624	0.335665257353975
12.4784	0.335380074465357
12.4944	0.33515516529138
12.5104	0.334989132204212
12.5264	0.334879658848852
12.5424	0.334823883900559
12.5584	0.334818758483177
12.5744	0.334861283461746
12.5904	0.334948702244847
12.6064	0.335078639953693
12.6224	0.335249072624987
12.6384	0.33545820224676
12.6544	0.335704231167701
12.6704	0.33598501635712
12.6864	0.336297738070059
12.7024	0.336638763791458
12.7184	0.337003583773138
12.7344	0.337386933439222
12.7504	0.337783117785979
12.7664	0.338186415739411
12.7824	0.338591418047935
12.7984	0.338993337678914
12.8144	0.339388201893823
12.8304	0.339772914220134
12.8464	0.340145168781171
12.8624	0.340503217398008
12.8784	0.340845685177108
12.8944	0.341171565407003
12.9104	0.34148034486379
12.9264	0.34177223878606
12.9424	0.342048457899651
12.9584	0.342311352075031
12.9744	0.342564337393436
12.9904	0.342811574085296
13.0064	0.343057450562115
13.0224	0.343306145866051
13.0384	0.34356141900121
13.0544	0.343826541007401
13.0704	0.344104436054137
13.0864	0.344398010766082
13.1024	0.344710441071773
13.1184	0.345045279476176
13.1344	0.345406454218347
13.1504	0.345798135612081
13.1664	0.346224558729608
13.1824	0.34668986761612
13.1984	0.347197931640862
13.2144	0.347752150209577
13.2304	0.348355313665679
13.2464	0.349009463652854
13.2624	0.349715701937927
13.2784	0.350473964016596
13.2944	0.351282906998425
13.3104	0.352139920818219
13.3264	0.353041242435137
13.3424	0.353982207767296
13.3584	0.354957683517583
13.3744	0.35596248794917
13.3904	0.356991684665535
13.4064	0.358040776893211
13.4224	0.359105722099861
13.4384	0.360182743582504
13.4544	0.361268068544979
13.4704	0.362357652709938
13.4864	0.363446922054998
13.5024	0.364530666726605
13.5184	0.365603127814028
13.5344	0.366658148023883
13.5504	0.367689414554966
13.5664	0.368690840242663
13.5824	0.369656939878824
13.5984	0.370583143709298
13.6144	0.371466044250979
13.6304	0.372303502854233
13.6464	0.373094578597353
13.6624	0.373839351471708
13.6784	0.37453868827543
13.6944	0.375193971752988
13.7104	0.37580689787223
13.7264	0.376379351297348
13.7424	0.376913313144838
13.7584	0.377410786229974
13.7744	0.377873764902774
13.7904	0.378304195798124
13.8064	0.378703926271988
13.8224	0.379074667367923
13.8384	0.37941799018999
13.8544	0.379735340804612
13.8704	0.380028082311808
13.8864	0.380297536173718
13.9024	0.380545007548598
13.9184	0.380771789929765
13.9344	0.380979163905723
13.9504	0.381168387848166
13.9664	0.381340688496497
13.9824	0.381497251018084
13.9984	0.381639219207064
14.0144	0.381767717522034
14.0304	0.381883880085598
14.0464	0.381988874993022
14.0624	0.382083921905215
14.0784	0.382170278163568
14.0944	0.382249182970634
14.1104	0.382321796075615
14.1264	0.382389151711961
14.1424	0.38245213385011
14.1584	0.382511490711607
14.1744	0.382567892518079
14.1904	0.382621986073763
14.2064	0.382674435489283
14.2224	0.382725941090216
14.2384	0.38277721487847
14.2544	0.382828931955121
14.2704	0.382881692916914
14.2864	0.382935997964143
14.3024	0.382992242998218
14.3184	0.383050753447672
14.3344	0.383111832405918
14.3504	0.38317580115583
14.3664	0.383243032756728
14.3824	0.383313962356254
14.3984	0.383389062297846
14.4144	0.383468806562613
14.4304	0.383553651056182
14.4464	0.38364401695645
14.4624	0.383740297504035
14.4784	0.38384289227153
14.4944	0.383952243996102
14.5104	0.38406884371385
14.5264	0.38419320104122
14.5424	0.384325774172308
14.5584	0.384466876767665
14.5744	0.38461660166408
14.5904	0.384774785347506
14.6064	0.384941020865341
14.6224	0.385114718018082
14.6384	0.385295199746916
14.6544	0.385481808689968
14.6704	0.385674006458654
14.6864	0.385871456488436
14.7024	0.386074087822244
14.7184	0.386282131913093
14.7344	0.38649611681547
14.7504	0.386716816985538
14.7664	0.386945186083411
14.7824	0.387182270899263
14.7984	0.387429119893129
14.8144	0.387686704740497
14.8304	0.387955871368149
14.8464	0.388237295562914
14.8624	0.388531449942591
14.8784	0.388838575765604
14.8944	0.389158640712237
14.9104	0.389491287287058
14.9264	0.38983581505833
14.9424	0.390191203868748
14.9584	0.39055617756437
14.9744	0.39092929218409
14.9904	0.391309047835601
15.0064	0.391693962768663
15.0224	0.392082581168669
15.0384	0.392473409911188
15.0544	0.392864800059685
15.0704	0.393254796188628
15.0864	0.393641025733566
15.1024	0.394020659620018
15.1184	0.394390467034899
15.1344	0.394746949128368
15.1504	0.395086521351904
15.1664	0.395405658775111
15.1824	0.395700971214579
15.1984	0.395969191721559
15.2144	0.396207110535335
15.2304	0.396411460797817
15.2464	0.396578815686088
15.2624	0.396705548646047
15.2784	0.396787911849964
15.2944	0.396822199695181
15.3104	0.396804969407888
15.3264	0.396733286577977
15.3424	0.396604983731089
15.3584	0.396418842272271
15.3744	0.396174715159336
15.3904	0.395873600720658
15.4064	0.395517698648469
15.4224	0.395110422522565
15.4384	0.394656383785849
15.4544	0.394161311089608
15.4704	0.393631888006964
15.4864	0.393075477699772
15.5024	0.392499795693606
15.5184	0.391912571044208
15.5344	0.391321245848681
15.5504	0.390732719661057
15.5664	0.390153144406657
15.5824	0.389587739249779
15.5984	0.389040616763164
15.6144	0.38851462212145
15.6304	0.388011213252609
15.6464	0.387530402839331
15.6624	0.387070787852966
15.6784	0.386629655068408
15.6944	0.386203137884065
15.7104	0.385786382580262
15.7264	0.385373737994701
15.7424	0.384958944660789
15.7584	0.384535324073488
15.7744	0.384095985963983
15.7904	0.383634078417569
15.8064	0.383143059405305
15.8224	0.382616998984127
15.8384	0.382050887062385
15.8544	0.381440894392596
15.8704	0.38078452195521
15.8864	0.380080634071966
15.9024	0.379329325202456
15.9184	0.378531670343505
15.9344	0.377689428485048
15.9504	0.376804774752388
15.9664	0.375880068374235
15.9824	0.374917747026434
15.9984	0.37392030263549
16.0144	0.372890306883396
16.0304	0.371830475966436
16.0464	0.370743752838512
16.0624	0.369633335333164
16.0784	0.368502686886354
16.0944	0.367355549412202
16.1104	0.366195998540979
16.1264	0.365028523619712
16.1424	0.363858096624226
16.1584	0.362690168927639
16.1744	0.361530668687196
16.1904	0.360385950075797
16.2064	0.359262705747755
16.2224	0.358167868900908
16.2384	0.35710849645562
16.2544	0.356091537553371
16.2704	0.355123531589548
16.2864	0.354210240071607
16.3024	0.353356234413473
16.3184	0.3525645670799
16.3344	0.35183660653819
16.3504	0.351172012214326
16.3664	0.350568876262094
16.3824	0.350024073969904
16.3984	0.349533686527356
16.4144	0.349093359487987
16.4304	0.348698605193002
16.4464	0.348345012390776
16.4624	0.348028340934884
16.4784	0.347744566252316
16.4944	0.347489891720692
16.5104	0.347260746740386
16.5264	0.347053817599805
16.5424	0.346866126413007
16.5584	0.346695075717498
16.5744	0.346538448113166
16.5904	0.346394305175216
16.6064	0.34626077609843
16.6224	0.346135820597084
16.6384	0.346017045618925
16.6544	0.345901606949318
16.6704	0.345786216277398
16.6864	0.345667313797136
16.7024	0.345541244719845
16.7184	0.345404469125745
16.7344	0.345253796097305
16.7504	0.345086601415613
16.7664	0.344900943631878
16.7824	0.344695630993217
16.7984	0.344470185809243
16.8144	0.344224733994113
16.8304	0.343959833483884
16.8464	0.34367629489508
16.8624	0.34337502492673
16.8784	0.343056968906888
16.8944	0.342723052509507
16.9104	0.342374207394001
16.9264	0.342011491809034
16.9424	0.341636353754728
16.9584	0.34125095620568
16.9744	0.340858557899768
16.9904	0.340463817231687
17.0064	0.340072958174169
17.0224	0.339693722146967
17.0384	0.339335027720354
17.0544	0.339006375887604
17.0704	0.338717246717332
17.0864	0.338476578517482
17.1024	0.338292377922121
17.1184	0.338171452280402
17.1344	0.338119396477687
17.1504	0.338140655002269
17.1664	0.338238551355988
17.1824	0.338415328314709
17.1984	0.338672294347926
17.2144	0.339009966590241
17.2304	0.339428247217468
17.2464	0.339926641164773
17.2624	0.340504370197257
17.2784	0.341160354106156
17.2944	0.341893158980094
17.3104	0.342700830326856
17.3264	0.343580655751516
17.3424	0.344529024444758
17.3584	0.345541375805709
17.3744	0.346612129868058
17.3904	0.347734716847624
17.4064	0.348901723478501
17.4224	0.350105020137702
17.4384	0.351335923565566
17.4544	0.352585454275147
17.4704	0.353844640795535
17.4864	0.355104858160194
17.5024	0.356358160838866
17.5184	0.357597564733494
17.5344	0.358817219629894
17.5504	0.360012473122311
17.5664	0.361179791243189
17.5824	0.362316579126424
17.5984	0.363420956948893
17.6144	0.3644915466641
17.6304	0.365527277411418
17.6464	0.366527252410605
17.6624	0.367490668788556
17.6784	0.368416817300957
17.6944	0.369305121190646
17.7104	0.370155176023605
17.7264	0.370966797214019
17.7424	0.371740071874302
17.7584	0.37247537088223
17.7744	0.373173328657559
17.7904	0.373834802621684
17.8064	0.374460795228599
17.8224	0.3750523478752
17.8384	0.375610434615947
17.8544	0.376135897672153
17.8704	0.376629451031524
17.8864	0.377091752444197
17.9024	0.377523517992786
17.9184	0.377925640445333
17.9344	0.37829928103889
17.9504	0.378645908680957
17.9664	0.378967274505715
17.9824	0.379265339893195
17.9984	0.379542183200833
18.0144	0.379799915114895
18.0304	0.380040613440952
18.0464	0.380266290590181
18.0624	0.380478888008055
18.0784	0.380680271845539
18.0944	0.380872238862443
18.1104	0.381056529842057
18.1264	0.381234856278259
18.1424	0.381408928661079
18.1584	0.381580485274414
18.1744	0.381751288176089
18.1904	0.381923078891835
18.2064	0.382097512949436
18.2224	0.382276074939808
18.2384	0.382459981438644
18.2544	0.382650109607961
18.2704	0.382846994326877
18.2864	0.383050884785513
18.3024	0.38326184584822
18.3184	0.383479888881993
18.3344	0.383705110741875
18.3504	0.383937809294594
18.3664	0.384178564974385
18.3824	0.384428305062688
18.3984	0.384688366425303
18.4144	0.384960562818031
18.4304	0.38524727593482
18.4464	0.385551571928894
18.4624	0.385877345679704
18.4784	0.386229491819949
18.4944	0.386614104589571
18.5104	0.38703869607497
18.5264	0.387512417191836
18.5424	0.388046290640272
18.5584	0.388653452892132
18.5744	0.38934936470851
18.5904	0.39015193985613
18.6064	0.391081568458869
18.6224	0.392160990245442
18.6384	0.393414978021897
18.6544	0.394869856061923
18.6704	0.396552904655693
18.6864	0.398491633719582
18.7024	0.400712926264994
18.7184	0.403242026387302
18.7344	0.406101278751307
18.7504	0.409308551792644
18.7664	0.412875490398733
18.7824	0.416805750609236
18.7984	0.42109344909053
18.8144	0.425722081012963
18.8304	0.430664082901906
18.8464	0.435880972109732
18.8624	0.4413239504962
18.8784	0.446934826279624
18.8944	0.452647206521674
18.9104	0.458387838806568
18.9264	0.464078135057477
18.9424	0.469635797994836
18.9584	0.474976681196672
18.9744	0.480016662196722
18.9904	0.484673694978856
19.0064	0.488869817042612
19.0224	0.492533356071473
19.0384	0.495601260384873
19.0544	0.498021545763233
19.0704	0.499755302137503
19.0864	0.500778070074706
19.1024	0.501080099762153
19.1184	0.500665677505667
19.1344	0.499551667594816
19.1504	0.497765736218099
19.1664	0.521090401556225
19.1824	0.521763594150326
19.1984	0.522551035683224
19.2144	0.523436533904066
19.2304	0.524402416785376
19.2464	0.52542988682741
19.2624	0.526499496272845
19.2784	0.527591666429406
19.2944	0.528687227696981
19.3104	0.529767978369576
19.3264	0.530817184473431
19.3424	0.531820000580977
19.3584	0.532763801636497
19.3744	0.53363839334735
19.3904	0.534436086335368
19.4064	0.535151678061439
19.4224	0.535782345136675
19.4384	0.536327482347842
19.4544	0.536788511352798
19.4704	0.537168661614845
19.4864	0.537472717264008
19.5024	0.537706751495144
19.5184	0.537877849179439
19.5344	0.537993823731204
19.5504	0.538062947891999
19.5664	0.53809370985237
19.5824	0.538094600465382
19.5984	0.538073933949294
19.6144	0.53803969976013
19.6304	0.537999440587868
19.6464	0.537960147677927
19.6624	0.537928160960022
19.6784	0.537909063731812
19.6944	0.537907569833142
19.7104	0.537927411061093
19.7264	0.53797124515638
19.7424	0.538040609097665
19.7584	0.538135933578824
19.7744	0.53825662145047
19.7904	0.538401177181391
19.8064	0.538567363140275
19.8224	0.538752362542531
19.8384	0.538952940038695
19.8544	0.539165602181999
19.8704	0.539386762993963
19.8864	0.539612924979462
19.9024	0.53984086399392
19.9184	0.540067805127216
19.9344	0.540291570804241
19.9504	0.540510672131498
19.9664	0.54072432998619
19.9824	0.54093245481883
19.9984	0.541135590704234
20.0144	0.541334814586858
20.0304	0.541531620218722
20.0464	0.541727810271505
20.0624	0.541925377101797
20.0784	0.542126374622047
20.0944	0.542332815854353
20.1104	0.542546595528289
20.1264	0.542769441766096
20.1424	0.543002924291365
20.1584	0.543248498243803
20.1744	0.543507558993994
20.1904	0.543781522326585
20.2064	0.544071906232028
20.2224	0.544380362404446
20.2384	0.544708675045348
20.2544	0.545058750135379
20.2704	0.545432581602845
20.2864	0.545832191102582
20.3024	0.546259582619497
20.3184	0.546716702330003
20.3344	0.547205383542746
20.3504	0.547727281558411
20.3664	0.54828380461003
20.3824	0.548876019368035
20.3984	0.549504551637374
20.4144	0.550169492408675
20.4304	0.550870312397435
20.4464	0.551605798115348
20.4624	0.552374039704735
20.4784	0.553172449251625
20.4944	0.553997791984654
20.5104	0.554846248929642
20.5264	0.555713480416128
20.5424	0.556594668283806
20.5584	0.557484546951607
20.5744	0.558377441433249
20.5904	0.559267296630469
20.6064	0.560147721519875
20.6224	0.561012064124236
20.6384	0.561853529964643
20.6544	0.562665353109712
20.6704	0.563440979331574
20.6864	0.564174216917017
20.7024	0.564859356157614
20.7184	0.565491231884215
20.7344	0.566065267078298
20.7504	0.566577521035341
20.7664	0.567024749052494
20.7824	0.567404426912119
20.7984	0.56771476314848
20.8144	0.567954642311005
20.8304	0.568123481069411
20.8464	0.568221066966457
20.8624	0.568247442541848
20.8784	0.56820284107734
20.8944	0.568087766479034
20.9104	0.567903146275346
20.9264	0.567650474408269
20.9424	0.567331898427906
20.9584	0.5669502593727
20.9744	0.566508976231087
20.9904	0.566011896151416
21.0064	0.56546313872357
21.0224	0.564866933442783
21.0384	0.564227471533202
21.0544	0.563548850427076
21.0704	0.562835006901841
21.0864	0.56208965436263
21.1024	0.561316270383292
21.1184	0.56051812504249
21.1344	0.55969831072582
21.1504	0.558859848564619
21.1664	0.558005828165369
21.1824	0.557139527062174
21.1984	0.556264499574517
21.2144	0.555384641816003
21.2304	0.554504190586345
21.2464	0.553627664471176
21.2624	0.552759783135839
21.2784	0.551905369783777
21.2944	0.551069225073015
21.3104	0.550255979115496
21.3264	0.549469946980737
21.3424	0.548714983655383
21.3584	0.547994339339306
21.3744	0.547310545653406
21.3904	0.546665364968989
21.4064	0.546059804929817
21.4224	0.545494203198742
21.4384	0.544968336456496
21.4544	0.544481508454908
21.4704	0.544032612850237
21.4864	0.543620185881958
21.5024	0.543242447913072
21.5184	0.542897349994679
21.5344	0.542582655985508
21.5504	0.542296047832527
21.5664	0.54203520982145
21.5824	0.541797882306305
21.5984	0.541581877975462
21.6144	0.541385064414007
21.6304	0.541205338380807
21.6464	0.541040624190249
21.6624	0.540888887279262
21.6784	0.540748161676753
21.6944	0.540616595157873
21.7104	0.540492480154416
21.7264	0.540374248284476
21.7424	0.540260452862718
21.7584	0.540149763556761
21.7744	0.540040953574735
21.7904	0.539932892144415
21.8064	0.539824560837825
21.8224	0.539715077257564
21.8384	0.539603718953042
21.8544	0.53948996518534
21.8704	0.539373553080156
21.8864	0.539254526857585
21.9024	0.539133281137812
21.9184	0.539010587690989
21.9344	0.538887576805316
21.9504	0.538765672185867
21.9664	0.538646489686597
21.9824	0.538531716837833
21.9984	0.538422998438539
22.0144	0.538321857191592
22.0304	0.53822965113063
22.0464	0.538147554267645
22.0624	0.538076550019109
22.0784	0.538017419856924
22.0944	0.537970716245253
22.1104	0.537936717493974
22.1264	0.537915374112386
22.1424	0.537906257068249
22.1584	0.537908518745921
22.1744	0.537920870962282
22.1904	0.537941581546619
22.2064	0.537968488123901
22.2224	0.5379990272671
22.2384	0.538030281053005
22.2544	0.538059041642261
22.2704	0.538081892286756
22.2864	0.538095301975784
22.3024	0.538095733209914
22.3184	0.538079763841459
22.3344	0.53804422347761
22.3504	0.537986340825363
22.3664	0.537903895981134
22.3824	0.537795362117031
22.3984	0.537660015553901
22.4144	0.537497999294324
22.4304	0.537310335530997
22.4464	0.537098892569595
22.4624	0.536866320203301
22.4784	0.536615962446901
22.4944	0.536351758094338
22.5104	0.536078141174525
22.5264	0.535799932185772
22.5424	0.535522222131151
22.5584	0.535250275748421
22.5744	0.534989458181148
22.5904	0.534745171137477
22.6064	0.534522778125648
22.6224	0.534327491457236
22.6384	0.534164206984744
22.6544	0.534037290027716
22.6704	0.533950337282539
22.6864	0.533905942077565
22.7024	0.533905543821261
22.7184	0.533949373483737
22.7344	0.534036478133948
22.7504	0.534164784472791
22.7664	0.534331184011753
22.7824	0.5345316337825
22.7984	0.534761267535842
22.8144	0.535014532359546
22.8304	0.535285366866637
22.8464	0.535567428500137
22.8624	0.535854327277412
22.8784	0.536139850785991
22.8944	0.536418167789639
22.9104	0.53668401228312
22.9264	0.536932827873701
22.9424	0.537160885136346
22.9584	0.537365354499591
22.9744	0.537544335653397
22.9904	0.537696843597623
23.0064	0.537822754757827
23.0224	0.537922710157197
23.0384	0.537998004050923
23.0544	0.538050467891189
23.0704	0.538082355469257
23.0864	0.53809623718632
23.1024	0.53809491079652
23.1184	0.538081328431002
23.1344	0.538058543166196
23.1504	0.538029676526765
23.1664	0.537997902650681
23.1824	0.537966442152546
23.1984	0.537938555258009
23.2144	0.537917524234452
23.2304	0.537906618846002
23.2464	0.537909043830188
23.2624	0.537927877485368
23.2784	0.537966016584922
23.2944	0.53802614314454
23.3104	0.538110723155979
23.3264	0.538222033043182
23.3424	0.538362203172869
23.3584	0.538533262484375
23.3744	0.538737170540638
23.3904	0.538975835094609
23.4064	0.539251122176681
23.4224	0.539564857513394
23.4384	0.539918828336
23.4544	0.540314804039028
23.4704	0.540754567398705
23.4864	0.541239936043548
23.5024	0.541772790688084
23.5184	0.54235510704815
23.5344	0.542988978179518
23.5504	0.543676619056075
23.5664	0.544420386569125
23.5824	0.545222786171352
23.5984	0.546086472512176
23.6144	0.54701425994945
23.6304	0.548009151730163
23.6464	0.549074346571424
23.6624	0.550213237983766
23.6784	0.55142939205965
23.6944	0.552726441840071
23.7104	0.554107900911784
23.7264	0.5555769994277
23.7424	0.557136538715227
23.7584	0.558788786282961
23.7744	0.560535484109371
23.7904	0.562377966241088
23.8064	0.564317301604094
23.8224	0.566354459643512
23.8384	0.568490411914673
23.8544	0.570726110980151
23.8704	0.573062379341409
23.8864	0.575499690583562
23.9024	0.578037843772621
23.9184	0.580675613363773
23.9344	0.583410413213531
23.9504	0.586237975655732
23.9664	0.58915217047458
23.9824	0.592145040064452
23.9984	0.595206946557606
24.0144	0.598326868855829
24.0304	0.601492831445078
24.0464	0.604692340835052
24.0624	0.607912720865772
24.0784	0.61114137532926
24.0944	0.614365915388704
24.1104	0.617574167186827
24.1264	0.620754157326957
24.1424	0.623894164610059
24.1584	0.626982857941664
24.1744	0.630009465789816
24.1904	0.632963994819555
24.2064	0.635837477592792
24.2224	0.638622109911998
24.2384	0.641311295547055
24.2544	0.643899664585132
24.2704	0.646382973892389
24.2864	0.648757934508355
24.3024	0.65102213103816
24.3184	0.653174001674294
24.3344	0.655212705647664
24.3504	0.657138008070856
24.3664	0.658950190166073
24.3824	0.660649933265417
24.3984	0.662238149934503
24.4144	0.663715902760639
24.4304	0.665084376748909
24.4464	0.666344899357411
24.4624	0.667499016150445
24.4784	0.668548633177578
24.4944	0.669496156276942
24.5104	0.67034461842068
24.5264	0.671097737648488
24.5424	0.671759863537322
24.5584	0.672335731907291
24.5744	0.672830145944744
24.5904	0.673247610383921
24.6064	0.673591986735785
24.6224	0.673866226323793
24.6384	0.674072305046462
24.6544	0.674211303917282
24.6704	0.674283612696693
24.6864	0.674289161894404
24.7024	0.674227651760921
24.7184	0.674098731711493
24.7344	0.673902169851188
24.7504	0.673637976612293
24.7664	0.673306533742945
24.7824	0.672908715353502
24.7984	0.672446025826341
24.8144	0.671920699921558
24.8304	0.67133582720477
24.8464	0.67069539254723
24.8624	0.670004222247113
24.8784	0.669267858364314
24.8944	0.668492439966245
24.9104	0.667684515522638
24.9264	0.666850855168861
24.9424	0.665998260415975
24.9584	0.665133377903262
24.9744	0.664262505461316
24.9904	0.663391453337027
25.0064	0.662525339406383
25.0224	0.661668367082028
25.0384	0.660823654425167
25.0544	0.659993150768427
25.0704	0.659177566043358
25.0864	0.658376442070134
25.1024	0.657588339618621
25.1184	0.656811093983499
25.1344	0.656042090216607
25.1504	0.655278509243785
25.1664	0.654517510745811
25.1824	0.653756443442097
25.1984	0.652992984129313
25.2144	0.652225082527996
25.2304	0.651450767043151
25.2464	0.650667976728555
25.2624	0.649874393505249
25.2784	0.649067293983168
25.2944	0.648243507704869
25.3104	0.647399497272591
25.3264	0.646531488194674
25.3424	0.645635645672578
25.3584	0.644708167060766
25.3744	0.643745306696785
25.3904	0.642743430399621
25.4064	0.641699104545906
25.4224	0.640609160662688
25.4384	0.63947085383152
25.4544	0.638282118079518
25.4704	0.63704179945134
25.4864	0.635749855367745
25.5024	0.634407473692311
25.5184	0.633017054331968
25.5344	0.631582103551352
25.5504	0.630107030082963
25.5664	0.628596728784474
25.5824	0.627056064842075
25.5984	0.625489529262493
25.6144	0.623900963393529
25.6304	0.622293397974543
25.6464	0.620669133058485
25.6624	0.619029971674168
25.6784	0.617377488639872
25.6944	0.615713368536311
25.7104	0.614039778087053
25.7264	0.612359582537369
25.7424	0.610676456742072
25.7584	0.608994898520891
25.7744	0.607320098290054
25.7904	0.605657730472984
25.8064	0.604013781277768
25.8224	0.602394454205234
25.8384	0.600806105576956
25.8544	0.599255276285452
25.8704	0.597748761452806
25.8864	0.596293664939965
25.9024	0.594897432120136
25.9184	0.593567786098715
25.9344	0.592312623168436
25.9504	0.591139876637473
25.9664	0.59005742495811
25.9824	0.589072975548102
25.9984	0.58819398365272
26.0144	0.587427566527747
26.0304	0.586780418819193
26.0464	0.586258757711711
26.0624	0.585868310398343
26.0784	0.585614221167872
26.0944	0.585500938118944
26.1104	0.585532105966058
26.1264	0.585710484362557
26.1424	0.586037880770441
26.1584	0.586515276900873
26.1744	0.587143044712755
26.1904	0.587921181537573
26.2064	0.588849527677113
26.2224	0.589927868188969
26.2384	0.591155750288469
26.2544	0.592532100578449
26.2704	0.594054690557962
26.2864	0.59571956064288
26.3024	0.597520584839693
26.3184	0.599449268246906
26.3344	0.601494757190681
26.3504	0.603644152987957
26.3664	0.605882989127438
26.3824	0.608195670850512
26.3984	0.610565864507593
26.4144	0.612976866804544
26.4304	0.61541194607546
26.4464	0.617854732611756
26.4624	0.620289679422173
26.4784	0.622702542437097
26.4944	0.625080897267699
26.5104	0.627414613795478
26.5264	0.629696068413323
26.5424	0.631920193197242
26.5584	0.634084450362927
26.5744	0.636188646519451
26.5904	0.63823458852397
26.6064	0.640225682175467
26.6224	0.642166535737725
26.6384	0.644062590331932
26.6544	0.645919737595569
26.6704	0.647743929445721
26.6864	0.649540844595447
26.7024	0.65131559528279
26.7184	0.653072488005421
26.7344	0.654814828574144
26.7504	0.656544834478363
26.7664	0.65826362230529
26.7824	0.659971320550633
26.7984	0.661667197865557
26.8144	0.663349721331113
26.8304	0.665016573207737
26.8464	0.666664659555095
26.8624	0.668290008730581
26.8784	0.669887666779775
26.8944	0.671451750598579
26.9104	0.672975633047707
26.9264	0.674452218455482
26.9424	0.675874304117246
26.9584	0.677234999051652
26.9744	0.67852806518815
26.9904	0.679748155202304
27.0064	0.68089096544227
27.0224	0.681953277764427
27.0384	0.682932905588971
27.0544	0.6838286236862
27.0704	0.684640073693402
27.0864	0.68536764951639
27.1024	0.686012372645857
27.1184	0.686575797791207
27.1344	0.687059896124103
27.1504	0.687466910523343
27.1664	0.687799224749871
27.1824	0.688059283149496
27.1984	0.688249536338075
27.2144	0.68837244803534
27.2304	0.688430573419901
27.2464	0.6884266678624
27.2624	0.688363811195665
27.2784	0.688245525406322
27.2944	0.688075853172381
27.3104	0.687859390053221
27.3264	0.687601261353597
27.3424	0.687307029810729
27.3584	0.686982538922279
27.3744	0.686633704451998
27.3904	0.686266279812989
27.4064	0.685885645466848
27.4224	0.685496680475208
27.4384	0.685103770247229
27.4544	0.684710927391948
27.4704	0.684321975106438
27.4864	0.683940708423433
27.5024	0.683570968818342
27.5184	0.68321658915446
27.5344	0.682881292132238
27.5504	0.682568609705847
27.5664	0.682281859947882
27.5824	0.682024259869583
27.5984	0.681799130929604
27.6144	0.681610085236371
27.6304	0.681461067647938
27.6464	0.681356193474396
27.6624	0.681299381038297
27.6784	0.681293928819362
27.6944	0.681342075623436
27.7104	0.68144463733229
27.7264	0.681600885086117
27.7424	0.681808628574684
27.7584	0.682064337166196
27.7744	0.682363413052017
27.7904	0.682700545265567
27.8064	0.683069986016461
27.8224	0.683465735101148
27.8384	0.683881718886278
27.8544	0.684311817456905
27.8704	0.684749791737275
27.8864	0.685189255989421
27.9024	0.685623694270309
27.9184	0.686046504933759
27.9344	0.686451173081395
27.9504	0.68683150682947
27.9664	0.687181814636567
27.9824	0.687497005763882
27.9984	0.687772620253124
28.0144	0.688004772105478
28.0304	0.688190055273354
28.0464	0.688325464204164
28.0624	0.688408342947723
28.0784	0.688436324901987
28.0944	0.688407250282568
28.1104	0.688319056711078
28.1264	0.688169638769009
28.1424	0.68795671151351
28.1584	0.687677715024024
28.1744	0.687329766714822
28.1904	0.686909689347451
28.2064	0.686414123120411
28.2224	0.68583968659406
28.2384	0.685183176015717
28.2544	0.684441771304765
28.2704	0.683613184627897
28.2864	0.682695738921127
28.3024	0.681688421694545
28.3184	0.680590940401602
28.3344	0.679403819505693
28.3504	0.678128630785291
28.3664	0.676768319601195
28.3824	0.675327567448501
28.3984	0.673813065737158
28.4144	0.672233612192086
28.4304	0.670599958012273
28.4464	0.668924443503228
28.4624	0.667220480662165
28.4784	0.665501988747884
28.4944	0.6637828644943
28.5104	0.662076588916412
28.5264	0.660395882843632
28.5424	0.658752413909338
28.5584	0.657156593240522
28.5744	0.655617502943723
28.5904	0.654142867917555
28.6064	0.652739180210113
28.6224	0.651411943036828
28.6384	0.650165974570133
28.6544	0.649005723577778
28.6704	0.647935589950728
28.6864	0.646960102370976
28.7024	0.646083856388887
28.7184	0.64531125499907
28.7344	0.644646155791704
28.7504	0.811346849781451
28.7664	0.811658325001858
28.7824	0.811891605762792
28.7984	0.812046397133862
28.8144	0.812123259610519
28.8304	0.81212326609506
28.8464	0.812047788601436
28.8624	0.811898487489199
28.8784	0.811677445245191
28.8944	0.811387386883723
28.9104	0.811031968397014
28.9264	0.810615963461192
28.9424	0.810145259731456
28.9584	0.809626717401841
28.9744	0.809067890303915
28.9904	0.808476675901222
29.0064	0.807860982055821
29.0224	0.807228364964637
29.0384	0.806585691233643
29.0544	0.805938958328099
29.0704	0.805293294600069
29.0864	0.804653058952955
29.1024	0.804022081946879
29.1184	0.803403996299767
29.1344	0.802802487690073
29.1504	0.802221437938559
29.1664	0.801664974238143
29.1824	0.801137385641496
29.1984	0.800643016672275
29.2144	0.800186216487571
29.2304	0.799771263096506
29.2464	0.799402222595432
29.2624	0.799082775165839
29.2784	0.798815921069931
29.2944	0.798603589094249
29.3104	0.798446288021356
29.3264	0.798342898888411
29.3424	0.798290654930877
29.3584	0.798285344989381
29.3744	0.798321693052156
29.3904	0.798393838458033
29.4064	0.798495837492368
29.4224	0.79862209119166
29.4384	0.798767651258402
29.4544	0.798928384829601
29.4704	0.799101003605724
29.4864	0.799282986918566
29.5024	0.799472439663656
29.5184	0.799667942224566
29.5344	0.799868439982973
29.5504	0.800073165353066
29.5664	0.800281564914531
29.5824	0.80049319443264
29.5984	0.800707530319357
29.6144	0.800923678108401
29.6304	0.801140044289493
29.6464	0.801354059160527
29.6624	0.801562041337732
29.6784	0.801759241987639
29.6944	0.801940069116675
29.7104	0.802098429471211
29.7264	0.802228131536598
29.7424	0.802323266020966
29.7584	0.802378507343626
29.7744	0.802389311357114
29.7904	0.80235203553282
29.8064	0.802264080332453
29.8224	0.802124048533567
29.8384	0.801931898958777
29.8544	0.801689120478219
29.8704	0.801398983909468
29.8864	0.801066845356399
29.9024	0.800700457737545
29.9184	0.800310189188636
29.9344	0.799909095114355
29.9504	0.799512800021642
29.9664	0.799139204150283
29.9824	0.798808057887051
29.9984	0.79854045893353
30.0144	0.798358216807454
30.0304	0.798282996594729
30.0464	0.798335226427429
30.0624	0.798532879243581
30.0784	0.798890314225861
30.0944	0.799417427003128
30.1104	0.800119306400624
30.1264	0.800996414846743
30.1424	0.80204513023698
30.1584	0.803258412278947
30.1744	0.80462637447965
30.1904	0.806136634776728
30.2064	0.807774564379656
30.2224	0.809523568481541
30.2384	0.811365527965599
30.2544	0.813281490397692
30.2704	0.815252560433869
30.2864	0.817260714321534
30.3024	0.819289416727617
30.3184	0.821324011791205
30.3344	0.823351794853558
30.3504	0.825361789635387
30.3664	0.827344472978947
30.3824	0.829291499992465
30.3984	0.831195450220626
30.4144	0.833049746596608
30.4304	0.834848757706126
30.4464	0.836587910280439
30.4624	0.838263809526492
30.4784	0.839874335677365
30.4944	0.841418643561784
30.5104	0.84289705675134
30.5264	0.844310859842643
30.5424	0.845662007298873
30.5584	0.84695282376914
30.5744	0.848185779773349
30.5904	0.849363330940708
30.6064	0.850487823032658
30.6224	0.851561466100019
30.6384	0.852586287023559
30.6544	0.853564060193641
30.6704	0.854496269410436
30.6864	0.855384080570367
30.7024	0.85622835374577
30.7184	0.857029741021723
30.7344	0.85778883383896
30.7504	0.858506358894665
30.7664	0.859183386877021
30.7824	0.859821552310056
30.7984	0.860423200004892
30.8144	0.860991435814269
30.8304	0.861530026984671
30.8464	0.86204319131199
30.8624	0.862535324054113
30.8784	0.863010755918562
30.8944	0.863473557149273
30.9104	0.863927436717493
30.9264	0.864375723641958
30.9424	0.86482141374486
30.9584	0.865267192403918
30.9744	0.86571541796105
30.9904	0.866168058653109
31.0064	0.866626625741048
31.0224	0.867092091201068
31.0384	0.867564864972069
31.0544	0.868044817819362
31.0704	0.868531337054719
31.0864	0.869023411165408
31.1024	0.869519710604347
31.1184	0.870018624498094
31.1344	0.870518310483378
31.1504	0.871016759910971
31.1664	0.871511855944419
31.1824	0.872001428230563
31.1984	0.872483310701952
31.2144	0.87295539555803
31.2304	0.873415668590759
31.2464	0.873862211424122
31.2624	0.874293159975181
31.2784	0.874706629561594
31.2944	0.87510057938105
31.3104	0.875472653212455
31.3264	0.875820035957831
31.3424	0.876139312977561
31.3584	0.876426368498617
31.3744	0.876676388715325
31.3904	0.876883928514655
31.4064	0.877043046932322
31.4224	0.877147583621189
31.4384	0.877191510392993
31.4544	0.87716925843146
31.4704	0.87707606846149
31.4864	0.876908291154987
31.5024	0.876663558011213
31.5184	0.876340876489664
31.5344	0.875940636235118
31.5504	0.875464477130112
31.5664	0.874915079038992
31.5824	0.874295916477733
31.5984	0.87361088701898
31.6144	0.872863918860505
31.6304	0.872058618856595
31.6464	0.87119801166728
31.6624	0.870284386435344
31.6784	0.869319282512857
31.6944	0.868303514223548
31.7104	0.867237193109993
31.7264	0.866119786325354
31.7424	0.864950195289403
31.7584	0.863726813537321
31.7744	0.862447661974578
31.7904	0.861110616397799
31.8064	0.859713673134411
31.8224	0.858255186909552
31.8384	0.856734107790299
31.8544	0.855150092426342
31.8704	0.853503455028854
31.8864	0.851795050862094
31.9024	0.850026178597933
31.9184	0.848198531557859
31.9344	0.846314287200993
31.9504	0.844376367254846
31.9664	0.842388685426393
31.9824	0.840356359156832
31.9984	0.838285882176578
32.0144	0.836185119946517
32.0304	0.834063098173186
32.0464	0.831929737192844
32.0624	0.829795543797324
32.0784	0.827671187692136
32.0944	0.825567148232487
32.1104	0.823493510663784
32.1264	0.821459878929538
32.1424	0.819475393007835
32.1584	0.817548811725853
32.1744	0.815688534848622
32.1904	0.813902519029142
32.2064	0.812198080990122
32.2224	0.810581576170385
32.2384	0.80905809990216
32.2544	0.807631378597357
32.2704	0.806303814910969
32.2864	0.805076682754354
32.3024	0.803950444021591
32.3184	0.802925098240284
32.3344	0.802000496664292
32.3504	0.801176600939261
32.3664	0.800453645451338
32.3824	0.799832205026622
32.3984	0.799313224486326
32.4144	0.798897977347373
32.4304	0.798587954810092
32.4464	0.798384707085056
32.4624	0.798289660587656
32.4784	0.798303911174443
32.4944	0.798428035791744
32.5104	0.798661908009564
32.5264	0.799004515175906
32.5424	0.799453798255122
32.5584	0.800006493760556
32.5744	0.800658021861949
32.5904	0.801402491196313
32.6064	0.802232779099878
32.6224	0.803140693058058
32.6384	0.8041172727728
32.6544	0.805153153597072
32.6704	0.806238934044075
32.6864	0.80736562086128
32.7024	0.808525063373995
32.7184	0.809710326400214
32.7344	0.810916078425464
32.7504	0.812138957089736
32.7664	0.813377728840546
32.7824	0.814633375374232
32.7984	0.815909022128242
32.8144	0.817209628500965
32.8304	0.818541436401159
32.8464	0.819911363292668
32.8624	0.821326271418801
32.8784	0.82279221675762
32.8944	0.824313877803011
32.9104	0.825894258730564
32.9264	0.82753470883949
32.9424	0.829235380814435
32.9584	0.830995815702344
32.9744	0.832815528762513
32.9904	0.834694380175623
33.0064	0.836632634559106
33.0224	0.838630594097427
33.0384	0.840688030131361
33.0544	0.842803513270763
33.0704	0.844973835072739
33.0864	0.847193748043747
33.1024	0.849455740237989
33.1184	0.85174946983356
33.1344	0.854061052811414
33.1504	0.856372093391176
33.1664	0.858658418713912
33.1824	0.860889249978708
33.1984	0.863027288777783
33.2144	0.865029398309314
33.2304	0.866848094247711
33.2464	0.868433808938324
33.2624	0.869737193850572
33.2784	0.870711343820833
33.2944	0.871314052596286
33.3104	0.87151002804087
33.3264	0.871272307907606
33.3424	0.870583087388528
33.3584	0.869434158771529
33.3744	0.867826889057323
33.3904	0.865771657797385
33.4064	0.863287327953092
33.4224	0.860400811888343
33.4384	0.857146669894743
33.4544	0.853566835628296
33.4704	0.849710415972691
33.4864	0.845633026426651
33.5024	0.8413957584762
33.5184	0.837063927159864
33.5344	0.832705476392459
33.5504	0.828389015420093
33.5664	0.82418199775142
33.5824	0.820148780584901
33.5984	0.816348679269467
33.6144	0.812834292545414
33.6304	0.80965015150068
33.6464	0.806831768595721
33.6624	0.804405033563757
33.6784	0.80238586963759
33.6944	0.800780226061743
33.7104	0.79958451612849
33.7264	0.798786406647906
33.7424	0.798365863535015
33.7584	0.798296362168742
33.7744	0.798546142554663
33.7904	0.799079457982096
33.8064	0.799857809330334
33.8224	0.800841142251016
33.8384	0.80198898451501
33.8544	0.803261443196622
33.8704	0.804619998171173
33.8864	0.806028131034989
33.9024	0.807451777297647
33.9184	0.808859602957348
33.9344	0.810223223331626
33.9504	0.81151740820512
33.9664	0.812720223796312
33.9824	0.813813059313201
33.9984	0.814780533414432
34.0144	0.81561019931582
34.0304	0.816292087296894
34.0464	0.816818275680777
34.0624	0.817182578061804
34.0784	0.817380345553154
34.0944	0.817408469395826
34.1104	0.817265572138464
34.1264	0.816952208738456
34.1424	0.816470996236124
34.1584	0.815826748845527
34.1744	0.815026581864757
34.1904	0.81407998315354
34.2064	0.812998952405398
34.2224	0.811798228952519
34.2384	0.810495561626908
34.2544	0.80911208216693
34.2704	0.807672739074835
34.2864	0.806206627321369
34.3024	0.804747147027523
34.3184	0.803331991083727
34.3344	0.802002845274686
34.3504	0.800804775870482
34.3664	0.799785308950788
34.3824	0.798993185267229
34.3984	0.798476833171211
34.4144	0.798282623694931
34.4304	0.798452826157838
34.4464	0.799023253269663
34.4624	0.800020651843216
34.4784	0.801459979976819
34.4944	0.803341994033953
34.5104	0.805651619875608
34.5264	0.808357478461513
34.5424	0.811412867975708
34.5584	0.814758205533618
34.5744	0.818324446868303
34.5904	0.822036945214329
34.6064	0.825819195333633
34.6224	0.8295956792008
34.6384	0.833293727311045
34.6544	0.83684468325518
34.6704	0.840184602170456
34.6864	0.843254844248968
34.7024	0.846003045002885
34.7184	0.848384313286875
34.7344	0.850362490650244
34.7504	0.851911015871575
34.7664	0.85301321815113
34.7824	0.853662060649182
34.7984	0.853859334892963
34.8144	0.853614418225529
34.8304	0.852943211268933
34.8464	0.85186741317111
34.8624	0.850413996404921
34.8784	0.848614796992141
34.8944	0.846506383738312
34.9104	0.844129778836237
34.9264	0.841529942211313
34.9424	0.838755055585903
34.9584	0.835855562317697
34.9744	0.832882835651755
34.9904	0.829887575551908
35.0064	0.826917993179844
35.0224	0.82401796153934
35.0384	0.821225457612872
35.0544	0.818571460699584
35.0704	0.816079393751096
35.0864	0.813765053128407
35.1024	0.811637065435789
35.1184	0.809697874447178
35.1344	0.807945032678905
35.1504	0.806372535350295
35.1664	0.804972113798765
35.1824	0.803734345748943
35.1984	0.802649365381519
35.2144	0.801707238277697
35.2304	0.800898223790274
35.2464	0.800212966476956
35.2624	0.799642709385079
35.2784	0.799179610734832
35.2944	0.798817110008635
35.3104	0.798550185323712
35.3264	0.79837543647383
35.3424	0.7982909513339
35.3584	0.798296001020585
35.3744	0.79839070987255
35.3904	0.798575796362691
35.4064	0.798852396386195
35.4224	0.799221954408591
35.4384	0.79968610975682
35.4544	0.800246516986746
35.4704	0.800904593220739
35.4864	0.801661281394697
35.5024	0.802516901981736
35.5184	0.803471146532047
35.5344	0.804523177582187
35.5504	0.805671762210903
35.5664	0.806915327694803
35.5824	0.808251902560134
35.5984	0.809678889140486
35.6144	0.811192756289202
35.6304	0.812788738351674
35.6464	0.814460678445251
35.6624	0.816201002578097
35.6784	0.818000880461987
35.6944	0.819850513209481
35.7104	0.821739485764869
35.7264	0.823657126562278
35.7424	0.825592783276292
35.7584	0.827535963169513
35.7744	0.829476430754106
35.7904	0.831404339773293
35.8064	0.833310320296661
35.8224	0.835185601832865
35.8384	0.837022192417574
35.8544	0.838812956826704
35.8704	0.840551607451133
35.8864	0.842232780800451
35.9024	0.84385210533749
35.9184	0.845406210335526
35.9344	0.846892781793638
35.9504	0.848310610982541
35.9664	0.84965951737523
35.9824	0.850940224432932
35.9984	0.852154185926892
36.0144	0.853303341503221
36.0304	0.85438990316619
36.0464	0.85541623003207
36.0624	0.856384704124817
36.0784	0.857297639450703
36.0944	0.858157253002599
36.1104	0.85896562274355
36.1264	0.859724595886966
36.1424	0.860435714019676
36.1584	0.861100136653832
36.1744	0.861718592833329
36.1904	0.862291401256172
36.2064	0.862818521364121
36.2224	0.863299586136378
36.2384	0.863733952672991
36.2544	0.864120760584861
36.2704	0.864458944115825
36.2864	0.864747194563577
36.3024	0.864983930034484
36.3184	0.865167221817323
36.3344	0.865294777946175
36.3504	0.865364041258111
36.3664	0.865372357210461
36.3824	0.8653171518101
36.3984	0.865196142038245
36.4144	0.864277252111325
36.4304	0.863370256523693
36.4464	0.862483966438298
36.4624	0.861627852591145
36.4784	0.860810407555746
36.4944	0.860038398775878
36.5104	0.859316651048861
36.5264	0.858648127649371
36.5424	0.858034168674891
36.5584	0.857474790250652
36.5744	0.856968987099346
36.5904	0.856515013045552
36.6064	0.856110625513793
36.6224	0.855753285160159
36.6384	0.855440312575034
36.6544	0.85516900267822
36.6704	0.85493670209976
36.6864	0.854740856274994
36.7024	0.854579033583121
36.7184	0.854448936045884
36.7344	0.854348405186062
36.7504	0.854275426539395
36.7664	0.854228133635527
36.7824	0.854204811298253
36.7984	0.854203895420831
36.8144	0.854223966726085
36.8304	0.854263738990561
36.8464	0.85432204315012
36.8624	0.854397809498753
36.8784	0.854490051877015
36.8944	0.85459785350643
36.9104	0.854720357545176
36.9264	0.854856762879717
36.9424	0.85500632384932
36.9584	0.855168350776754
36.9744	0.85534221114402
36.9904	0.855527328552679
37.0064	0.855723180557813
37.0224	0.85592929559018
37.0384	0.856145248690289
37.0544	0.856370656649698
37.0704	0.856605174765892
37.0864	0.856848493011899
37.1024	0.857100331721448
37.1184	0.857360440023847
37.1344	0.857628596772958
37.1504	0.857904611479686
37.1664	0.858188326101605
37.1824	0.858479616828561
37.1984	0.858778393009217
37.2144	0.859084593244848
37.2304	0.859398179064428
37.2464	0.85971912679981
37.2624	0.86004742041262
37.2784	0.860383049160188
37.2944	0.86072600925641
37.3104	0.861076308057878
37.3264	0.861433969539569
37.3424	0.861799040073645
37.3584	0.862171592467627
37.3744	0.862551729148734
37.3904	0.862939584854484
37.4064	0.863335329646747
37.4224	0.863739172005754
37.4384	0.864151361862461
37.4544	0.864572192978995
37.4704	0.865002004939859
37.4864	0.865441184987306
37.5024	0.865890170850429
37.5184	0.866349455076175
37.5344	0.866819591603818
37.5504	0.867301204650779
37.5664	0.867795000180003
37.5824	0.868301779354562
37.5984	0.868822453646965
37.6144	0.869358061466054
37.6304	0.86990978650258
37.6464	0.870478977463209
37.6624	0.871067168694141
37.6784	0.871676101143668
37.6944	0.872307744098965
37.7104	0.872964317961536
37.7264	0.873648318666234
37.7424	0.874362544411383
37.7584	0.87511012531407
37.7744	0.875894555453081
37.7904	0.876719727610588
37.8064	0.877589971533819
37.8224	0.878510095601332
37.8384	0.879485431783188
37.8544	0.880521885136378
37.8704	0.88162598782824
37.8864	0.882804956426183
37.9024	0.884066752146577
37.9184	0.885420143673416
37.9344	0.886874771189621
37.9504	0.888441212075064
37.9664	0.890131050901845
37.9824	0.8919569542938
37.9984	0.893932751603181
38.0144	0.896073522960288
38.0304	0.898395694808748
38.0464	0.900917139634259
38.0624	0.903657279415931
38.0784	0.906637191558239
38.0944	0.909879717329275
38.1104	0.913409574975447
38.1264	0.917253480859276
38.1424	0.921440279752872
38.1584	0.92600108624239
38.1744	0.930969440459364
38.1904	0.936381476071665
38.2064	0.942276095061118
38.2224	0.948695146416947
38.2384	0.955683605605833
38.2544	0.963289757402004
38.2704	0.971565386272568
38.2864	0.980565974226245
38.3024	0.990350908801389
38.3184	1.00098370770199
