0.0144	0.150427544864035
0.0304	0.144286643927435
0.0464	0.138266212356955
0.0624	0.132383456220225
0.0784	0.126653296584288
0.0944	0.121088515854627
0.1104	0.115699900825095
0.1264	0.110496381306832
0.1424	0.105485162689684
0.1584	0.100671858838263
0.1744	0.0960606223407965
0.1904	0.0916542676551855
0.2064	0.0874543865032955
0.2224	0.0834614540507392
0.2384	0.079674927894126
0.2544	0.0760933409889064
0.2704	0.0727143916363586
0.2864	0.0695350295656565
0.3024	0.0665515388722449
0.3184	0.0637596168974415
0.3344	0.06115444813099
0.3504	0.058730772039562
0.3664	0.0564829454631004
0.3824	0.0544049997754412
0.3984	0.0524906937343392
0.4144	0.0507335626378842
0.4304	0.0491269644073389
0.4464	0.0476641229990713
0.4624	0.0463381692930043
0.4784	0.0451421789722655
0.4944	0.0440692077704172
0.5104	0.0431123244490661
0.5264	0.0422646413764098
0.5424	0.0415193426353659
0.5584	0.0408697099660469
0.5744	0.0403091462570451
0.5904	0.0398311963383446
0.6064	0.0394295652409651
0.6224	0.0390981340638925
0.6384	0.0388309736182351
0.6544	0.0386223563297257
0.6704	0.038466766595981
0.6864	0.038358909665708
0.7024	0.0382937191102803
0.7184	0.0382663629222131
0.7344	0.0382722482093061
0.7504	0.0383070245839552
0.7664	0.0383665863494094
0.7824	0.0384470735685487
0.7984	0.0385448721018813
0.8144	0.0386566126364969
0.8304	0.0387791687100829
0.8464	0.0389096538045877
0.8624	0.0390454175872021
0.8784	0.0391840413164894
0.8944	0.0393233324881666
0.9104	0.0394613188016346
0.9264	0.0395962414519062
0.9424	0.0397265478197617
0.9584	0.0398508836966729
0.9744	0.039968085106175
0.9904	0.0400771697996578
1.0064	0.0401773285563627
1.0224	0.0402679163197603
1.0384	0.0403484432611099
1.0544	0.0404185658691762
1.0704	0.0404780781552625
1.0864	0.0405269029036737
1.1024	0.0405650829665897
1.1184	0.0405927725597637
1.1344	0.0406102285396432
1.1504	0.0406178016719985
1.1664	0.040615927965039
1.1824	0.0406051201154987
1.1984	0.0405859590952121
1.2144	0.0405590858740033
1.2304	0.0405251932638626
1.2464	0.0404850179299258
1.2624	0.0404393326153241
1.2784	0.0403889386117549
1.2944	0.0403346584872498
1.3104	0.0402773290559739
1.3264	0.0402177944660784
1.3424	0.0401568993945384
1.3584	0.0400954824262697
1.3744	0.0400343696866516
1.3904	0.039974368983194
1.4064	0.0399162646291978
1.4224	0.039860812429708
1.4384	0.0398087344595637
1.4544	0.0397607134853946
1.4704	0.0397173868298281
1.4864	0.039679339691469
1.5024	0.0396470987401503
1.5184	0.039621126569277
1.5344	0.0396018173344141
1.5504	0.0395894934012079
1.5664	0.0395844024274156
1.5824	0.0395867139072958
1.5984	0.0395965150177486
1.6144	0.03961380533544
1.6304	0.0396384907074658
1.6464	0.0396703770447425
1.6624	0.039709165142243
1.6784	0.0397544465919959
1.6944	0.0398057009509694
1.7104	0.0398622937580279
1.7264	0.0399234749695381
1.7424	0.0399883775098998
1.7584	0.0400560163294734
1.7744	0.0401252888057639
1.7904	0.0401949784958601
1.8064	0.0402637645516988
1.8224	0.0403302398315939
1.8384	0.0403929406335564
1.8544	0.0404503911455498
1.8704	0.0405011643365979
1.8864	0.040543958057817
1.9024	0.0405776794282235
1.9184	0.0406015217883299
1.9344	0.0406150067122899
1.9504	0.0406180511605748
1.9664	0.0406116245840127
1.9824	0.0405960402869148
1.9984	0.0405716981060942
2.0144	0.0405390641895349
2.0304	0.0404986535624104
2.0464	0.0404510169985781
2.0624	0.0403967319976855
2.0784	0.0403363896125275
2.0944	0.0402705753666472
2.1104	0.0401998477094878
2.1264	0.0401247158902798
2.1424	0.0400456246009886
2.1584	0.0399629502577581
2.1744	0.0398770113950979
2.1904	0.0397880915544904
2.2064	0.0396964749318065
2.2224	0.0396024844393152
2.2384	0.0395065154210581
2.2544	0.0394090553741433
2.2704	0.0393106863851309
2.2864	0.0392120747689231
2.3024	0.0391139555431452
2.3184	0.0390171134811932
2.3344	0.0389223682417921
2.3504	0.038830565600829
2.3664	0.038742569047937
2.3824	0.0386592497779159
2.3984	0.0385814817940562
2.4144	0.0385101391421421
2.4304	0.0384460961946012
2.4464	0.0383902347447858
2.4624	0.0383434549999975
2.4784	0.038306682040764
2.4944	0.0382808698697465
2.5104	0.0382670054183627
2.5264	0.0382661146876728
2.5424	0.0382792763617834
2.5584	0.0383076437540191
2.5744	0.0383524715261205
2.5904	0.0384151441163649
2.6064	0.0384972022825232
2.6224	0.0386003656005329
2.6384	0.0387265566715824
2.6544	0.0388779250012132
2.6704	0.0390568643670324
2.6864	0.0392660186934217
2.7024	0.0395082703037246
2.7184	0.0397866992234126
2.7344	0.0401045220784118
2.7504	0.0404650289325998
2.7664	0.0408715262849433
2.7824	0.0413272966477904
2.7984	0.0418355746009464
2.8144	0.042399521308675
2.8304	0.0430221675840381
2.8464	0.0437063083597811
2.8624	0.0444543422001853
2.8784	0.0452680608594276
2.8944	0.046148411205009
2.9104	0.0470952961055426
2.9264	0.0481074639608969
2.9424	0.0491825163590398
2.9584	0.0503170203424348
2.9744	0.0515067158877474
2.9904	0.0527466980667197
3.0064	0.0540315354086165
3.0224	0.055355325730359
3.0384	0.0567116978517717
3.0544	0.0580937782211353
3.0704	0.0594942708990251
3.0864	0.0609056398414649
3.1024	0.0623203413777966
3.1184	0.0637311017870619
3.1344	0.0651312117961058
3.1504	0.0665147015789411
3.1664	0.0678764133950336
3.1824	0.0692119876006532
3.1984	0.0705177854511889
3.2144	0.07179078073228
3.2304	0.0730284879109842
3.2464	0.0742288670948701
3.2624	0.0753902442510175
3.2784	0.0765112811632405
3.2944	0.077591004808492
3.3104	0.0786288909026343
3.3264	0.0796250635220084
3.3424	0.0805804489593267
3.3584	0.081496803566284
3.3744	0.0823765926719651
3.3904	0.0832227788019086
3.4064	0.0840385522931635
3.4224	0.0848271041532016
3.4384	0.085591489239621
3.4544	0.0863346468501602
3.4704	0.0870595480924117
3.4864	0.0877693973661311
3.5024	0.0884677400434761
3.5184	0.0891585131704751
3.5344	0.089845972185951
3.5504	0.0905344769200676
3.5664	0.0912281683413403
3.5824	0.0919306996914562
3.5984	0.0926450299054304
3.6144	0.093373292550295
3.6304	0.0941167923198243
3.6464	0.094876098307872
3.6624	0.0956511637041075
3.6784	0.0964414514897121
3.6944	0.0972459840018554
3.7104	0.098063318405093
3.7264	0.0988914840149524
3.7424	0.0997279437891041
3.7584	0.100569494801967
3.7744	0.101412197985203
3.7904	0.102251418757323
3.8064	0.103081908655094
3.8224	0.103897910538963
3.8384	0.104693379530131
3.8544	0.105462281996512
3.8704	0.106198896483346
3.8864	0.106898123645419
3.9024	0.107555732980738
3.9184	0.108168479366259
3.9344	0.108734160988476
3.9504	0.109251563748102
3.9664	0.10972032127747
3.9824	0.110140835164813
3.9984	0.110514224012906
4.0144	0.110842194446122
4.0304	0.111126834774846
4.0464	0.111370389704734
4.0624	0.11157500944637
4.0784	0.111742622096682
4.0944	0.111874926739201
4.1104	0.11197346257892
4.1264	0.11203967020943
4.1424	0.112074919723715
4.1584	0.112080396003392
4.1744	0.112056927587853
4.1904	0.112004851439484
4.2064	0.111924031696278
4.2224	0.111814061801778
4.2384	0.11167471168033
4.2544	0.111506483204624
4.2704	0.111311155432817
4.2864	0.111092086867584
4.3024	0.110854194558311
4.3184	0.110603583638212
4.3344	0.110346963081144
4.3504	0.110090990936659
4.3664	0.109841748057089
4.3824	0.109604376587839
4.3984	0.109382947559707
4.4144	0.109180585579928
4.4304	0.108999739466117
4.4464	0.108842480068719
4.4624	0.108710816214283
4.4784	0.108606946355735
4.4944	0.108533359981486
4.5104	0.108492844008026
4.5264	0.108488388829715
4.5424	0.108523004667209
4.5584	0.108599531315056
4.5744	0.108720534724631
4.5904	0.108888242313846
4.6064	0.109104575086745
4.6224	0.109371289611582
4.6384	0.109690138728707
4.6544	0.110062971311184
4.6704	0.110491732153447
4.6864	0.110978345668954
4.7024	0.111524593652061
4.7184	0.11213200509772
4.7344	0.112801747046104
4.7504	0.113534588408706
4.7664	0.11433095460875
4.7824	0.115191001699481
4.7984	0.116114670401749
4.8144	0.117101676152103
4.8304	0.1181513838875
4.8464	0.119262717358179
4.8624	0.120434132718678
4.8784	0.121663655144954
4.8944	0.122948997886061
4.9104	0.124287788605878
4.9264	0.125677825667947
4.9424	0.127117265846348
4.9584	0.128604662598282
4.9744	0.130138830944338
4.9904	0.131718648717896
5.0064	0.133342863117639
5.0224	0.135009937565674
5.0384	0.136718080763594
5.0544	0.138465463728207
5.0704	0.140250389718121
5.0864	0.142071370084736
5.1024	0.143926972205073
5.1184	0.145815417814916
5.1344	0.147734061905302
5.1504	0.149679035860132
5.1664	0.151645100605118
5.1824	0.153625820667357
5.1984	0.15561408206121
5.2144	0.15760277357809
5.2304	0.159585304967114
5.2464	0.161555839491502
5.2624	0.163509149564091
5.2784	0.165440189473756
5.2944	0.167343535170851
5.3104	0.169213012117976
5.3264	0.171041574913267
5.3424	0.172821425430046
5.3584	0.174544300583861
5.3744	0.176201853846369
5.3904	0.177786026659876
5.4064	0.179289297557223
5.4224	0.180704913650298
5.4384	0.182027102265436
5.4544	0.183251235621934
5.4704	0.184373919644405
5.4864	0.185392956321065
5.5024	0.186307123554222
5.5184	0.187115830457617
5.5344	0.187818754213901
5.5504	0.188415563999971
5.5664	0.188905802355005
5.5824	0.189289055174734
5.5984	0.189565280853839
5.6144	0.189735210051656
5.6304	0.189800692612162
5.6464	0.189764963769864
5.6624	0.189632732081831
5.6784	0.189410063415836
5.6944	0.189104040065599
5.7104	0.188722332981743
5.7264	0.188272780700933
5.7424	0.187763005110351
5.7584	0.187200150675996
5.7744	0.186590801808151
5.7904	0.185940980983023
5.8064	0.185256233670999
5.8224	0.184541724756972
5.8384	0.183802252635028
5.8544	0.183042158793716
5.8704	0.182265211837515
5.8864	0.181474457636424
5.9024	0.180672133732056
5.9184	0.179859762195573
5.9344	0.179038352800266
5.9504	0.178208619452106
5.9664	0.177371295640417
5.9824	0.176527456622924
5.9984	0.175678779141493
6.0144	0.174827773805135
6.0304	0.173977901651255
6.0464	0.173133421999401
6.0624	0.172299130299553
6.0784	0.171479994273588
6.0944	0.170680720947831
6.1104	0.16990544725986
6.1264	0.169157629133695
6.1424	0.168440031049516
6.1584	0.167754889568362
6.1744	0.167104155797076
6.1904	0.166489568921216
6.2064	0.165912568149382
6.2224	0.165374220145728
6.2384	0.164875013067319
6.2544	0.164414663183374
6.2704	0.163992040633959
6.2864	0.163605095944528
6.3024	0.163250685647813
6.3184	0.162924474777263
6.3344	0.162620785987578
6.3504	0.16233247290761
6.3664	0.162051030169962
6.3824	0.161766893079248
6.3984	0.161469717502195
6.4144	0.161148810703174
6.4304	0.160793618848557
6.4464	0.160394147336735
6.4624	0.15994122753428
6.4784	0.159426775017504
6.4944	0.158843900614457
6.5104	0.158186942342925
6.5264	0.157451424775882
6.5424	0.156633984989859
6.5584	0.155732245689363
6.5744	0.154744792410723
6.5904	0.153671270282652
6.6064	0.152512589407973
6.6224	0.151271190363951
6.6384	0.149951357276949
6.6544	0.148559475904892
6.6704	0.147104110835602
6.6864	0.145595833031544
6.7024	0.144046906495144
6.7184	0.142470776444073
6.7344	0.140881380308211
6.7504	0.139292483621044
6.7664	0.137717213129718
6.7824	0.136167819120509
6.7984	0.134655692189044
6.8144	0.133191623782835
6.8304	0.13178605362871
6.8464	0.130449168467311
6.8624	0.129190881178725
6.8784	0.128020629263785
6.8944	0.126946995475069
6.9104	0.125977454034292
6.9264	0.125118261680251
6.9424	0.124374446298857
6.9584	0.123749992529528
6.9744	0.123248205333152
6.9904	0.122872035655673
7.0064	0.122624322601322
7.0224	0.122507883203763
7.0384	0.122525444185294
7.0544	0.122679463295137
7.0704	0.122971936342712
7.0864	0.123404150963069
7.1024	0.123976508096201
7.1184	0.12468848083994
7.1344	0.12553869111223
7.1504	0.126525046551333
7.1664	0.127644941042012
7.1824	0.128895349442028
7.1984	0.130272788440626
7.2144	0.131773156306914
7.2304	0.133391444308219
7.2464	0.135121411607357
7.2624	0.136955364723799
7.2784	0.138884007804113
7.2944	0.140896382219896
7.3104	0.142979994451851
7.3264	0.145121145437335
7.3424	0.147305301309475
7.3584	0.149517538354531
7.3744	0.151742990023098
7.3904	0.153967132691091
7.4064	0.156175926218214
7.4224	0.158355917572066
7.4384	0.160494235747423
7.4544	0.162578554766068
7.4704	0.164597185334378
7.4864	0.166539259467197
7.5024	0.168394955652597
7.5184	0.170155823100193
7.5344	0.17181502487056
7.5504	0.173367476058606
7.5664	0.174809947454864
7.5824	0.176141021236842
7.5984	0.177360777798971
7.6144	0.178470379938794
7.6304	0.179471655575147
7.6464	0.180366604201611
7.6624	0.181156984415396
7.6784	0.18184413156252
7.6944	0.182429000736716
7.7104	0.182912407013573
7.7264	0.183295375595349
7.7424	0.183579398366428
7.7584	0.183766560643914
7.7744	0.183859531545833
7.7904	0.183861442287416
7.8064	0.183775688585895
7.8224	0.183605864497663
7.8384	0.183355796098927
7.8544	0.18302969998295
7.8704	0.182632233344545
7.8864	0.182168408965582
7.9024	0.181643397957875
7.9184	0.181062339029675
7.9344	0.180430169219487
7.9504	0.17975157554789
7.9664	0.179031036605241
7.9824	0.178272924688255
7.9984	0.177481496366947
8.0144	0.176660828300942
8.0304	0.175814589267888
8.0464	0.174945824772198
8.0624	0.17405688378969
8.0784	0.17314968283408
8.0944	0.172226212191062
8.1104	0.17128923135922
8.1264	0.17034290490753
8.1424	0.169393177972377
8.1584	0.168447753493574
8.1744	0.16751570263404
8.1904	0.166606857499755
8.2064	0.165731264722986
8.2224	0.164898771843084
8.2384	0.164118800048618
8.2544	0.163400212988025
8.2704	0.162751238481561
8.2864	0.162179362209567
8.3024	0.161691273904653
8.3184	0.161292878247258
8.3344	0.160989322983341
8.3504	0.160785113283361
8.3664	0.160684297009658
8.3824	0.160690553137298
8.3984	0.160807111492633
8.4144	0.161036628114521
8.4304	0.161381069417793
8.4464	0.161841654946199
8.4624	0.162418962367761
8.4784	0.163113193519027
8.4944	0.1639244537969
8.5104	0.164852908302352
8.5264	0.165898786748191
8.5424	0.167062267533326
8.5584	0.168343227878175
8.5744	0.169741032346993
8.5904	0.171254430623645
8.6064	0.172881487796044
8.6224	0.174619470663593
8.6384	0.176464734730832
8.6544	0.178412489669493
8.6704	0.180456469577921
8.6864	0.182588707813276
8.7024	0.184799515973266
8.7184	0.187077620744527
8.7344	0.189410565396195
8.7504	0.191785271334541
8.7664	0.194188589201409
8.7824	0.196607762401366
8.7984	0.199030768392098
8.8144	0.201446453293233
8.8304	0.203844616912073
8.8464	0.206216067587238
8.8624	0.208552657829299
8.8784	0.210847358736341
8.8944	0.213094392086949
8.9104	0.215289217323021
8.9264	0.217428364551771
8.9424	0.219509131723298
8.9584	0.221529176862942
8.9744	0.223486072365756
8.9904	0.225377025209909
9.0064	0.227198809676937
9.0224	0.228947884889401
9.0384	0.230620682862899
9.0544	0.232213967601081
9.0704	0.233725110738652
9.0864	0.23515211928221
9.1024	0.23649339757816
9.1184	0.237747315794822
9.1344	0.23891166317433
9.1504	0.239983117562117
9.1664	0.240956876177003
9.1824	0.241826505283359
9.1984	0.242584026507587
9.2144	0.24322019725962
9.2304	0.24372493462564
9.2464	0.244087792609581
9.2624	0.244298430408652
9.2784	0.244347000294535
9.2944	0.244224409236321
9.3104	0.24392244081932
9.3264	0.243433765750164
9.3424	0.242751855591189
9.3584	0.241870862450463
9.3744	0.240785582473255
9.3904	0.239491548633622
9.4064	0.237985247189311
9.4224	0.236264437006223
9.4384	0.234328469834548
9.4544	0.232178448179003
9.4704	0.229817190528752
9.4864	0.227248965867693
9.5024	0.224479006219109
9.5184	0.221513021375068
9.5344	0.218356865065148
9.5504	0.215016312194644
9.5664	0.21149704690051
9.5824	0.271532265750499
9.5984	0.272058787322964
9.6144	0.272616428290842
9.6304	0.273201674160193
9.6464	0.273810879833526
9.6624	0.274440241745648
9.6784	0.275085781182689
9.6944	0.275743327059939
9.7104	0.276408504420708
9.7264	0.277076700970994
9.7424	0.277743047677209
9.7584	0.278402474555818
9.7744	0.2790498570122
9.7904	0.279680212226197
9.8064	0.280288954679239
9.8224	0.280872098848377
9.8384	0.281426373728443
9.8544	0.281949222470896
9.8704	0.282438703813444
9.8864	0.282893272557082
9.9024	0.283311586202867
9.9184	0.283692353810221
9.9344	0.284034202091291
9.9504	0.284335562728828
9.9664	0.284594643611413
9.9824	0.284809445674011
9.9984	0.284977851758136
10.0144	0.285097787760421
10.0304	0.285167413426624
10.0464	0.285185269378392
10.0624	0.28515043183199
10.0784	0.285062585126735
10.0944	0.284922033138542
10.1104	0.284729655230816
10.1264	0.284486846996437
10.1424	0.284195426031239
10.1584	0.283857570037675
10.1744	0.283475727738129
10.1904	0.283052514045892
10.2064	0.282590630099573
10.2224	0.2820928227355
10.2384	0.281561842012369
10.2544	0.281000472472197
10.2704	0.280411633826258
10.2864	0.279798527642537
10.3024	0.279164748355171
10.3184	0.278514356746712
10.3344	0.277851861350776
10.3504	0.277182147740998
10.3664	0.276510344642396
10.3824	0.275841673264836
10.3984	0.275181307743956
10.4144	0.274534274715238
10.4304	0.273905383632012
10.4464	0.273299183339823
10.4624	0.272719896322418
10.4784	0.272171350093
10.4944	0.271656925450362
10.5104	0.271179527972933
10.5264	0.270741581070173
10.5424	0.270345064676569
10.5584	0.269991564255005
10.5744	0.269682303486382
10.5904	0.26941814620036
10.6064	0.269199571734152
10.6224	0.269026625693972
10.6384	0.268898869431681
10.6544	0.268815346282906
10.6704	0.26877458595801
10.6864	0.268774652500488
10.7024	0.268813236623647
10.7184	0.268887777078826
10.7344	0.268995590010949
10.7504	0.269133988304819
10.7664	0.269300374217165
10.7824	0.269492296394784
10.7984	0.26970747105257
10.8144	0.269943770341456
10.8304	0.270199180039794
10.8464	0.27047174103539
10.8624	0.270759488228428
10.8784	0.271060407810037
10.8944	0.271372419972041
10.9104	0.271693388206604
10.9264	0.272021153792402
10.9424	0.272353581050982
10.9584	0.2726885694576
10.9744	0.273024048152534
10.9904	0.273357957623084
11.0064	0.27368822240069
11.0224	0.27401277909372
11.0384	0.274329677655341
11.0544	0.274637172840929
11.0704	0.274933819921582
11.0864	0.275218552540441
11.1024	0.275490638900056
11.1184	0.275749523745024
11.1344	0.275994645835748
11.1504	0.276225220097622
11.1664	0.276440012189758
11.1824	0.276637222028043
11.1984	0.276814455192472
11.2144	0.276968772746903
11.2304	0.277096879166951
11.2464	0.277195374394509
11.2624	0.277260978190174
11.2784	0.27729076191882
11.2944	0.27728230568599
11.3104	0.277233752613038
11.3264	0.277143867510283
11.3424	0.277012103238807
11.3584	0.27683863173095
11.3744	0.276624398577347
11.3904	0.276371141737718
11.4064	0.276081297072917
11.4224	0.275757841829213
11.4384	0.275404110224738
11.4544	0.275023590249722
11.4704	0.27461979762057
11.4864	0.274196266684381
11.5024	0.273756611117284
11.5184	0.273304639457198
11.5344	0.272844472436125
11.5504	0.272380621836039
11.5664	0.271918045817058
11.5824	0.271462189564973
11.5984	0.271019000680774
11.6144	0.27059494032941
11.6304	0.270196958419977
11.6464	0.26983241850261
11.6624	0.269508978596489
11.6784	0.269234443149315
11.6944	0.269016600877436
11.7104	0.268863102404218
11.7264	0.268781387316992
11.7424	0.268778655207914
11.7584	0.268861874233501
11.7744	0.269037806417352
11.7904	0.269313034347075
11.8064	0.269693987189564
11.8224	0.270186965692856
11.8384	0.270798149965625
11.8544	0.271533590023299
11.8704	0.272399139967661
11.8864	0.273400290393273
11.9024	0.274541890273529
11.9184	0.275827799131406
11.9344	0.277260494358405
11.9504	0.27884072660154
11.9664	0.28056730906243
11.9824	0.282437050777247
11.9984	0.284444816270419
12.0144	0.286583681696577
12.0304	0.288845111590692
12.0464	0.291219165431137
12.0624	0.293694772385329
12.0784	0.296260103289558
12.0944	0.298902963919268
12.1104	0.301611177639618
12.1264	0.304372885814178
12.1424	0.307176727769331
12.1584	0.31001185444843
12.1744	0.312867783806897
12.1904	0.315734232375789
12.2064	0.318601048188274
12.2224	0.321458215388535
12.2384	0.32429591406887
12.2544	0.32710464631537
12.2704	0.329875389894077
12.2864	0.332599732202876
12.3024	0.335269998614788
12.3184	0.33787938446234
12.3344	0.340422074946492
12.3504	0.342893360082698
12.3664	0.345289735765991
12.3824	0.34760896482187
12.3984	0.349850057916719
12.4144	0.352013264508635
12.4304	0.35410005281387
12.4464	0.356113008189507
12.4624	0.358055617195536
12.4784	0.359932024254455
12.4944	0.361746687183043
12.5104	0.363503978688247
12.5264	0.365207860759384
12.5424	0.36686169219206
12.5584	0.368468119048121
12.5744	0.37002910352167
12.5904	0.371546030836679
12.6064	0.373019793702632
12.6224	0.374450849694274
12.6384	0.375839302139088
12.6544	0.377184953945871
12.6704	0.378487352842445
12.6864	0.379745870552025
12.7024	0.380959805695095
12.7184	0.382128455766154
12.7344	0.383251172119163
12.7504	0.384327374352917
12.7664	0.385356523206102
12.7824	0.386338091569062
12.7984	0.387271559717639
12.8144	0.38815642863262
12.8304	0.388992254767725
12.8464	0.389778707131317
12.8624	0.390515624707007
12.8784	0.391203067194887
12.8944	0.391841361888542
12.9104	0.392431160665662
12.9264	0.392973477526791
12.9424	0.393469690236273
12.9584	0.393921499756644
12.9744	0.394330860001709
12.9904	0.394699865184172
13.0064	0.395030629654762
13.0224	0.395325185706891
13.0384	0.395585406908516
13.0544	0.395812944582346
13.0704	0.396009203186097
13.0864	0.396175325117301
13.1024	0.396312174299204
13.1184	0.396420327785151
13.1344	0.396500090611099
13.1504	0.396551499908803
13.1664	0.396574355132916
13.1824	0.396568286981964
13.1984	0.396532823433489
13.2144	0.396467415620201
13.2304	0.396371449837737
13.2464	0.396244236461946
13.2624	0.396084970360597
13.2784	0.39589268354792
13.2944	0.395666221860349
13.3104	0.395404234089327
13.3264	0.395105191564031
13.3424	0.394767443325055
13.3584	0.394389277668029
13.3744	0.393968971075545
13.3904	0.393504852510159
13.4064	0.39299536236674
13.4224	0.392439083420285
13.4384	0.391834759119796
13.4544	0.391181341230769
13.4704	0.390478047361807
13.4864	0.389724426030845
13.5024	0.388920399862531
13.5184	0.388066285470249
13.5344	0.387162782589591
13.5504	0.386210939748992
13.5664	0.385212072301563
13.5824	0.384167667935014
13.5984	0.383079316411095
13.6144	0.381948686940355
13.6304	0.380777547933732
13.6464	0.379567825020505
13.6624	0.378321647166988
13.6784	0.377041406822553
13.6944	0.375729797605612
13.7104	0.374389827625492
13.7264	0.373024821122485
13.7424	0.371638458501106
13.7584	0.37023477846418
13.7744	0.368818141228306
13.7904	0.367393154378814
13.8064	0.365964570917548
13.8224	0.364537186520707
13.8384	0.363115806034653
13.8544	0.361705255907534
13.8704	0.360310471528646
13.8864	0.358936623914655
13.9024	0.357589221314093
13.9184	0.35627408079727
13.9344	0.354997220044162
13.9504	0.353764628185569
13.9664	0.3525819572139
13.9824	0.351454239550399
13.9984	0.350385730772633
14.0144	0.349379854679462
14.0304	0.348439228230731
14.0464	0.347565731582769
14.0624	0.346760591419162
14.0784	0.346024472868269
14.0944	0.345357529937473
14.1104	0.344759391822432
14.1264	0.344229164859932
14.1424	0.343765433766201
14.1584	0.343366255263135
14.1744	0.343029190442003
14.1904	0.342751399628096
14.2064	0.342529750908579
14.2224	0.342360940541084
14.2384	0.342241605486866
14.2544	0.342168317049772
14.2704	0.342137513235006
14.2864	0.342145423529477
14.3024	0.342187938289669
14.3184	0.342260515045748
14.3344	0.342358248686949
14.3504	0.342476019279836
14.3664	0.342608667096066
14.3824	0.342751210321161
14.3984	0.342899055762278
14.4144	0.34304815788192
14.4304	0.343195207916107
14.4464	0.343337798524612
14.4624	0.343474517205184
14.4784	0.343604982993405
14.4944	0.343729770600461
14.5104	0.343850146687259
14.5264	0.343967725446301
14.5424	0.344084149219682
14.5584	0.344200828083082
14.5744	0.344318780102913
14.5904	0.344438589491958
14.6064	0.344560428523476
14.6224	0.344684099237192
14.6384	0.344809046866501
14.6544	0.344934374358449
14.6704	0.345058876713011
14.6864	0.345181109396364
14.7024	0.345299501371731
14.7184	0.345412485984486
14.7344	0.345518591156132
14.7504	0.345616537461677
14.7664	0.345705374483877
14.7824	0.34578461105907
14.7984	0.345854339403694
14.8144	0.345915364889297
14.8304	0.34596925302866
14.8464	0.346018270811204
14.8624	0.346065148274029
14.8784	0.346112724182287
14.8944	0.3461635566334
14.9104	0.346219617972487
14.9264	0.346282103072927
14.9424	0.346351473996521
14.9584	0.346427687892639
14.9744	0.346510501841639
14.9904	0.346599777506633
15.0064	0.346695747352182
15.0224	0.34679910700682
15.0384	0.346910996432829
15.0544	0.347032925259199
15.0704	0.347166636855412
15.0864	0.347313945691887
15.1024	0.347476668547699
15.1184	0.34765661371193
15.1344	0.347855627973292
15.1504	0.348075679817814
15.1664	0.348318844116346
15.1824	0.348587183128579
15.1984	0.348882517388144
15.2144	0.34920611696791
15.2304	0.349558392238119
15.2464	0.349938681995425
15.2624	0.350345161461302
15.2784	0.350774923926249
15.2944	0.351224244402083
15.3104	0.351688929234268
15.3264	0.352164692955743
15.3424	0.352647516473969
15.3584	0.353133924234978
15.3744	0.353621179700301
15.3904	0.354107404935768
15.4064	0.354591605775052
15.4224	0.355073595443734
15.4384	0.355553817714984
15.4544	0.356033100958207
15.4704	0.356512392719882
15.4864	0.356992525438141
15.5024	0.357474051577839
15.5184	0.357957180640277
15.5344	0.358441769318482
15.5504	0.358927314504406
15.5664	0.359412951119072
15.5824	0.359897446302469
15.5984	0.360379186398639
15.6144	0.360856181129705
15.6304	0.361326107156383
15.6464	0.361786394992158
15.6624	0.362234403341734
15.6784	0.362667592693906
15.6944	0.363083703838416
15.7104	0.36348095438003
15.7264	0.36385814249909
15.7424	0.36421461537989
15.7584	0.36455018100844
15.7744	0.364864962146964
15.7904	0.36515920398184
15.8064	0.365433162107866
15.8224	0.365687068989505
15.8384	0.365921141658941
15.8544	0.366135651635076
15.8704	0.366330997986413
15.8864	0.366507722351663
15.9024	0.366666497724019
15.9184	0.36680813096855
15.9344	0.366933567694947
15.9504	0.367043912771525
15.9664	0.367140475510563
15.9824	0.367224793872481
15.9984	0.367298620539177
16.0144	0.367363840073804
16.0304	0.367422345025666
16.0464	0.367475983921899
16.0624	0.367526600701215
16.0784	0.367576115933961
16.0944	0.367626602785069
16.1104	0.367680330484994
16.1264	0.367739681441861
16.1424	0.367806941790263
16.1584	0.367884050846548
16.1744	0.367972363765116
16.1904	0.36807251851949
16.2064	0.368184470435377
16.2224	0.368307685127622
16.2384	0.368441401581425
16.2544	0.368584946847548
16.2704	0.368738061452547
16.2864	0.368901138149884
16.3024	0.369075310176569
16.3184	0.369262435228194
16.3344	0.369464965380743
16.3504	0.369685724211188
16.3664	0.369927678647972
16.3824	0.370193716037008
16.3984	0.37048644330817
16.4144	0.370808056535754
16.4304	0.371160247990261
16.4464	0.371544097037223
16.4624	0.371960024442149
16.4784	0.372407834368204
16.4944	0.372886825668488
16.5104	0.373395930070725
16.5264	0.37393390934249
16.5424	0.374499549428116
16.5584	0.375091789347934
16.5744	0.375709747782562
16.5904	0.376352641610151
16.6064	0.377019635548905
16.6224	0.377709699318665
16.6384	0.378421481275577
16.6544	0.37915323501683
16.6704	0.379902807796906
16.6864	0.380667685073114
16.7024	0.381445074971001
16.7184	0.38223200360477
16.7344	0.383025408747692
16.7504	0.38382226230873
16.7664	0.384619691169412
16.7824	0.385415070499175
16.7984	0.38620610212833
16.8144	0.386990871381609
16.8304	0.387767852335205
16.8464	0.388535867567334
16.8624	0.389294033272261
16.8784	0.390041687885368
16.8944	0.390778306427372
16.9104	0.391503456711444
16.9264	0.392216766212172
16.9424	0.392917892935149
16.9584	0.393606521431586
16.9744	0.394282365851922
16.9904	0.394945142041024
17.0064	0.395594540448879
17.0224	0.396230215279548
17.0384	0.396851776999171
17.0544	0.39745879171771
17.0704	0.398050806522832
17.0864	0.398627382474579
17.1024	0.399188121116381
17.1184	0.39973269753073
17.1344	0.400260901498388
17.1504	0.400772672034414
17.1664	0.401268135325424
17.1824	0.401747648171089
17.1984	0.402211832190261
17.2144	0.402661591683824
17.2304	0.403098121050178
17.2464	0.403522903946204
17.2624	0.403937696200195
17.2784	0.404344500301136
17.2944	0.40474553832734
17.3104	0.405143221778104
17.3264	0.405540118751397
17.3424	0.405938915635836
17.3584	0.40634237891485
17.3744	0.406753326924587
17.3904	0.407174608807914
17.4064	0.407609086994285
17.4224	0.408059631654098
17.4384	0.408529123383431
17.4544	0.409020448167929
17.4704	0.409536494902234
17.4864	0.410080137633933
17.5024	0.410654183755184
17.5184	0.411261304642515
17.5344	0.411903980706199
17.5504	0.412584446549445
17.5664	0.413304662165388
17.5824	0.414066338130596
17.5984	0.414870961546093
17.6144	0.415719775211258
17.6304	0.416613721971039
17.6464	0.417553331150181
17.6624	0.418538530441744
17.6784	0.419568466382223
17.6944	0.420641408499236
17.7104	0.421754753377378
17.7264	0.422905198269504
17.7424	0.424089083422899
17.7584	0.425302772847303
17.7744	0.426542981937565
17.7904	0.427807017757644
17.8064	0.429092836302353
17.8224	0.430398876927029
17.8384	0.431723767977985
17.8544	0.433065958788141
17.8704	0.434423343570629
17.8864	0.435793012247643
17.9024	0.437171245990783
17.9184	0.438553768747866
17.9344	0.439936204716481
17.9504	0.441314635584909
17.9664	0.442686095004781
17.9824	0.444048883262973
17.9984	0.445402630528676
18.0144	0.446748131448999
18.0304	0.448087062184193
18.0464	0.449421629893834
18.0624	0.450754240768703
18.0784	0.45208720319426
18.0944	0.453422381313445
18.1104	0.454760819536702
18.1264	0.456102438606599
18.1424	0.457445702665709
18.1584	0.458787396514175
18.1744	0.46012275702504
18.1904	0.461445824510868
18.2064	0.462749884589222
18.2224	0.464028007515957
18.2384	0.465273551912702
18.2544	0.466480405865298
18.2704	0.467643201338937
18.2864	0.468757417753558
18.3024	0.46981929832976
18.3184	0.47082578942225
18.3344	0.47177456970666
18.3504	0.47266376586645
18.3664	0.473491637399611
18.3824	0.474256457086291
18.3984	0.474956474945543
18.4144	0.475589908295504
18.4304	0.476155210307866
18.4464	0.476651401199298
18.4624	0.477078334143947
18.4784	0.477436782244148
18.4944	0.477728398948045
18.5104	0.477955376959557
18.5264	0.478120015699403
18.5424	0.478224323497116
18.5584	0.478269707176061
18.5744	0.478256730136195
18.5904	0.478185063758595
18.6064	0.478053658420436
18.6224	0.477861030543849
18.6384	0.477605566774614
18.6544	0.477285937612031
18.6704	0.476901523578633
18.6864	0.476452762486709
18.7024	0.475941336258948
18.7184	0.475370283534566
18.7344	0.474743865050741
18.7504	0.474067313783415
18.7664	0.473346533322243
18.7824	0.472587810857931
18.7984	0.471797508813147
18.8144	0.470981908259525
18.8304	0.470147185415776
18.8464	0.469299379677111
18.8624	0.468444309432286
18.8784	0.467587491439239
18.8944	0.466733970218591
18.9104	0.465888076116897
18.9264	0.465053206725756
18.9424	0.464231793974527
18.9584	0.463425474492745
18.9744	0.462635439459071
18.9904	0.461862897400827
19.0064	0.461109444984103
19.0224	0.460377304707897
19.0384	0.459669326157616
19.0544	0.458988815921465
19.0704	0.458339235087315
19.0864	0.457723995159448
19.1024	0.457146333824191
19.1184	0.456609274759465
19.1344	0.456115621764027
19.1504	0.455668019783644
19.1664	0.4842786473713
19.1824	0.48414036327233
19.1984	0.484021614072693
19.2144	0.483922913913748
19.2304	0.483844310236446
19.2464	0.483785446980715
19.2624	0.483745679796929
19.2784	0.483724218408987
19.2944	0.483720266737506
19.3104	0.483733117258215
19.3264	0.483762135113082
19.3424	0.483806703443623
19.3584	0.483866164452217
19.3744	0.483939736503629
19.3904	0.484026483786289
19.4064	0.484125368407791
19.4224	0.484235343292354
19.4384	0.48435546089406
19.4544	0.484485018015427
19.4704	0.484623634178632
19.4864	0.484771263403533
19.5024	0.484928187481507
19.5184	0.485094951466232
19.5344	0.485272236432912
19.5504	0.485460755263388
19.5664	0.485661160688229
19.5824	0.48587393201317
19.5984	0.486099288559286
19.6144	0.48633717689151
19.6304	0.486587272077387
19.6464	0.486849059445841
19.6624	0.487121996818307
19.6784	0.487405702065469
19.6944	0.487700144717069
19.7104	0.488005799233197
19.7264	0.488323702191228
19.7424	0.488655405510617
19.7584	0.489002864574071
19.7744	0.489368279409082
19.7904	0.489753927510449
19.8064	0.490162000228755
19.8224	0.490594451731605
19.8384	0.491052877060852
19.8544	0.491538429912959
19.8704	0.492051734070353
19.8864	0.492592830817953
19.9024	0.493161199043638
19.9184	0.493755828177584
19.9344	0.494375318713413
19.9504	0.495018016120388
19.9664	0.495682123956879
19.9824	0.496365770527307
19.9984	0.497067045287356
20.0144	0.497783984945757
20.0304	0.498514553601396
20.0464	0.499256644350303
20.0624	0.500008097291789
20.0784	0.500766730811058
20.0944	0.501530393663133
20.1104	0.502297031862051
20.1264	0.503064758502558
20.1424	0.503831887443297
20.1584	0.504596930347027
20.1744	0.505358558305816
20.1904	0.506115564767501
20.2064	0.50686683327699
20.2224	0.507611319024899
20.2384	0.508348042552599
20.2544	0.509076085362525
20.2704	0.509794570848427
20.2864	0.510502631972199
20.3024	0.511199383827134
20.3184	0.511883901926663
20.3344	0.512555224999315
20.3504	0.513212392836601
20.3664	0.513854517849539
20.3824	0.514480869318862
20.3984	0.515090941852134
20.4144	0.515684478353047
20.4304	0.516261441193124
20.4464	0.516821947238483
20.4624	0.51736618710702
20.4784	0.517894338558823
20.4944	0.518406516327624
20.5104	0.518902763087273
20.5264	0.51938306357635
20.5424	0.519847378793131
20.5584	0.520295687308804
20.5744	0.520728006137062
20.5904	0.521144399909054
20.6064	0.521544987520326
20.6224	0.521929938108644
20.6384	0.52229946629781
20.6544	0.522653832610062
20.6704	0.522993338992749
20.6864	0.523318318890078
20.7024	0.52362912905051
20.7184	0.523926148118737
20.7344	0.524209781658505
20.7504	0.524480477459426
20.7664	0.524738740128259
20.7824	0.524985139346771
20.7984	0.525220308486042
20.8144	0.525444930064523
20.8304	0.525659711568488
20.8464	0.525865360105258
20.8624	0.526062558750962
20.8784	0.52625195087968
20.8944	0.526434136101035
20.9104	0.526609670548011
20.9264	0.526779066520439
20.9424	0.526942792855519
20.9584	0.527101276080304
20.9744	0.527254903117274
20.9904	0.527404025336669
21.0064	0.527548965717741
21.0224	0.527690026099365
21.0384	0.527827493216082
21.0544	0.527961645943424
21.0704	0.52809276290522
21.0864	0.52822112980829
21.1024	0.528347049150699
21.1184	0.528470852643873
21.1344	0.528592909148622
21.1504	0.528713624803642
21.1664	0.528833437613806
21.1824	0.528952805533197
21.1984	0.529072189581165
21.2144	0.529192039606804
21.2304	0.529312785119118
21.2464	0.529434831274977
21.2624	0.529558562954835
21.2784	0.529684354422346
21.2944	0.52981257372448
21.3104	0.529943587448247
21.3264	0.53007776133886
21.3424	0.530215452684311
21.3584	0.530356999122412
21.3744	0.530502715581163
21.3904	0.530652892518659
21.4064	0.530807797230117
21.4224	0.530967681306802
21.4384	0.531132786884323
21.4544	0.531303343971783
21.4704	0.531479564563203
21.4864	0.531661632206489
21.5024	0.531849683914277
21.5184	0.532043793425195
21.5344	0.532243967141118
21.5504	0.532450145662701
21.5664	0.532662215053318
21.5824	0.532880031453524
21.5984	0.533103449864108
21.6144	0.533332347474802
21.6304	0.53356665035978
21.6464	0.533806358716721
21.6624	0.534051555342084
21.6784	0.534302397475011
21.6944	0.534559092646512
21.7104	0.534821853389507
21.7264	0.535090844132164
21.7424	0.535366144975961
21.7584	0.535647739694341
21.7744	0.535935536456601
21.7904	0.536229425082852
21.8064	0.536529343990931
21.8224	0.536835338816471
21.8384	0.537147598257072
21.8544	0.537466452993049
21.8704	0.537792341868939
21.8864	0.538125760458969
21.9024	0.538467206687382
21.9184	0.53881713872885
21.9344	0.539175954956513
21.9504	0.539543980980524
21.9664	0.539921472945392
21.9824	0.540308631600136
21.9984	0.540705619696081
22.0144	0.541112583440154
22.0304	0.541529681368389
22.0464	0.541957100967434
22.0624	0.5423950616939
22.0784	0.54284381417055
22.0944	0.543303619143619
22.1104	0.543774710590399
22.1264	0.544257274862635
22.1424	0.544751443868344
22.1584	0.545257303068102
22.1744	0.545774912752667
22.1904	0.546304336570429
22.2064	0.546845661251408
22.2224	0.547399016424451
22.2384	0.547964588098989
22.2544	0.548542628860793
22.2704	0.549133468828811
22.2864	0.549737535098024
22.3024	0.550355369008696
22.3184	0.550987628598203
22.3344	0.551635074850197
22.3504	0.552298552380917
22.3664	0.552978960073752
22.3824	0.553677219812058
22.3984	0.554394235918815
22.4144	0.555130846761203
22.4304	0.555887747245774
22.4464	0.556665388563744
22.4624	0.557463863127375
22.4784	0.558282810901447
22.4944	0.559121372353389
22.5104	0.559978202393563
22.5264	0.560851544891636
22.5424	0.561739359511738
22.5584	0.562639454668944
22.5744	0.563549586906661
22.5904	0.564467529364269
22.6064	0.565391106875286
22.6224	0.566318193114474
22.6384	0.567246684804322
22.6544	0.56817447712313
22.6704	0.569099454932037
22.6864	0.570019486573664
22.7024	0.570932439891942
22.7184	0.571836222321651
22.7344	0.572728837665925
22.7504	0.573608448213226
22.7664	0.574473442061181
22.7824	0.57532247087092
22.7984	0.576154434049315
22.8144	0.576968428137605
22.8304	0.57776369813739
22.8464	0.578539575062302
22.8624	0.579295441227026
22.8784	0.580030741484568
22.8944	0.580745029829402
22.9104	0.581438000933944
22.9264	0.582109556573998
22.9424	0.582759882067333
22.9584	0.583389507355158
22.9744	0.583999337773368
22.9904	0.584590683661223
23.0064	0.585165226582444
23.0224	0.585724920826618
23.0384	0.586271841381813
23.0544	0.586808010959804
23.0704	0.587335214191939
23.0864	0.587854879948666
23.1024	0.588368035500378
23.1184	0.588875362513904
23.1344	0.589377325588381
23.1504	0.589874326152889
23.1664	0.590366814235943
23.1824	0.590855358746805
23.1984	0.591340659420838
23.2144	0.591823517260434
23.2304	0.592304798734312
23.2464	0.59278539126429
23.2624	0.59326614208191
23.2784	0.593747807652862
23.2944	0.594231017913644
23.3104	0.594716211529893
23.3264	0.59520360202744
23.3424	0.595693217280638
23.3584	0.596184989882226
23.3744	0.596678873201918
23.3904	0.597174981890597
23.4064	0.5976737026541
23.4224	0.598175728502313
23.4384	0.598682003150206
23.4544	0.59919361128926
23.4704	0.599711630119292
23.4864	0.600236995129444
23.5024	0.600770406509018
23.5184	0.601312312713678
23.5344	0.601862966633967
23.5504	0.602422512249718
23.5664	0.602991051627549
23.5824	0.603568694235407
23.5984	0.604155584255534
23.6144	0.604751892259736
23.6304	0.605357815296743
23.6464	0.605973582167924
23.6624	0.60659947826267
23.6784	0.607235899361304
23.6944	0.607883432015499
23.7104	0.608542878935624
23.7264	0.609215211971592
23.7424	0.609901474793351
23.7584	0.61060262899687
23.7744	0.611319370415925
23.7904	0.612052018813036
23.8064	0.61280049284061
23.8224	0.613564349529324
23.8384	0.61434289819702
23.8544	0.615135327506711
23.8704	0.615940786194945
23.8864	0.616758430811481
23.9024	0.617587435598854
23.9184	0.618426950718157
23.9344	0.619276088385043
23.9504	0.62013394987934
23.9664	0.620999681217154
23.9824	0.621872542887719
23.9984	0.622751989254216
24.0144	0.623637661603245
24.0304	0.624529341876138
24.0464	0.625426903310978
24.0624	0.626330254616826
24.0784	0.627239279308459
24.0944	0.628153815339879
24.1104	0.629073651349345
24.1264	0.629998529588712
24.1424	0.630928125713731
24.1584	0.631861996143535
24.1744	0.632799500420881
24.1904	0.633739737194525
24.2064	0.634681491204323
24.2224	0.635623232032807
24.2384	0.636563160525321
24.2544	0.637499276015547
24.2704	0.63842945732856
24.2864	0.639351535564132
24.3024	0.640263307000724
24.3184	0.641162507696468
24.3344	0.642046813033713
24.3504	0.64291385742854
24.3664	0.643761265237139
24.3824	0.644586748553533
24.3984	0.645388234592279
24.4144	0.646163937939233
24.4304	0.646912388064234
24.4464	0.647632477901884
24.4624	0.648323482493699
24.4784	0.648985059656533
24.4944	0.649617268425428
24.5104	0.650220564749142
24.5264	0.65079572572087
24.5424	0.651343746455631
24.5584	0.651865724376862
24.5744	0.652362735403142
24.5904	0.652835754023301
24.6064	0.653285654605097
24.6224	0.653713247439158
24.6384	0.654119326102689
24.6544	0.654504724872756
24.6704	0.65487035744403
24.6864	0.655217209387641
24.7024	0.65554629728284
24.7184	0.65585861538417
24.7344	0.65615509381603
24.7504	0.656436544760607
24.7664	0.656703599334283
24.7824	0.656956669772709
24.7984	0.657195947867661
24.8144	0.657421455480287
24.8304	0.657633153547533
24.8464	0.657831096159627
24.8624	0.658015573749013
24.8784	0.658187209985155
24.8944	0.658346996273115
24.9104	0.65849624983974
24.9264	0.658636512652596
24.9424	0.658769444219009
24.9584	0.658896715327516
24.9744	0.659019903008113
24.9904	0.659140407402835
25.0064	0.65925939476545
25.0224	0.659377743799785
25.0384	0.659496024798767
25.0544	0.659614514697048
25.0704	0.659733236957373
25.0864	0.659852024700823
25.1024	0.659970611216079
25.1184	0.660088722815673
25.1344	0.660206140676114
25.1504	0.660322749720838
25.1664	0.660438555994607
25.1824	0.660553672580364
25.1984	0.660668291384053
25.2144	0.660782664279354
25.2304	0.660897070474431
25.2464	0.661011787762928
25.2624	0.66112707146618
25.2784	0.661243140896521
25.2944	0.661360151197315
25.3104	0.661478175107889
25.3264	0.661597189474219
25.3424	0.661717072320912
25.3584	0.661837608207972
25.3744	0.661958527533675
25.3904	0.662079553318446
25.4064	0.662200452623712
25.4224	0.662321071172202
25.4384	0.662441338573104
25.4544	0.662561244338829
25.4704	0.662680819852072
25.4864	0.662800128041842
25.5024	0.662919267627022
25.5184	0.663038395838041
25.5344	0.663157765077949
25.5504	0.663277738478262
25.5664	0.663398777690237
25.5824	0.66352140073936
25.5984	0.663646127415782
25.6144	0.663773428988311
25.6304	0.663903712225243
25.6464	0.664037325924142
25.6624	0.664174592758155
25.6784	0.664315845845242
25.6944	0.664461445744814
25.7104	0.664611750918987
25.7264	0.664767061525198
25.7424	0.664927534978159
25.7584	0.665093113559906
25.7744	0.6652634822483
25.7904	0.665438066585755
25.8064	0.665616067002571
25.8224	0.66579653643548
25.8384	0.665978469366473
25.8544	0.666160883655771
25.8704	0.666342884383949
25.8864	0.6665236975267
25.9024	0.666702662964004
25.9184	0.666879208705805
25.9344	0.66705280981351
25.9504	0.667222941128672
25.9664	0.66738904147513
25.9824	0.667550501446816
25.9984	0.667706668078567
26.0144	0.667856853641724
26.0304	0.66800035467847
26.0464	0.668136475370113
26.0624	0.66826455416289
26.0784	0.668383988220524
26.0944	0.668494273405192
26.1104	0.668595047034874
26.1264	0.668686122538916
26.1424	0.668767510318149
26.1584	0.66883941703539
26.1744	0.668902216872238
26.1904	0.668956414345115
26.2064	0.669002607421683
26.2224	0.669041451442465
26.2384	0.669073627994544
26.2544	0.669099820132002
26.2704	0.669120683555609
26.2864	0.669136816100523
26.3024	0.669148730726232
26.3184	0.669156832213951
26.3344	0.669161399103662
26.3504	0.669162573193831
26.3664	0.669160355393847
26.3824	0.669154606640171
26.3984	0.669145056237864
26.4144	0.669131315678311
26.4304	0.669112900446366
26.4464	0.66908926095934
26.4624	0.669059820966482
26.4784	0.669024019587632
26.4944	0.668981351612872
26.5104	0.668931396442429
26.5264	0.668873825008007
26.5424	0.668808384812579
26.5584	0.668734864827887
26.5744	0.66865304961365
26.5904	0.668562675344408
26.6064	0.668463399735342
26.6224	0.668354783468868
26.6384	0.668236280764469
26.6544	0.668107234901844
26.6704	0.667966878664292
26.6864	0.667814335775451
26.7024	0.667648632830972
26.7184	0.667468719331603
26.7344	0.667273488663459
26.7504	0.667061790083285
26.7664	0.666832450814316
26.7824	0.666584304139715
26.7984	0.666316214763431
26.8144	0.666027116918401
26.8304	0.665716068117377
26.8464	0.66538229139577
26.8624	0.665025214162083
26.8784	0.664644505755938
26.8944	0.66424009405543
26.9104	0.663812158142176
26.9264	0.663361110457704
26.9424	0.662887547715152
26.9584	0.662392175724766
26.9744	0.661875742031985
26.9904	0.661338981935732
27.0064	0.660782568521829
27.0224	0.660207103720716
27.0384	0.659613160350639
27.0544	0.659001370140598
27.0704	0.658372524450553
27.0864	0.657727664020315
27.1024	0.657068121214317
27.1184	0.656395512621963
27.1344	0.655711659400489
27.1504	0.655018455463883
27.1664	0.654317733090065
27.1824	0.653611167272481
27.1984	0.652900238896305
27.2144	0.652186278963524
27.2304	0.651470586751629
27.2464	0.650754589172441
27.2624	0.650039996208318
27.2784	0.649328903682822
27.2944	0.648623827555899
27.3104	0.647927686585747
27.3264	0.647243731794856
27.3424	0.6465754064199
27.3584	0.64592619761799
27.3744	0.645299504782831
27.3904	0.644698522484572
27.4064	0.644126120584112
27.4224	0.643584754111697
27.4384	0.643076397694622
27.4544	0.642602514424788
27.4704	0.642164058155474
27.4864	0.641761509939244
27.5024	0.641394934300405
27.5184	0.641064065615418
27.5344	0.640768401382879
27.5504	0.640507272099566
27.5664	0.640279881432861
27.5824	0.640085339225949
27.5984	0.639922682381415
27.6144	0.639790866315626
27.6304	0.639688798024339
27.6464	0.639615432455725
27.6624	0.639569875348266
27.6784	0.639551482008092
27.6944	0.639559946368206
27.7104	0.639595294693884
27.7264	0.639657787189692
27.7424	0.639747792235341
27.7584	0.63986563102483
27.7744	0.640011433344378
27.7904	0.640185080503589
27.8064	0.640386243059944
27.8224	0.640614498857617
27.8384	0.640869533764325
27.8544	0.6411513137361
27.8704	0.641460174525286
27.8864	0.641796817911119
27.9024	0.642162195672609
27.9184	0.642557277617983
27.9344	0.642982824010319
27.9504	0.643439221714076
27.9664	0.643926418445813
27.9824	0.644443936394919
27.9984	0.644990959421119
28.0144	0.645566440112895
28.0304	0.646169198876611
28.0464	0.646797940079467
28.0624	0.647451217808013
28.0784	0.648127363071912
28.0944	0.648824424745503
28.1104	0.649540160755206
28.1264	0.650272095965396
28.1424	0.65101758945026
28.1584	0.651773932366585
28.1744	0.652538470417352
28.1904	0.653308682102645
28.2064	0.654082201082407
28.2224	0.654856835733853
28.2384	0.655630541217062
28.2544	0.656401326027834
28.2704	0.657167133727964
28.2864	0.657925771895258
28.3024	0.658674886246339
28.3184	0.659412004289707
28.3344	0.660134641468809
28.3504	0.660840428067169
28.3664	0.661527219498599
28.3824	0.662193171646551
28.3984	0.662836757821247
28.4144	0.663456717655913
28.4304	0.664051979939992
28.4464	0.664621599446012
28.4624	0.665164695293261
28.4784	0.665680394951939
28.4944	0.666167800965025
28.5104	0.666625952810763
28.5264	0.667053761272457
28.5424	0.667449939024817
28.5584	0.667812947212043
28.5744	0.668140960768718
28.5904	0.668431866018968
28.6064	0.668683296013239
28.6224	0.668892716471679
28.6384	0.669057566553673
28.6544	0.669175451386548
28.6704	0.669244361002261
28.6864	0.669262889113772
28.7024	0.669230410990644
28.7184	0.669147183085244
28.7344	0.669014353875828
28.7504	0.744401689579546
28.7664	0.743607963704635
28.7824	0.742833579396566
28.7984	0.742080620284504
28.8144	0.741350908243392
28.8304	0.740646060442147
28.8464	0.739967533036693
28.8624	0.739316658180994
28.8784	0.738694684575643
28.8944	0.738102819110518
28.9104	0.737542240782504
28.9264	0.737014076340955
28.9424	0.736519345770249
28.9584	0.736058871349005
28.9744	0.735633184420659
28.9904	0.735242462025543
29.0064	0.734886531226149
29.0224	0.734564921021402
29.0384	0.734276954576631
29.0544	0.73402184678412
29.0704	0.733798789725735
29.0864	0.733606984087256
29.1024	0.733445622458983
29.1184	0.733313825455571
29.1344	0.733210558740403
29.1504	0.733134545610737
29.1664	0.733084218018051
29.1824	0.733057709777771
29.1984	0.73305289387123
29.2144	0.733067454535722
29.2304	0.733098994658007
29.2464	0.733145136270862
29.2624	0.733203628648361
29.2784	0.73327248260651
29.2944	0.733350095125189
29.3104	0.733435330224393
29.3264	0.733527565802567
29.3424	0.733626685547677
29.3584	0.733732977211354
29.3744	0.733846954336397
29.3904	0.733969145899871
29.4064	0.734099888324328
29.4224	0.734239184403368
29.4384	0.734386677768208
29.4544	0.734541721958605
29.4704	0.734703503821729
29.4864	0.734871193104616
29.5024	0.735044062379437
29.5184	0.735221527285988
29.5344	0.735403123310749
29.5504	0.735588451006984
29.5664	0.735777100790318
29.5824	0.735968596925772
29.5984	0.736162390693315
29.6144	0.736357907229582
29.6304	0.736554613507736
29.6464	0.736752109314991
29.6624	0.736950191229269
29.6784	0.737148867038235
29.6944	0.737348334662052
29.7104	0.73754894563871
29.7264	0.737751140043829
29.7424	0.737955389270767
29.7584	0.738162156511257
29.7744	0.738371866097987
29.7904	0.73858486539817
29.8064	0.738801399095989
29.8224	0.739021578932449
29.8384	0.739245355597053
29.8544	0.739472532950892
29.8704	0.739702833539339
29.8864	0.739935984845794
29.9024	0.740171820344941
29.9184	0.740410372905616
29.9344	0.740651900752584
29.9504	0.740896841985686
29.9664	0.741145738511295
29.9824	0.741399136399241
29.9984	0.741657491673652
30.0144	0.741921135387428
30.0304	0.742190294956492
30.0464	0.742465125503478
30.0624	0.742745755522512
30.0784	0.74303232912084
30.0944	0.743325006203343
30.1104	0.743623966561284
30.1264	0.743929448527078
30.1424	0.744241792940839
30.1584	0.744561493040692
30.1744	0.744889253011322
30.1904	0.745226010555225
30.2064	0.745572898488701
30.2224	0.745931178691917
30.2384	0.746302154844515
30.2544	0.746687079980021
30.2704	0.747087076077632
30.2864	0.747503079169415
30.3024	0.747935794342714
30.3184	0.748385653863308
30.3344	0.748852792319809
30.3504	0.749337046330486
30.3664	0.749837978056247
30.3824	0.750354919292935
30.3984	0.750887051806998
30.4144	0.751433505397822
30.4304	0.751993448922527
30.4464	0.752566188472388
30.4624	0.753151254591745
30.4784	0.753748435057147
30.4944	0.754357757669521
30.5104	0.754979433832468
30.5264	0.755613749091443
30.5424	0.756260930548118
30.5584	0.756921049677818
30.5744	0.757593975149412
30.5904	0.758279374579117
30.6064	0.758976744456128
30.6224	0.759685447370353
30.6384	0.760404744950457
30.6544	0.761133794718866
30.6704	0.761871614227176
30.6864	0.762617080172575
30.7024	0.763368971357552
30.7184	0.764126031280263
30.7344	0.764887056817692
30.7504	0.765650989325877
30.7664	0.766416957786989
30.7824	0.767184301523492
30.7984	0.767952595879594
30.8144	0.768721647589396
30.8304	0.769491469636695
30.8464	0.770262269905266
30.8624	0.771034403702242
30.8784	0.771808262024602
30.8944	0.772584148234332
30.9104	0.773362180210054
30.9264	0.774142221799408
30.9424	0.774923883939111
30.9584	0.775706617792729
30.9744	0.776489878158308
30.9904	0.777273304092393
31.0064	0.778056867953893
31.0224	0.778840962582756
31.0384	0.779626416236806
31.0544	0.780414445478906
31.0704	0.781206571821617
31.0864	0.782004519408362
31.1024	0.782810109554052
31.1184	0.783625166055974
31.1344	0.784451416550423
31.1504	0.785290391532287
31.1664	0.786143343509035
31.1824	0.787011217883861
31.1984	0.787894656069182
31.2144	0.78879403508433
31.2304	0.789709528926546
31.2464	0.790641167246151
31.2624	0.791588872945616
31.2784	0.792552485624003
31.2944	0.793531738052112
31.3104	0.794526216568168
31.3264	0.795535330899056
31.3424	0.796558288095155
31.3584	0.797594075256703
31.3744	0.798641506197641
31.3904	0.799699302859296
31.4064	0.800766191050655
31.4224	0.801841017587495
31.4384	0.80292285809557
31.4544	0.804011077447626
31.4704	0.805105349757456
31.4864	0.806205613074024
31.5024	0.807311952156223
31.5184	0.808424468617196
31.5344	0.809543162935775
31.5504	0.810667844456997
31.5664	0.811798100081198
31.5824	0.81293332571308
31.5984	0.81407277950167
31.6144	0.815215654917476
31.6304	0.816361139371987
31.6464	0.817508419272609
31.6624	0.818656625071738
31.6784	0.819804723792603
31.6944	0.820951371704071
31.7104	0.822094784374683
31.7264	0.823232661327548
31.7424	0.824362177070342
31.7584	0.825480045259328
31.7744	0.826582631215408
31.7904	0.827666050818442
31.8064	0.828726237224216
31.8224	0.829758977837228
31.8384	0.830759919205859
31.8544	0.83172457926582
31.8704	0.832648410321927
31.8864	0.833526936489912
31.9024	0.834355950510893
31.9184	0.835131752252823
31.9344	0.835851356255992
31.9504	0.836512614108989
31.9664	0.837114229546703
31.9824	0.837655665866395
31.9984	0.838136962740572
32.0144	0.838558512588461
32.0304	0.838920841023665
32.0464	0.839224423434438
32.0624	0.839469550817854
32.0784	0.839656282327176
32.0944	0.839784483607891
32.1104	0.839853949583469
32.1264	0.839864557830076
32.1424	0.839816420002514
32.1584	0.839709997004188
32.1744	0.839546173793425
32.1904	0.839326279358878
32.2064	0.839052055588789
32.2224	0.838725596879502
32.2384	0.838349289747591
32.2544	0.837925756355885
32.2704	0.83745781364636
32.2864	0.836948437177351
32.3024	0.836400734420807
32.3184	0.835817902601246
32.3344	0.835203176695896
32.3504	0.834559764376062
32.3664	0.833890786714493
32.3824	0.833199229307712
32.3984	0.832487902557721
32.4144	0.831759425539823
32.4304	0.831016240780318
32.4464	0.830260676176654
32.4624	0.829495034949996
32.4784	0.828721693697416
32.4944	0.827943169088709
32.5104	0.82716214642913
32.5264	0.826381454739801
32.5424	0.825603991825927
32.5584	0.824832632287863
32.5744	0.82407014611143
32.5904	0.823319133238771
32.6064	0.822581997858839
32.6224	0.821860986727691
32.6384	0.821158249040719
32.6544	0.820475873953259
32.6704	0.81981592038265
32.6864	0.819180424093613
32.7024	0.818571350782068
32.7184	0.817990549399613
32.7344	0.817439726459216
32.7504	0.816920413073377
32.7664	0.816433948981712
32.7824	0.815981500624481
32.7984	0.815564060673833
32.8144	0.81518244926838
32.8304	0.814837350211855
32.8464	0.814529355930445
32.8624	0.814258998616488
32.8784	0.814026792704175
32.8944	0.813833280154143
32.9104	0.813679058756416
32.9264	0.813564791139423
32.9424	0.813491183885176
32.9584	0.813458931417317
32.9744	0.813468623604727
32.9904	0.813520612746713
33.0064	0.813614851080488
33.0224	0.813750757124658
33.0384	0.813927129646953
33.0544	0.8141421321706
33.0704	0.814393352595326
33.0864	0.814677915090718
33.1024	0.814992625932538
33.1184	0.81533415598443
33.1344	0.815699219047123
33.1504	0.816084708474885
33.1664	0.816487802061889
33.1824	0.816906030436383
33.1984	0.817337277096524
33.2144	0.817779708188614
33.2304	0.818231644724991
33.2464	0.818691407330429
33.2624	0.819157168347297
33.2784	0.81962687634037
33.2944	0.820098250889673
33.3104	0.820568846453846
33.3264	0.8210361768785
33.3424	0.821497861142181
33.3584	0.821951736843212
33.3744	0.822395937104441
33.3904	0.822828920959917
33.4064	0.823249459937339
33.4224	0.823656569603036
33.4384	0.824049417332938
33.4544	0.824427231813668
33.4704	0.824789246094343
33.4864	0.825134680161258
33.5024	0.825462765038006
33.5184	0.825772779397561
33.5344	0.826064093804517
33.5504	0.826336207711406
33.5664	0.826588759293548
33.5824	0.82682151987915
33.5984	0.827034380655469
33.6144	0.827227348558795
33.6304	0.827400558134356
33.6464	0.827554276656824
33.6624	0.827688893419235
33.6784	0.827804888714524
33.6944	0.827902796497258
33.7104	0.827983171034859
33.7264	0.828046574671086
33.7424	0.828093616150315
33.7584	0.828125010077276
33.7744	0.82814162334537
33.7904	0.828144515774783
33.8064	0.828134972217837
33.8224	0.828114524843712
33.8384	0.828084968790822
33.8544	0.828048380278172
33.8704	0.82800712900765
33.8864	0.827963877656967
33.9024	0.827921536257877
33.9184	0.82788317552527
33.9344	0.827851881597587
33.9504	0.827830587036409
33.9664	0.827821935984159
33.9824	0.827828207892283
33.9984	0.827851296989139
34.0144	0.827892777803038
34.0304	0.827954027159122
34.0464	0.828036332334354
34.0624	0.828140951436459
34.0784	0.82826914494702
34.0944	0.828422150802207
34.1104	0.828601101097562
34.1264	0.828806939673091
34.1424	0.829040346144878
34.1584	0.829301667648422
34.1744	0.829590890003235
34.1904	0.829907642155704
34.2064	0.830251194858765
34.2224	0.830620475532123
34.2384	0.831014108535732
34.2544	0.8314304692808
34.2704	0.831867749177657
34.2864	0.83232405224933
34.3024	0.832797512228
34.3184	0.833286400817652
34.3344	0.833789216803705
34.3504	0.834304756393254
34.3664	0.834832147149206
34.3824	0.835370845856033
34.3984	0.835920614827292
34.4144	0.836481472633673
34.4304	0.83705362209009
34.4464	0.837637370691073
34.4624	0.838233048327788
34.4784	0.83884092276582
34.4944	0.839461115600304
34.5104	0.840093514000374
34.5264	0.840737706544969
34.5424	0.841392952336738
34.5584	0.842058185346416
34.5744	0.842732063776493
34.5904	0.843413067765586
34.6064	0.844099609313701
34.6224	0.844790165134743
34.6384	0.845483432474538
34.6544	0.846178462017326
34.6704	0.846874751918349
34.6864	0.847572320385176
34.7024	0.848271711599057
34.7184	0.84897389849956
34.7344	0.84968013800122
34.7504	0.850391788194622
34.7664	0.851110084534713
34.7824	0.851835942504471
34.7984	0.852569864837268
34.8144	0.853311924851285
34.8304	0.854061840341166
34.8464	0.854819111319529
34.8624	0.855583166353434
34.8784	0.856353466618841
34.8944	0.857129594973144
34.9104	0.857911312249546
34.9264	0.858698579820654
34.9424	0.85949156731392
34.9584	0.860290681660236
34.9744	0.861096555514113
34.9904	0.861910003153031
35.0064	0.862731964786339
35.0224	0.863563464190215
35.0384	0.864405560398312
35.0544	0.865259339414535
35.0704	0.866125935067811
35.0864	0.867006548657248
35.1024	0.867902457428485
35.1184	0.868815007432034
35.1344	0.869745553847
35.1504	0.870695364757383
35.1664	0.871665542422137
35.1824	0.872656932215106
35.1984	0.873670015938592
35.2144	0.874704862555528
35.2304	0.875761127769373
35.2464	0.876838073315418
35.2624	0.877934622180483
35.2784	0.879049436233162
35.2944	0.880180967763329
35.3104	0.881327499424674
35.3264	0.882487173073873
35.3424	0.883657966499005
35.3584	0.884837668407412
35.3744	0.886023891020104
35.3904	0.887214101374314
35.4064	0.888405657554062
35.4224	0.889595879477514
35.4384	0.890782132995782
35.4544	0.891961892548342
35.4704	0.893132792021274
35.4864	0.894292657230596
35.5024	0.895439519425034
35.5184	0.89657161916871
35.5344	0.897687399035415
35.5504	0.898785495172584
35.5664	0.899864721517904
35.5824	0.900924052780862
35.5984	0.901962588127518
35.6144	0.902979480617878
35.6304	0.903973812657182
35.6464	0.904944446529626
35.6624	0.905889883065774
35.6784	0.906808149078781
35.6944	0.907696750937347
35.7104	0.908552738674856
35.7264	0.909372868001502
35.7424	0.910153817600581
35.7584	0.910892425937746
35.7744	0.911585914797169
35.7904	0.912232047297995
35.8064	0.912829218491774
35.8224	0.913376470608178
35.8384	0.913873451266269
35.8544	0.91432033174006
35.8704	0.91471770662124
35.8864	0.915066481030397
35.9024	0.915367735848118
35.9184	0.915622592154623
35.9344	0.9158321071074
35.9504	0.915997214043416
35.9664	0.916118693603343
35.9824	0.916197196536619
35.9984	0.916233314234323
36.0144	0.916227667404172
36.0304	0.916180983030973
36.0464	0.916094154843716
36.0624	0.915968262952046
36.0784	0.915804558298427
36.0944	0.915604412182933
36.1104	0.915369252439574
36.1264	0.915100507516054
36.1424	0.914799597746676
36.1584	0.914467957057935
36.1744	0.914107090735492
36.1904	0.913718643285604
36.2064	0.913304448305242
36.2224	0.912866551965138
36.2384	0.912407213640835
36.2544	0.911928873167913
36.2704	0.911434110127799
36.2864	0.910925630936254
36.3024	0.910406286604192
36.3184	0.909879096262551
36.3344	0.909347264792107
36.3504	0.908814160960273
36.3664	0.908283238032334
36.3824	0.907757912092884
36.3984	0.907637153668926
36.4144	0.907553193138946
36.4304	0.907505460475262
36.4464	0.907492515688656
36.4624	0.907512255834942
36.4784	0.907562173815359
36.4944	0.907639591831535
36.5104	0.907741840148933
36.5264	0.907866377830506
36.5424	0.908010865066776
36.5584	0.908173200316488
36.5744	0.908351532682792
36.5904	0.908544257528695
36.6064	0.908750001994306
36.6224	0.908967604159037
36.6384	0.909196087966168
36.6544	0.9094346372316
36.6704	0.90968256999047
36.6864	0.909939313870948
36.7024	0.910204384162216
36.7184	0.910477366690922
36.7344	0.910757904316075
36.7504	0.911045687685663
36.7664	0.911340449263598
36.7824	0.911641959474805
36.7984	0.91195002327238
36.8144	0.912264477476619
36.8304	0.912585187692731
36.8464	0.912912044661087
36.8624	0.913244960353746
36.8784	0.913583865487065
36.8944	0.913928707189138
36.9104	0.914279446749401
36.9264	0.914636057542632
36.9424	0.914998523539345
36.9584	0.915366837505832
36.9744	0.915740999615544
36.9904	0.916121016322586
37.0064	0.916506899436079
37.0224	0.916898665536813
37.0384	0.917296335501002
37.0544	0.91769993356229
37.0704	0.91810948600264
37.0864	0.918525020254251
37.1024	0.918946563791038
37.1184	0.919374142745611
37.1344	0.919807781001801
37.1504	0.92024749991373
37.1664	0.920693318028773
37.1824	0.92114525055712
37.1984	0.921603308172295
37.2144	0.922067495171978
37.2304	0.922537807254538
37.2464	0.923014229219764
37.2624	0.923496732581883
37.2784	0.923985274008092
37.2944	0.924479794925817
37.3104	0.924980221994389
37.3264	0.9254864680779
37.3424	0.925998433671228
37.3584	0.926516008573772
37.3744	0.927039073297828
37.3904	0.927567500408551
37.4064	0.928101155736205
37.4224	0.928639899459431
37.4384	0.929183587038272
37.4544	0.929732069908884
37.4704	0.930285195645165
37.4864	0.930842807624491
37.5024	0.931404744312328
37.5184	0.931970838120703
37.5344	0.932540913821216
37.5504	0.933114786783891
37.5664	0.933692261321662
37.5824	0.934273129620379
37.5984	0.934857171344749
37.6144	0.935444153956448
37.6304	0.936033833744905
37.6464	0.93662595744547
37.6624	0.937220263789635
37.6784	0.937816484635447
37.6944	0.938414345820957
37.7104	0.939013567546761
37.7264	0.93961386436324
37.7424	0.940214945110778
37.7584	0.940816513014016
37.7744	0.941418265580513
37.7904	0.942019894518563
37.8064	0.942621085647122
37.8224	0.943221518382565
37.8384	0.943820864780057
37.8544	0.944418788610218
37.8704	0.945014944443882
37.8864	0.945608976622889
37.9024	0.946200518490802
37.9184	0.946789192072018
37.9344	0.947374607902425
37.9504	0.947956365085201
37.9664	0.948534051605169
37.9824	0.949107244736081
37.9984	0.949675511351546
38.0144	0.950238408186282
38.0304	0.950795481828253
38.0464	0.951346268451544
38.0624	0.951890293557561
38.0784	0.952427071994649
38.0944	0.952956108214863
38.1104	0.953476896833455
38.1264	0.953988923460022
38.1424	0.954491665680272
38.1584	0.954984593878638
38.1744	0.955467171665456
38.1904	0.95593885572842
38.2064	0.956399095440879
38.2224	0.956847332563234
38.2384	0.957283001025674
38.2544	0.957705526776786
38.2704	0.958114327789692
38.2864	0.958508813929925
38.3024	0.95888838625969
