0.0144	-0.000908051366319995
0.0304	-0.000717772281417339
0.0464	-0.000516376361541226
0.0624	-0.000304196595731998
0.0784	-8.15912752787362e-05
0.0944	0.000151070418350496
0.1104	0.000393418495641118
0.1264	0.000645086269227768
0.1424	0.000905705520481082
0.1584	0.00117490798166164
0.1744	0.00145232746733281
0.1904	0.00173760385328325
0.2064	0.00203038896542207
0.2224	0.00233035075740951
0.2384	0.00263717495141425
0.2544	0.00295056788171788
0.2704	0.00327025854622853
0.2864	0.00359599769605534
0.3024	0.00392755590607718
0.3184	0.00426472274397049
0.3344	0.00460730333199599
0.3504	0.00495511385479741
0.3664	0.00530797805487593
0.3824	0.00566572425729284
0.3984	0.00602818187401866
0.4144	0.00639518077902146
0.4304	0.0067665533434873
0.4464	0.00714213752271675
0.4624	0.00752178166982986
0.4784	0.00790534914171559
0.4944	0.00829271952023269
0.5104	0.00868378770271105
0.5264	0.00907846114052102
0.5424	0.00947665524455665
0.5584	0.00987828845074779
0.5744	0.0102832790651703
0.5904	0.0106915441041115
0.6064	0.0111029997996375
0.6224	0.0115175622612598
0.6384	0.0119351471143463
0.6544	0.0123556690493296
0.6704	0.0127790407525699
0.6864	0.0132051714517929
0.7024	0.0136339668423888
0.7184	0.0140653313219428
0.7344	0.0144991712785179
0.7504	0.0149353995732318
0.7664	0.0153739400739852
0.7824	0.0158147299426372
0.7984	0.0162577209489223
0.8144	0.0167028805767133
0.8304	0.0171501915981627
0.8464	0.0175996517149963
0.8624	0.0180512758052247
0.8784	0.0185050988369091
0.8944	0.0189611783219283
0.9104	0.0194195964411397
0.9264	0.019880461293563
0.9424	0.0203439063237401
0.9584	0.0208100893397898
0.9744	0.0212791906393162
0.9904	0.0217514101592533
1.0064	0.0222269651750731
1.0224	0.0227060884094952
1.0384	0.0231890257102902
1.0544	0.0236760339249051
1.0704	0.0241673784185812
1.0864	0.0246633306451747
1.1024	0.0251641675295611
1.1184	0.0256701712730858
1.1344	0.0261816288981978
1.1504	0.0266988335887106
1.1664	0.0272220868159376
1.1824	0.027751698641739
1.1984	0.0282879897355484
1.2144	0.0288312937780253
1.2304	0.0293819573981287
1.2464	0.0299403379888172
1.2624	0.0305067995044732
1.2784	0.0310817014946161
1.2944	0.0316653849766233
1.3104	0.0322581591767874
1.3264	0.0328602890802938
1.3424	0.0334719860965946
1.3584	0.0340934080475592
1.3744	0.0347246677703308
1.3904	0.0353658456594892
1.4064	0.0360170047460304
1.4224	0.0366782033425483
1.4384	0.0373494967879231
1.4544	0.0380309270231161
1.4704	0.038722503672064
1.4864	0.0394241778204045
1.5024	0.0401358132200125
1.5184	0.040857164376165
1.5344	0.0415878629084734
1.5504	0.0423274111152887
1.5664	0.0430751808228651
1.5824	0.0438304133792
1.5984	0.0445922130945053
1.6144	0.0453595354811061
1.6304	0.0461311696205646
1.6464	0.046905713687531
1.6624	0.0476815469678997
1.6784	0.0484568043726652
1.6944	0.0492293482635553
1.7104	0.049996739065294
1.7264	0.0507562049349595
1.7424	0.0515046113573421
1.7584	0.0522384299572258
1.7744	0.0529537125351984
1.7904	0.0536460740286335
1.8064	0.0543106945480307
1.8224	0.0549423607612165
1.8384	0.0555355773593811
1.8544	0.0560847891042018
1.8704	0.0565847678023461
1.8864	0.0570312237447461
1.9024	0.0574216825684166
1.9184	0.0577566287880247
1.9344	0.0580408568153326
1.9504	0.0583948263360008
1.9664	0.0587469185341947
1.9824	0.0590932637925943
1.9984	0.0594295968447547
2.0144	0.0597515199350389
2.0304	0.0600548047540079
2.0464	0.0603356628183507
2.0624	0.0605908206821533
2.0784	0.0608175897941972
2.0944	0.0610138311116968
2.1104	0.0611778759944226
2.1264	0.0613085023579956
2.1424	0.061404989505057
2.1584	0.0614672233356126
2.1744	0.061495927802377
2.1904	0.0614929014641117
2.2064	0.0614611716979434
2.2224	0.0614050201527929
2.2384	0.0613299482522498
2.2544	0.0612424554938462
2.2704	0.0611497079464787
2.2864	0.0610591899865138
2.3024	0.0609783948621074
2.3184	0.0609145312834456
2.3344	0.0608743473215361
2.3504	0.0608641016067275
2.3664	0.0608896214061425
2.3824	0.0609564079553682
2.3984	0.0610697331644783
2.4144	0.0612346419679
2.4304	0.0614559009211968
2.4464	0.0617379282290864
2.4624	0.0620847087966139
2.4784	0.062499694295953
2.4944	0.0629857527386406
2.5104	0.0635451617770411
2.5264	0.0641795926859237
2.5424	0.0648900927467775
2.5584	0.0656770610210806
2.5744	0.0665402175363186
2.5904	0.0674785540140626
2.6064	0.0684902501259099
2.6224	0.0695725872751529
2.6384	0.0707218592211802
2.6544	0.0719333042437773
2.6704	0.0732010916515256
2.6864	0.0745183963962184
2.7024	0.0758775523318711
2.7184	0.0772703072799761
2.7344	0.0786881194554114
2.7504	0.080122421873468
2.7664	0.0815648427157356
2.7824	0.0830074405721701
2.7984	0.0844428701746613
2.8144	0.085864490804398
2.8304	0.0872664543798871
2.8464	0.0886437720495037
2.8624	0.0899923232756521
2.8784	0.0913088731596536
2.8944	0.0925910611030449
2.9104	0.0938372987189036
2.9264	0.095046625013067
2.9424	0.0962185599485208
2.9584	0.097352936879699
2.9744	0.0984497586466331
2.9904	0.0995091284435965
3.0064	0.100531241017982
3.0224	0.101516421756196
3.0384	0.102465184362268
3.0544	0.103378272249481
3.0704	0.10425666113531
3.0864	0.105101528743468
3.1024	0.105914179555103
3.1184	0.106695980562138
3.1344	0.107448317839873
3.1504	0.108172582801449
3.1664	0.10887018567527
3.1824	0.109542591055172
3.1984	0.11019132533613
3.2144	0.110817968304558
3.2304	0.111424133577489
3.2464	0.112011426063527
3.2624	0.112581380614592
3.2784	0.113135431375619
3.2944	0.113674908923195
3.3104	0.114201057633957
3.3264	0.114715082980665
3.3424	0.115218215661397
3.3584	0.115711747330126
3.3744	0.116197031198353
3.3904	0.116675453548547
3.4064	0.117148373402644
3.4224	0.1176170441106
3.4384	0.118082555625698
3.4544	0.118545795622089
3.4704	0.119007434594457
3.4864	0.119467925553673
3.5024	0.119927507200964
3.5184	0.12038618468899
3.5344	0.120843715468497
3.5504	0.121299596236591
3.5664	0.121753054544158
3.5824	0.122203062706252
3.5984	0.122648385266367
3.6144	0.123087625913126
3.6304	0.123519277173244
3.6464	0.123941764041416
3.6624	0.124353483005251
3.6784	0.124752838084952
3.6944	0.125138291621507
3.7104	0.125508400484083
3.7264	0.12586183103929
3.7424	0.126197348489665
3.7584	0.126513779908037
3.7744	0.126809957484179
3.7904	0.127084680892388
3.8064	0.127336739287451
3.8224	0.127564989412112
3.8384	0.127768455090867
3.8544	0.127946427183184
3.8704	0.128098525946814
3.8864	0.128224694770562
3.9024	0.128325130399931
3.9184	0.128400185207916
3.9344	0.12845026825814
3.9504	0.128475782311906
3.9664	0.12847712514322
3.9824	0.128454720910148
3.9984	0.128409056434839
4.0144	0.128340721906287
4.0304	0.128250440742652
4.0464	0.12813907753853
4.0624	0.12800762659073
4.0784	0.12785719190453
4.0944	0.127688948835059
4.1104	0.127504091200461
4.1264	0.12730377097888
4.1424	0.12708903369308
4.1584	0.126860765001213
4.1744	0.126619651764568
4.1904	0.126366175169048
4.2064	0.126100631149381
4.2224	0.12582317834313
4.2384	0.125533912983142
4.2544	0.125232948137723
4.2704	0.124920474910265
4.2864	0.124596795908293
4.3024	0.12426233757582
4.3184	0.12391762739918
4.3344	0.123563251068645
4.3504	0.123199810393766
4.3664	0.122827892859948
4.3824	0.122448055176597
4.3984	0.122060809855414
4.4144	0.121666615558911
4.4304	0.121265870867127
4.4464	0.120858906989641
4.4624	0.120445980418506
4.4784	0.120027281462512
4.4944	0.11960295671447
4.5104	0.119173126640705
4.5264	0.118737891047558
4.5424	0.118297312003744
4.5584	0.117851378653315
4.5744	0.11739998212474
4.5904	0.116942913864763
4.6064	0.116479883335218
4.6224	0.116010550770631
4.6384	0.115534581389922
4.6544	0.115051693599876
4.6704	0.114561686425612
4.6864	0.114064443408023
4.7024	0.113559932063637
4.7184	0.113048213157541
4.7344	0.112529457362619
4.7504	0.112003966720007
4.7664	0.111472194827588
4.7824	0.110934768775341
4.7984	0.110392519373179
4.8144	0.109846518317513
4.8304	0.109298094088548
4.8464	0.108748832591413
4.8624	0.108200572774876
4.8784	0.107655351294063
4.8944	0.107115302547661
4.9104	0.106582561667716
4.9264	0.106059182651349
4.9424	0.10554710119598
4.9584	0.105048165230606
4.9744	0.104564192881517
4.9904	0.104097025132681
5.0064	0.103648587069465
5.0224	0.103220903267259
5.0384	0.102816047802524
5.0544	0.102436094816754
5.0704	0.102083093987633
5.0864	0.101759034757578
5.1024	0.101465833716556
5.1184	0.101205350600011
5.1344	0.100979408828325
5.1504	0.100789804879687
5.1664	0.100638335409118
5.1824	0.100526795514984
5.1984	0.100456950777918
5.2144	0.100430468592046
5.2304	0.100448817821707
5.2464	0.100513112211956
5.2624	0.10062395554432
5.2784	0.100781334175305
5.2944	0.100984584587761
5.3104	0.10123239948336
5.3264	0.101522918810903
5.3424	0.101853861960937
5.3584	0.102222635591057
5.3744	0.102626386126353
5.3904	0.103062018646435
5.4064	0.10352616197989
5.4224	0.104015136342725
5.4384	0.104524963044824
5.4544	0.105051434252772
5.4704	0.105590249747147
5.4864	0.106137200000268
5.5024	0.106688351356604
5.5184	0.107240165882168
5.5344	0.107789530500074
5.5504	0.108333715803833
5.5664	0.108870305115265
5.5824	0.109397124688838
5.5984	0.109912227203061
5.6144	0.110413966030944
5.6304	0.110901125926232
5.6464	0.111373027698091
5.6624	0.11182957522742
5.6784	0.112271229651883
5.6944	0.112698900170315
5.7104	0.113113789468464
5.7264	0.113517250890407
5.7424	0.113910671160773
5.7584	0.114295405775828
5.7744	0.114672754144584
5.7904	0.115043943090254
5.8064	0.115410108751032
5.8224	0.115772268137952
5.8384	0.116131297360225
5.8544	0.116487942339793
5.8704	0.116842858816417
5.8864	0.117196683700477
5.9024	0.11755011869792
5.9184	0.117903979573087
5.9344	0.11825918890526
5.9504	0.118616745638858
5.9664	0.11897767459908
5.9824	0.119342954519507
5.9984	0.119713468897547
6.0144	0.120090002311155
6.0304	0.120473252368933
6.0464	0.120863873786885
6.0624	0.121262542046743
6.0784	0.121670007170739
6.0944	0.122087136540062
6.1104	0.122514955133134
6.1264	0.122954649534095
6.1424	0.12340756040614
6.1584	0.123875169387248
6.1744	0.124359067580243
6.1904	0.124860924448354
6.2064	0.125382474143374
6.2224	0.125925490366942
6.2384	0.126491757233065
6.2544	0.127083038244152
6.2704	0.127701027401718
6.2864	0.128347285383398
6.3024	0.129023195714306
6.3184	0.129729930795706
6.3344	0.130468435955713
6.3504	0.131239446346372
6.3664	0.132043521817518
6.3824	0.132881081810573
6.3984	0.133752436880399
6.4144	0.134657788133519
6.4304	0.135597183387981
6.4464	0.136570450720899
6.4624	0.137577138986175
6.4784	0.138616479872869
6.4944	0.139687396989512
6.5104	0.140788569136717
6.5264	0.141918530265283
6.5424	0.143075768636839
6.5584	0.144258810946159
6.5744	0.14546626956056
6.5904	0.146696827632027
6.6064	0.147949175512419
6.6224	0.149221938727329
6.6384	0.150513581525148
6.6544	0.151822309597565
6.6704	0.153146013115073
6.6864	0.15448223976097
6.7024	0.155828186574224
6.7184	0.157180759476269
6.7344	0.158536684646682
6.7504	0.15989260716993
6.7664	0.161245169495418
6.7824	0.162591089330048
6.7984	0.163927205194172
6.8144	0.165250505804323
6.8304	0.166558215425976
6.8464	0.167847920172109
6.8624	0.169117692162915
6.8784	0.170366185092767
6.8944	0.171592694827925
6.9104	0.172797138762039
6.9264	0.17397997801625
6.9424	0.175142101161029
6.9584	0.176284666925087
6.9744	0.177408899796061
6.9904	0.178515902054357
7.0064	0.179606491710674
7.0224	0.180681067196517
7.0384	0.181739552804785
7.0544	0.182781460576637
7.0704	0.18380603239298
7.0864	0.184812438316303
7.1024	0.185799982176178
7.1184	0.186768280775608
7.1344	0.187717380655656
7.1504	0.188647798015145
7.1664	0.189560504982911
7.1824	0.190456874414165
7.1984	0.191338614457187
7.2144	0.192207680810997
7.2304	0.193066158874641
7.2464	0.193916112585969
7.2624	0.194759472350716
7.2784	0.195597979208522
7.2944	0.196433162557634
7.3104	0.197266368803243
7.3264	0.198098826640217
7.3424	0.198931692849884
7.3584	0.199766034442939
7.3744	0.200602771570681
7.3904	0.201442584907021
7.4064	0.202285793119119
7.4224	0.203132273899405
7.4384	0.203981419957101
7.4544	0.204832118649932
7.4704	0.205682751146686
7.4864	0.206531194515238
7.5024	0.207374827727216
7.5184	0.208210560478726
7.5344	0.209034908890818
7.5504	0.209844096938374
7.5664	0.210634161766841
7.5824	0.211401025912602
7.5984	0.212140516714786
7.6144	0.212848337721077
7.6304	0.213520001147124
7.6464	0.214150775291603
7.6624	0.2147356781278
7.6784	0.215269527803494
7.6944	0.215747036794689
7.7104	0.216162940036941
7.7264	0.216512125212812
7.7424	0.216789741411962
7.7584	0.216991294203954
7.7744	0.217112739826765
7.7904	0.217150585267465
7.8064	0.217102004067998
7.8224	0.216964959709621
7.8384	0.216738330811332
7.8544	0.216422034071051
7.8704	0.216017123155851
7.8864	0.215525848192433
7.9024	0.214951671211541
7.9184	0.214299238809138
7.9344	0.213574302371949
7.9504	0.21278362643088
7.9664	0.211934894418858
7.9824	0.211036627284036
7.9984	0.210098123815687
8.0144	0.209129456703526
8.0304	0.208141489794672
8.0464	0.207145904938432
8.0624	0.206155177030327
8.0784	0.205182448434178
8.0944	0.204241275830443
8.1104	0.203345273154415
8.1264	0.202507661362835
8.1424	0.201740769614855
8.1584	0.201055564936388
8.1744	0.200461301934784
8.1904	0.199965343847031
8.2064	0.199573111613583
8.2224	0.19928810529121
8.2384	0.199111992433957
8.2544	0.199044733991657
8.2704	0.199084650299248
8.2864	0.199228457915012
8.3024	0.199471376637499
8.3184	0.19980726111921
8.3344	0.200228749384566
8.3504	0.200727541615407
8.3664	0.201294796152188
8.3824	0.201921522964046
8.3984	0.202598939074868
8.4144	0.203318755373639
8.4304	0.204073247197067
8.4464	0.20485515234564
8.4624	0.205657549937547
8.4784	0.206473721830369
8.4944	0.207296999740832
8.5104	0.208120718399293
8.5264	0.20893827411604
8.5424	0.209743178034895
8.5584	0.21052911666809
8.5744	0.211290024886072
8.5904	0.212020135212688
8.6064	0.212714046320798
8.6224	0.213366812000521
8.6384	0.213974029278162
8.6544	0.214531918032158
8.6704	0.215037409996476
8.6864	0.215488233070069
8.7024	0.21588297704244
8.7184	0.216221153792086
8.7344	0.21650322277589
8.7504	0.216730568323454
8.7664	0.216905417895545
8.7824	0.217030704399013
8.7984	0.217109896074213
8.8144	0.21714682537336
8.8304	0.217145522160749
8.8464	0.217110065316421
8.8624	0.217044463464713
8.8784	0.216952556187552
8.8944	0.21683793285538
8.9104	0.216703869065082
8.9264	0.216553274000907
8.9424	0.216388644232861
8.9584	0.216212032342142
8.9744	0.216025029284804
8.9904	0.215828770872211
9.0064	0.215623974061341
9.0224	0.215410979414314
9.0384	0.215189793444674
9.0544	0.214960137243875
9.0704	0.214721478224039
9.0864	0.214473036298605
9.1024	0.214213784014486
9.1184	0.213942463585871
9.1344	0.213657620854944
9.1504	0.213357641088544
9.1664	0.213040779629322
9.1824	0.212705195961416
9.1984	0.212348990051504
9.2144	0.211970231820155
9.2304	0.211566983749401
9.2464	0.211137315235375
9.2624	0.210679307731132
9.2784	0.21019104757711
9.2944	0.209670593293477
9.3104	0.209115965672623
9.3264	0.208525182539947
9.3424	0.207896368525812
9.3584	0.207227889163175
9.3744	0.206518471302317
9.3904	0.205767276890727
9.4064	0.204973924476175
9.4224	0.204138441550775
9.4384	0.203261165743806
9.4544	0.202342672910097
9.4704	0.201383804955064
9.4864	0.20038575281273
9.5024	0.199350164664073
9.5184	0.198279271658899
9.5344	0.19717597079727
9.5504	0.196043813646758
9.5664	0.212970017178374
9.5824	0.215729721883493
9.5984	0.218452389267911
9.6144	0.221128908163681
9.6304	0.223750729022211
9.6464	0.226310118580983
9.6624	0.228800454964577
9.6784	0.231216429224345
9.6944	0.233554133126858
9.7104	0.235811079439516
9.7264	0.237986127501702
9.7424	0.240079203745201
9.7584	0.242091036855299
9.7744	0.244023005633647
9.7904	0.245876958453331
9.8064	0.247654987604312
9.8224	0.249359344963455
9.8384	0.250992336844257
9.8544	0.252556195103913
9.8704	0.254053042389608
9.8864	0.255484903520399
9.9024	0.25685368000341
9.9184	0.258161252530477
9.9344	0.259409556766279
9.9504	0.260600516504419
9.9664	0.261735972836249
9.9824	0.262817618372855
9.9984	0.263846880189301
10.0144	0.264824856015782
10.0304	0.265752326290025
10.0464	0.266629783513887
10.0624	0.267457496516669
10.0784	0.268235573434754
10.0944	0.268963966950267
10.1104	0.269642504027547
10.1264	0.270270989304796
10.1424	0.270849357749678
10.1584	0.271377848679355
10.1744	0.271857192769853
10.1904	0.272288736279016
10.2064	0.272674432480677
10.2224	0.273016690699947
10.2384	0.273318156481781
10.2544	0.273581540089812
10.2704	0.273809544168009
10.2864	0.274004922122888
10.3024	0.274170695619289
10.3184	0.274310399750406
10.3344	0.274428241246789
10.3504	0.274529102129205
10.3664	0.274618364404411
10.3824	0.27470159986249
10.3984	0.274784237027057
10.4144	0.274871254462109
10.4304	0.274966940853479
10.4464	0.275074766769188
10.4624	0.275197347028898
10.4784	0.275336478875444
10.4944	0.275493237870908
10.5104	0.275668113028721
10.5264	0.275861184937887
10.5424	0.276072322261709
10.5584	0.276301372711129
10.5744	0.276548313616327
10.5904	0.276813353006
10.6064	0.277096968479177
10.6224	0.277399876453527
10.6384	0.277722970087542
10.6544	0.278067246296855
10.6704	0.278433670370376
10.6864	0.278823009334456
10.7024	0.279235698951538
10.7184	0.279671770672502
10.7344	0.280130793471744
10.7504	0.280611880932409
10.7664	0.281113731123879
10.7824	0.28163462344628
10.7984	0.282172408236262
10.8144	0.28272456269057
10.8304	0.283288282003618
10.8464	0.283860640714498
10.8624	0.284438882630013
10.8784	0.285020748703563
10.8944	0.285604741436816
10.9104	0.286190310840677
10.9264	0.286777881331536
10.9424	0.287368693123771
10.9584	0.287964502825755
10.9744	0.288567212936505
10.9904	0.289178518021564
11.0064	0.28979961226385
11.0224	0.290430986714376
11.0384	0.291072315011648
11.0544	0.291722450233687
11.0704	0.292379498049343
11.0864	0.293040985873078
11.1024	0.293704064799439
11.1184	0.29436568655323
11.1344	0.295022780946355
11.1504	0.295672421899138
11.1664	0.29631191120758
11.1824	0.296938781754535
11.1984	0.297550768502665
11.2144	0.298145730609291
11.2304	0.298721534858507
11.2464	0.299275983994316
11.2624	0.29980678376976
11.2784	0.300311541851046
11.2944	0.300787810937904
11.3104	0.301233177667269
11.3264	0.301645368025302
11.3424	0.302022344780436
11.3584	0.302362386571913
11.3744	0.302664114015164
11.3904	0.302926457813473
11.4064	0.303148589481121
11.4224	0.303329849821178
11.4384	0.303469678754073
11.4544	0.303567561224883
11.4704	0.303623023905552
11.4864	0.303635686585918
11.5024	0.303605336131708
11.5184	0.303531986408767
11.5344	0.303415931487382
11.5504	0.303257746729455
11.5664	0.303058252384005
11.5824	0.302818462950589
11.5984	0.302539544728182
11.6144	0.30222276959392
11.6304	0.301869505746063
11.6464	0.301481230336692
11.6624	0.301059548790765
11.6784	0.30060620954725
11.6944	0.300123125795769
11.7104	0.299612359353555
11.7264	0.29907609632825
11.7424	0.298516612895559
11.7584	0.297936244977351
11.7744	0.297337328675523
11.7904	0.296722155375093
11.8064	0.29609288989984
11.8224	0.295451478596601
11.8384	0.294799578940533
11.8544	0.294138533225065
11.8704	0.293469419311052
11.8864	0.29279319198232
11.9024	0.292110890568403
11.9184	0.291423866965951
11.9344	0.290733997047228
11.9504	0.290043806291378
11.9664	0.289356456936233
11.9824	0.288675628327816
11.9984	0.288005335755707
12.0144	0.287349742926419
12.0304	0.286713035141445
12.0464	0.286099347082875
12.0624	0.285512732326393
12.0784	0.284957144628218
12.0944	0.284436445551329
12.1104	0.283954357040332
12.1264	0.283514354472972
12.1424	0.283119587806378
12.1584	0.282772827496462
12.1744	0.282476374901019
12.1904	0.282232001184469
12.2064	0.282040961841022
12.2224	0.281903967994255
12.2384	0.281821120591375
12.2544	0.281791924404206
12.2704	0.281815311333788
12.2864	0.281889633086932
12.3024	0.282012734382673
12.3184	0.282182079713903
12.3344	0.282394816677854
12.3504	0.282647860359795
12.3664	0.28293802416503
12.3824	0.28326209623428
12.3984	0.28361690897134
12.4144	0.283999475972413
12.4304	0.284407108870848
12.4464	0.284837525978029
12.4624	0.285288954893951
12.4784	0.285760204197498
12.4944	0.286250643893693
12.5104	0.286760140177623
12.5264	0.287288938454427
12.5424	0.287837515705253
12.5584	0.28840643454574
12.5744	0.288996201175147
12.5904	0.289607137034509
12.6064	0.290239303057852
12.6224	0.290892442176287
12.6384	0.291565931250604
12.6544	0.292258789485014
12.6704	0.292969723897742
12.6864	0.293697151764181
12.7024	0.294439218287444
12.7184	0.295193834443839
12.7344	0.295958711113098
12.7504	0.2967314140896
12.7664	0.297509455749646
12.7824	0.298290419469442
12.7984	0.299072101660627
12.8144	0.299852637063257
12.8304	0.300630564033731
12.8464	0.301404839630585
12.8624	0.302174836561781
12.8784	0.302940318983679
12.8944	0.303701405775537
12.9104	0.304458530828517
12.9264	0.305212394054453
12.9424	0.305963902672748
12.9584	0.306714088735258
12.9744	0.307463990369124
12.9904	0.30821454222775
13.0064	0.308966518268624
13.0224	0.309720512954532
13.0384	0.310476941025985
13.0544	0.311236083493228
13.0704	0.311998144194203
13.0864	0.312763290995489
13.1024	0.313531693934235
13.1184	0.314303551412056
13.1344	0.31507909715524
13.1504	0.315858595787236
13.1664	0.316642331372222
13.1824	0.317430565307345
13.1984	0.318223481290597
13.2144	0.319021143606624
13.2304	0.319823459651603
13.2464	0.320630155541868
13.2624	0.321440792459711
13.2784	0.322254830872979
13.2944	0.323071711118014
13.3104	0.323890941295121
13.3264	0.324712176067564
13.3424	0.325535263237855
13.3584	0.326360254193588
13.3744	0.327187396647769
13.3904	0.328017121280706
13.4064	0.328850028934042
13.4224	0.329686885999102
13.4384	0.330528626596
13.4544	0.331376349481174
13.4704	0.332231326564888
13.4864	0.333095004632377
13.5024	0.333969006386731
13.5184	0.334855120205252
13.5344	0.3357552752296
13.5504	0.336671499585568
13.5664	0.337605868886458
13.5824	0.338560421090314
13.5984	0.339537048520545
13.6144	0.340537404420402
13.6304	0.341562827308151
13.6464	0.342614267387764
13.6624	0.34369224674495
13.6784	0.344796835797878
13.6944	0.345927621462644
13.7104	0.347083680027586
13.7264	0.348263569918635
13.7424	0.349465328497112
13.7584	0.350686512317423
13.7744	0.351924288122659
13.7904	0.353175522517368
13.8064	0.354436867425376
13.8224	0.355704836486013
13.8384	0.356975863932325
13.8544	0.358246334584184
13.8704	0.359512616756626
13.8864	0.360771100913331
13.9024	0.362018249575167
13.9184	0.363250647098182
13.9344	0.364465017613433
13.9504	0.36565818768755
13.9664	0.366827015454692
13.9824	0.36796830792287
13.9984	0.369078748742839
14.0144	0.370154873909155
14.0304	0.371193125734577
14.0464	0.372189957555282
14.0624	0.373141959126864
14.0784	0.37404596680638
14.0944	0.374899142824837
14.1104	0.375698975374802
14.1264	0.376443224098099
14.1424	0.377129874725364
14.1584	0.377757104528759
14.1744	0.378323283718135
14.1904	0.378827046633496
14.2064	0.379267404579762
14.2224	0.379643853744446
14.2384	0.379956478837287
14.2544	0.380206026533997
14.2704	0.380393881431497
14.2864	0.380521971917614
14.3024	0.38059264151644
14.3184	0.380608528159519
14.3344	0.380572474045708
14.3504	0.380487519821904
14.3664	0.380356963711734
14.3824	0.380184467479278
14.3984	0.379974189562825
14.4144	0.379730864147981
14.4304	0.379459780462794
14.4464	0.379166667615031
14.4624	0.378857496470792
14.4784	0.37853823960502
14.4944	0.378214655002004
14.5104	0.377892109435719
14.5264	0.377575492085839
14.5424	0.377269230376272
14.5584	0.37697736286871
14.5744	0.376703576456046
14.5904	0.376451243074257
14.6064	0.37622342784904
14.6224	0.376022812238638
14.6384	0.375851527439794
14.6544	0.375711027354047
14.6704	0.375602013580493
14.6864	0.375524439327064
14.7024	0.375477584063299
14.7184	0.375460229040857
14.7344	0.37547084386895
14.7504	0.375507771703911
14.7664	0.375569360062246
14.7824	0.375654018320645
14.7984	0.375760175181541
14.8144	0.37588622796654
14.8304	0.376030509759311
14.8464	0.376191266337331
14.8624	0.376366632859117
14.8784	0.376554655169264
14.8944	0.376753302471123
14.9104	0.376960410036708
14.9264	0.377173587911872
14.9424	0.377390172693814
14.9584	0.377607188445611
14.9744	0.377821384908378
14.9904	0.378029402086857
15.0064	0.378228009077936
15.0224	0.378414333504127
15.0384	0.378586081273373
15.0544	0.378741653150377
15.0704	0.378880100356497
15.0864	0.379000987658477
15.1024	0.379104248118919
15.1184	0.379190008430261
15.1344	0.379258459185656
15.1504	0.379309811565461
15.1664	0.379344305321664
15.1824	0.379362213377416
15.1984	0.379363870790737
15.2144	0.379349691482927
15.2304	0.379320185138043
15.2464	0.379275979618436
15.2624	0.379217880346783
15.2784	0.379146943069552
15.2944	0.37906453938177
15.3104	0.378972375664613
15.3264	0.378872476563967
15.3424	0.378767096895643
15.3584	0.378658560174697
15.3744	0.378549078292397
15.3904	0.378440579462046
15.4064	0.378334601599857
15.4224	0.378232289017149
15.4384	0.37813447585225
15.4544	0.378041808504177
15.4704	0.377954897399179
15.4864	0.377874470503991
15.5024	0.377801460105314
15.5184	0.377737007578863
15.5344	0.377682403648884
15.5504	0.377638978833307
15.5664	0.377608004924996
15.5824	0.377590618409621
15.5984	0.377587805038939
15.6144	0.377600443450248
15.6304	0.377629411088863
15.6464	0.37767564962855
15.6624	0.377740204454356
15.6784	0.377824224062066
15.6944	0.37792890055303
15.7104	0.378055369750565
15.7264	0.378204619313583
15.7424	0.378377418572019
15.7584	0.378574311188727
15.7744	0.378795658843356
15.7904	0.379041686374592
15.8064	0.379312461378715
15.8224	0.379607851158592
15.8384	0.379927453813848
15.8544	0.380270538295692
15.8704	0.380636025196328
15.8864	0.381022529088345
15.9024	0.381428414475137
15.9184	0.38185188313376
15.9344	0.38229107745026
15.9504	0.382744162739924
15.9664	0.383209376934905
15.9824	0.383685124656006
15.9984	0.384170072139358
16.0144	0.384663220415213
16.0304	0.385163991906282
16.0464	0.385672325205529
16.0624	0.386188672660589
16.0784	0.386713922978203
16.0944	0.387249282586741
16.1104	0.387796083658385
16.1264	0.388355545304981
16.1424	0.388928591173023
16.1584	0.389515691551218
16.1744	0.390116741325888
16.1904	0.390731030684592
16.2064	0.391357291109341
16.2224	0.391993758736569
16.2384	0.392638257557198
16.2544	0.39328832460397
16.2704	0.393941300037118
16.2864	0.394594428249821
16.3024	0.39524495789167
16.3184	0.395890282635486
16.3344	0.396528116611653
16.3504	0.397156707280586
16.3664	0.397775024660406
16.3824	0.398382927193628
16.3984	0.398981223856116
16.4144	0.399571593331818
16.4304	0.400156383470251
16.4464	0.400738356927219
16.4624	0.401320382341409
16.4784	0.401905191951445
16.4944	0.402495258013171
16.5104	0.403092760290671
16.5264	0.403699590112855
16.5424	0.404317422830622
16.5584	0.404947728303763
16.5744	0.405591740658952
16.5904	0.406250475792605
16.6064	0.406924779914254
16.6224	0.407615339392321
16.6384	0.408322742083075
16.6544	0.409047485807998
16.6704	0.40978987251588
16.6864	0.410549868682943
16.7024	0.41132699644756
16.7184	0.412120202555837
16.7344	0.412927841924087
16.7504	0.413747791898826
16.7664	0.414577629253772
16.7824	0.415414844328275
16.7984	0.416257102810291
16.8144	0.417102427388197
16.8304	0.41794929363234
16.8464	0.418796688931371
16.8624	0.419644089832738
16.8784	0.420491360269391
16.8944	0.42133868771612
16.9104	0.422186550592671
16.9264	0.42303566577463
16.9424	0.423887001531099
16.9584	0.424741814526249
16.9744	0.425601605673162
16.9904	0.426467986399893
17.0064	0.427342563128399
17.0224	0.428226792865817
17.0384	0.429121843072485
17.0544	0.430028526775499
17.0704	0.430947274284316
17.0864	0.431878129417077
17.1024	0.432820853971007
17.1184	0.433775109725554
17.1344	0.434740595348552
17.1504	0.43571721178562
17.1664	0.436705230566663
17.1824	0.437705319292085
17.1984	0.438718433027263
17.2144	0.439745616529244
17.2304	0.440787727093781
17.2464	0.441845119984503
17.2624	0.442917382853693
17.2784	0.444003120480392
17.2944	0.445099840971335
17.3104	0.44620399727264
17.3264	0.447311070035562
17.3424	0.448415798943318
17.3584	0.449512600135103
17.3744	0.450596021967342
17.3904	0.451661152739045
17.4064	0.452703970935815
17.4224	0.45372149372961
17.4384	0.454711669475171
17.4544	0.45567319209394
17.4704	0.456605234539673
17.4864	0.457507121607196
17.5024	0.458378121907283
17.5184	0.459217339075516
17.5344	0.460023549560622
17.5504	0.460795089061814
17.5664	0.461529805007515
17.5824	0.462224997209804
17.5984	0.462877423164843
17.6144	0.463483479881641
17.6304	0.464039389743905
17.6464	0.46454141340818
17.6624	0.464985988251268
17.6784	0.465369810388046
17.6944	0.465689803894666
17.7104	0.465943078740971
17.7264	0.46612683523462
17.7424	0.466238362841706
17.7584	0.466275134387501
17.7744	0.466234987199597
17.7904	0.466116264066451
17.8064	0.465917998144348
17.8224	0.465639991242285
17.8384	0.465282782191854
17.8544	0.464847541643828
17.8704	0.464336059387627
17.8864	0.463750771014978
17.9024	0.463094915857955
17.9184	0.462372765970501
17.9344	0.461589822823338
17.9504	0.460752858598895
17.9664	0.459869840367157
17.9824	0.458949649966978
17.9984	0.458001605068992
18.0144	0.457034950045058
18.0304	0.456058507674284
18.0464	0.455080441975798
18.0624	0.454108166098108
18.0784	0.453148386159444
18.0944	0.452207210982539
18.1104	0.451290170323851
18.1264	0.45040212437073
18.1424	0.449547089810387
18.1584	0.448728094050642
18.1744	0.447947102156649
18.1904	0.447205096184696
18.2064	0.446502234018677
18.2224	0.445838130241877
18.2384	0.445212230024147
18.2544	0.444624207495766
18.2704	0.444074268901245
18.2864	0.443563350021472
18.3024	0.443093173500706
18.3184	0.442666160647774
18.3344	0.442285188300364
18.3504	0.441953236839534
18.3664	0.441673054283481
18.3824	0.441446928504674
18.3984	0.441276544164784
18.4144	0.441162920919818
18.4304	0.441106465749071
18.4464	0.441107077716917
18.4624	0.441164199324259
18.4784	0.441276742664283
18.4944	0.44144298248364
18.5104	0.441660508736206
18.5264	0.44192631150886
18.5424	0.442236915887917
18.5584	0.442588616962665
18.5744	0.442977747034063
18.5904	0.443400857144122
18.6064	0.443854747384304
18.6224	0.444336476770001
18.6384	0.444843334748463
18.6544	0.445372849416131
18.6704	0.445922899519372
18.6864	0.446491879200799
18.7024	0.447078788263899
18.7184	0.44768327458124
18.7344	0.448305540902299
18.7504	0.448946004276701
18.7664	0.44960481045853
18.7824	0.450281480031191
18.7984	0.45097468424062
18.8144	0.451682175206379
18.8304	0.452400977707402
18.8464	0.453127813283738
18.8624	0.453859534977565
18.8784	0.454593545698338
18.8944	0.455328134739419
18.9104	0.456062608357994
18.9264	0.456797230824197
18.9424	0.457533058430667
18.9584	0.458271647861604
18.9744	0.459014698000558
18.9904	0.459763770538437
19.0064	0.460520085132069
19.0224	0.46128427896895
19.0384	0.462056243669869
19.0544	0.462835096103335
19.0704	0.463619256835165
19.0864	0.464406592936264
19.1024	0.46519466287333
19.1184	0.46598101886964
19.1344	0.426011762053205
19.1504	0.429674662973877
19.1664	0.433230112255426
19.1824	0.436680133566539
19.1984	0.440028486703513
19.2144	0.443279492819974
19.2304	0.446436968264467
19.2464	0.449503634099888
19.2624	0.452481264764965
19.2784	0.455371102102589
19.2944	0.458174249997772
19.3104	0.460891906849439
19.3264	0.463525448917693
19.3424	0.466076374241266
19.3584	0.468546190799611
19.3744	0.470936368860973
19.3904	0.473248283143626
19.4064	0.475483307947187
19.4224	0.477642748703541
19.4384	0.479727624079396
19.4544	0.481738202087271
19.4704	0.483673722079726
19.4864	0.485532279560348
19.5024	0.487311076978631
19.5184	0.489006953828906
19.5344	0.490617068577385
19.5504	0.49213948849201
19.5664	0.493573591374819
19.5824	0.494920122948309
19.5984	0.496181096238423
19.6144	0.497359483648436
19.6304	0.498459077392913
19.6464	0.499484429375247
19.6624	0.500440913412831
19.6784	0.501334748496565
19.6944	0.502172977422679
19.7104	0.502963191344805
19.7264	0.503712997758298
19.7424	0.50442921106691
19.7584	0.505117191291305
19.7744	0.505780375899032
19.7904	0.506420155699423
19.8064	0.507036274447405
19.8224	0.50762784101859
19.8384	0.508194395849155
19.8544	0.508736916528783
19.8704	0.509258625914735
19.8864	0.509765367883035
19.9024	0.510265418867251
19.9184	0.510769051660368
19.9344	0.511287997137929
19.9504	0.511834766790699
19.9664	0.512422103211798
19.9824	0.51306255390058
19.9984	0.513767918015282
20.0144	0.51454893215078
20.0304	0.515415155524189
20.0464	0.516374793245237
20.0624	0.517434546857621
20.0784	0.518599569434396
20.0944	0.519873295665899
20.1104	0.521256935437463
20.1264	0.522748841621675
20.1424	0.524343761408571
20.1584	0.52603251117525
20.1744	0.527802438542642
20.1904	0.529638522859999
20.2064	0.531524899244481
20.2224	0.533446661937908
20.2384	0.535391333250571
20.2544	0.537349499372127
20.2704	0.539314798614095
20.2864	0.541283350965174
20.3024	0.543252765157953
20.3184	0.545221205276809
20.3344	0.54718671485932
20.3504	0.549146756186103
20.3664	0.55109795625658
20.3824	0.553036154025366
20.3984	0.554956485963869
20.4144	0.556853502995507
20.4304	0.558721477842339
20.4464	0.560554827945501
20.4624	0.562348500863607
20.4784	0.564098294380266
20.4944	0.565801059593041
20.5104	0.567454671380608
20.5264	0.569057813097997
20.5424	0.570609745149587
20.5584	0.572110027216124
20.5744	0.573558242368387
20.5904	0.574953859457222
20.6064	0.576296220018161
20.6224	0.577584587068986
20.6384	0.578818260280519
20.6544	0.579996767755511
20.6704	0.581120019660465
20.6864	0.582188425532967
20.7024	0.583202961889809
20.7184	0.584165212408063
20.7344	0.5850773496714
20.7504	0.585942105982007
20.7664	0.586762704377123
20.7824	0.58754276498269
20.7984	0.588286186481668
20.8144	0.588997023288964
20.8304	0.58967933872775
20.8464	0.590337086611135
20.8624	0.590974014751744
20.8784	0.591593600925439
20.8944	0.592199002992914
20.9104	0.592793048594138
20.9264	0.593378265242151
20.9424	0.593956940284119
20.9584	0.594531192022138
20.9744	0.595103046676795
20.9904	0.595674504684108
21.0064	0.596247574189349
21.0224	0.59682426296911
21.0384	0.597406529302534
21.0544	0.597996195014659
21.0704	0.598594840422177
21.0864	0.599203698854298
21.1024	0.599823551271394
21.1184	0.600454632607937
21.1344	0.60109657773965
21.1504	0.601748396099051
21.1664	0.602408467084037
21.1824	0.603074608214745
21.1984	0.603744223908578
21.2144	0.60441447678298
21.2304	0.605082443430018
21.2464	0.605745241695964
21.2624	0.606400086716038
21.2784	0.607044265484985
21.2944	0.60767506857566
21.3104	0.60828972113849
21.3264	0.608885345347436
21.3424	0.609458978292344
21.3584	0.61000762881633
21.3744	0.610528337521841
21.3904	0.611018212735266
21.4064	0.611474434637248
21.4224	0.611894224211817
21.4384	0.612274806472533
21.4544	0.612613403984782
21.4704	0.612907290002269
21.4864	0.613153900004028
21.5024	0.613350979976431
21.5184	0.613496760680958
21.5344	0.613590103520722
21.5504	0.61363058938972
21.5664	0.613618562306858
21.5824	0.613555150654465
21.5984	0.613442246167122
21.6144	0.613282452283981
21.6304	0.613078983530749
21.6464	0.612835509737753
21.6624	0.61255593331036
21.6784	0.61224413502189
21.6944	0.61190370478862
21.7104	0.611537769382371
21.7264	0.611148944472855
21.7424	0.610739405139988
21.7584	0.610311069855673
21.7744	0.609865867189057
21.7904	0.609405960644556
21.8064	0.608933875988596
21.8224	0.608452531262003
21.8384	0.607965166090759
21.8544	0.607475193941072
21.8704	0.606986067786181
21.8864	0.606501164655394
21.9024	0.60602368629955
21.9184	0.60555658347449
21.9344	0.605102511651857
21.9504	0.604663765420711
21.9664	0.604242200763475
21.9824	0.603839190316806
21.9984	0.603455617344083
22.0144	0.603091898548834
22.0304	0.602748063628608
22.0464	0.602423868662256
22.0624	0.602118896496772
22.0784	0.601832627894884
22.0944	0.601564504966136
22.1104	0.601313960321221
22.1264	0.601080406896965
22.1424	0.60086320845516
22.1584	0.600661656430063
22.1744	0.600474944892941
22.1904	0.600302168162407
22.2064	0.600142346387892
22.2224	0.599994475817494
22.2384	0.599857573886762
22.2544	0.599730723945407
22.2704	0.599613102141799
22.2864	0.599503982229688
22.3024	0.599402707542035
22.3184	0.599308660159112
22.3344	0.599221228721039
22.3504	0.599139787702053
22.3664	0.599063695581036
22.3824	0.59899231031768
22.3984	0.598924986552692
22.4144	0.598861064515438
22.4304	0.598799843242367
22.4464	0.598740527784397
22.4624	0.598682194223152
22.4784	0.598623802326553
22.4944	0.598564250268798
22.5104	0.598502465538577
22.5264	0.5984375338889
22.5424	0.598368806583124
22.5584	0.598295953647468
22.5744	0.598218951924235
22.5904	0.598138013804802
22.6064	0.59805347574646
22.6224	0.597965716543831
22.6384	0.597875112390903
22.6544	0.597782026251438
22.6704	0.597686833078215
22.6864	0.597589976182693
22.7024	0.597491996864851
22.7184	0.597393538839439
22.7344	0.597295325485869
22.7504	0.597198121919511
22.7664	0.597102711606202
22.7824	0.597009891930388
22.7984	0.596920476063779
22.8144	0.596835304761888
22.8304	0.596755269454338
22.8464	0.596681312833006
22.8624	0.596614395048863
22.8784	0.596555446100292
22.8944	0.596505313980376
22.9104	0.596464712899768
22.9264	0.596434202805694
22.9424	0.596414195427829
22.9584	0.596404970205431
22.9744	0.596406705530237
22.9904	0.596419505504361
23.0064	0.596443380836758
23.0224	0.596478196233126
23.0384	0.596523623458551
23.0544	0.596579117531619
23.0704	0.596643922951484
23.0864	0.596717126431417
23.1024	0.596797743300194
23.1184	0.596884808342952
23.1344	0.596977458980379
23.1504	0.597074984382066
23.1664	0.597176829242355
23.1824	0.597282578061185
23.1984	0.597391943617661
23.2144	0.597504754976587
23.2304	0.597620960046605
23.2464	0.597740653578499
23.2624	0.597864110142741
23.2784	0.597991801318201
23.2944	0.598124398956432
23.3104	0.59826275243799
23.3264	0.598407840796315
23.3424	0.598560714974571
23.3584	0.598722431417812
23.3744	0.598893958388231
23.3904	0.599076101142579
23.4064	0.599269465630936
23.4224	0.59947446053622
23.4384	0.599691330001198
23.4544	0.599920210652579
23.4704	0.600161192039902
23.4864	0.600414374243635
23.5024	0.600679911601533
23.5184	0.600958035846588
23.5344	0.601249058659756
23.5504	0.601553361608952
23.5664	0.601871359341356
23.5824	0.602203437517466
23.5984	0.602549879779644
23.6144	0.602910787719404
23.6304	0.603285997050536
23.6464	0.603675011419913
23.6624	0.604076970840862
23.6784	0.60449065869522
23.6944	0.604914565570104
23.7104	0.605346980040121
23.7264	0.605786067992618
23.7424	0.606229914700667
23.7584	0.606676539765084
23.7744	0.607123887581793
23.7904	0.60756979180923
23.8064	0.608011934845705
23.8224	0.608447814215389
23.8384	0.608874699149154
23.8544	0.609289625495764
23.8704	0.609689439217651
23.8864	0.610070868002638
23.9024	0.61043062047141
23.9184	0.610765527628876
23.9344	0.611072672403309
23.9504	0.611349477822541
23.9664	0.611593736749317
23.9824	0.61180357598313
23.9984	0.611977396556725
24.0144	0.612113832545131
24.0304	0.612211738521976
24.0464	0.612270223261462
24.0624	0.612288732584376
24.0784	0.61226713543879
24.0944	0.612205741685682
24.1104	0.612105282340463
24.1264	0.61196686961764
24.1424	0.611791960783308
24.1584	0.611582337236137
24.1744	0.611340109978785
24.1904	0.611067744105637
24.2064	0.610768082429512
24.2224	0.610444357927644
24.2384	0.610100181215675
24.2544	0.609739490161868
24.2704	0.609366468016061
24.2864	0.608985442127791
24.3024	0.608600752249771
24.3184	0.608216580036052
24.3344	0.607836814232107
24.3504	0.607464959482302
24.3664	0.607104081482627
24.3824	0.606756822256389
24.3984	0.606425480313257
24.4144	0.606112089516552
24.4304	0.605818470101017
24.4464	0.605546271406843
24.4624	0.605296986060058
24.4784	0.60507193112125
24.4944	0.604872238033797
24.5104	0.604698846689588
24.5264	0.604552479168759
24.5424	0.604433602022305
24.5584	0.604342405874368
24.5744	0.604278780108246
24.5904	0.604242306774812
24.6064	0.604232296758995
24.6224	0.604247874895292
24.6384	0.604288084038404
24.6544	0.604352002591896
24.6704	0.604438858478303
24.6864	0.60454811182428
24.7024	0.604679476180741
24.7184	0.604832889908317
24.7344	0.605008436243877
24.7504	0.605206227041408
24.7664	0.605426280042552
24.7824	0.605668436532018
24.7984	0.605932312715169
24.8144	0.606217300585938
24.8304	0.606522615810432
24.8464	0.606847363598117
24.8624	0.607190576684648
24.8784	0.607551237653431
24.8944	0.607928275616364
24.9104	0.608320536739624
24.9264	0.608726761089221
24.9424	0.609145575647026
24.9584	0.609575477668654
24.9744	0.610014816040223
24.9904	0.610461770210254
25.0064	0.610914334957132
25.0224	0.611370332858459
25.0384	0.611827491800376
25.0544	0.61228355783699
25.0704	0.612736423665357
25.0864	0.61318426312197
25.1024	0.613625631918008
25.1184	0.614059498406149
25.1344	0.614485209900757
25.1504	0.614902438484156
25.1664	0.615311137130545
25.1824	0.615711513964765
25.1984	0.616104033491265
25.2144	0.616489439362205
25.2304	0.61686875478923
25.2464	0.617243252334273
25.2624	0.617614416173863
25.2784	0.617983896421634
25.2944	0.618353449988335
25.3104	0.618724901177333
25.3264	0.619100119370881
25.3424	0.619480973054097
25.3584	0.61986929733002
25.3744	0.620266868978595
25.3904	0.620675359270207
25.4064	0.62109630456978
25.4224	0.621531145504722
25.4384	0.621981283970819
25.4544	0.622448156487333
25.4704	0.622933318283444
25.4864	0.623438486088806
25.5024	0.623965487558618
25.5184	0.624516181424947
25.5344	0.625092369898461
25.5504	0.625695728685903
25.5664	0.626327757100062
25.5824	0.626989737610309
25.5984	0.627682699765861
25.6144	0.628407399014384
25.6304	0.629164288020015
25.6464	0.629953445697532
25.6624	0.630774534326644
25.6784	0.631626810208137
25.6944	0.632509194327349
25.7104	0.633420380602662
25.7264	0.634358946611302
25.7424	0.635323411078079
25.7584	0.636312271758953
25.7744	0.637323987760689
25.7904	0.638356880578961
25.8064	0.639408937596538
25.8224	0.640477718531105
25.8384	0.641560340774443
25.8544	0.642653541700051
25.8704	0.643753853056618
25.8864	0.644857926788193
25.9024	0.645962804390048
25.9184	0.647066090218109
25.9344	0.648166017537374
25.9504	0.649261364922115
25.9664	0.650351212658624
25.9824	0.65143471541874
25.9984	0.652510888693211
26.0144	0.653578422772942
26.0304	0.654635583677657
26.0464	0.655680258772505
26.0624	0.656710022215722
26.0784	0.657722199203028
26.0944	0.658713943644872
26.1104	0.659682331248488
26.1264	0.660624440256044
26.1424	0.661537397259545
26.1584	0.662418420957025
26.1744	0.663264878260825
26.1904	0.664074345227287
26.2064	0.664844673358975
26.2224	0.665574053719696
26.2384	0.666261056676462
26.2544	0.666904629421718
26.2704	0.667504091578593
26.2864	0.668059118007925
26.3024	0.668569693065284
26.3184	0.669036042211115
26.3344	0.669458592684734
26.3504	0.669837942448891
26.3664	0.670174824110776
26.3824	0.670470079823383
26.3984	0.670724649306376
26.4144	0.670939512520606
26.4304	0.671115604225301
26.4464	0.671253729325562
26.4624	0.671354478352754
26.4784	0.671418127839216
26.4944	0.671444582782343
26.5104	0.671433349412234
26.5264	0.671383516743603
26.5424	0.671293750052326
26.5584	0.671162283358559
26.5744	0.670986875930717
26.5904	0.670764764210033
26.6064	0.670492665404465
26.6224	0.670166830146605
26.6384	0.669783164341303
26.6544	0.669337460127064
26.6704	0.668825693428098
26.6864	0.66824431410332
26.7024	0.667590506154082
26.7184	0.666862369857992
26.7344	0.666058987142968
26.7504	0.665180380300794
26.7664	0.664227415028603
26.7824	0.663201686900075
26.7984	0.662105456687386
26.8144	0.66094165332785
26.8304	0.659713921737037
26.8464	0.65842667455571
26.8624	0.657085126797199
26.8784	0.655695286698007
26.8944	0.65426389600577
26.9104	0.652798292860645
26.9264	0.651306260292708
26.9424	0.649795863437959
26.9584	0.648275256513306
26.9744	0.646752443397209
26.9904	0.645235039892492
27.0064	0.643730041112741
27.0224	0.642243605818285
27.0384	0.640780936281151
27.0544	0.639346226726547
27.0704	0.637942710779192
27.0864	0.636572825036441
27.1024	0.635238448125267
27.1184	0.63394112100115
27.1344	0.63268226206544
27.1504	0.631463301504197
27.1664	0.630285674081561
27.1824	0.629150681319118
27.1984	0.628059287112656
27.2144	0.627011831667518
27.2304	0.626007794708049
27.2464	0.62504565871465
27.2624	0.624122923460749
27.2784	0.623236232612994
27.2944	0.622381631875113
27.3104	0.621554859693162
27.3264	0.620751635113301
27.3424	0.619967924898163
27.3584	0.61920016683385
27.3744	0.618445412618588
27.3904	0.617701397378902
27.4064	0.616966519620416
27.4224	0.616239731056491
27.4384	0.615520384211337
27.4544	0.614808068979203
27.4704	0.614102460372922
27.4864	0.613403228063336
27.5024	0.612710001230991
27.5184	0.61202236922201
27.5344	0.611339927035825
27.5504	0.610662357368154
27.5664	0.609989480201276
27.5824	0.609321259283443
27.5984	0.608657822159674
27.6144	0.60799947654018
27.6304	0.607346698942984
27.6464	0.606700114959409
27.6624	0.606060473111432
27.6784	0.605428586291754
27.6944	0.604805265474349
27.7104	0.604191264338073
27.7264	0.603587219458797
27.7424	0.6029936069642
27.7584	0.602410733857337
27.7744	0.601838744142427
27.7904	0.601277625726243
27.8064	0.600727220132458
27.8224	0.60018725029073
27.8384	0.599657355177766
27.8544	0.599137130231294
27.8704	0.59862617070874
27.8864	0.598124117997179
27.9024	0.597630687368797
27.9184	0.597145672225042
27.9344	0.596668927633498
27.9504	0.596200333771357
27.9664	0.59573975829177
27.9824	0.595287038129967
27.9984	0.594841966026608
28.0144	0.594404290948415
28.0304	0.593973743703169
28.0464	0.593550078347535
28.0624	0.593133127605025
28.0784	0.592722882982575
28.0944	0.592319579199771
28.1104	0.591923769884344
28.1264	0.59153639184659
28.1424	0.591158778276328
28.1584	0.590792596720665
28.1744	0.590439747607198
28.1904	0.590102251286669
28.2064	0.589782134287855
28.2224	0.589481353484077
28.2384	0.589201768563299
28.2544	0.588945131652822
28.2704	0.588713065501936
28.2864	0.588507023921963
28.3024	0.588328230759985
28.3184	0.5881776128361
28.3344	0.588055750878233
28.3504	0.587962883730987
28.3664	0.587898953283816
28.3824	0.587863664880118
28.3984	0.587856547937836
28.4144	0.587876992434583
28.4304	0.587924227371944
28.4464	0.587997254169101
28.4624	0.588094784796764
28.4784	0.58821520881964
28.4944	0.588356609036637
28.5104	0.588516854366278
28.5264	0.588693749349594
28.5424	0.58888518463172
28.5584	0.589089261929342
28.5744	0.589304370052891
28.5904	0.589529176684002
28.6064	0.58976255735047
28.6224	0.590003517598626
28.6384	0.590251127884316
28.6544	0.590504485498483
28.6704	0.590762721042981
28.6864	0.591025035086188
28.7024	0.810237589305056
28.7184	0.809428284766776
28.7344	0.808623515122348
28.7504	0.807826083982051
28.7664	0.807038670850377
28.7824	0.8062638601038
28.7984	0.805504142531593
28.8144	0.804761893495501
28.8304	0.80403930793177
28.8464	0.803338331940964
28.8624	0.802660625458553
28.8784	0.802007525660575
28.8944	0.801380018853596
28.9104	0.800778759106972
28.9264	0.800204106891881
28.9424	0.799656174619418
28.9584	0.799134894295557
28.9744	0.798640091909327
28.9904	0.798171542378407
29.0064	0.797729013036041
29.0224	0.797312260196101
29.0384	0.796920981457199
29.0544	0.796554762939613
29.0704	0.796213036323842
29.0864	0.795895055263619
29.1024	0.795599905841681
29.1184	0.795326555090385
29.1344	0.795073920711803
29.1504	0.794840958717967
29.1664	0.794626737602002
29.1824	0.794430482867725
29.1984	0.794251593787944
29.2144	0.794089634907307
29.2304	0.793944305638144
29.2464	0.79381540921651
29.2624	0.793702833262299
29.2784	0.793606548403504
29.2944	0.793526623924069
29.3104	0.793463255985764
29.3264	0.793416790995041
29.3424	0.793387739869206
29.3584	0.793376779531006
29.3744	0.793384744747479
29.3904	0.793412626264009
29.4064	0.793461590851688
29.4224	0.79353302367406
29.4384	0.793628583618413
29.4544	0.793750256519156
29.4704	0.793900387936611
29.4864	0.794081680762234
29.5024	0.794297163400755
29.5184	0.794550136404996
29.5344	0.794844112937522
29.5504	0.79518277080229
29.5664	0.79556991128231
29.5824	0.796009390898026
29.5984	0.796505035671525
29.6144	0.797060532575164
29.6304	0.797679271560797
29.6464	0.798364114438136
29.6624	0.799117188805504
29.6784	0.799939721417974
29.6944	0.800831923766492
29.7104	0.801792982378523
29.7264	0.802821199820904
29.7424	0.803914160516201
29.7584	0.805068911844053
29.7744	0.806282145870681
29.7904	0.807550311687179
29.8064	0.808869611849522
29.8224	0.810236010817615
29.8384	0.811645224471872
29.8544	0.813092661705756
29.8704	0.814573336411458
29.8864	0.816081826804063
29.9024	0.817612182464661
29.9184	0.819157810564988
29.9344	0.820711393827305
29.9504	0.822264871935433
29.9664	0.823809523182955
29.9824	0.825336161568543
29.9984	0.826835421169233
30.0144	0.828298051379102
30.0304	0.829715194480162
30.0464	0.831078615165712
30.0624	0.83238082362213
30.0784	0.833615104712893
30.0944	0.834775471926616
30.1104	0.835856609363515
30.1264	0.836853849326819
30.1424	0.837763212125
30.1584	0.838581466481255
30.1744	0.83930620702472
30.1904	0.83993594332435
30.2064	0.84047016035374
30.2224	0.840909311333535
30.2384	0.84125480257768
30.2544	0.841508996083636
30.2704	0.841675199250102
30.2864	0.841757605016461
30.3024	0.841761214678564
30.3184	0.841691653617948
30.3344	0.84155490320377
30.3504	0.841357056073101
30.3664	0.841104108361595
30.3824	0.840801759405865
30.3984	0.840455246833268
30.4144	0.840069265408989
30.4304	0.839647967562926
30.4464	0.839195005416146
30.4624	0.838713608626372
30.4784	0.838206721889016
30.4944	0.837677169739272
30.5104	0.837127826851655
30.5264	0.836561753274606
30.5424	0.835982322684307
30.5584	0.835393298829879
30.5744	0.834798834851647
30.5904	0.834203408315014
30.6064	0.833611667494755
30.6224	0.833028200707889
30.6384	0.83245729431333
30.6544	0.831902676059701
30.6704	0.831367255239057
30.6864	0.830852960482835
30.7024	0.830360732561927
30.7184	0.829890604663986
30.7344	0.82944186587929
30.7504	0.829013223387212
30.7664	0.828602971398469
30.7824	0.8282091262229
30.7984	0.827829560431614
30.8144	0.827462094258955
30.8304	0.827104564328893
30.8464	0.826754848688205
30.8624	0.82641085683476
30.8784	0.826070479797599
30.8944	0.82573151052259
30.9104	0.825391554424185
30.9264	0.825048012766042
30.9424	0.824698148046008
30.9584	0.824339257288676
30.9744	0.823968925809157
30.9904	0.823585287634663
31.0064	0.823187206264138
31.0224	0.822774347201245
31.0384	0.822347107681426
31.0544	0.821906418959724
31.0704	0.821453550716109
31.0864	0.820989930039128
31.1024	0.820516991146996
31.1184	0.82003608955355
31.1344	0.819548490360439
31.1504	0.819055350349533
31.1664	0.818557702737786
31.1824	0.81805646576604
31.1984	0.817552459061205
31.2144	0.817046443780127
31.2304	0.816539184651089
31.2464	0.816031505072619
31.2624	0.815524312965407
31.2784	0.815018631486181
31.2944	0.814515602629695
31.3104	0.81401644881881
31.3264	0.81352243783658
31.3424	0.813034845311176
31.3584	0.812554891049198
31.3744	0.812083674212877
31.3904	0.811622140934274
31.4064	0.811171072704229
31.4224	0.810731094351513
31.4384	0.810302728573996
31.4544	0.809886491429315
31.4704	0.809482984211399
31.4864	0.809092961217259
31.5024	0.80871738107652
31.5184	0.808357424679152
31.5344	0.808014483112374
31.5504	0.80769014561342
31.5664	0.807386161780589
31.5824	0.807104364181336
31.5984	0.806846593647772
31.6144	0.806614635931806
31.6304	0.806410146878042
31.6464	0.806234578417429
31.6624	0.806089149591814
31.6784	0.805974832321887
31.6944	0.805892357736451
31.7104	0.805842248245589
31.7264	0.805824871297294
31.7424	0.805840469682957
31.7584	0.805889186653953
31.7744	0.80597106429302
31.7904	0.806086019656133
31.8064	0.806233826116625
31.8224	0.806414122115653
31.8384	0.80662641104903
31.8544	0.806870079642902
31.8704	0.80714441608686
31.8864	0.807448615863111
31.9024	0.807781782904597
31.9184	0.808142945129276
31.9344	0.808531062107304
31.9504	0.808945052369912
31.9664	0.80938386751373
31.9824	0.809846590757292
31.9984	0.81033250821019
32.0144	0.810841151731988
32.0304	0.811372302261157
32.0464	0.811925974844233
32.0624	0.81250239636096
32.0784	0.813101975502289
32.0944	0.813725287555098
32.1104	0.81437306707724
32.1264	0.815046204979346
32.1424	0.815745737305413
32.1584	0.81647280893326
32.1744	0.817228571216411
32.1904	0.818014081287065
32.2064	0.818830209517977
32.2224	0.819677533547934
32.2384	0.820556258519544
32.2544	0.821466221325735
32.2704	0.822406912532596
32.2864	0.823377464366528
32.3024	0.824376583047149
32.3184	0.825402439469255
32.3344	0.826452534026893
32.3504	0.827523636733086
32.3664	0.828611855628172
32.3824	0.829712850216576
32.3984	0.830822156449514
32.4144	0.831935547964495
32.4304	0.833049286294691
32.4464	0.834160170435962
32.4624	0.835265483258962
32.4784	0.8363628983674
32.4944	0.837450399322535
32.5104	0.838526287815238
32.5264	0.839589295675354
32.5424	0.840638686528354
32.5584	0.841674287136377
32.5744	0.842696409830996
32.5904	0.843705638977363
32.6064	0.844702540939574
32.6224	0.84568741829124
32.6384	0.846660136115277
32.6544	0.847620059358779
32.6704	0.848566185332901
32.6864	0.849497389502093
32.7024	0.850412654333301
32.7184	0.851311304469537
32.7344	0.852193220080174
32.7504	0.853058911465177
32.7664	0.853909428683833
32.7824	0.854746174391708
32.7984	0.855570663905149
32.8144	0.85638435842315
32.8304	0.857188622919673
32.8464	0.857984730274201
32.8624	0.858773935070237
32.8784	0.859557588236966
32.8944	0.860337121572566
32.9104	0.861113886592862
32.9264	0.861888960637512
32.9424	0.862662970658798
32.9584	0.863435947611655
32.9744	0.864207314129527
32.9904	0.864975922520892
33.0064	0.865740110202347
33.0224	0.86649780530533
33.0384	0.867246610992295
33.0544	0.867983789850709
33.0704	0.868706242162308
33.0864	0.86941056054573
33.1024	0.870093084020195
33.1184	0.870749953371366
33.1344	0.871377174151445
33.1504	0.871970634684802
33.1664	0.872526074641317
33.1824	0.873039060640688
33.1984	0.873504972726589
33.2144	0.873919052208212
33.2304	0.87427655121488
33.2464	0.874572984625904
33.2624	0.874804333377914
33.2784	0.874967151115981
33.2944	0.875058608422689
33.3104	0.875076502417495
33.3264	0.875019207558404
33.3424	0.874885662347119
33.3584	0.874675412310093
33.3744	0.874388637940463
33.3904	0.874026193993033
33.4064	0.87358967738681
33.4224	0.873081427485725
33.4384	0.872504470639836
33.4544	0.871862496299477
33.4704	0.871159788496989
33.4864	0.870401019612197
33.5024	0.86959101760206
33.5184	0.868734520992286
33.5344	0.86783589559854
33.5504	0.866898928060725
33.5664	0.865926822357955
33.5824	0.864922298841869
33.5984	0.863887768510197
33.6144	0.862825556610075
33.6304	0.861738055228787
33.6464	0.860627771555363
33.6624	0.859497386136623
33.6784	0.858349840484553
33.6944	0.85718842037398
33.7104	0.856016811868098
33.7264	0.854839166482021
33.7424	0.853660062177017
33.7584	0.852484350219825
33.7744	0.851316913523537
33.7904	0.850162400600535
33.8064	0.849025004571588
33.8224	0.847908383515832
33.8384	0.84681574227705
33.8544	0.845750005309707
33.8704	0.844714018429206
33.8864	0.843710709076285
33.9024	0.84274310895286
33.9184	0.841814206371677
33.9344	0.840926700155705
33.9504	0.840082716192081
33.9664	0.839283575341853
33.9824	0.838529708357076
33.9984	0.837820749107962
34.0144	0.837155727301201
34.0304	0.836533300012059
34.0464	0.835951949489544
34.0624	0.835410053398496
34.0784	0.83490583788731
34.0944	0.834437367015844
34.1104	0.834002585994802
34.1264	0.833599399506094
34.1424	0.833225799773517
34.1584	0.832880030428236
34.1744	0.832560650558664
34.1904	0.832266535703124
34.2064	0.831996800309322
34.2224	0.831750638840102
34.2384	0.831527131309265
34.2544	0.831325105443572
34.2704	0.831143052176113
34.2864	0.830979060400667
34.3024	0.830830831177373
34.3184	0.830695758989489
34.3344	0.830570991985911
34.3504	0.830453515804012
34.3664	0.830340241758998
34.3824	0.830228086789486
34.3984	0.830114013160946
34.4144	0.829995045792782
34.4304	0.829868288013196
34.4464	0.829730966785681
34.4624	0.829580497928122
34.4784	0.829414539630657
34.4944	0.829231019407779
34.5104	0.829028163244676
34.5264	0.828804518331337
34.5424	0.828558972214423
34.5584	0.828290784991298
34.5744	0.827999659105946
34.5904	0.827685779420874
34.6064	0.827349804190745
34.6224	0.826992756666166
34.6384	0.826615867770287
34.6544	0.826220443315337
34.6704	0.82580779235276
34.6864	0.825379193130146
34.7024	0.824935946568914
34.7184	0.824479500603369
34.7344	0.824011583000329
34.7504	0.8235342627527
34.7664	0.823049964416587
34.7824	0.822561409770874
34.7984	0.822071523253428
34.8144	0.821583328077834
34.8304	0.821099821488584
34.8464	0.820623847503663
34.8624	0.820158018571546
34.8784	0.819704644625359
34.8944	0.819265643625965
34.9104	0.818842491880721
34.9264	0.818436217621575
34.9424	0.818047420523478
34.9584	0.81767635212445
34.9744	0.81732305596664
34.9904	0.816987519467661
35.0064	0.816669821121964
35.0224	0.816370234023718
35.0384	0.816089237798252
35.0544	0.815827432651026
35.0704	0.815585382504914
35.0864	0.815363423197546
35.1024	0.81516152438913
35.1184	0.814979251608118
35.1344	0.814815825911173
35.1504	0.814670260870236
35.1664	0.81454154596248
35.1824	0.814428789727397
35.1984	0.814331310895549
35.2144	0.814248676910156
35.2304	0.814180684592029
35.2464	0.81412731855674
35.2624	0.814088723032802
35.2784	0.814065155987194
35.2944	0.814056931931796
35.3104	0.814064364536067
35.3264	0.814087678298242
35.3424	0.814126910467212
35.3584	0.814181858226335
35.3744	0.814252072293487
35.3904	0.814336897082793
35.4064	0.814435556123142
35.4224	0.814547226958128
35.4384	0.814671089788301
35.4544	0.814806362258373
35.4704	0.814952318350463
35.4864	0.815108300150309
35.5024	0.815273765320607
35.5184	0.815448335054157
35.5344	0.815631827297691
35.5504	0.815824273062142
35.5664	0.816025909424968
35.5824	0.816237124805498
35.5984	0.816458395606634
35.6144	0.816690212612587
35.6304	0.81693303448432
35.6464	0.817187288290283
35.6624	0.817453408623652
35.6784	0.817731875962404
35.6944	0.818023293178052
35.7104	0.818328467552138
35.7264	0.818648474673523
35.7424	0.818984688451319
35.7584	0.819338757691982
35.7744	0.819712549491541
35.7904	0.820108062463091
35.8064	0.820527343036015
35.8224	0.820972475837679
35.8384	0.821445664698749
35.8544	0.821949349989869
35.8704	0.822486304104521
35.8864	0.823059678213041
35.9024	0.823672958200915
35.9184	0.824329819665016
35.9344	0.825033944528589
35.9504	0.825788801921044
35.9664	0.826597467669037
35.9824	0.827462582769309
35.9984	0.82838646138706
36.0144	0.829371269956467
36.0304	0.830419275640375
36.0464	0.831533122683453
36.0624	0.832716001871394
36.0784	0.833971655702422
36.0944	0.835304253690416
36.1104	0.836718191195027
36.1264	0.838217830407341
36.1424	0.839807292436122
36.1584	0.841490348537651
36.1744	0.843270332688646
36.1904	0.845150099912918
36.2064	0.84713203329143
36.2224	0.849217973880795
36.2384	0.851409065693209
36.2544	0.853705588258284
36.2704	0.856106853088995
36.2864	0.858611072749266
36.3024	0.861215334371093
36.3184	0.863915700397681
36.3344	0.866707413154599
36.3504	0.870447928481211
36.3664	0.874163310656886
36.3824	0.877814151031939
36.3984	0.881362545529921
36.4144	0.884776555456527
36.4304	0.888031914249063
36.4464	0.891112028839507
36.4624	0.894007072203176
36.4784	0.896712713511688
36.4944	0.899228814707528
36.5104	0.901558258312512
36.5264	0.903705973134047
36.5424	0.905678166610587
36.5584	0.907481742999186
36.5744	0.909123880849635
36.5904	0.910611740827449
36.6064	0.911952272348165
36.6224	0.913152093554667
36.6384	0.914217425176687
36.6544	0.915154058707979
36.6704	0.915967344044984
36.6864	0.916662189945479
36.7024	0.917243072457611
36.7184	0.917714048572579
36.7344	0.918078775752277
36.7504	0.918340535064042
36.7664	0.918502256596959
36.7824	0.918566546611813
36.7984	0.918535715343236
36.8144	0.918411802573013
36.8304	0.918196601233915
36.8464	0.917891678906476
36.8624	0.917498399592767
36.8784	0.917017945874109
36.8944	0.916451340869539
36.9104	0.915799469790855
36.9264	0.915063101134244
36.9424	0.914242905123103
36.9584	0.91333946914117
36.9744	0.912353310592586
36.9904	0.91128488759163
37.0064	0.910134608445828
37.0224	0.908902842342332
37.0384	0.907589931151915
37.0544	0.906196202436375
37.0704	0.904721983938877
37.0864	0.903167619047041
37.1024	0.901533481238592
37.1184	0.899819989622328
37.1344	0.898027625869477
37.1504	0.896156952095115
37.1664	0.894208629491244
37.1824	0.892183437670704
37.1984	0.890082293010151
37.2144	0.887906265760479
37.2304	0.885656596191553
37.2464	0.883334710030897
37.2624	0.880942233850576
37.2784	0.878481012034411
37.2944	0.87595312524075
37.3104	0.873360910387293
37.3264	0.870706982306955
37.3424	0.867994256823202
37.3584	0.865225974092862
37.3744	0.862405722529864
37.3904	0.85953746347604
37.4064	0.856625556630232
37.4224	0.853674786245091
37.4384	0.850690388099067
37.4544	0.847678077249278
37.4704	0.844644076569195
37.4864	0.841595146073358
37.5024	0.838538613029743
37.5184	0.835482402858796
37.5344	0.832435070816772
37.5504	0.829405834459604
37.5664	0.826404606882376
37.5824	0.823442030643068
37.5984	0.820529512250106
37.6144	0.817679257885731
37.6304	0.814904310286529
37.6464	0.812218586478526
37.6624	0.809636916027816
37.6784	0.80717507949443
37.6944	0.804849847373962
37.7104	0.802679019156868
37.7264	0.800681462550806
37.7424	0.798877152972885
37.7584	0.797287212834482
37.7744	0.795933949519649
37.7904	0.79484089156258
37.8064	0.794032822821722
37.8224	0.793535815219093
37.8384	0.793377260997188
37.8544	0.793585905492797
37.8704	0.794191881155729
37.8864	0.795226743356237
37.9024	0.796723507527948
37.9184	0.79871668624805
37.9344	0.80124232487266
37.9504	0.804338033827253
37.9664	0.808043015800142
37.9824	0.812398087729302
37.9984	0.81744569926686
38.0144	0.823229950362507
38.0304	0.829796610242436
38.0464	0.837193139087999
38.0624	0.845468709963934
38.0784	0.854674227031799
38.0944	0.864862337070107
38.1104	0.876087430456372
38.1264	0.888405630861941
38.1424	0.901874783134262
38.1584	0.916554447799604
38.1744	0.932505908118989
38.1904	0.949792186770253
38.2064	0.968478069351847
38.2224	0.988630125408459
38.2384	1.01031671684168
38.2544	1.03360798266339
