0.0144	0.0536522161380688
0.0304	0.0419612231768696
0.0464	0.0313948596329183
0.0624	0.0219021883337192
0.0784	0.0134333605868449
0.0944	0.0059395850773285
0.1104	-0.000626890400965863
0.1264	-0.00631278775210831
0.1424	-0.0111638008533319
0.1584	-0.0152245877338402
0.1744	-0.0185387561518482
0.1904	-0.0211488485687852
0.2064	-0.0230963267160504
0.2224	-0.0244215542791508
0.2384	-0.0251637778580545
0.2544	-0.0253611063327952
0.2704	-0.0250504901482245
0.2864	-0.0242677040016019
0.3024	-0.0230473346741249
0.3184	-0.0214227742154378
0.3344	-0.0194262177882152
0.3504	-0.0170886651594628
0.3664	-0.0144399258829679
0.3824	-0.0115086287054211
0.3984	-0.00832223493573281
0.4144	-0.00490705459569796
0.4304	-0.00128826412922933
0.4464	0.00251007633638523
0.4624	0.00646500779365056
0.4784	0.0105546580437803
0.4944	0.0147582276679969
0.5104	0.0190559757411819
0.5264	0.0234292039238255
0.5424	0.0278602381300246
0.5584	0.0323324094257629
0.5744	0.0368300346108725
0.5904	0.0413383959962417
0.6064	0.0458437193499961
0.6224	0.0503331497230519
0.6384	0.0547947231535133
0.6544	0.0592173344062914
0.6704	0.0635907029183045
0.6864	0.0679053394410474
0.7024	0.0721525148817719
0.7184	0.076324232549652
0.7344	0.0804132016601073
0.7504	0.0844128110608153
0.7664	0.0883171024632574
0.7824	0.0921207421672321
0.7984	0.09581899131787
0.8144	0.0994076764428797
0.8304	0.102883162380017
0.8464	0.106242326011127
0.8624	0.109482529046488
0.8784	0.112601589229683
0.8944	0.115597749767119
0.9104	0.118469647264511
0.9264	0.121216281606877
0.9424	0.123836990201525
0.9584	0.126331427406051
0.9744	0.128699549103167
0.9904	0.130941599853145
1.0064	0.133058097844049
1.0224	0.13504981697897
1.0384	0.136917766424268
1.0544	0.13866316720253
1.0704	0.140287427052769
1.0864	0.141792115775964
1.1024	0.143178941494135
1.1184	0.144449728519383
1.1344	0.145606397753866
1.1504	0.146650949265137
1.1664	0.147585447290169
1.1824	0.148412007768542
1.1984	0.14913278715035
1.2144	0.149749971848721
1.2304	0.150265767979661
1.2464	0.150682391130474
1.2624	0.151002056667167
1.2784	0.151226971454847
1.2944	0.151359327967981
1.3104	0.151401301938492
1.3264	0.151355054222989
1.3424	0.151222736349794
1.3584	0.151006498571277
1.3744	0.150708498762086
1.3904	0.150330910441227
1.4064	0.149875928453397
1.4224	0.149345771779622
1.4384	0.148742684563274
1.4544	0.148068936748984
1.4704	0.14732682526946
1.4864	0.146518676666773
1.5024	0.145646852086969
1.5184	0.144713755507496
1.5344	0.143721845939112
1.5504	0.142673655763119
1.5664	0.141571816287424
1.5824	0.1404190918513
1.5984	0.139218419574689
1.6144	0.137972954037323
1.6304	0.136686117893944
1.6464	0.135361662548206
1.6624	0.134003745159873
1.6784	0.132617026990914
1.6944	0.131206797054361
1.7104	0.129779119948509
1.7264	0.128341004495368
1.7424	0.126900587647256
1.7584	0.125467323486191
1.7744	0.124052169349852
1.7904	0.122667750391471
1.8064	0.121328467220479
1.8224	0.120050488756476
1.8384	0.118851539343794
1.8544	0.117750346847146
1.8704	0.116765588276039
1.8864	0.115914165799751
1.9024	0.115208662929504
1.9184	0.11465392440634
1.9344	0.114788906988466
1.9504	0.114984059451672
1.9664	0.115234920903177
1.9824	0.11553639695228
1.9984	0.115882894820075
2.0144	0.116268551621033
2.0304	0.116687577181864
2.0464	0.117134528412777
2.0624	0.117604502919107
2.0784	0.118093210462291
2.0944	0.118596896786116
2.1104	0.119112076736741
2.1264	0.119635226023831
2.1424	0.120162574868559
2.1584	0.120690031315434
2.1744	0.121213265080911
2.1904	0.121727925917881
2.2064	0.122229849926839
2.2224	0.122715101307421
2.2384	0.123179838713213
2.2544	0.123620073098991
2.2704	0.124031478059408
2.2864	0.124409365723437
2.3024	0.124748910144362
2.3184	0.125045517614808
2.3344	0.125295245777693
2.3504	0.125495088317209
2.3664	0.125643021988211
2.3824	0.125737804757748
2.3984	0.12577865271966
2.4144	0.125764887469586
2.4304	0.125695688468255
2.4464	0.125570006027559
2.4624	0.125386577085465
2.4784	0.125143978633972
2.4944	0.124840712092478
2.5104	0.124475297341547
2.5264	0.124046384017333
2.5424	0.123552963718026
2.5584	0.122994715287817
2.5744	0.122372328556168
2.5904	0.121687697835227
2.6064	0.1209439416469
2.6224	0.120145155571066
2.6384	0.119295958898263
2.6544	0.118401038738199
2.6704	0.11746476545666
2.6864	0.116490937258774
2.7024	0.11548271407743
2.7184	0.114442689174311
2.7344	0.113372930937487
2.7504	0.112275083997375
2.7664	0.111150525000269
2.7824	0.110000537826707
2.7984	0.108826587835196
2.8144	0.107630721308709
2.8304	0.106415858550733
2.8464	0.105185953892345
2.8624	0.103945982528515
2.8784	0.102701698650478
2.8944	0.101459268543579
2.9104	0.100225018422364
2.9264	0.0990052238366843
2.9424	0.0978059430558034
2.9584	0.0966329126759575
2.9744	0.0954913894443905
2.9904	0.094385880328332
3.0064	0.0933199551735555
3.0224	0.09229616933861
3.0384	0.0913160781130387
3.0544	0.090380417598837
3.0704	0.0894893651442885
3.0864	0.0886427220493715
3.1024	0.0878400193185769
3.1184	0.0870805098732603
3.1344	0.0863630624544811
3.1504	0.0856860520422202
3.1664	0.0850473111719197
3.1824	0.0844441935999072
3.1984	0.0838737575812587
3.2144	0.0833330485600925
3.2304	0.0828193897655325
3.2464	0.0823306288763632
3.2624	0.08186529497668
3.2784	0.0814226298085288
3.2944	0.0810024971102621
3.3104	0.0806052135481821
3.3264	0.0802313377792814
3.3424	0.0798815197166505
3.3584	0.0795564177912382
3.3744	0.0792566581830556
3.3904	0.0789828178332357
3.4064	0.0787354088709691
3.4224	0.0785148410603398
3.4384	0.0783213755544239
3.4544	0.0781551624343564
3.4704	0.0780163644182608
3.4864	0.0779053583625426
3.5024	0.0778229374269159
3.5184	0.0777704853192205
3.5344	0.0777500572210101
3.5504	0.0777643707187821
3.5664	0.0778167398714089
3.5824	0.07791098996465
3.5984	0.0780513719050049
3.6144	0.0782425016161881
3.6304	0.0784892826695511
3.6464	0.0787968061918889
3.6624	0.0791701914354661
3.6784	0.0796144106637513
3.6944	0.0801341019962507
3.7104	0.0807334307909997
3.7264	0.0814160419620578
3.7424	0.0821851264749682
3.7584	0.0830435425725256
3.7744	0.083993912839631
3.7904	0.0850386800525058
3.8064	0.086180074092141
3.8224	0.0874199385613394
3.8384	0.0887594957625026
3.8544	0.0901991374221467
3.8704	0.0917383083565113
3.8864	0.0933754670257798
3.9024	0.095108186030842
3.9184	0.0969332858328329
3.9344	0.0988469122378177
3.9504	0.100844499108121
3.9664	0.102920552834021
3.9824	0.105068227435865
3.9984	0.107278999725139
4.0144	0.109542609828466
4.0304	0.111847253280146
4.0464	0.114180009258718
4.0624	0.116527508312942
4.0784	0.118876559954899
4.0944	0.121214590282506
4.1104	0.123529839385739
4.1264	0.125811338725626
4.1424	0.128048700751904
4.1584	0.130231885348167
4.1744	0.132350963613092
4.1904	0.134395955034449
4.2064	0.136356838995383
4.2224	0.13822374034001
4.2384	0.139987223692685
4.2544	0.141638699449047
4.2704	0.14317081716554
4.2864	0.144577738624946
4.3024	0.145855251505068
4.3184	0.147000708810296
4.3344	0.148012783874719
4.3504	0.14889114205242
4.3664	0.149636134316651
4.3824	0.150248551106216
4.3984	0.150729457425527
4.4144	0.15108013068803
4.4304	0.151302083158654
4.4464	0.151397140749779
4.4624	0.151367560694595
4.4784	0.151216145103945
4.4944	0.150946334988419
4.5104	0.150562304410428
4.5264	0.150069064442718
4.5424	0.149472571291454
4.5584	0.148779857044303
4.5744	0.147999162808517
4.5904	0.147140011828341
4.6064	0.146213174470375
4.6224	0.1452305456787
4.6384	0.14420489947895
4.6544	0.14314948243107
4.6704	0.142077530108978
4.6864	0.141001785831136
4.7024	0.139934051443966
4.7184	0.138884873893417
4.7344	0.137863412237699
4.7504	0.136877393466989
4.7664	0.135933216205899
4.7824	0.135036201913401
4.7984	0.134190810753751
4.8144	0.1334007854079
4.8304	0.13266938620545
4.8464	0.131999620817155
4.8624	0.131394456042763
4.8784	0.130857049464602
4.8944	0.130390930935405
4.9104	0.12999994401342
4.9264	0.129688058042888
4.9424	0.129458979664804
4.9584	0.129315696537681
4.9744	0.129260179294505
4.9904	0.129293338238838
5.0064	0.129415128892788
5.0224	0.129624842251097
5.0384	0.129921523021409
5.0544	0.130304283081557
5.0704	0.130772413574462
5.0864	0.131325327644277
5.1024	0.131962397236236
5.1184	0.132682644919115
5.1344	0.133484458359021
5.1504	0.134365351839548
5.1664	0.135321718893636
5.1824	0.136348464513176
5.1984	0.137438630975296
5.2144	0.138582979651773
5.2304	0.139769590283052
5.2464	0.140983681170212
5.2624	0.142207855947291
5.2784	0.143422691562485
5.2944	0.144607677994273
5.3104	0.145742411141711
5.3264	0.146807754318601
5.3424	0.147786742613789
5.3584	0.148665191459131
5.3744	0.149431924258124
5.3904	0.150078657045995
5.4064	0.150599718331264
5.4224	0.150991719733071
5.4384	0.151253197635171
5.4544	0.151384278571399
5.4704	0.151386382972589
5.4864	0.151261932849238
5.5024	0.151014084496168
5.5184	0.150646523147017
5.5344	0.150163351086107
5.5504	0.149569097202743
5.5664	0.148868799166237
5.5824	0.148068095133766
5.5984	0.147173260555746
5.6144	0.146191133902363
5.6304	0.145128940480873
5.6464	0.143994116604091
5.6624	0.142794182950439
5.6784	0.141536739464001
5.6944	0.140229543318981
5.7104	0.138880567927458
5.7264	0.137497944361613
5.7424	0.136089825024058
5.7584	0.134664095646542
5.7744	0.133228033575037
5.7904	0.131788069611247
5.8064	0.130349712948401
5.8224	0.128917568651616
5.8384	0.12749551294533
5.8544	0.126086906216329
5.8704	0.124694779918627
5.8864	0.123321998614898
5.9024	0.121971374511375
5.9184	0.120645643100758
5.9344	0.11934735595139
5.9504	0.118078859878551
5.9664	0.116842391424129
5.9824	0.115640271575728
5.9984	0.114475244783947
6.0144	0.113350890362511
6.0304	0.112271935879392
6.0464	0.111244310771596
6.0624	0.110274887639534
6.0784	0.109371058112544
6.0944	0.108540308065599
6.1104	0.10778991896278
6.1264	0.107126911537634
6.1424	0.106558202212682
6.1584	0.106090786393409
6.1744	0.105731830747374
6.1904	0.105488554112256
6.2064	0.10536782618928
6.2224	0.105375680390978
6.2384	0.105516880924043
6.2544	0.10579457175298
6.2704	0.106210023227888
6.2864	0.106762549493723
6.3024	0.107449512674933
6.3184	0.108266351116626
6.3344	0.109206666077966
6.3504	0.110262391504165
6.3664	0.1114241115082
6.3824	0.112681473048596
6.3984	0.114023563325532
6.4144	0.115439240341203
6.4304	0.116917384004665
6.4464	0.118447001417849
6.4624	0.120017300826817
6.4784	0.12161777700446
6.4944	0.123238263003586
6.5104	0.12486894901734
6.5264	0.126500411941507
6.5424	0.128123549689064
6.5584	0.129729510041102
6.5744	0.131309636092766
6.5904	0.132855419293051
6.6064	0.134358511386395
6.6224	0.135810852443953
6.6384	0.137204796675931
6.6544	0.138533251556694
6.6704	0.139789836649214
6.6864	0.140969053122006
6.7024	0.142066481930613
6.7184	0.143079055516068
6.7344	0.144005285717697
6.7504	0.144845400735548
6.7664	0.145601337467411
6.7824	0.146276540666847
6.7984	0.146875585108731
6.8144	0.14740377835335
6.8304	0.147866782898305
6.8464	0.148270317504625
6.8624	0.148619984940282
6.8784	0.148921205901445
6.8944	0.149179186379357
6.9104	0.149398931753026
6.9264	0.14958525077823
6.9424	0.149742730569386
6.9584	0.149875712276199
6.9744	0.149988283434467
6.9904	0.150084256643609
7.0064	0.150167147811473
7.0224	0.150240157468431
7.0384	0.150306145583144
7.0544	0.15036759794377
7.0704	0.150426599391324
7.0864	0.150484820697102
7.1024	0.150543514439178
7.1184	0.150603524651132
7.1344	0.150665304045376
7.1504	0.150728938271754
7.1664	0.150794171599443
7.1824	0.150860446844121
7.1984	0.150926955756248
7.2144	0.15099268777378
7.2304	0.151056477078157
7.2464	0.151117066921003
7.2624	0.151173192080336
7.2784	0.151223681669265
7.2944	0.151267583926554
7.3104	0.151304292424726
7.3264	0.151333639190923
7.3424	0.151355928710487
7.3584	0.151371896328413
7.3744	0.151382588090158
7.3904	0.151389181790833
7.4064	0.151392779839341
7.4224	0.151394206528835
7.4384	0.15139383337511
7.4544	0.151391449289278
7.4704	0.151386178420623
7.4864	0.151376441681251
7.5024	0.151359954963283
7.5184	0.151333763826457
7.5344	0.151294317920232
7.5504	0.151237590897381
7.5664	0.151159251580069
7.5824	0.151054878356831
7.5984	0.150920185023949
7.6144	0.150751231281077
7.6304	0.150544587188264
7.6464	0.15029742416759
7.6624	0.1500075363695
7.6784	0.149673337106037
7.6944	0.149293835875682
7.7104	0.148868610700632
7.7264	0.148397801386764
7.7424	0.147882089854122
7.7584	0.147322620290751
7.7744	0.146720869790741
7.7904	0.146078455606187
7.8064	0.145396896445689
7.8224	0.144677419172069
7.8384	0.14392086905292
7.8544	0.143127703494358
7.8704	0.142298156094611
7.8864	0.141432589120797
7.9024	0.140531945941532
7.9184	0.139598188769725
7.9344	0.138634685909352
7.9504	0.137646406410695
7.9664	0.136639826123655
7.9824	0.135622553938646
7.9984	0.134602782490859
8.0144	0.13358864543018
8.0304	0.132587679191687
8.0464	0.13160650614364
8.0624	0.130650780673108
8.0784	0.129725332993999
8.0944	0.1288345381667
8.1104	0.127982737258478
8.1264	0.127174601153683
8.1424	0.126415356346058
8.1584	0.125710875919935
8.1744	0.125067596778067
8.1904	0.124492354645241
8.2064	0.12399215209787
8.2224	0.123573883927705
8.2384	0.123244037523634
8.2544	0.123008453105896
8.2704	0.12287210657594
8.2864	0.122838972809632
8.3024	0.122911983190747
8.3184	0.123093092809
8.3344	0.123383376103845
8.3504	0.123783129382218
8.3664	0.124291854738743
8.3824	0.124908144603296
8.3984	0.125629446941261
8.4144	0.126451827160295
8.4304	0.127369760922676
8.4464	0.128376086879527
8.4624	0.129462166322355
8.4784	0.130618192259675
8.4944	0.131833466041002
8.5104	0.133096612905206
8.5264	0.134395712133397
8.5424	0.135718345855693
8.5584	0.137051667066331
8.5744	0.138382564477809
8.5904	0.139697920725155
8.6064	0.14098496330314
8.6224	0.142231648071345
8.6384	0.14342697311757
8.6544	0.144561187893558
8.6704	0.145625875146465
8.6864	0.146613919280966
8.7024	0.14751938082388
8.7184	0.148337363572111
8.7344	0.149063883903111
8.7504	0.149695781762773
8.7664	0.150230623368785
8.7824	0.150666587631022
8.7984	0.151002331666348
8.8144	0.151236847626819
8.8304	0.151369318810026
8.8464	0.151399012682134
8.8624	0.151325247198002
8.8784	0.151147434791966
8.8944	0.150865187090915
8.9104	0.150478472096538
8.9264	0.149987800804126
8.9424	0.149394413140115
8.9584	0.148700487778285
8.9744	0.147909406278117
8.9904	0.147026033759374
9.0064	0.146056997794389
9.0224	0.145010875740397
9.0384	0.143898175003486
9.0544	0.142731104287229
9.0704	0.141523183814357
9.0864	0.140288645950335
9.1024	0.13904177863035
9.1184	0.137796433163558
9.1344	0.136565689310629
9.1504	0.135361620865311
9.1664	0.13419523893058
9.1824	0.133076543549606
9.1984	0.132014534082273
9.2144	0.131017169586485
9.2304	0.130091357772635
9.2464	0.129242974233676
9.2624	0.128476922132236
9.2784	0.127797272198407
9.2944	0.127207412032121
9.3104	0.126710157789525
9.3264	0.126307860470618
9.3424	0.126002440749538
9.3584	0.125795206944503
9.3744	0.125686556790967
9.3904	0.125675675849003
9.4064	0.125760284662789
9.4224	0.125936534489661
9.4384	0.126199044885603
9.4544	0.126541001880753
9.4704	0.126954296621371
9.4864	0.127429718125342
9.5024	0.127957116980269
9.5184	0.128525673149539
9.5344	0.129124353349368
9.5504	0.321248623222704
9.5664	0.321811784880989
9.5824	0.322385388781168
9.5984	0.322962804384137
9.6144	0.323538089702964
9.6304	0.324105907171493
9.6464	0.32466143037929
9.6624	0.325200291959369
9.6784	0.325718695488721
9.6944	0.326213573881319
9.7104	0.326682650706459
9.7264	0.327124382182081
9.7424	0.327537890483857
9.7584	0.327922862176475
9.7744	0.328279430290468
9.7904	0.328608177776005
9.8064	0.328910213884637
9.8224	0.329187242481805
9.8384	0.329441514417333
9.8544	0.329675754144407
9.8704	0.32989305983202
9.8864	0.330096837652032
9.9024	0.330290737260746
9.9184	0.330478594532131
9.9344	0.330664272559414
9.9504	0.330851493672725
9.9664	0.331043649564503
9.9824	0.331243635443872
9.9984	0.331453789785296
10.0144	0.331676108855749
10.0304	0.33191251906668
10.0464	0.332165128271424
10.0624	0.332436381071638
10.0784	0.332729113570888
10.0944	0.333046413529242
10.1104	0.333391422862778
10.1264	0.333767151436181
10.1424	0.334176315045649
10.1584	0.334621247286599
10.1744	0.33510385209987
10.1904	0.33562548233623
10.2064	0.336186809682161
10.2224	0.33678777426741
10.2384	0.337427594295512
10.2544	0.338104788625223
10.2704	0.338817233804019
10.2864	0.339562187157693
10.3024	0.340336231340427
10.3184	0.341135155311576
10.3344	0.341953831806105
10.3504	0.342786145685171
10.3664	0.343625010855273
10.3824	0.344462493453722
10.3984	0.345289978685738
10.4144	0.346098308678769
10.4304	0.346877878722527
10.4464	0.347618700934667
10.4624	0.348310496564018
10.4784	0.348942896032796
10.4944	0.349505781449416
10.5104	0.349989686797638
10.5264	0.35038614804219
10.5424	0.350687944560338
10.5584	0.35088915000572
10.5744	0.350985059382285
10.5904	0.350972055055902
10.6064	0.350847477654387
10.6224	0.350609518200653
10.6384	0.350257253851325
10.6544	0.349790703065349
10.6704	0.349210869600853
10.6864	0.348519772443826
10.7024	0.347720486504816
10.7184	0.346817030768577
10.7344	0.345814253211397
10.7504	0.34471774627632
10.7664	0.343533705067525
10.7824	0.342268686479766
10.7984	0.340929459199998
10.8144	0.339522809885562
10.8304	0.338055379156202
10.8464	0.336533581921284
10.8624	0.334963628283958
10.8784	0.333351569044257
10.8944	0.331703421933508
10.9104	0.330025300730988
10.9264	0.328323542659806
10.9424	0.326604806981869
10.9584	0.324876152561163
10.9744	0.323145076239626
10.9904	0.321419476894352
11.0064	0.319707508968786
11.0224	0.318017404101212
11.0384	0.316357287155522
11.0544	0.314734880578829
11.0704	0.313157181653988
11.0864	0.311630267214767
11.1024	0.310159139783739
11.1184	0.308747616764794
11.1344	0.307398420581023
11.1504	0.306113386610754
11.1664	0.3048936575351
11.1824	0.303739903836419
11.1984	0.302652516533946
11.2144	0.301631695363728
11.2304	0.30067747599055
11.2464	0.299789779124804
11.2624	0.298968404274699
11.2784	0.29821300098337
11.2944	0.297523062134449
11.3104	0.296897909565651
11.3264	0.296336587016029
11.3424	0.295837725650543
11.3584	0.295399417570625
11.3744	0.295019114285065
11.3904	0.294693590846737
11.4064	0.294419043986213
11.4224	0.294191286220563
11.4384	0.29400599552638
11.4544	0.293858983851397
11.4704	0.293746417986444
11.4864	0.293664934800692
11.5024	0.293611661425704
11.5184	0.293584161679838
11.5344	0.293580302514766
11.5504	0.293598108154342
11.5664	0.293635642534106
11.5824	0.293690930622393
11.5984	0.293761920961266
11.6144	0.293846494781995
11.6304	0.293942469722143
11.6464	0.294047650188094
11.6624	0.294159942821434
11.6784	0.294277450331027
11.6944	0.294398505213064
11.7104	0.294521647394966
11.7264	0.294645522925872
11.7424	0.294768698519849
11.7584	0.294889469317344
11.7744	0.29500572136067
11.7904	0.295114939738706
11.8064	0.295214404905739
11.8224	0.29530153851584
11.8384	0.295374236147552
11.8544	0.295431131323483
11.8704	0.295471723593142
11.8864	0.295496341014424
11.9024	0.295505907098185
11.9184	0.295501675955183
11.9344	0.295485037293023
11.9504	0.295457436499014
11.9664	0.295420347116405
11.9824	0.295375342995957
11.9984	0.295324203906475
12.0144	0.295268987914604
12.0304	0.29521204867693
12.0464	0.295156014857437
12.0624	0.295103690572212
12.0784	0.295057970692014
12.0944	0.295021783563264
12.1104	0.294998027089303
12.1264	0.294989495925098
12.1424	0.29499886689673
12.1584	0.295028720763685
12.1744	0.295081602039996
12.1904	0.295160106585829
12.2064	0.295266996443825
12.2224	0.295405270677307
12.2384	0.295578206007619
12.2544	0.295789322692734
12.2704	0.296042265841148
12.2864	0.296340654041167
12.3024	0.296687944553838
12.3184	0.297087282214459
12.3344	0.297541370599426
12.3504	0.298052386081959
12.3664	0.298621878304509
12.3824	0.299250635670425
12.3984	0.299938586190795
12.4144	0.300684741147958
12.4304	0.301487220838098
12.4464	0.302343428964299
12.4624	0.303250351807485
12.4784	0.304204892516747
12.4944	0.305204177185754
12.5104	0.306245831133488
12.5264	0.3073281333103
12.5424	0.308450051387126
12.5584	0.3096111556933
12.5744	0.31081147657504
12.5904	0.312051249383547
12.6064	0.313330563815317
12.6224	0.314649013738034
12.6384	0.316005418286171
12.6544	0.317397647057305
12.6704	0.318822646545691
12.6864	0.320276626173971
12.7024	0.321755325611086
12.7184	0.323254303195203
12.7344	0.324769191627585
12.7504	0.326295700392581
12.7664	0.327829407575468
12.7824	0.329365500458916
12.7984	0.330898551164324
12.8144	0.332422413634081
12.8304	0.333930311333837
12.8464	0.335415078414727
12.8624	0.336869532186949
12.8784	0.338286833472569
12.8944	0.339660638321433
12.9104	0.340985047360579
12.9264	0.342254524106252
12.9424	0.34346375448613
12.9584	0.344607576288372
12.9744	0.345681047360188
12.9904	0.346679653468147
13.0064	0.347599537884786
13.0224	0.348437657264519
13.0384	0.349191684526588
13.0544	0.349859758457882
13.0704	0.350440249160023
13.0864	0.350931564013923
13.1024	0.351332002337887
13.1184	0.351639888001479
13.1344	0.351853972402015
13.1504	0.351973953134163
13.1664	0.352000965046422
13.1824	0.351938000304013
13.1984	0.351790093759892
13.2144	0.351564270807852
13.2304	0.351269288804005
13.2464	0.35091518508877
13.2624	0.350512694406209
13.2784	0.350072682157954
13.2944	0.349605655514328
13.3104	0.349121320121313
13.3264	0.348628283650999
13.3424	0.348134017458321
13.3584	0.347645016104636
13.3744	0.347167041947547
13.3904	0.346705416000948
13.4064	0.346265309615188
13.4224	0.345851919395937
13.4384	0.345470450202903
13.4544	0.345125984618463
13.4704	0.344823313525982
13.4864	0.344566803697653
13.5024	0.344360404468635
13.5184	0.344207764163375
13.5344	0.344112308421309
13.5504	0.344077322547939
13.5664	0.344106077231
13.5824	0.344201843684946
13.5984	0.344367829555356
13.6144	0.344607156832758
13.6304	0.344922908117674
13.6464	0.345318065475553
13.6624	0.345795410142337
13.6784	0.346357352881526
13.6944	0.347005790906564
13.7104	0.347741996523528
13.7264	0.348566533703302
13.7424	0.349479154950334
13.7584	0.350478821384868
13.7744	0.351563739371308
13.7904	0.352731398726192
13.8064	0.353978579481591
13.8224	0.355301428958835
13.8384	0.356695585046015
13.8544	0.358156352077259
13.8704	0.359678794931497
13.8864	0.361257851406936
13.9024	0.362888442193938
13.9184	0.364565558579248
13.9344	0.366284253067409
13.9504	0.368039615300471
13.9664	0.36982677916043
13.9824	0.371640944297862
13.9984	0.373477355992346
14.0144	0.375331274960129
14.0304	0.377197986873657
14.0464	0.37907284320433
14.0624	0.380951241244485
14.0784	0.382828554728921
14.0944	0.384699990896234
14.1104	0.386560368727
14.1264	0.388403874531416
14.1424	0.390223918536389
14.1584	0.39201314499125
14.1744	0.393763671723381
14.1904	0.395467458701855
14.2064	0.397116650227378
14.2224	0.398703791845033
14.2384	0.400221909569087
14.2544	0.40166441783219
14.2704	0.403024971631705
14.2864	0.404297427406437
14.3024	0.405475967003195
14.3184	0.406555318977137
14.3344	0.407531038930966
14.3504	0.408399745074629
14.3664	0.409159222552891
14.3824	0.409808404008277
14.3984	0.410347270760372
14.4144	0.410776701359378
14.4304	0.411098328888354
14.4464	0.411314415264297
14.4624	0.41142771014032
14.4784	0.411441304895451
14.4944	0.411358502778764
14.5104	0.411182715751966
14.5264	0.410917410571972
14.5424	0.410566105211092
14.5584	0.410132395221677
14.5744	0.409619988855948
14.5904	0.409032720279104
14.6064	0.408374514259865
14.6224	0.407649344323527
14.6384	0.40686118553749
14.6544	0.406013976615885
14.6704	0.405111638547627
14.6864	0.404158166557959
14.7024	0.403157752963299
14.7184	0.402114952119828
14.7344	0.401034820695291
14.7504	0.399922994735608
14.7664	0.398785680693091
14.7824	0.397629560582846
14.7984	0.396461607945898
14.8144	0.395288895694659
14.8304	0.394118407920477
14.8464	0.392956851044882
14.8624	0.39181052478467
14.8784	0.390685286411912
14.8944	0.389586537717523
14.9104	0.388519264402785
14.9264	0.387488119546365
14.9424	0.386497447374499
14.9584	0.385551252460385
14.9744	0.384653160154269
14.9904	0.383806303177156
15.0064	0.383013191097181
15.0224	0.382275662003455
15.0384	0.381594876761202
15.0544	0.380971305500982
15.0704	0.38040477036596
15.0864	0.379894506814882
15.1024	0.379439182895428
15.1184	0.379036921532414
15.1344	0.378685390145403
15.1504	0.378381927267245
15.1664	0.378123720509425
15.1824	0.377908017066186
15.1984	0.377732314511608
15.2144	0.377594507679721
15.2304	0.377493002837422
15.2464	0.377426778164494
15.2624	0.377395398543445
15.2784	0.377399015032278
15.2944	0.377438353014785
15.3104	0.377514675318313
15.3264	0.377629722298717
15.3424	0.377785622911208
15.3584	0.377984782618814
15.3744	0.378229761548798
15.3904	0.378523142004585
15.4064	0.378867383532562
15.4224	0.379264704450495
15.4384	0.37971698936602
15.4544	0.380225682713291
15.4704	0.380791666620912
15.4864	0.381415129608801
15.5024	0.382095399098926
15.5184	0.382830778035316
15.5344	0.383618430863773
15.5504	0.384454321761492
15.5664	0.385333241898376
15.5824	0.386249002195772
15.5984	0.387194689911166
15.6144	0.388162917081541
15.6304	0.389146058867457
15.6464	0.390136462098301
15.6624	0.391126573384813
15.6784	0.39210906674138
15.6944	0.393077015446917
15.7104	0.394024090372657
15.7264	0.394944771948385
15.7424	0.395834533223006
15.7584	0.396689896812955
15.7744	0.397508394885715
15.7904	0.398288461499387
15.8064	0.399029257749039
15.8224	0.399730474777993
15.8384	0.400392198270051
15.8544	0.401014854831775
15.8704	0.401599225001771
15.8864	0.402146484555185
15.9024	0.402658216520532
15.9184	0.403136363377929
15.9344	0.403583127633542
15.9504	0.404000834148928
15.9664	0.404391772920338
15.9824	0.404758059404923
15.9984	0.405101551188455
16.0144	0.405423812873234
16.0304	0.405726121088261
16.0464	0.406009484276002
16.0624	0.406274670897833
16.0784	0.406522226899153
16.0944	0.406752470322001
16.1104	0.406965493889533
16.1264	0.407161194917453
16.1424	0.407339331598497
16.1584	0.407499595841752
16.1744	0.407641693960354
16.1904	0.407765421909456
16.2064	0.407870725062356
16.2224	0.407957739566964
16.2384	0.408026823815593
16.2544	0.408078574387982
16.2704	0.40811381657247
16.2864	0.408133577461694
16.3024	0.408139050178239
16.3184	0.408131523487324
16.3344	0.408112285759746
16.3504	0.408082514545914
16.3664	0.408043164167633
16.3824	0.407994865584872
16.3984	0.407937897717591
16.4144	0.407872228350289
16.4304	0.407797595708562
16.4464	0.407713640266511
16.4624	0.407620061398351
16.4784	0.407516730910704
16.4944	0.407403753014055
16.5104	0.407281479407569
16.5264	0.40715047406513
16.5424	0.407011442553685
16.5584	0.406865176667427
16.5744	0.406712534914899
16.5904	0.406554463614885
16.6064	0.40639204377435
16.6224	0.4062265279649
16.6384	0.406059331924165
16.6544	0.405891975585401
16.6704	0.405725955376166
16.6864	0.405562581781059
16.7024	0.40540285833141
16.7184	0.405247429449748
16.7344	0.405096596287589
16.7504	0.404950419959579
16.7664	0.404808843074189
16.7824	0.404671782142504
16.7984	0.404539173068056
16.8144	0.40441098594798
16.8304	0.404287209791921
16.8464	0.404167890181771
16.8624	0.404053204549388
16.8784	0.403943559203778
16.8944	0.403839689533502
16.9104	0.403742773817793
16.9264	0.403654485861576
16.9424	0.40357697948939
16.9584	0.403512798807451
16.9744	0.40346473884858
16.9904	0.403435654804451
17.0064	0.40342826383689
17.0224	0.403444956075905
17.0384	0.403487682112992
17.0544	0.403557900509288
17.0704	0.403656578544126
17.0864	0.403784235334474
17.1024	0.403941000864723
17.1184	0.404126658718976
17.1344	0.404340681909414
17.1504	0.404582252187186
17.1664	0.404850250197764
17.1824	0.405143251208489
17.1984	0.405459554621078
17.2144	0.405797196648233
17.2304	0.406153941764931
17.2464	0.406527284235732
17.2624	0.40691443633408
17.2784	0.407312311108317
17.2944	0.407717529010316
17.3104	0.408126415526862
17.3264	0.408534961975601
17.3424	0.408938789889849
17.3584	0.409333103482343
17.3744	0.409712615512074
17.3904	0.410071508264533
17.4064	0.410403464157167
17.4224	0.41070175513288
17.4384	0.410959395544818
17.4544	0.411169362706165
17.4704	0.411324839424093
17.4864	0.411419432523761
17.5024	0.411447327351059
17.5184	0.411403357208361
17.5344	0.41128299950844
17.5504	0.411082318729182
17.5664	0.410797886015114
17.5824	0.410426711384783
17.5984	0.409966219244158
17.6144	0.409414272718312
17.6304	0.408769243657201
17.6464	0.408030116066055
17.6624	0.407196607545469
17.6784	0.40626924586228
17.6944	0.405249395722276
17.7104	0.404139247151196
17.7264	0.40294175400123
17.7424	0.401660493442666
17.7584	0.400299494183788
17.7744	0.398863060213269
17.7904	0.397355616410049
17.8064	0.395781640162934
17.8224	0.394145695566376
17.8384	0.392452518428474
17.8544	0.390707122716901
17.8704	0.388914879425041
17.8864	0.387081477613069
17.9024	0.385212774173919
17.9184	0.383314604165893
17.9344	0.381392582704844
17.9504	0.379451964000996
17.9664	0.377497630766779
17.9824	0.375534232812111
17.9984	0.373566347145211
18.0144	0.371598589971487
18.0304	0.369635626801074
18.0464	0.367682048690657
18.0624	0.365742095529345
18.0784	0.363819383741305
18.0944	0.361916764176005
18.1104	0.360036385687636
18.1264	0.358179901461206
18.1424	0.356348848623099
18.1584	0.35454504326141
18.1744	0.35277085246771
18.1904	0.351029201217443
18.2064	0.349323372266074
18.2224	0.347656624143415
18.2384	0.346031885194922
18.2544	0.344451660379541
18.2704	0.342918143106875
18.2864	0.341433470130934
18.3024	0.340000101200129
18.3184	0.338621073874148
18.3344	0.337300006107075
18.3504	0.336040919972021
18.3664	0.334847894522682
18.3824	0.333724602149896
18.3984	0.332673973742605
18.4144	0.331698059280523
18.4304	0.3307979759823
18.4464	0.329974005936261
18.4624	0.329225769713375
18.4784	0.328552321200686
18.4944	0.32795219545709
18.5104	0.327423483941711
18.5264	0.326963871353389
18.5424	0.326570740928464
18.5584	0.326241366660884
18.5744	0.325973120770211
18.5904	0.325763661899476
18.6064	0.325611086038116
18.6224	0.325513888274333
18.6384	0.325470807254835
18.6544	0.325480670654645
18.6704	0.325542272129997
18.6864	0.325654276718648
18.7024	0.32581521196165
18.7184	0.326023492372247
18.7344	0.326277434212884
18.7504	0.326575325825306
18.7664	0.326915504810852
18.7824	0.327296403984331
18.7984	0.327716700757211
18.8144	0.328175569986929
18.8304	0.328672814456013
18.8464	0.32920887359672
18.8624	0.329784866045966
18.8784	0.330402544728027
18.8944	0.331064134448138
18.9104	0.331772262066746
18.9264	0.332529948678651
18.9424	0.333340537592509
18.9584	0.334207594906086
18.9744	0.33513469569041
18.9904	0.336125066609753
19.0064	0.33718126762794
19.0224	0.33830497056697
19.0384	0.339496788769313
19.0544	0.340756251436488
19.0704	0.342081925627177
19.0864	0.343471508740716
19.1024	0.54424334674759
19.1184	0.543211935212573
19.1344	0.542146806713283
19.1504	0.541051026933646
19.1664	0.539927802254348
19.1824	0.538780358064303
19.1984	0.537611814040258
19.2144	0.536425057139408
19.2304	0.535222762089432
19.2464	0.534007546574503
19.2624	0.532782132145767
19.2784	0.531549519101361
19.2944	0.530313141038136
19.3104	0.529076882568376
19.3264	0.527844970698651
19.3424	0.526621840391243
19.3584	0.52541194403452
19.3744	0.524219508697377
19.3904	0.523048406556627
19.4064	0.521902082856294
19.4224	0.520783487031471
19.4384	0.519695058077585
19.4544	0.518638758245591
19.4704	0.517616067830743
19.4864	0.516627959260728
19.5024	0.515674923206588
19.5184	0.514757040029839
19.5344	0.513874108668071
19.5504	0.513025816703986
19.5664	0.512211879216002
19.5824	0.511432129568117
19.5984	0.510686549480988
19.6144	0.509975218789698
19.6304	0.509298198967216
19.6464	0.508655376671714
19.6624	0.508046323096963
19.6784	0.507470273984699
19.6944	0.506926221489829
19.7104	0.506413024693648
19.7264	0.505929510615912
19.7424	0.505474553207561
19.7584	0.505047075616815
19.7744	0.504645980534509
19.7904	0.504270072686807
19.8064	0.503918021021834
19.8224	0.50358832676407
19.8384	0.503279312642618
19.8544	0.502989130544274
19.8704	0.502715754394504
19.8864	0.502456935667095
19.9024	0.502210157003508
19.9184	0.501972628245109
19.9344	0.501741331677017
19.9504	0.501513174136624
19.9664	0.501285252157238
19.9824	0.501055099101912
19.9984	0.500820812510796
20.0144	0.500581087106343
20.0304	0.500335119065062
20.0464	0.50008241243252
20.0624	0.499822642013648
20.0784	0.499555668753003
20.0944	0.499281670157904
20.1104	0.49900138421029
20.1264	0.498716382779416
20.1424	0.498429237050179
20.1584	0.498143452820414
20.1744	0.497863227242976
20.1904	0.497593060487694
20.2064	0.497337349119077
20.2224	0.497100065931377
20.2384	0.496884553188624
20.2544	0.496693465913244
20.2704	0.496528855134051
20.2864	0.496392330188761
20.3024	0.496285235594058
20.3184	0.496208800928196
20.3344	0.496164222704432
20.3504	0.496152674619996
20.3664	0.49617524299994
20.3824	0.496232798982283
20.3984	0.496325888172143
20.4144	0.496454700751153
20.4304	0.496619093948042
20.4464	0.496818679351598
20.4624	0.497052963551988
20.4784	0.497321480534127
20.4944	0.497623842757355
20.5104	0.497959754752408
20.5264	0.498328971905996
20.5424	0.498731207704153
20.5584	0.499166048478844
20.5744	0.499632862951916
20.5904	0.50013070791871
20.6064	0.500658262466242
20.6224	0.501213836249316
20.6384	0.501795415705298
20.6544	0.502400774234749
20.6704	0.503027600250042
20.6864	0.503673646989705
20.7024	0.50433686173267
20.7184	0.505015527541532
20.7344	0.505708376862802
20.7504	0.506414693738174
20.7664	0.507134350711652
20.7824	0.507867785474342
20.7984	0.508615886599418
20.8144	0.509379809006906
20.8304	0.510160719309353
20.8464	0.510959582776514
20.8624	0.511776985417861
20.8784	0.512613016134278
20.8944	0.513467214553258
20.9104	0.514338575433439
20.9264	0.515225551675307
20.9424	0.516126084315322
20.9584	0.517037655548243
20.9744	0.517957317689785
20.9904	0.518881738111906
21.0064	0.519807308320074
21.0224	0.520730263864539
21.0384	0.521646817280205
21.0544	0.522553312272363
21.0704	0.523446352572265
21.0864	0.524322915178601
21.1024	0.525180474637429
21.1184	0.526017053442859
21.1344	0.52683118111507
21.1504	0.527621827934984
21.1664	0.528388279183828
21.1824	0.529129933616676
21.1984	0.529846114287286
21.2144	0.530535904803907
21.2304	0.531198021499804
21.2464	0.53183078977123
21.2624	0.532432230874793
21.2784	0.533000204468309
21.2944	0.533532625720465
21.3104	0.534027695533206
21.3264	0.534484049275527
21.3424	0.534900849514212
21.3584	0.535277855178358
21.3744	0.535615460005875
21.3904	0.535914732893128
21.4064	0.536177472241595
21.4224	0.536406227530621
21.4384	0.536604253255816
21.4544	0.536775418070025
21.4704	0.536924082887776
21.4864	0.537054959039981
21.5024	0.537172947586651
21.5184	0.53728300358763
21.5344	0.537390039324699
21.5504	0.537498802425861
21.5664	0.537613734716557
21.5824	0.537738863194579
21.5984	0.537877678039206
21.6144	0.538032992740294
21.6304	0.538206861979309
21.6464	0.538400537656804
21.6624	0.538614471302678
21.6784	0.538848417273029
21.6944	0.539101639517988
21.7104	0.539373133240016
21.7264	0.539661838705841
21.7424	0.53996680486736
21.7584	0.540287210192633
21.7744	0.540622231443594
21.7904	0.54097085406165
21.8064	0.541331697487983
21.8224	0.541702883349142
21.8384	0.542082047390404
21.8544	0.542466522047174
21.8704	0.542853611038723
21.8864	0.543240864014737
21.9024	0.543626292957876
21.9184	0.544008455446144
21.9344	0.544386413076447
21.9504	0.544759609464883
21.9664	0.545127687821082
21.9824	0.545490295375917
21.9984	0.545847006607279
22.0144	0.54619734833584
22.0304	0.546540918740603
22.0464	0.546877570752371
22.0624	0.547207603250941
22.0784	0.547531892182707
22.0944	0.547851918311596
22.1104	0.548169616758261
22.1264	0.54848713869637
22.1424	0.54880662290122
22.1584	0.549129979608794
22.1744	0.549458736773378
22.1904	0.549794049867176
22.2064	0.550136774432492
22.2224	0.550487538601281
22.2384	0.550846845717396
22.2544	0.551215140019251
22.2704	0.551592847370085
22.2864	0.551980469318935
22.3024	0.552378704350562
22.3184	0.552788525024079
22.3344	0.553211218360155
22.3504	0.553648333041421
22.3664	0.554101510385173
22.3824	0.55457232274606
22.3984	0.555062191491125
22.4144	0.555572394768776
22.4304	0.556104218907834
22.4464	0.556659163883331
22.4624	0.55723908673496
22.4784	0.557846207080632
22.4944	0.558482957900909
22.5104	0.559151707403402
22.5264	0.559854495818446
22.5424	0.560592909148569
22.5584	0.561368079637631
22.5744	0.562180844638854
22.5904	0.563031995064041
22.6064	0.563922488490021
22.6224	0.56485351437165
22.6384	0.56582646332099
22.6544	0.566842844360733
22.6704	0.567904163625448
22.6864	0.569011803866398
22.7024	0.570166921717375
22.7184	0.571370320073674
22.7344	0.57262230831399
22.7504	0.573922541108107
22.7664	0.575269837222322
22.7824	0.57666202261047
22.7984	0.578095862232137
22.8144	0.579567113124551
22.8304	0.581070732230373
22.8464	0.582601202617459
22.8624	0.584152925795385
22.8784	0.585720584899774
22.8944	0.587299443226986
22.9104	0.588885542371373
22.9264	0.590475770460518
22.9424	0.592067827709135
22.9584	0.59366012550589
22.9744	0.595251604573655
22.9904	0.596841519000507
23.0064	0.598429204575148
23.0224	0.600013853843448
23.0384	0.601594320513465
23.0544	0.603169019869947
23.0704	0.604735860621305
23.0864	0.606292217049523
23.1024	0.607834945761779
23.1184	0.609360450270571
23.1344	0.610864727739711
23.1504	0.612343479683013
23.1664	0.613792269478005
23.1824	0.615206646667068
23.1984	0.616582313205125
23.2144	0.617915337142887
23.2304	0.619202294807568
23.2464	0.620440346074722
23.2624	0.621627268470767
23.2784	0.622761391944698
23.2944	0.623841379459934
23.3104	0.624865966111964
23.3264	0.625833782972994
23.3424	0.62674331729925
23.3584	0.627593005274317
23.3744	0.628381474467714
23.3904	0.629107829506862
23.4064	0.629771876552857
23.4224	0.630374258751162
23.4384	0.630916465877156
23.4544	0.631400636925096
23.4704	0.631829270995765
23.4864	0.632205000079217
23.5024	0.632530395045304
23.5184	0.632807788350207
23.5344	0.633039217347072
23.5504	0.633226429750253
23.5664	0.633370948216216
23.5824	0.633474217197148
23.5984	0.633537814836373
23.6144	0.633563634367626
23.6304	0.633554030698718
23.6464	0.633511848270361
23.6624	0.633440308641389
23.6784	0.633342795069249
23.6944	0.63322257204136
23.7104	0.633082507997405
23.7264	0.632924869448296
23.7424	0.63275118568837
23.7584	0.632562220405987
23.7744	0.632358072760641
23.7904	0.632138341606553
23.8064	0.631902242177866
23.8224	0.631648699921823
23.8384	0.631376376122597
23.8544	0.631083588324275
23.8704	0.630768196954725
23.8864	0.630427570252119
23.9024	0.630058627112978
23.9184	0.629658019794715
23.9344	0.629222472166009
23.9504	0.628749158552242
23.9664	0.628235966092434
23.9824	0.62768165861259
23.9984	0.627085889789755
24.0144	0.626449051632809
24.0304	0.625772021930464
24.0464	0.625055895649548
24.0624	0.624301706164106
24.0784	0.62351026745943
24.0944	0.622682185415482
24.1104	0.621817986151308
24.1264	0.62091831456874
24.1424	0.619984197527622
24.1584	0.61901721673278
24.1744	0.618019547625219
24.1904	0.616993844291992
24.2064	0.615942966123269
24.2224	0.614869634128723
24.2384	0.613776139823305
24.2544	0.612664131817052
24.2704	0.611534530531666
24.2864	0.610387667907078
24.3024	0.609223560450285
24.3184	0.608042190691917
24.3344	0.606843788199617
24.3504	0.605629028999962
24.3664	0.604399082923707
24.3824	0.603155532582524
24.3984	0.601900254541484
24.4144	0.600635272453473
24.4304	0.599362664800828
24.4464	0.598084543131468
24.4624	0.59680304586458
24.4784	0.595520307216723
24.4944	0.594238429784481
24.5104	0.59295942989135
24.5264	0.591685187585878
24.5424	0.590417451888633
24.5584	0.58915795264454
24.5744	0.587908575314088
24.5904	0.586671557930766
24.6064	0.585449634364471
24.6224	0.584246073425466
24.6384	0.583064569684416
24.6544	0.581909063179237
24.6704	0.58078353453994
24.6864	0.579691834703223
24.7024	0.578637570788996
24.7184	0.577624099482687
24.7344	0.576654567546172
24.7504	0.575732014799276
24.7664	0.574859549852101
24.7824	0.574040518526796
24.7984	0.57327857216199
24.8144	0.572577737951022
24.8304	0.571942444066452
24.8464	0.571377475743926
24.8624	0.570887882800417
24.8784	0.570478927043968
24.8944	0.570155979369474
24.9104	0.569924420169666
24.9264	0.569789511501845
24.9424	0.569756251798709
24.9584	0.569829174930684
24.9744	0.570012173367652
24.9904	0.570308316029444
25.0064	0.570719696016961
25.0224	0.571247322582401
25.0384	0.571891105104715
25.0544	0.572649900002243
25.0704	0.573521656728264
25.0864	0.574503594621776
25.1024	0.575592439012712
25.1184	0.576784596615988
25.1344	0.578076224693256
25.1504	0.579463177248376
25.1664	0.580940891737438
25.1824	0.58250421520831
25.1984	0.584147273979181
25.2144	0.58586345198747
25.2304	0.587645525942292
25.2464	0.589485872275934
25.2624	0.591376720847866
25.2784	0.593310432750486
25.2944	0.595279733336144
25.3104	0.59727782869284
25.3264	0.599298471884884
25.3424	0.601335979396004
25.3584	0.60338513247729
25.3744	0.605441014554414
25.3904	0.60749887063441
25.4064	0.609553939916265
25.4224	0.611601345894319
25.4384	0.613636146680015
25.4544	0.615653451522793
25.4704	0.617648534515139
25.4864	0.619616986537839
25.5024	0.621554848679515
25.5184	0.62345861817351
25.5344	0.62532522942024
25.5504	0.627152034601738
25.5664	0.628936751484857
25.5824	0.63067742632375
25.5984	0.632372431416401
25.6144	0.634020442656987
25.6304	0.635620376817859
25.6464	0.637171347168189
25.6624	0.638672625268787
25.6784	0.640123597011249
25.6944	0.641523750459384
25.7104	0.642872723450821
25.7264	0.644170367037233
25.7424	0.645416812709391
25.7584	0.646612564110401
25.7744	0.647758544271261
25.7904	0.648856093830098
25.8064	0.649906945705812
25.8224	0.650913156982909
25.8384	0.651877024968196
25.8544	0.652801041653722
25.8704	0.653687860901114
25.8864	0.654540280859434
25.9024	0.655361250011428
25.9184	0.656153867357189
25.9344	0.656921342973799
25.9504	0.657666957864501
25.9664	0.658393981183412
25.9824	0.659105574751301
25.9984	0.659804771366203
26.0144	0.660494519131313
26.0304	0.66117771056978
26.0464	0.661857231399624
26.0624	0.66253597824057
26.0784	0.663216789305249
26.0944	0.663902295953118
26.1104	0.664594741940298
26.1264	0.665295776433142
26.1424	0.66600627021691
26.1584	0.666726170000354
26.1744	0.667454405200187
26.1904	0.668188905250332
26.2064	0.668926759130598
26.2224	0.669664475946985
26.2384	0.670398293838006
26.2544	0.671124477683593
26.2704	0.671839555241579
26.2864	0.672540447839753
26.3024	0.673224484658689
26.3184	0.673889327162599
26.3344	0.674532883998673
26.3504	0.675153281966449
26.3664	0.675748891784314
26.3824	0.676318400683544
26.3984	0.67686089370183
26.4144	0.677375897277263
26.4304	0.677863360339681
26.4464	0.678323583469568
26.4624	0.678757141270431
26.4784	0.679164830993966
26.4944	0.679547652246054
26.5104	0.679906783352692
26.5264	0.680243544109278
26.5424	0.68055934007659
26.5584	0.680855572604309
26.5744	0.681133528309222
26.5904	0.681394283427688
26.6064	0.6816386401754
26.6224	0.681867108778849
26.6384	0.682079948645189
26.6544	0.682277252366584
26.6704	0.682459038250467
26.6864	0.682625337151628
26.7024	0.682776263588916
26.7184	0.682912071615965
26.7344	0.68303319588551
26.7504	0.683140274340382
26.7664	0.68323414759598
26.7824	0.683315834556368
26.7984	0.683386487523936
26.8144	0.683447333193589
26.8304	0.683499611709691
26.8464	0.683544528245817
26.8624	0.683583220922985
26.8784	0.683616747592538
26.8944	0.683646082374326
26.9104	0.683672112142451
26.9264	0.683695628737906
26.9424	0.683717314786233
26.9584	0.683737722679892
26.9744	0.683757254542083
26.9904	0.683776150398398
27.0064	0.683794496095864
27.0224	0.683812248553278
27.0384	0.683829268639736
27.0544	0.683845356176186
27.0704	0.683860283968612
27.0864	0.683873820106028
27.1024	0.683885734270015
27.1184	0.683895797702095
27.1344	0.683903779797701
27.1504	0.683909443814577
27.1664	0.683912544436205
27.1824	0.683912827948033
27.1984	0.683910024731847
27.2144	0.683903840844947
27.2304	0.683893951115537
27.2464	0.683879990182788
27.2624	0.683861539696884
27.2784	0.683838126548805
27.2944	0.683809226898568
27.3104	0.683774268448715
27.3264	0.683732627702597
27.3424	0.683683624680702
27.3584	0.68362650360292
27.3744	0.683560415883871
27.3904	0.683484412848577
27.4064	0.683397461543571
27.4224	0.683298481562238
27.4384	0.683186411037544
27.4544	0.683060277754833
27.4704	0.682919261168222
27.4864	0.68276273204326
27.5024	0.682590265435695
27.5184	0.682401626058666
27.5344	0.682196744229667
27.5504	0.681975689183854
27.5664	0.681738657378166
27.5824	0.681485967474746
27.5984	0.681218053049892
27.6144	0.680935445980831
27.6304	0.680638768370797
27.6464	0.680328716498632
27.6624	0.680006059416187
27.6784	0.679671652510473
27.6944	0.679326454029161
27.7104	0.678971521536611
27.7264	0.678608002019849
27.7424	0.678237112973806
27.7584	0.677860114744365
27.7744	0.677478284512272
27.7904	0.677092915288422
27.8064	0.676705317843221
27.8224	0.676316817451599
27.8384	0.675928727646422
27.8544	0.675542296658094
27.8704	0.67515860299328
27.8864	0.674778468926115
27.9024	0.674402426827873
27.9184	0.67403073462406
27.9344	0.673663423726198
27.9504	0.673300402275932
27.9664	0.672941541402111
27.9824	0.672586712565529
27.9984	0.672235795188701
28.0144	0.671888664548546
28.0304	0.671545171706116
28.0464	0.671205168783985
28.0624	0.670868561484685
28.0784	0.670535354868723
28.0944	0.670205701461022
28.1104	0.669879943397951
28.1264	0.66955858324839
28.1424	0.669242204322153
28.1584	0.668931382562088
28.1744	0.668626597222158
28.1904	0.668328147932232
28.2064	0.668036133058222
28.2224	0.66775049025703
28.2384	0.667471074911277
28.2544	0.667197793666267
28.2704	0.666930766692946
28.2864	0.666670463825976
28.3024	0.666417804230358
28.3184	0.666174213712464
28.3344	0.665941586776739
28.3504	0.66572216308222
28.3664	0.665518386733343
28.3824	0.665332762621981
28.3984	0.665167718068528
28.4144	0.665025508954112
28.4304	0.664908170091811
28.4464	0.664817457721707
28.4624	0.664754801826712
28.4784	0.664721295233361
28.4944	0.664717716599136
28.5104	0.664744581220313
28.5264	0.664802246040664
28.5424	0.664891014718068
28.5584	0.665011199258227
28.5744	0.665163124914733
28.5904	0.665347097167757
28.6064	0.665563266653542
28.6224	0.665811487374852
28.6384	0.666091256534759
28.6544	0.833313890876511
28.6704	0.833608379216273
28.6864	0.833945154015211
28.7024	0.834328067495463
28.7184	0.834761550531695
28.7344	0.835250690632776
28.7504	0.835801284404212
28.7664	0.836419797488517
28.7824	0.837113299378942
28.7984	0.837889362435575
28.8144	0.838755861817802
28.8304	0.839720617553795
28.8464	0.840790941807754
28.8624	0.841973066829198
28.8784	0.843271493321495
28.8944	0.844688315385
28.9104	0.846222646500181
28.9264	0.847870102154829
28.9424	0.849622323992136
28.9584	0.851466497906202
28.9744	0.853384925562253
28.9904	0.855354671747236
29.0064	0.857347492123111
29.0224	0.859330119543031
29.0384	0.861264923809856
29.0544	0.863110874120892
29.0704	0.86482466718347
29.0864	0.866361927961165
29.1024	0.86767850266078
29.1184	0.868731927296736
29.1344	0.869483114282374
29.1504	0.869898238283994
29.1664	0.869950701873123
29.1824	0.869622997217093
29.1984	0.868908261790395
29.2144	0.867811319899019
29.2304	0.866349045415561
29.2464	0.864549928974725
29.2624	0.862452777079952
29.2784	0.860104688083823
29.2944	0.857558632251042
29.3104	0.854870954170579
29.3264	0.852099213723861
29.3424	0.849300587726603
29.3584	0.846530760089848
29.3744	0.843843140825328
29.3904	0.841288305949476
29.4064	0.838913511646751
29.4224	0.836762318446361
29.4384	0.834874332498586
29.4544	0.833284883380045
29.4704	0.832024554492051
29.4864	0.831118493031838
29.5024	0.830585628486872
29.5184	0.830437975337247
29.5344	0.830680158316952
29.5504	0.831309281161083
29.5664	0.83231523658047
29.5824	0.833681356063181
29.5984	0.835384777280822
29.6144	0.837396558677654
29.6304	0.839681627315812
29.6464	0.842198626177364
29.6624	0.844899606680102
29.6784	0.847730108224368
29.6944	0.850629867921313
29.7104	0.853534261192365
29.7264	0.856376366965463
29.7424	0.859089435378493
29.7584	0.861609402461781
29.7744	0.863877278701395
29.7904	0.865841116361253
29.8064	0.86745738825833
29.8224	0.868691889255487
29.8384	0.869520402548815
29.8544	0.869929129030297
29.8704	0.869914874052782
29.8864	0.86948499382224
29.9024	0.868657041041914
29.9184	0.867458051561115
29.9344	0.865923481124426
29.9504	0.864095827625036
29.9664	0.862023023342303
29.9824	0.859756628154074
29.9984	0.857349955596433
30.0144	0.854856293997202
30.0304	0.852327357007525
30.0464	0.849811902241882
30.0624	0.847354551825319
30.0784	0.844994784019022
30.0944	0.84276609897158
30.1104	0.840695387968012
30.1264	0.838802637339867
30.1424	0.837100960791489
30.1584	0.835596955396497
30.1744	0.834291320396161
30.1904	0.833179600749091
30.2064	0.832252912716044
30.2224	0.831498646647546
30.2384	0.830901129897697
30.2544	0.830442240403997
30.2704	0.830102000061586
30.2864	0.829859120723214
30.3024	0.829691447872491
30.3184	0.829576317540486
30.3344	0.829490891356571
30.3504	0.829412538395857
30.3664	0.829319327884193
30.3824	0.82919064651891
30.3984	0.829007896968946
30.4144	0.828755206766132
30.4304	0.828420080486509
30.4464	0.827993958128317
30.4624	0.827472614466885
30.4784	0.826856271282693
30.4944	0.826149308727466
30.5104	0.825359477542904
30.5264	0.824496601208622
30.5424	0.823571048797177
30.5584	0.822592324297702
30.5744	0.821567975815654
30.5904	0.820502998124638
30.6064	0.819399778427325
30.6224	0.818258320528017
30.6384	0.817076473826788
30.6544	0.815850182299172
30.6704	0.81457371594702
30.6864	0.813239999668966
30.7024	0.811841114676653
30.7184	0.810368925254025
30.7344	0.808815661689735
30.7504	0.807174507953235
30.7664	0.805439942024705
30.7824	0.803607744310639
30.7984	0.801674827199847
30.8144	0.79963912165276
30.8304	0.797499376063044
30.8464	0.795255103836482
30.8624	0.79290663499124
30.8784	0.790455207077159
30.8944	0.787903106031578
30.9104	0.785254010085154
30.9264	0.782513558407899
30.9424	0.779690390758887
30.9584	0.776797665736567
30.9744	0.773854689487948
30.9904	0.77088829473233
31.0064	0.767933470893624
31.0224	0.765032852419139
31.0384	0.76223523727036
31.0544	0.759593484288686
31.0704	0.757161884355227
31.0864	0.754993686135592
31.1024	0.753139001519841
31.1184	0.751642784601913
31.1344	0.750543036248686
31.1504	0.749869377833178
31.1664	0.749641546728853
31.1824	0.749868338379301
31.1984	0.750547481226064
31.2144	0.751666462541934
31.2304	0.753204235076439
31.2464	0.755133768425353
31.2624	0.757424456778821
31.2784	0.760043802905884
31.2944	0.762958303838658
31.3104	0.766133408246034
31.3264	0.769532793475932
31.3424	0.773117558623696
31.3584	0.776845768919415
31.3744	0.780672714583304
31.3904	0.7845517743459
31.4064	0.788435580344114
31.4224	0.792277225449581
31.4384	0.796031579231155
31.4544	0.799656491953968
31.4704	0.803114028166377
31.4864	0.806371753112884
31.5024	0.809403908681631
31.5184	0.812192193855779
31.5344	0.814725946961985
31.5504	0.817001734406162
31.5664	0.819022589948631
31.5824	0.820797042186072
31.5984	0.822338100024766
31.6144	0.823662178786932
31.6304	0.824787980867697
31.6464	0.825735386191113
31.6624	0.826524489348046
31.6784	0.827174794745204
31.6944	0.827704683538585
31.7104	0.8281311706872
31.7264	0.828469855652443
31.7424	0.82873496144974
31.7584	0.828939421620547
31.7744	0.829094956190417
31.7904	0.829212129567608
31.8064	0.829300403281351
31.8224	0.829368179824868
31.8384	0.829422818846794
31.8544	0.829470628585156
31.8704	0.829516842995687
31.8864	0.82956561003958
31.9024	0.829620019638313
31.9184	0.829682185312137
31.9344	0.829753371312435
31.9504	0.829834141382619
31.9664	0.829924505906419
31.9824	0.830024049803583
31.9984	0.830132036325026
32.0144	0.830247485255271
32.0304	0.830369236704129
32.0464	0.830495995690356
32.0624	0.830626363513218
32.0784	0.830758863523229
32.0944	0.83089197879714
32.1104	0.831024188352657
32.1264	0.831154013442287
32.1424	0.831280068413136
32.1584	0.831401115223642
32.1744	0.831516096020053
32.1904	0.831624161294584
32.2064	0.831724676154025
32.2224	0.831817200972878
32.2384	0.831901448623697
32.2544	0.831977225601989
32.2704	0.83204435741844
32.2864	0.832102640569232
32.3024	0.832151842580444
32.3184	0.832191753480018
32.3344	0.832222291593141
32.3504	0.832243658992198
32.3664	0.83225648565751
32.3824	0.832261910344968
32.3984	0.832261579529145
32.4144	0.832257542232966
32.4304	0.832252050148227
32.4464	0.83224733392116
32.4624	0.832245404109742
32.4784	0.832247897828651
32.4944	0.832255996285127
32.5104	0.832270403218573
32.5264	0.832291367906592
32.5424	0.832318733619715
32.5584	0.832352007672981
32.5744	0.832390431241819
32.5904	0.832433047527601
32.6064	0.832478767843995
32.6224	0.832526416914945
32.6384	0.832574732413676
32.6544	0.832622356666761
32.6704	0.83266785806272
32.6864	0.832709784125839
32.7024	0.832746736362097
32.7184	0.832777486214596
32.7344	0.832801078997747
32.7504	0.832816880219511
32.7664	0.832824532549793
32.7824	0.832823850823345
32.7984	0.832814704395091
32.8144	0.832796968257568
32.8304	0.83277055625787
32.8464	0.832735511442408
32.8624	0.832692135519139
32.8784	0.832641076489708
32.8944	0.832583310225417
32.9104	0.832520028750551
32.9264	0.832452478978169
32.9424	0.832381793890093
32.9584	0.832308873401828
32.9744	0.832234328121146
32.9904	0.832158470903991
33.0064	0.832081367541477
33.0224	0.832002939693169
33.0384	0.831923072203679
33.0544	0.831841718516571
33.0704	0.831759005944136
33.0864	0.83167530524058
33.1024	0.831591225566299
33.1184	0.831507562733364
33.1344	0.83142522022014
33.1504	0.83134512552742
33.1664	0.83126817335507
33.1824	0.8311952031179
33.1984	0.831126993692223
33.2144	0.831064261650468
33.2304	0.831007648045002
33.2464	0.830957697147326
33.2624	0.830914846012135
33.2784	0.830879439856446
33.2944	0.830851778555299
33.3104	0.830832186991884
33.3264	0.830821075366018
33.3424	0.830818972489695
33.3584	0.830826522775837
33.3744	0.830844445792465
33.3904	0.830873464921908
33.4064	0.830914248399623
33.4224	0.830967373204615
33.4384	0.831033298264614
33.4544	0.831112349727832
33.4704	0.831204722661951
33.4864	0.831310477523189
33.5024	0.831429523412126
33.5184	0.831561602791382
33.5344	0.831706277106107
33.5504	0.831862932247176
33.5664	0.832030814159893
33.5824	0.832209075335001
33.5984	0.83239683957801
33.6144	0.832593298230492
33.6304	0.832797801282126
33.6464	0.833009919821009
33.6624	0.833229469052768
33.6784	0.833456466090396
33.6944	0.833691007046369
33.7104	0.833933134876119
33.7264	0.834182697860669
33.7424	0.834439221679261
33.7584	0.834701855696878
33.7744	0.834969413473047
33.7904	0.835240402434877
33.8064	0.835513071544042
33.8224	0.835785488939067
33.8384	0.836055629289561
33.8544	0.836321443559271
33.8704	0.836581007925034
33.8864	0.83683267030203
33.9024	0.837075169294124
33.9184	0.837307690558006
33.9344	0.837529909498855
33.9504	0.837741923106293
33.9664	0.837944139483866
33.9824	0.838137171184471
33.9984	0.838321742761067
34.0144	0.838498539807816
34.0304	0.838668086224331
34.0464	0.8388306024721
34.0624	0.838985809169927
34.0784	0.839132704569536
34.0944	0.839269461714068
34.1104	0.839393395211047
34.1264	0.839501035188803
34.1424	0.839588360511911
34.1584	0.839651123716791
34.1744	0.839685111681874
34.1904	0.839686366653936
34.2064	0.839651404297527
34.2224	0.839577383011047
34.2384	0.839462269801615
34.2544	0.839305074293961
34.2704	0.839106097643352
34.2864	0.83886709200145
34.3024	0.838591305891427
34.3184	0.838283338590387
34.3344	0.837948761662844
34.3504	0.837593611724643
34.3664	0.837223898603341
34.3824	0.83684517547708
34.3984	0.836462269326617
34.4144	0.836079205950497
34.4304	0.835699274052061
34.4464	0.835325110034788
34.4624	0.834958793150875
34.4784	0.834601943774246
34.4944	0.834255821653969
34.5104	0.833921398991365
34.5264	0.833599447030153
34.5424	0.833290611851154
34.5584	0.832995483854702
34.5744	0.832714624072295
34.5904	0.832448553018466
34.6064	0.832197693916939
34.6224	0.831962302877926
34.6384	0.831742408023175
34.6544	0.831537783366784
34.6704	0.831347950642211
34.6864	0.831172216073995
34.7024	0.831009730824761
34.7184	0.830859556082416
34.7344	0.830720726712954
34.7504	0.830592317032981
34.7664	0.830473490871
34.7824	0.830363527797871
34.7984	0.830261831668381
34.8144	0.830167918020138
34.8304	0.830081379960816
34.8464	0.830001854171613
34.8624	0.829929004451245
34.8784	0.829862507746967
34.8944	0.82980204234137
34.9104	0.829747278651851
34.9264	0.829697864553467
34.9424	0.829653402493719
34.9584	0.829613423856713
34.9744	0.829577363292728
34.9904	0.829544541927149
35.0064	0.829514166883982
35.0224	0.829485347362393
35.0384	0.829457122352025
35.0544	0.829428495578682
35.0704	0.829398471590864
35.0864	0.829366088722807
35.1024	0.829330450165784
35.1184	0.829290753602933
35.1344	0.82924632032929
35.1504	0.829196623748444
35.1664	0.829141318140657
35.1824	0.829080268166635
35.1984	0.829013581910928
35.2144	0.828941647345445
35.2304	0.828865167793552
35.2464	0.828785187713649
35.2624	0.828703110403566
35.2784	0.828620697242698
35.2944	0.82854004605592
35.3104	0.828463544965913
35.3264	0.828393803929785
35.3424	0.828333521060088
35.3584	0.828285278474155
35.3744	0.828251307422207
35.3904	0.828233261010482
35.4064	0.828232041158159
35.4224	0.828247740386345
35.4384	0.828279691192066
35.4544	0.828326584006717
35.4704	0.828386625179419
35.4864	0.828457680622975
35.5024	0.828537377039893
35.5184	0.828623195823255
35.5344	0.828712571612627
35.5504	0.828802993773607
35.5664	0.828892121020189
35.5824	0.828977889424735
35.5984	0.829058601349701
35.6144	0.829132997637416
35.6304	0.829200312056983
35.6464	0.82926029953201
35.6624	0.829313245228846
35.6784	0.829359951499711
35.6944	0.829401700054646
35.7104	0.829440197000892
35.7264	0.829477505892541
35.7424	0.829515974981135
35.7584	0.829558166650045
35.7744	0.82960679635859
35.7904	0.829664683858724
35.8064	0.829734721877699
35.8224	0.829819863766957
35.8384	0.829923131289874
35.8544	0.8300476356698
35.8704	0.830196604238139
35.8864	0.830373401700868
35.9024	0.830581539713435
35.9184	0.830824646506656
35.9344	0.831106385183389
35.9504	0.831430320504197
35.9664	0.831799756931716
35.9824	0.83221756710266
35.9984	0.832686065086463
36.0144	0.833206931984293
36.0304	0.833781173496405
36.0464	0.834409059892906
36.0624	0.835089995389822
36.0784	0.835822301046548
36.0944	0.836602961245276
36.1104	0.837427397518226
36.1264	0.838289344017042
36.1424	0.839180913580194
36.1584	0.840092879880117
36.1744	0.841015109956956
36.1904	0.841937104572523
36.2064	0.842848525800107
36.2224	0.843739655737735
36.2384	0.844601802371969
36.2544	0.845427685692513
36.2704	0.846211750868136
36.2864	0.846950423475491
36.3024	0.847642287660491
36.3184	0.847547697929016
36.3344	0.84745911067229
36.3504	0.847403180174368
36.3664	0.847397446037107
36.3824	0.847452172695327
36.3984	0.847572181192803
36.4144	0.847758446380638
36.4304	0.848009374275577
36.4464	0.84832175792495
36.4624	0.848691455614912
36.4784	0.849113851237504
36.4944	0.84958415466987
36.5104	0.850097583780567
36.5264	0.850649464793278
36.5424	0.851235282296969
36.5584	0.8518506970034
36.5744	0.852491546816552
36.5904	0.853153844717681
36.6064	0.853833777281167
36.6224	0.854527700921878
36.6384	0.855232139814532
36.6544	0.855943783342823
36.6704	0.856659478665776
36.6864	0.857376220874656
36.7024	0.858091143852263
36.7184	0.858801510171489
36.7344	0.859504702736857
36.7504	0.860198220086758
36.7664	0.860879677319204
36.7824	0.861546810286129
36.7984	0.862197482839704
36.8144	0.862829695572842
36.8304	0.863441596737559
36.8464	0.864031493232702
36.8624	0.864597859650857
36.8784	0.865139343649403
36.8944	0.865654766726536
36.9104	0.866143119309484
36.9264	0.86660355241834
36.9424	0.867035367498787
36.9584	0.867438005779221
36.9744	0.86781103869977
36.9904	0.868154160186734
37.0064	0.868467180318063
37.0224	0.868750020187107
37.0384	0.869002707347065
37.0544	0.869225371174579
37.0704	0.869418237711599
37.0864	0.869581623787198
37.1024	0.869715930272591
37.1184	0.869821634624273
37.1344	0.869899283034741
37.1504	0.869949482316926
37.1664	0.869972891707746
37.1824	0.869970214163502
37.1984	0.869942186884472
37.2144	0.869889571022824
37.2304	0.869813140697218
37.2464	0.869713672191651
37.2624	0.869591934620829
37.2784	0.869448682474044
37.2944	0.869284649995777
37.3104	0.869100547594357
37.3264	0.868897059348811
37.3424	0.8686748410707
37.3584	0.868434518796491
37.3744	0.868176687905319
37.3904	0.867901912630728
37.4064	0.867610727070044
37.4224	0.867303637222889
37.4384	0.866981123566148
37.4544	0.866643643597925
37.4704	0.866291634113779
37.4864	0.865925512495124
37.5024	0.86554567673717
37.5184	0.865152504196473
37.5344	0.864746349965259
37.5504	0.864327545423862
37.5664	0.863896397874313
37.5824	0.863453191766567
37.5984	0.862998191924959
37.6144	0.86253164651221
37.6304	0.862053788745371
37.6464	0.861564836819156
37.6624	0.861064991632773
37.6784	0.860554432615686
37.6944	0.860033314365367
37.7104	0.859501764730112
37.7264	0.858959883748611
37.7424	0.858407743471162
37.7584	0.857845389441678
37.7744	0.857272842835997
37.7904	0.856690102169281
37.8064	0.856097145868191
37.8224	0.855493937263773
37.8384	0.854880430727761
37.8544	0.854256578096042
37.8704	0.85362233574277
37.8864	0.852977668826739
37.9024	0.852322551252428
37.9184	0.851656963747317
37.9344	0.850980892987153
37.9504	0.850294332209415
37.9664	0.849597287816664
37.9824	0.848889790747378
37.9984	0.848171909544504
38.0144	0.847443763616482
38.0304	0.846705538451786
38.0464	0.845957496159727
38.0624	0.845199982345164
38.0784	0.844433433005491
38.0944	0.84365838151372
38.1104	0.842875467845019
38.1264	0.842085450703379
38.1424	0.841289211196965
38.1584	0.840487737429001
38.1744	0.839682090840995
38.1904	0.838873349847702
38.2064	0.83806253057206
