0.0144	0.0482217301189074
0.0304	0.0385644819470166
0.0464	0.0297469760477078
0.0624	0.0217414821484603
0.0784	0.0145203064997936
0.0944	0.00805579094648934
0.1104	0.00232031661956356
0.1264	-0.00271368750817658
0.1424	-0.00707373105347742
0.1584	-0.0107872469918995
0.1744	-0.0138815742874208
0.1904	-0.0163839381975812
0.2064	-0.0183214245061798
0.2224	-0.0197209491148165
0.2384	-0.0206092233075204
0.2544	-0.0210127123731247
0.2704	-0.0209575899994157
0.2864	-0.0204696912848377
0.3024	-0.0195744663221298
0.3184	-0.0182969378120674
0.3344	-0.0166616636802814
0.3504	-0.0146927040575058
0.3664	-0.0124135919351147
0.3824	-0.00984730594053573
0.3984	-0.00701624468994311
0.4144	-0.00394220364706754
0.4304	-0.000646354614847411
0.4464	0.00285077057616334
0.4624	0.00652929130771085
0.4784	0.0103699860162401
0.4944	0.0143542976545383
0.5104	0.0184643368827757
0.5264	0.0226828846244338
0.5424	0.026993392533452
0.5584	0.0313799789042442
0.5744	0.0358274215010717
0.5904	0.0403211478118486
0.6064	0.0448472218835256
0.6224	0.049392331962995
0.6384	0.0539437821081954
0.6544	0.0584894855425695
0.6704	0.063017958967027
0.6864	0.0675183176673535
0.7024	0.0719802671075094
0.7184	0.076394089745687
0.7344	0.0807506294841467
0.7504	0.0850412735450838
0.7664	0.0892579331681738
0.7824	0.0933930274054582
0.7984	0.09743947000727
0.8144	0.101390655674255
0.8304	0.105240445397452
0.8464	0.10898314886116
0.8624	0.112613502927768
0.8784	0.116126648027258
0.8944	0.11951810506768
0.9104	0.122783754462315
0.9264	0.125919818896211
0.9424	0.128922849356744
0.9584	0.131789711291351
0.9744	0.134517568775724
0.9904	0.137103866790998
1.0064	0.139546311875026
1.0224	0.141842852782982
1.0384	0.143991661658081
1.0544	0.14599111660495
1.0704	0.147839785745166
1.0864	0.149536411227796
1.1024	0.151079891573556
1.1184	0.152469261358345
1.1344	0.153703670775482
1.1504	0.154782368033143
1.1664	0.155704687379103
1.1824	0.156470045232684
1.1984	0.157077945171881
1.2144	0.157527990182327
1.2304	0.157819899491191
1.2464	0.157953526985768
1.2624	0.157928878085595
1.2784	0.157746123756315
1.2944	0.157405611167359
1.3104	0.156907870972358
1.3264	0.156253622393127
1.3424	0.155443777740171
1.3584	0.154479447093177
1.3744	0.153361945181143
1.3904	0.152092802880308
1.4064	0.15067378347668
1.4224	0.149106904671495
1.4384	0.147394467126073
1.4544	0.145539087753267
1.4704	0.143543735648617
1.4864	0.141411773185308
1.5024	0.139147002521323
1.5184	0.136753716734187
1.5344	0.134236757551403
1.5504	0.131601582140274
1.5664	0.128854334023625
1.5824	0.1260019174135
1.5984	0.123052075019725
1.6144	0.120013470266283
1.6304	0.116895777620623
1.6464	0.113709787498731
1.6624	0.110467525275521
1.6784	0.107182383000616
1.6944	0.103869255961907
1.7104	0.100544675755938
1.7264	0.0972269270207669
1.7424	0.0939361289914125
1.7584	0.0906942647998612
1.7744	0.0875251363467235
1.7904	0.0844541970100003
1.8064	0.0815082049804623
1.8224	0.0787146279138362
1.8384	0.0761007069957564
1.8544	0.0736920993442816
1.8704	0.0715110388800291
1.8864	0.0695739715522699
1.9024	0.0678886298174994
1.9184	0.0664505197520633
1.9344	0.0644305851049403
1.9504	0.0626014009718681
1.9664	0.0609569982781117
1.9824	0.0594896621918188
1.9984	0.0581902285284421
2.0144	0.0570483895703084
2.0304	0.0560530626336337
2.0464	0.0551927281869489
2.0624	0.0544557253807021
2.0784	0.0538305189121182
2.0944	0.0533058813577405
2.1104	0.0528710235819965
2.1264	0.0525157268692702
2.1424	0.0522304486967577
2.1584	0.0520064523399348
2.1744	0.0518359753825131
2.1904	0.0517123896070864
2.2064	0.0516303511048868
2.2224	0.051585956353474
2.2384	0.0515768512423413
2.2544	0.0516022878500699
2.2704	0.0516631340960139
2.2864	0.0517618380140412
2.3024	0.0519023390211508
2.3184	0.0520899651002189
2.3344	0.0523313288155087
2.3504	0.0526342128011628
2.3664	0.0530074558922244
2.3824	0.0534608447424709
2.3984	0.0540049541805239
2.4144	0.0546509148162606
2.4304	0.0554101037862686
2.4464	0.0562937664896417
2.4624	0.0573126375952846
2.4784	0.0584766238832479
2.4944	0.0597945715032431
2.5104	0.0612741387460254
2.5264	0.0629217963170667
2.5424	0.0647428279725197
2.5584	0.0667412403995904
2.5744	0.0689195267535716
2.5904	0.0712783051566213
2.6064	0.0738158905139805
2.6224	0.0765279219243489
2.6384	0.0794070487487311
2.6544	0.0824427819950948
2.6704	0.0856215277697707
2.6864	0.0889266931786317
2.7024	0.0923388255028037
2.7184	0.0958359485820175
2.7344	0.0993940872270933
2.7504	0.10298806009369
2.7664	0.106592462734721
2.7824	0.110182751140538
2.7984	0.113736224059448
2.8144	0.117232702832265
2.8304	0.120654760339502
2.8464	0.123987529742063
2.8624	0.127218220900911
2.8784	0.13033555580817
2.8944	0.133329233465926
2.9104	0.136189504771206
2.9264	0.138906898481746
2.9424	0.141472134226074
2.9584	0.143876094823124
2.9744	0.146109852472915
2.9904	0.148164802041503
3.0064	0.150032937940718
3.0224	0.151707270977507
3.0384	0.153182340849636
3.0544	0.154454741519555
3.0704	0.155523545601266
3.0864	0.156390520468531
3.1024	0.157060052819954
3.1184	0.157538788591861
3.1344	0.157835042879828
3.1504	0.157958083473378
3.1664	0.157917434693712
3.1824	0.157722319616969
3.1984	0.15738132077831
3.2144	0.156902289647743
3.2304	0.156292461420104
3.2464	0.155558707553606
3.2624	0.154707862373012
3.2784	0.153747040299709
3.2944	0.152683879936067
3.3104	0.151526691520647
3.3264	0.150284498010418
3.3424	0.148966952340988
3.3584	0.147584172979311
3.3744	0.146146540433865
3.3904	0.144664448055085
3.4064	0.143148041433722
3.4224	0.14160703950223
3.4384	0.140050624928886
3.4544	0.138487323670393
3.4704	0.136924985964779
3.4864	0.135370834414093
3.5024	0.133831506640849
3.5184	0.132313102147815
3.5344	0.130821261587432
3.5504	0.12936110935232
3.5664	0.127937051204281
3.5824	0.126552524083078
3.5984	0.125209779989074
3.6144	0.123909714810569
3.6304	0.122651865520236
3.6464	0.12143468163374
3.6624	0.120255953877621
3.6784	0.119113208411211
3.6944	0.118004188549389
3.7104	0.116927251269626
3.7264	0.11588160452251
3.7424	0.114867559496101
3.7584	0.113886819784486
3.7744	0.112942619725917
3.7904	0.112039836093192
3.8064	0.111185271165962
3.8224	0.110387835476299
3.8384	0.109658672232914
3.8544	0.109011258559757
3.8704	0.108461358313409
3.8864	0.108026574375099
3.9024	0.107725684021492
3.9184	0.107577735421525
3.9344	0.107600960143937
3.9504	0.107811770921568
3.9664	0.108224084325474
3.9824	0.108848837415938
3.9984	0.109693782712387
4.0144	0.110763564104918
4.0304	0.112059943202521
4.0464	0.113581895095034
4.0624	0.115325678798978
4.0784	0.11728464865902
4.0944	0.119448739593029
4.1104	0.12180379388165
4.1264	0.124330985067534
4.1424	0.127006346138334
4.1584	0.129800589117547
4.1744	0.132679403930577
4.1904	0.135604068173155
4.2064	0.138532216579737
4.2224	0.141418642400485
4.2384	0.144216116331538
4.2544	0.146876199948334
4.2704	0.149350205414169
4.2864	0.151590417024199
4.3024	0.153551526697829
4.3184	0.155192169089222
4.3344	0.15647646504716
4.3504	0.157375346874392
4.3664	0.157867505470282
4.3824	0.15793997089418
4.3984	0.15758832782647
4.4144	0.156816586663648
4.4304	0.155636806746326
4.4464	0.154068510621311
4.4624	0.152137883568702
4.4784	0.149876720591624
4.4944	0.147321097906055
4.5104	0.144509855062129
4.5264	0.141483128404811
4.5424	0.138281076002524
4.5584	0.134943068067397
4.5744	0.131507372205515
4.5904	0.128011245132722
4.6064	0.124491111000349
4.6224	0.120982520073394
4.6384	0.117519731681949
4.6544	0.114134937541049
4.6704	0.110857172154194
4.6864	0.107711283880089
4.7024	0.104717293812637
4.7184	0.101890226973364
4.7344	0.099240402852697
4.7504	0.0967741619996154
4.7664	0.0944947906514635
4.7824	0.0924034300640351
4.7984	0.0904998659103988
4.8144	0.0887830853347076
4.8304	0.0872515710556563
4.8464	0.0859033959494262
4.8624	0.0847362174493718
4.8784	0.0837471437942661
4.8944	0.0829326687801277
4.9104	0.0822887635298564
4.9264	0.0818110375325567
4.9424	0.081494867241485
4.9584	0.081335477314564
4.9744	0.0813279197259185
4.9904	0.0814669987054337
5.0064	0.0817472007310975
5.0224	0.0821627650002448
5.0384	0.0827078703696706
5.0544	0.0833769745039739
5.0704	0.0841652119796201
5.0864	0.0850686815815855
5.1024	0.0860844733165713
5.1184	0.0872104227789627
5.1344	0.0884446291179124
5.1504	0.0897849011230214
5.1664	0.0912282473197301
5.1824	0.0927705442717119
5.1984	0.094406455157678
5.2144	0.0961295114674208
5.2304	0.0979322482975782
5.2464	0.0998063885202036
5.2624	0.101743003795828
5.2784	0.103732638041446
5.2944	0.10576552758759
5.3104	0.107831809240604
5.3264	0.109921668646702
5.3424	0.11202550009568
5.3584	0.114134075999853
5.3744	0.116238561092299
5.3904	0.118330588276233
5.4064	0.120402500631183
5.4224	0.122447618052686
5.4384	0.124460418401437
5.4544	0.126436703836799
5.4704	0.128373489378756
5.4864	0.130268510756604
5.5024	0.132119650646128
5.5184	0.133924524158214
5.5344	0.13568019892514
5.5504	0.137383201986207
5.5664	0.139029884296786
5.5824	0.140616888030262
5.5984	0.142141484304585
5.6144	0.143601796107941
5.6304	0.144996834576443
5.6464	0.146326281390895
5.6624	0.147590178406784
5.6784	0.14878869525516
5.6944	0.149921903269398
5.7104	0.150989552984509
5.7264	0.151990951871451
5.7424	0.15292488649585
5.7584	0.153789532494837
5.7744	0.15458247930486
5.7904	0.155300853236835
5.8064	0.155941447061931
5.8224	0.156500823025713
5.8384	0.156975416468743
5.8544	0.157361586083073
5.8704	0.157655619049127
5.8864	0.157853741846363
5.9024	0.157952154989164
5.9184	0.157947074929151
5.9344	0.15783477745283
5.9504	0.157611628448283
5.9664	0.157274092608017
5.9824	0.156818728766961
5.9984	0.156242203425546
6.0144	0.155541381087158
6.0304	0.154713500744311
6.0464	0.153756428274281
6.0624	0.152668929600775
6.0784	0.151450927722689
6.0944	0.150103730426888
6.1104	0.148630254745886
6.1264	0.147035227377206
6.1424	0.145325340289499
6.1584	0.143509375502223
6.1744	0.141598270144573
6.1904	0.139604969458279
6.2064	0.137544106912262
6.2224	0.135431583599978
6.2384	0.133284078087318
6.2544	0.131118572249516
6.2704	0.128952051876265
6.2864	0.126801338417241
6.3024	0.124683032081354
6.3184	0.122613554561628
6.3344	0.120609113573376
6.3504	0.118685478709256
6.3664	0.11685759281033
6.3824	0.115139039061372
6.3984	0.113541295736074
6.4144	0.112072987273702
6.4304	0.110739365278494
6.4464	0.109542118625487
6.4624	0.108479606312731
6.4784	0.107547523197209
6.4944	0.106739871444216
6.5104	0.106050031111362
6.5264	0.105471687558722
6.5424	0.10499948560879
6.5584	0.104629317817338
6.5744	0.10435837640409
6.5904	0.104184909104692
6.6064	0.104107750671954
6.6224	0.1041257748678
6.6384	0.104237432429141
6.6544	0.104440318167843
6.6704	0.10473093516725
6.6864	0.105104730997308
6.7024	0.105556455944413
6.7184	0.106080724788907
6.7344	0.106672619292798
6.7504	0.107328020151289
6.7664	0.10804374068903
6.7824	0.108817420525707
6.7984	0.109647307538811
6.8144	0.110531884152753
6.8304	0.111469700627904
6.8464	0.112459421152447
6.8624	0.113499885583078
6.8784	0.114590031670804
6.8944	0.115728743254248
6.9104	0.11691453588838
6.9264	0.118145155678892
6.9424	0.119417310644064
6.9584	0.120726597001369
6.9744	0.122067586736154
6.9904	0.123434154436186
7.0064	0.12481988154995
7.0224	0.126218228831465
7.0384	0.127622585280637
7.0544	0.129026287205345
7.0704	0.130422536623325
7.0864	0.131804380222636
7.1024	0.133164943616489
7.1184	0.134497741611394
7.1344	0.135797051352871
7.1504	0.137058260922036
7.1664	0.138278038304687
7.1824	0.139454273572486
7.1984	0.140585879109718
7.2144	0.141672450225915
7.2304	0.142713936369848
7.2464	0.143710473578526
7.2624	0.144662306893846
7.2784	0.145569842508355
7.2944	0.146433808501985
7.3104	0.14725537255806
7.3264	0.148036165769238
7.3424	0.148778310949513
7.3584	0.149484337644918
7.3744	0.150156981608294
7.3904	0.150798981542511
7.4064	0.151412894424919
7.4224	0.152000858411139
7.4384	0.152564415486022
7.4544	0.153104448219903
7.4704	0.153621154758621
7.4864	0.154114063696529
7.5024	0.154582178518691
7.5184	0.155024168029318
7.5344	0.155438527725803
7.5504	0.155823744331013
7.5664	0.156178446465301
7.5824	0.156501484610988
7.5984	0.156791977530585
7.6144	0.157049363224747
7.6304	0.157273424281943
7.6464	0.157464297531011
7.6624	0.157622483032139
7.6784	0.157748837022051
7.6944	0.157844531843448
7.7104	0.157911003130469
7.7264	0.15794987772934
7.7424	0.157962891896457
7.7584	0.157951816414869
7.7744	0.157918392848448
7.7904	0.157864284508822
7.8064	0.157791055379437
7.8224	0.157700183702456
7.8384	0.157593108546006
7.8544	0.157471309740178
7.8704	0.157336391227144
7.8864	0.157190143467314
7.9024	0.15703457489688
7.9184	0.156871906953153
7.9344	0.156704517226199
7.9504	0.156534855264301
7.9664	0.156365353742725
7.9824	0.156198334258374
7.9984	0.156035929402339
8.0144	0.155880020005537
8.0304	0.155732193052199
8.0464	0.155593695915076
8.0624	0.155465431550009
8.0784	0.155347999078341
8.0944	0.155241768904954
8.1104	0.155146960242529
8.1264	0.155063745081318
8.1424	0.154992308203813
8.1584	0.154932864534072
8.1744	0.154885656551745
8.1904	0.154850955357855
8.2064	0.154829028344619
8.2224	0.154820121465516
8.2384	0.15482445863152
8.2544	0.154842243367394
8.2704	0.154873641071415
8.2864	0.15491874336038
8.3024	0.154977504465773
8.3184	0.155049655440262
8.3344	0.15513462065412
8.3504	0.155231440273777
8.3664	0.155338756168117
8.3824	0.155454854142572
8.3984	0.15557776286634
8.4144	0.155705394332085
8.4304	0.155835685948968
8.4464	0.155966732327723
8.4624	0.156096884177355
8.4784	0.156224761121475
8.4944	0.156349203002183
8.5104	0.15646921533359
8.5264	0.156583915817532
8.5424	0.15669249506983
8.5584	0.156794214606069
8.5744	0.156888447698616
8.5904	0.156974730019638
8.6064	0.157052809679893
8.6224	0.157122673613014
8.6384	0.157184544249073
8.6544	0.157238833360882
8.6704	0.157286072022746
8.6864	0.157326813209917
8.7024	0.157361532814488
8.7184	0.157390556831768
8.7344	0.157414040670925
8.7504	0.157431981548275
8.7664	0.157444249524584
8.7824	0.157450623912585
8.7984	0.157450830756044
8.8144	0.157444559492493
8.8304	0.157431474276049
8.8464	0.15741121789139
8.8624	0.157383420422139
8.8784	0.157347725143477
8.8944	0.157303829720579
8.9104	0.157251528535863
8.9264	0.157190753318869
8.9424	0.157121600110852
8.9584	0.157044343702761
8.9744	0.156959439674917
8.9904	0.156867530317609
9.0064	0.156769457896853
9.0224	0.156666286406814
9.0384	0.156559302228185
9.0544	0.15644998786291
9.0704	0.156339984616036
9.0864	0.156231042836641
9.1024	0.156124983980572
9.1184	0.156023698890262
9.1344	0.155929183941726
9.1504	0.155843577438372
9.1664	0.155769185808065
9.1824	0.155708439589699
9.1984	0.155663763852996
9.2144	0.155637408008129
9.2304	0.155631284387166
9.2464	0.155646834674176
9.2624	0.155684987010186
9.2784	0.155746181542629
9.2944	0.155830386656003
9.3104	0.155937053215641
9.3264	0.156065043036865
9.3424	0.1562125149355
9.3584	0.156376806931473
9.3744	0.156554387507359
9.3904	0.156740910958721
9.4064	0.156931362592257
9.4224	0.157120289407953
9.4384	0.157302073573316
9.4544	0.15747118486404
9.4704	0.157622379404703
9.4864	0.157750831693246
9.5024	0.15785219218861
9.5184	0.157922596147142
9.5344	0.157958658707461
9.5504	0.382177362245727
9.5664	0.380398236910708
9.5824	0.37854225615979
9.5984	0.376618132144586
9.6144	0.374635589479908
9.6304	0.372605065367111
9.6464	0.370537399089699
9.6624	0.368443554097439
9.6784	0.366334527736001
9.6944	0.36422143290946
9.7104	0.362115536293686
9.7264	0.360028176735909
9.7424	0.357970554953681
9.7584	0.355953476331479
9.7744	0.353987079265551
9.7904	0.352080639622784
9.8064	0.350242507721873
9.8224	0.348480129491236
9.8384	0.346800092632122
9.8544	0.34520799432056
9.8704	0.343708086880213
9.8864	0.342302796161448
9.9024	0.340992413743948
9.9184	0.339774966159041
9.9344	0.338646240309515
9.9504	0.337600103799787
9.9664	0.336628972621327
9.9824	0.335724244363519
9.9984	0.334876605798286
10.0144	0.334076289008806
10.0304	0.333313186001078
10.0464	0.332576952706177
10.0624	0.331857189678658
10.0784	0.331143715422343
10.0944	0.330426901323563
10.1104	0.329698114198436
10.1264	0.328950149071034
10.1424	0.328177701666334
10.1584	0.327377777855872
10.1744	0.326550011973836
10.1904	0.32569665833887
10.2064	0.324822117656595
10.2224	0.323932055113914
10.2384	0.323032501042405
10.2544	0.322129077481861
10.2704	0.321226588846343
10.2864	0.320329152825991
10.3024	0.319440688982752
10.3184	0.318565479405549
10.3344	0.317708672373726
10.3504	0.316876560882918
10.3664	0.316076449169657
10.3824	0.315316369325444
10.3984	0.31460478366256
10.4144	0.313950294589688
10.4304	0.313361481880918
10.4464	0.312847000528109
10.4624	0.312415762751129
10.4784	0.312077137171343
10.4944	0.311841159994572
10.5104	0.311718710706941
10.5264	0.31172154265596
10.5424	0.311862133698526
10.5584	0.312153298156488
10.5744	0.312607592452423
10.5904	0.313236603454584
10.6064	0.314050161210673
10.6224	0.315055672767414
10.6384	0.316257696529703
10.6544	0.317657786660391
10.6704	0.319254638952543
10.6864	0.321044698622529
10.7024	0.323022992682525
10.7184	0.325183998639545
10.7344	0.327522200387705
10.7504	0.330032126593096
10.7664	0.332707688700395
10.7824	0.335540971924672
10.7984	0.338520356148422
10.8144	0.341628617085917
10.8304	0.344841694651336
10.8464	0.348128059025271
10.8624	0.351448757023547
10.8784	0.35475838229155
10.8944	0.358006624445977
10.9104	0.361139708427459
10.9264	0.364101697473473
10.9424	0.366835306733321
10.9584	0.369282495253515
10.9744	0.371385460579063
10.9904	0.373088037962987
11.0064	0.374337158906769
11.0224	0.375084959226513
11.0384	0.375291577375265
11.0544	0.374928113792691
11.0704	0.373979370423285
11.0864	0.372446510320742
11.1024	0.370349050638026
11.1184	0.367725861051554
11.1344	0.364634374159721
11.1504	0.361147783406011
11.1664	0.357350466900471
11.1824	0.353332380574955
11.1984	0.349183540915135
11.2144	0.344989449148841
11.2304	0.340828205575576
11.2464	0.336769286900676
11.2624	0.332873667646311
11.2784	0.32919455451804
11.2944	0.325778366380007
11.3104	0.322665549831981
11.3264	0.319891088205452
11.3424	0.317484898632983
11.3584	0.315472156887438
11.3744	0.313873527425073
11.3904	0.312705386278537
11.4064	0.311980062679083
11.4224	0.311706044229766
11.4384	0.311888152321558
11.4544	0.312527674735634
11.4704	0.313622347761964
11.4864	0.31516614525782
11.5024	0.317148847694398
11.5184	0.319555482128521
11.5344	0.322365903893569
11.5504	0.325554710052984
11.5664	0.329091511203274
11.5824	0.332941703713118
11.5984	0.337067572257979
11.6144	0.34142920169603
11.6304	0.345984936671982
11.6464	0.350691348413875
11.6624	0.35550264025926
11.6784	0.360369806607423
11.6944	0.36524013449224
11.7104	0.370057189673673
11.7264	0.374761417999707
11.7424	0.379291376112178
11.7584	0.383585367811008
11.7744	0.387583149813622
11.7904	0.391227625860381
11.8064	0.394466353102757
11.8224	0.397252696129954
11.8384	0.399546664216473
11.8544	0.40131554168795
11.8704	0.402534315925436
11.8864	0.403186018288352
11.9024	0.403262150606452
11.9184	0.402763222490819
11.9344	0.401699229323015
11.9504	0.400089820759149
11.9664	0.397963867265219
11.9824	0.395358350406809
11.9984	0.392316737947397
12.0144	0.388887111718191
12.0304	0.385120397872299
12.0464	0.381069021725693
12.0624	0.37678584572609
12.0784	0.372323383642765
12.0944	0.367733148563957
12.1104	0.363064974768349
12.1264	0.358366251667917
12.1424	0.35368127549259
12.1584	0.349050627874021
12.1744	0.34451072173897
12.1904	0.340093530044328
12.2064	0.3358264347861
12.2224	0.331732072866771
12.2384	0.327828362954961
12.2544	0.324128715276515
12.2704	0.320642641291897
12.2864	0.317376409737562
12.3024	0.314333658967939
12.3184	0.311515893833757
12.3344	0.308922792233147
12.3504	0.306552378943707
12.3664	0.304401268548531
12.3824	0.302464983442292
12.3984	0.300738221551796
12.4144	0.299215240684362
12.4304	0.297890217116446
12.4464	0.296757531379853
12.4624	0.295812017164963
12.4784	0.295049285852542
12.4944	0.294465969028579
12.5104	0.294059860356128
12.5264	0.293829862776533
12.5424	0.29377575870933
12.5584	0.293897775442929
12.5744	0.294196053710266
12.5904	0.294670142149357
12.6064	0.295318827099209
12.6224	0.296140320671498
12.6384	0.297132782134099
12.6544	0.298295125451318
12.6704	0.299627844078941
12.6864	0.301133542032062
12.7024	0.302817083205809
12.7184	0.304685376674342
12.7344	0.306746662015598
12.7504	0.309009372553305
12.7664	0.3114807100294
12.7824	0.314165142045681
12.7984	0.31706313425957
12.8144	0.320170340603795
12.8304	0.323477294955296
12.8464	0.326969593369768
12.8624	0.330628395809867
12.8784	0.334431229405368
12.8944	0.338352811454797
12.9104	0.342365712462197
12.9264	0.34644105544362
12.9424	0.350549369139912
12.9584	0.354661375064097
12.9744	0.35874854898691
12.9904	0.362783622243683
13.0064	0.366740758935748
13.0224	0.3705953245925
13.0384	0.374323520529174
13.0544	0.377902086856921
13.0704	0.381308180339033
13.0864	0.384519828487214
13.1024	0.387516784677132
13.1184	0.390281289163113
13.1344	0.392798718508743
13.1504	0.395057956969595
13.1664	0.397051175568834
13.1824	0.398773237776197
13.1984	0.400220962874243
13.2144	0.401392364980211
13.2304	0.402286028360606
13.2464	0.40290069781679
13.2624	0.403234969634184
13.2784	0.403287086412433
13.2944	0.403054862120257
13.3104	0.402535735449874
13.3264	0.401727011993046
13.3424	0.400626301267209
13.3584	0.399232081857576
13.3744	0.397544367225748
13.3904	0.395565351361938
13.4064	0.393299948517097
13.4224	0.390756300462328
13.4384	0.387946182150472
13.4544	0.384885193502328
13.4704	0.38159268523799
13.4864	0.378091492948499
13.5024	0.374407435625869
13.5184	0.370568682895623
13.5344	0.36660508259456
13.5504	0.362547508931698
13.5664	0.358427299390314
13.5824	0.35427596554814
13.5984	0.350125141057447
13.6144	0.346006832619253
13.6304	0.341953869301278
13.6464	0.338000528981922
13.6624	0.334182976954366
13.6784	0.33053933942233
13.6944	0.327109224411402
13.7104	0.32393292868619
13.7264	0.321050256011631
13.7424	0.318499102880764
13.7584	0.316314119471429
13.7744	0.314525653738997
13.7904	0.31315896416146
13.8064	0.312233821540815
13.8224	0.311764472842981
13.8384	0.311759821927865
13.8544	0.312223728709796
13.8704	0.313155287949371
13.8864	0.314548921652545
13.9024	0.316394244954552
13.9184	0.318675685237281
13.9344	0.321371840026075
13.9504	0.324454601690775
13.9664	0.327888169436847
13.9824	0.331628020064841
13.9984	0.335620131041821
14.0144	0.339800925912527
14.0304	0.344098399926224
14.0464	0.348434342370808
14.0624	0.352727402461653
14.0784	0.356896547735175
14.0944	0.360863930670746
14.1104	0.364556619132657
14.1264	0.367907608480834
14.1424	0.370855940748413
14.1584	0.37334662542645
14.1744	0.375331958758693
14.1904	0.376774341364353
14.2064	0.377649609996354
14.2224	0.377951069169228
14.2384	0.377692978004688
14.2544	0.37691181406052
14.2704	0.375664754726301
14.2864	0.374025814846277
14.3024	0.372079760995405
14.3184	0.369915135664087
14.3344	0.367617592911074
14.3504	0.365264093383018
14.3664	0.362918583973567
14.3824	0.360629669776245
14.3984	0.358429961899276
14.4144	0.356336973633177
14.4304	0.354355491785043
14.4464	0.352480993733423
14.4624	0.3507035543131
14.4784	0.349011408736942
14.4944	0.347393728904478
14.5104	0.345842377636245
14.5264	0.344352597866816
14.5424	0.34292246021721
14.5584	0.341552033822893
14.5744	0.340242677778122
14.5904	0.338996552785829
14.6064	0.337816269006794
14.6224	0.336705135228442
14.6384	0.335667461987612
14.6544	0.334708522945277
14.6704	0.333834341518468
14.6864	0.333051422996391
14.7024	0.332366190125697
14.7184	0.331784458768027
14.7344	0.331311159751067
14.7504	0.330950205779629
14.7664	0.330704633398739
14.7824	0.330577233925339
14.7984	0.330571302241935
14.8144	0.330691032028199
14.8304	0.330941551459773
14.8464	0.331328417838733
14.8624	0.331856595730642
14.8784	0.332528932346747
14.8944	0.333344626379017
14.9104	0.334298118001755
14.9264	0.335378713576972
14.9424	0.336570754747697
14.9584	0.337854430525908
14.9744	0.339206891957474
14.9904	0.340603225854636
15.0064	0.342017344425074
15.0224	0.343423002992154
15.0384	0.344794733019341
15.0544	0.346108791720724
15.0704	0.347344603302759
15.0864	0.348486023860914
15.1024	0.349521933376877
15.1184	0.350446222531957
15.1344	0.351257237209154
15.1504	0.351956282182982
15.1664	0.35254581825194
15.1824	0.353028235140471
15.1984	0.353405403542183
15.2144	0.353678978840492
15.2304	0.353851605227362
15.2464	0.353928292857404
15.2624	0.353917249802407
15.2784	0.353829940285721
15.2944	0.353680596186223
15.3104	0.353485084313263
15.3264	0.353259981775523
15.3424	0.353022254164784
15.3584	0.352789283052402
15.3744	0.352578951645853
15.3904	0.352409569103088
15.4064	0.352299074777591
15.4224	0.352263736835198
15.4384	0.352316784447851
15.4544	0.352467443053911
15.4704	0.352720710020719
15.4864	0.35307810116592
15.5024	0.35353863954623
15.5184	0.354100101534698
15.5344	0.354759894398399
15.5504	0.355515464125062
15.5664	0.356364157270093
15.5824	0.357303421544657
15.5984	0.358331020464107
15.6144	0.359445258024664
15.6304	0.360645288689909
15.6464	0.361931282159446
15.6624	0.363303817869223
15.6784	0.364762893443299
15.6944	0.366306800702318
15.7104	0.367931113993563
15.7264	0.369628046763751
15.7424	0.371387092188229
15.7584	0.373196398378013
15.7744	0.375044575428092
15.7904	0.376922792193454
15.8064	0.378826497109003
15.8224	0.380755595281414
15.8384	0.382713416643639
15.8544	0.384705293265085
15.8704	0.386736422205104
15.8864	0.388810096860993
15.9024	0.390926954664621
15.9184	0.393084837943604
15.9344	0.395278728440985
15.9504	0.397500783190935
15.9664	0.39974000544845
15.9824	0.40198141815722
15.9984	0.404205633958384
16.0144	0.406388815986077
16.0304	0.40850299258426
16.0464	0.410516905580209
16.0624	0.412397014703174
16.0784	0.414109046061526
16.0944	0.415619818556763
16.1104	0.4168994373847
16.1264	0.417923625580841
16.1424	0.418675789166855
16.1584	0.419148394599745
16.1744	0.419343212674164
16.1904	0.419270038072113
16.2064	0.418943591561288
16.2224	0.418379872918592
16.2384	0.417592066901818
16.2544	0.416587542121249
16.2704	0.41536672892488
16.2864	0.413923877358059
16.3024	0.412249206786043
16.3184	0.410332473957112
16.3344	0.408166499498918
16.3504	0.405749241570959
16.3664	0.403084592922028
16.3824	0.400181904687884
16.3984	0.39705363943915
16.4144	0.39371290323794
16.4304	0.390172204486362
16.4464	0.386443241183429
16.4624	0.382537972610066
16.4784	0.378471207113819
16.4944	0.374263058915972
16.5104	0.369940602075587
16.5264	0.365538854339434
16.5424	0.361100121247489
16.5584	0.356671756037315
16.5744	0.352303106816237
16.5904	0.348042307286505
16.6064	0.343933078184648
16.6224	0.340012318344577
16.6384	0.336309000123435
16.6544	0.332844351068786
16.6704	0.329632886255865
16.6864	0.326683878164999
16.7024	0.324002833219538
16.7184	0.321592669817392
16.7344	0.319454444493317
16.7504	0.317587588710239
16.7664	0.31598986181001
16.7824	0.314657201079228
16.7984	0.31358370415353
16.8144	0.312761714874512
16.8304	0.312181946265468
16.8464	0.31183366446345
16.8624	0.311704971669428
16.8784	0.311783140990087
16.8944	0.312055070308702
16.9104	0.31250780909204
16.9264	0.313129069476588
16.9424	0.313907655832054
16.9584	0.314833715998589
16.9744	0.31589887497239
16.9904	0.317096187252275
17.0064	0.318419878053874
17.0224	0.319864882594175
17.0384	0.321426353679954
17.0544	0.32309904921749
17.0704	0.324876829049231
17.0864	0.326752349311391
17.1024	0.328716932814189
17.1184	0.330760573425152
17.1344	0.332872124833898
17.1504	0.335039388669145
17.1664	0.337249154912683
17.1824	0.339487404290821
17.1984	0.341739607648549
17.2144	0.34399108126803
17.2304	0.346227692561342
17.2464	0.348436639578381
17.2624	0.350607102627464
17.2784	0.352730691418856
17.2944	0.354801667526658
17.3104	0.356816813433511
17.3264	0.358775078526264
17.3424	0.360676946148544
17.3584	0.362523605215472
17.3744	0.36431619853164
17.3904	0.366055334956627
17.4064	0.367740862994424
17.4224	0.369372027666884
17.4384	0.370947856206215
17.4544	0.372467662361259
17.4704	0.373931567164391
17.4864	0.375340775485768
17.5024	0.376697358787737
17.5184	0.378003908583707
17.5344	0.379263121203451
17.5504	0.380477247868555
17.5664	0.381647574217936
17.5824	0.382774217736198
17.5984	0.383856122563031
17.6144	0.384891224658531
17.6304	0.385876806173599
17.6464	0.386809861777863
17.6624	0.387687411276261
17.6784	0.388506848025713
17.6944	0.389266232128023
17.7104	0.389964346504087
17.7264	0.39060062314303
17.7424	0.391175049505705
17.7584	0.391688018458808
17.7744	0.392140131150313
17.7904	0.392532062835471
17.8064	0.392864507135641
17.8224	0.393138194910648
17.8384	0.393353893283688
17.8544	0.393512399535439
17.8704	0.393614502128855
17.8864	0.393660985203383
17.9024	0.393652697182233
17.9184	0.393590806746943
17.9344	0.39347716669505
17.9504	0.393314846504154
17.9664	0.393108717784003
17.9824	0.39286598350435
17.9984	0.392596333404356
18.0144	0.392311796264778
18.0304	0.392026219378067
18.0464	0.391754459711478
18.0624	0.391511245371817
18.0784	0.391310049348249
18.0944	0.391162077721162
18.1104	0.391075618617776
18.1264	0.391055752268358
18.1424	0.391104521533464
18.1584	0.391221378956232
18.1744	0.391403899833335
18.1904	0.391648554560788
18.2064	0.391951357391065
18.2224	0.392308182837269
18.2384	0.392714892581125
18.2544	0.393167264877434
18.2704	0.393660753479367
18.2864	0.394190297011107
18.3024	0.394750326825942
18.3184	0.395334934226867
18.3344	0.395938086906256
18.3504	0.396553866089903
18.3664	0.397176570289616
18.3824	0.39780064675233
18.3984	0.398420504091405
18.4144	0.399030305244935
18.4304	0.39962379158942
18.4464	0.400194292376909
18.4624	0.400734949882917
18.4784	0.401239037415621
18.4944	0.401700200476853
18.5104	0.402112638405811
18.5264	0.402471152683233
18.5424	0.402771043417204
18.5584	0.403007938933229
18.5744	0.40317766757471
18.5904	0.403276207216663
18.6064	0.403299784442879
18.6224	0.40324514034819
18.6384	0.403109921216981
18.6544	0.402893154812602
18.6704	0.402595711200206
18.6864	0.402220639721122
18.7024	0.401773312023749
18.7184	0.401261313576015
18.7344	0.400694084450834
18.7504	0.400082430683142
18.7664	0.399437974971192
18.7824	0.39877266649853
18.7984	0.398098451466467
18.8144	0.397427089861594
18.8304	0.396770095596594
18.8464	0.396138826651054
18.8624	0.395544616009772
18.8784	0.394998895000413
18.8944	0.394513294374121
18.9104	0.394099601278413
18.9264	0.393769404317823
18.9424	0.393533530906552
18.9584	0.393401262162683
18.9744	0.393379354586273
18.9904	0.39347114910197
19.0064	0.393676081329659
19.0224	0.393989588547015
19.0384	0.394403472156341
19.0544	0.394906664988866
19.0704	0.395486066150568
19.0864	0.396127231719561
19.1024	0.608605711956955
19.1184	0.60772378883712
19.1344	0.606804840494391
19.1504	0.605862622677677
19.1664	0.604910153985259
19.1824	0.603959439506099
19.1984	0.603021179222964
19.2144	0.602104544675058
19.2304	0.601217128281377
19.2464	0.600365013274512
19.2624	0.599552873918185
19.2784	0.598784133087008
19.2944	0.598061099920869
19.3104	0.597385061738095
19.3264	0.59675636995874
19.3424	0.596174558151404
19.3584	0.595638476512647
19.3744	0.595146465012135
19.3904	0.594696503547794
19.4064	0.594286326183521
19.4224	0.593913502243623
19.4384	0.593575503857153
19.4544	0.593269752655345
19.4704	0.592993660963913
19.4864	0.592744668682144
19.5024	0.592520286821895
19.5184	0.592318141465711
19.5344	0.592136011278825
19.5504	0.591971833225159
19.5664	0.591823696237299
19.5824	0.59168982226862
19.5984	0.59156853755448
19.6144	0.591458242518115
19.6304	0.591357406049269
19.6464	0.591264572320625
19.6624	0.591178375204748
19.6784	0.591097553294674
19.6944	0.591020958553543
19.7104	0.590947552986535
19.7264	0.590876399423337
19.7424	0.590806639121297
19.7584	0.590737466629747
19.7744	0.590668113272557
19.7904	0.590597843347211
19.8064	0.590525949167841
19.8224	0.590451750259831
19.8384	0.590374589905366
19.8544	0.590293824738097
19.8704	0.59020881302925
19.8864	0.59011890079978
19.9024	0.590023403985185
19.9184	0.589921593150422
19.9344	0.589812682251875
19.9504	0.589695814084877
19.9664	0.589570045578881
19.9824	0.589434345830142
19.9984	0.589287603726262
20.0144	0.589128639642951
20.0304	0.588956227006975
20.0464	0.588769128551036
20.0624	0.58856612958752
20.0784	0.588346060567261
20.0944	0.588107809840238
20.1104	0.587850315219271
20.1264	0.587572540023103
20.1424	0.587273461584942
20.1584	0.586952081968462
20.1744	0.586607456377465
20.1904	0.586238758576854
20.2064	0.585845400065907
20.2224	0.58542717710607
20.2384	0.584984433746314
20.2544	0.584518217727066
20.2704	0.584030402458012
20.2864	0.583523738794938
20.3024	0.583001838631134
20.3184	0.582469065237717
20.3344	0.581930340663689
20.3504	0.581390906793203
20.3664	0.580856069267838
20.3824	0.580330931705703
20.3984	0.579820159007497
20.4144	0.579327816761065
20.4304	0.578857288736316
20.4464	0.578411231977412
20.4624	0.577991580658676
20.4784	0.577599589600993
20.4944	0.577235901936803
20.5104	0.576900616210935
20.5264	0.576593362302134
20.5424	0.576313371705737
20.5584	0.576059565161145
20.5744	0.575830673555586
20.5904	0.575625362853572
20.6064	0.575442327387549
20.6224	0.57528035122904
20.6384	0.575138340164926
20.6544	0.5750153205652
20.6704	0.574910403539732
20.6864	0.574822759693348
20.7024	0.574751619483663
20.7184	0.574696279415988
20.7344	0.574656104239381
20.7504	0.574630537271801
20.7664	0.574619061222521
20.7824	0.574621125283116
20.7984	0.574636061430169
20.8144	0.574663012512303
20.8304	0.574700841021155
20.8464	0.574748096931245
20.8624	0.574803030339865
20.8784	0.574863630361463
20.8944	0.574927671368698
20.9104	0.574992781605602
20.9264	0.575056499178572
20.9424	0.575116324121183
20.9584	0.575169751875478
20.9744	0.575214296763377
20.9904	0.575247508814158
21.0064	0.575267022354083
21.0224	0.575270602142325
21.0384	0.575256206016462
21.0544	0.575222012179836
21.0704	0.575166437176421
21.0864	0.575088158821401
21.1024	0.574986143659345
21.1184	0.574859659816724
21.1344	0.57470831895148
21.1504	0.574532130041987
21.1664	0.574331548406889
21.1824	0.57410754775708
21.1984	0.573861710942523
21.2144	0.573596278329518
21.2304	0.573314194508868
21.2464	0.573019116271496
21.2624	0.572715339364805
21.2784	0.572407679123913
21.2944	0.572101339027427
21.3104	0.571801716238781
21.3264	0.571514206525634
21.3424	0.571244053584323
21.3584	0.57099621304431
21.3744	0.570775229913664
21.3904	0.570585150577074
21.4064	0.570429440037074
21.4224	0.570310899109757
21.4384	0.570231623041309
21.4544	0.570192989255617
21.4704	0.57019567954147
21.4864	0.570239740132138
21.5024	0.570324633204905
21.5184	0.570449249694008
21.5344	0.570611885170223
21.5504	0.570810183079132
21.5664	0.571041081654812
21.5824	0.571300834244624
21.5984	0.571585095606451
21.6144	0.571889082329506
21.6304	0.572207754929963
21.6464	0.572535968880857
21.6624	0.572868539798904
21.6784	0.573200318492127
21.6944	0.573526238731546
21.7104	0.573841366433626
21.7264	0.574140973591255
21.7424	0.574420643271424
21.7584	0.574676308128375
21.7744	0.574904250535297
21.7904	0.575101022806734
21.8064	0.575263406811516
21.8224	0.575388419500229
21.8384	0.575473370712643
21.8544	0.575515922253373
21.8704	0.575514216044937
21.8864	0.575466975141623
21.9024	0.575373596649584
21.9184	0.575234229472841
21.9344	0.575049840657044
21.9504	0.574822236912951
21.9664	0.574554114850343
21.9824	0.574249083497151
21.9984	0.57391164167403
22.0144	0.573547189697706
22.0304	0.573162116746118
22.0464	0.572763850564215
22.0624	0.572360863461554
22.0784	0.571962634112637
22.0944	0.571579483026113
22.1104	0.571222268795623
22.1264	0.570902002535917
22.1424	0.570629455382772
22.1584	0.570414794827897
22.1744	0.570267307006475
22.1904	0.570195203647316
22.2064	0.570205462903388
22.2224	0.570303661825804
22.2384	0.570493772620637
22.2544	0.570777933867518
22.2704	0.571156267766895
22.2864	0.571626801002168
22.3024	0.572185495598305
22.3184	0.572826401403134
22.3344	0.573541901276215
22.3504	0.574322975231041
22.3664	0.575159450125454
22.3824	0.576040257322759
22.3984	0.576953702990693
22.4144	0.577887750625877
22.4304	0.578830348523184
22.4464	0.579769771750193
22.4624	0.58069496248082
22.4784	0.58159583440596
22.4944	0.582463510770964
22.5104	0.583290499685603
22.5264	0.584070831002151
22.5424	0.584800133701236
22.5584	0.585475635375246
22.5744	0.586096095468903
22.5904	0.586661676896313
22.6064	0.587173761596347
22.6224	0.587634735168308
22.6384	0.588047745721695
22.6544	0.588416464727032
22.6704	0.588744875148052
22.6864	0.589037091992793
22.7024	0.589297216968447
22.7184	0.589529241729537
22.7344	0.589736986492198
22.7504	0.589924049317545
22.7664	0.590093756369868
22.7824	0.590249114864179
22.7984	0.590392773312118
22.8144	0.590526984209419
22.8304	0.59065357105726
22.8464	0.590773908112851
22.8624	0.590888914238548
22.8784	0.590999054301307
22.8944	0.591104344140263
22.9104	0.591204365026016
22.9264	0.591298293730318
22.9424	0.591384952759995
22.9584	0.591462889544232
22.9744	0.591530486310631
22.9904	0.591586094635005
23.0064	0.591628179104191
23.0224	0.591655445024116
23.0384	0.591666926908658
23.0544	0.591662038627305
23.0704	0.591640602690887
23.0864	0.591602862591913
23.1024	0.591549477564655
23.1184	0.591481489046117
23.1344	0.591400249704549
23.1504	0.591307297669545
23.1664	0.591204184838062
23.1824	0.591092280019609
23.1984	0.590972571813637
23.2144	0.590845495968779
23.2304	0.590710803083994
23.2464	0.590567460657638
23.2624	0.590413601242005
23.2784	0.590246517264518
23.2944	0.590062704066554
23.3104	0.589857958717488
23.3264	0.58962754622948
23.3424	0.589366419090823
23.3584	0.589069478324859
23.3744	0.58873186330004
23.3904	0.588349241709466
23.4064	0.587918063779483
23.4224	0.587435768549966
23.4384	0.586900927147255
23.4544	0.586313314715966
23.4704	0.585673906878014
23.4864	0.5849848222162
23.5024	0.584249221356458
23.5184	0.583471190305175
23.5344	0.582655632419687
23.5504	0.581808179938093
23.5664	0.580935123983295
23.5824	0.58004335906918
23.5984	0.579140361163681
23.6144	0.578234180875199
23.6304	0.577333403948302
23.6464	0.576447081378561
23.6624	0.575584614202256
23.6784	0.574755594226147
23.6944	0.573969592747602
23.7104	0.573235941343
23.7264	0.572563539546195
23.7424	0.571960735355162
23.7584	0.571435260540625
23.7744	0.570994197086463
23.7904	0.570643946844143
23.8064	0.570390142339619
23.8224	0.570237434898289
23.8384	0.570189166865788
23.8544	0.570246963673043
23.8704	0.570410330170787
23.8864	0.570676343240407
23.9024	0.571039539253363
23.9184	0.571492087156884
23.9344	0.572024228567614
23.9504	0.572624877347039
23.9664	0.573282237854471
23.9824	0.573984303141771
23.9984	0.574719102286537
24.0144	0.575474693451739
24.0304	0.576239027108215
24.0464	0.576999833113334
24.0624	0.57774463050707
24.0784	0.578460938261557
24.0944	0.579136625153197
24.1104	0.57976034916328
24.1264	0.580322017355726
24.1424	0.580813164361089
24.1584	0.581227145537113
24.1744	0.581559127217417
24.1904	0.581805981786317
24.2064	0.581966023465782
24.2224	0.582038630729855
24.2384	0.582023944769631
24.2544	0.581922732181454
24.2704	0.581736314757961
24.2864	0.581466583394047
24.3024	0.581116070818851
24.3184	0.580688018446281
24.3344	0.58018643621935
24.3504	0.579616280460868
24.3664	0.578983698077806
24.3824	0.578296287639802
24.3984	0.577563383375676
24.4144	0.576796247022955
24.4304	0.576007996549137
24.4464	0.57521327306128
24.4624	0.574427752812639
24.4784	0.573667547050221
24.4944	0.572948604782511
24.5104	0.572286189381927
24.5264	0.57169446363406
24.5424	0.571186205418712
24.5584	0.570772650465798
24.5744	0.570463490010169
24.5904	0.570266969843175
24.6064	0.570189990558688
24.6224	0.570238114971801
24.6384	0.570415428447248
24.6544	0.570724244037109
24.6704	0.571164739464194
24.6864	0.571734623047305
24.7024	0.572428895920339
24.7184	0.573239775260305
24.7344	0.574156746228653
24.7504	0.57516670202952
24.7664	0.576254174834602
24.7824	0.57740168065925
24.7984	0.578590152754657
24.8144	0.579799520479071
24.8304	0.58100939814706
24.8464	0.582199799455736
24.8624	0.583351764310251
24.8784	0.584447908375694
24.8944	0.585472930724791
24.9104	0.586414156161112
24.9264	0.587262165545425
24.9424	0.588011544199162
24.9584	0.588661698025192
24.9744	0.589217629743757
24.9904	0.589690539383128
25.0064	0.590098125211341
25.0224	0.590464511818482
25.0384	0.59081982970207
25.0544	0.591199502480862
25.0704	0.591643315492149
25.0864	0.592194321097452
25.1024	0.592897604034107
25.1184	0.59379887546163
25.1344	0.594942877748196
25.1504	0.596371637865019
25.1664	0.598122650333977
25.1824	0.600227141330265
25.1984	0.602708615268796
25.2144	0.605581787076858
25.2304	0.608851850731924
25.2464	0.612514122315361
25.2624	0.616553966432093
25.2784	0.620946745808482
25.2944	0.625657831348633
25.3104	0.630642827283481
25.3264	0.635847832735976
25.3424	0.641210049766897
25.3584	0.646658961507342
25.3744	0.652117980236227
25.3904	0.657506270215066
25.4064	0.662741029873672
25.4224	0.667739572975876
25.4384	0.672420979870708
25.4544	0.676707659231795
25.4704	0.680527230822321
25.4864	0.683814433395668
25.5024	0.686513474184437
25.5184	0.688580625787694
25.5344	0.689986407920173
25.5504	0.690717053385868
25.5664	0.690775240092279
25.5824	0.690179147773847
25.5984	0.688960234244149
25.6144	0.687160291182437
25.6304	0.684828296592428
25.6464	0.682017309712506
25.6624	0.67878236058209
25.6784	0.675179342921837
25.6944	0.671264506481975
25.7104	0.667094268197587
25.7264	0.662725138010671
25.7424	0.658213352671737
25.7584	0.653614305760129
25.7744	0.64898185161033
25.7904	0.644367476061319
25.8064	0.639819436321886
25.8224	0.635381953439378
25.8384	0.631094364320575
25.8544	0.626990300236486
25.8704	0.623097132892923
25.8864	0.619435778778637
25.9024	0.616020962662674
25.9184	0.612861883085799
25.9344	0.609963002065882
25.9504	0.607324708226713
25.9664	0.604943835360302
25.9824	0.602814012010469
25.9984	0.600925898361169
26.0144	0.599267455843744
26.0304	0.597824250133698
26.0464	0.59657983169231
26.0624	0.595516265829104
26.0784	0.594614719600514
26.0944	0.593855978938279
26.1104	0.593220940831799
26.1264	0.592691080386231
26.1424	0.592248833586069
26.1584	0.591877880039874
26.1744	0.591563346402921
26.1904	0.591291906642056
26.2064	0.591051794146466
26.2224	0.590832755722175
26.2384	0.590625973387631
26.2544	0.590423974188781
26.2704	0.590220557291275
26.2864	0.590010734508013
26.3024	0.589790668368579
26.3184	0.589557591877167
26.3344	0.589309703808794
26.3504	0.58904602414944
26.3664	0.588766206881246
26.3824	0.58847031800974
26.3984	0.588158615987396
26.4144	0.587831382559955
26.4304	0.587488837850884
26.4464	0.587131138175081
26.4624	0.586758465265376
26.4784	0.586371156246358
26.4944	0.585969823133695
26.5104	0.585555438798565
26.5264	0.585129392890039
26.5424	0.584693500826688
26.5584	0.584249994102777
26.5744	0.583801502920025
26.5904	0.583350994575838
26.6064	0.582901689997044
26.6224	0.582456973008988
26.6384	0.582020276445832
26.6544	0.581594984455577
26.6704	0.58118439512441
26.6864	0.58079170842089
26.7024	0.580420016040392
26.7184	0.580072317983863
26.7344	0.57975153252363
26.7504	0.579460451598266
26.7664	0.579201688213459
26.7824	0.578977605010081
26.7984	0.578790229959338
26.8144	0.578641175428089
26.8304	0.578531582880544
26.8464	0.578462045923231
26.8624	0.578432559734551
26.8784	0.578442553113192
26.8944	0.578490972666415
26.9104	0.578576398340971
26.9264	0.578697200058116
26.9424	0.578851676630435
26.9584	0.579038120564434
26.9744	0.579254812682251
26.9904	0.57949996934795
27.0064	0.579771646179978
27.0224	0.580067671802766
27.0384	0.580385652976929
27.0544	0.580723026911429
27.0704	0.581077149316457
27.0864	0.581445395975678
27.1024	0.581825245798285
27.1184	0.582214330382698
27.1344	0.582610466152943
27.1504	0.583011674714044
27.1664	0.583416225158487
27.1824	0.583822686446069
27.1984	0.584229951575594
27.2144	0.584637208219561
27.2304	0.585043859324372
27.2464	0.585449382573074
27.2624	0.585853175251358
27.2784	0.586254380700339
27.2944	0.586651754295559
27.3104	0.58704361396839
27.3264	0.587427872538655
27.3424	0.587802130644178
27.3584	0.588163850879084
27.3744	0.588510575438107
27.3904	0.588840164836796
27.4064	0.58915106606878
27.4224	0.589442604989017
27.4384	0.589715265996375
27.4544	0.5899709666501
27.4704	0.59021331441491
27.4864	0.590447827055925
27.5024	0.590682111546613
27.5184	0.590926016068693
27.5344	0.591191743523524
27.5504	0.591493923372354
27.5664	0.591849632331787
27.5824	0.592278342944155
27.5984	0.592801781848181
27.6144	0.593443717420342
27.6304	0.594229703578975
27.6464	0.595186795975621
27.6624	0.596343232995565
27.6784	0.59772809613375
27.6944	0.599370871576554
27.7104	0.601300813702977
27.7264	0.603545992951581
27.7424	0.606131973199894
27.7584	0.609080070429656
27.7744	0.612405446019693
27.7904	0.61611523379355
27.8064	0.620207051363764
27.8224	0.624668384865373
27.8384	0.629477019661266
27.8544	0.634602205754021
27.8704	0.640006383934832
27.8864	0.645646942221617
27.9024	0.651477550026613
27.9184	0.657448826395211
27.9344	0.663508426524686
27.9504	0.669600473257191
27.9664	0.675664886091681
27.9824	0.681636934665846
27.9984	0.687447005342534
28.0144	0.693020987035027
28.0304	0.698281434298195
28.0464	0.703149094479812
28.0624	0.707544831027946
28.0784	0.711392295668276
28.0944	0.71462093134096
28.1104	0.717169305730721
28.1264	0.718988892867912
28.1424	0.720047734349379
28.1584	0.720333127509747
28.1744	0.719853015444841
28.1904	0.718635682467266
28.2064	0.716727375269244
28.2224	0.71418807003235
28.2384	0.711086680673191
28.2544	0.707496477601694
28.2704	0.703491236237625
28.2864	0.699142797711517
28.3024	0.694519906928917
28.3184	0.68968760761544
28.3344	0.684706978749915
28.3504	0.679635024066926
28.3664	0.674524592709417
28.3824	0.669424229386578
28.3984	0.664378245233053
28.4144	0.659426573293473
28.4304	0.65460440959086
28.4464	0.649941819044386
28.4624	0.645463344096527
28.4784	0.641187701569493
28.4944	0.637127879129281
28.5104	0.633291607353755
28.5264	0.629682048071629
28.5424	0.626298539084246
28.5584	0.623137282228271
28.5744	0.620191846557645
28.5904	0.617453643014642
28.6064	0.614912467481673
28.6224	0.612557142362363
28.6384	0.610376289028864
28.6544	0.835958698949293
28.6704	0.831567848379921
28.6864	0.827363998824028
28.7024	0.823344755225444
28.7184	0.819510217786624
28.7344	0.815862094165306
28.7504	0.812402668011382
28.7664	0.809133950062206
28.7824	0.80605703392567
28.7984	0.803171765442217
28.8144	0.800476687784355
28.8304	0.797969034694264
28.8464	0.795644767932396
28.8624	0.793498697811758
28.8784	0.791524604465218
28.8944	0.789715318028891
28.9104	0.788062868716944
28.9264	0.786558687264895
28.9424	0.785193853479869
28.9584	0.783959408060683
28.9744	0.78284659309241
28.9904	0.781847019774803
29.0064	0.780952804081155
29.0224	0.780156652301644
29.0384	0.779451850717829
29.0544	0.778832223682103
29.0704	0.778292102151704
29.0864	0.777826289664334
29.1024	0.777430002007231
29.1184	0.777098801892018
29.1344	0.776828541842116
29.1504	0.776615354693833
29.1664	0.776455697466249
29.1824	0.776346437493851
29.1984	0.776284942100064
29.2144	0.776269159352767
29.2304	0.776297665273988
29.2464	0.776369675904123
29.2624	0.776485052572712
29.2784	0.776644324462703
29.2944	0.77684871221304
29.3104	0.777100121535428
29.3264	0.777401096835598
29.3424	0.777754700573803
29.3584	0.778164309905792
29.3744	0.778633350321451
29.3904	0.779165041058357
29.4064	0.779762206399612
29.4224	0.780427199504297
29.4384	0.781161914575316
29.4544	0.78196788289396
29.4704	0.782846380151236
29.4864	0.783798520774711
29.5024	0.784825271986024
29.5184	0.78592741097358
29.5344	0.787105422087899
29.5504	0.788359384146679
29.5664	0.789688812547238
29.5824	0.791092459084728
29.5984	0.792568093087995
29.6144	0.794112333303405
29.6304	0.795720531159885
29.6464	0.797386740930923
29.6624	0.799103825260568
29.6784	0.800863745302701
29.6944	0.802657968474429
29.7104	0.804477896293713
29.7264	0.806315183809525
29.7424	0.808161959607206
29.7584	0.810010890213638
29.7744	0.811855099637802
29.7904	0.813688023704712
29.8064	0.815503243656233
29.8224	0.817294280265623
29.8384	0.819054493943954
29.8544	0.820777143876805
29.8704	0.822455486233187
29.8864	0.824082937783347
29.9024	0.825653389110178
29.9184	0.827161510309034
29.9344	0.828602995500807
29.9504	0.829974816876851
29.9664	0.831275451071045
29.9824	0.832504912524007
29.9984	0.833664641905754
30.0144	0.834757244818304
30.0304	0.835786018031166
30.0464	0.836754378965933
30.0624	0.837665334605811
30.0784	0.838520999671621
30.0944	0.839322230267628
30.1104	0.840068457626961
30.1264	0.840757708180393
30.1424	0.841386752634486
30.1584	0.841951405414884
30.1744	0.84244694995923
30.1904	0.842868674381306
30.2064	0.843212453934916
30.2224	0.843475317506668
30.2384	0.843655879357405
30.2544	0.843754512024015
30.2704	0.843773171407078
30.2864	0.84371505359382
30.3024	0.843584206901328
30.3184	0.843385187377228
30.3344	0.843122831353211
30.3504	0.842802219379186
30.3664	0.842428665799238
30.3824	0.842007675793552
30.3984	0.841544855887763
30.4144	0.8410457078551
30.4304	0.840515396158407
30.4464	0.839958646311816
30.4624	0.839379770909199
30.4784	0.838782772160377
30.4944	0.838171576439846
30.5104	0.837550249994729
30.5264	0.836923018226608
30.5424	0.836294116697585
30.5584	0.835667535166065
30.5744	0.835046632280855
30.5904	0.834433823750112
30.6064	0.833830411167428
30.6224	0.83323656151701
30.6384	0.832651417794684
30.6544	0.832073397414122
30.6704	0.831500512313474
30.6864	0.830930606544291
30.7024	0.83036147818907
30.7184	0.829790876160272
30.7344	0.829216366526571
30.7504	0.828635168678909
30.7664	0.828044044981064
30.7824	0.827439299975721
30.7984	0.826816928446346
30.8144	0.826172888570289
30.8304	0.825503479186759
30.8464	0.824805745503978
30.8624	0.824077789923093
30.8784	0.823318951125016
30.8944	0.822529881856275
30.9104	0.821712451660881
30.9264	0.820869524770222
30.9424	0.820004695364803
30.9584	0.819121978203603
30.9744	0.818225422927993
30.9904	0.817318791058502
31.0064	0.81640533197101
31.0224	0.815487629685512
31.0384	0.814567549918523
31.0544	0.813646329785966
31.0704	0.812724678053685
31.0864	0.811802940788168
31.1024	0.810881331391242
31.1184	0.809960128983663
31.1344	0.809039826532144
31.1504	0.808121266485658
31.1664	0.807205682152963
31.1824	0.806294664473961
31.1984	0.805390095037788
31.2144	0.804494060800844
31.2304	0.803608773071831
31.2464	0.802736565688226
31.2624	0.801879931052381
31.2784	0.801041554328558
31.2944	0.800224334387275
31.3104	0.799431365988157
31.3264	0.798665817401629
31.3424	0.797930779802885
31.3584	0.797229184511123
31.3744	0.796563788802958
31.3904	0.795937241312524
31.4064	0.795352207212693
31.4224	0.794811480465375
31.4384	0.794318024030316
31.4544	0.793874941566814
31.4704	0.793485360785143
31.4864	0.793152247052271
31.5024	0.792878210341472
31.5184	0.792665356442312
31.5344	0.792515180445934
31.5504	0.792428534634043
31.5664	0.792405679803396
31.5824	0.792446357793176
31.5984	0.792549886915252
31.6144	0.792715271431961
31.6304	0.792941248260258
31.6464	0.793226287017044
31.6624	0.793568558388914
31.6784	0.793965864181461
31.6944	0.794415592798829
31.7104	0.79491474850826
31.7264	0.795460046277993
31.7424	0.796048071997633
31.7584	0.796675473100509
31.7744	0.797339126185785
31.7904	0.798036287837201
31.8064	0.798764713225212
31.8224	0.799522702768856
31.8384	0.800309108691513
31.8544	0.801123328858198
31.8704	0.801965289742279
31.8864	0.802835400876019
31.9024	0.80373452296857
31.9184	0.804663892516308
31.9344	0.805625030838351
31.9504	0.806619682264499
31.9664	0.807649755705024
31.9824	0.808717274868615
31.9984	0.809824364881964
32.0144	0.81097321240277
32.0304	0.812166006322249
32.0464	0.813404866869925
32.0624	0.814691800523137
32.0784	0.816028686090442
32.0944	0.81741727290059
32.1104	0.818859139501656
32.1264	0.820355659219063
32.1424	0.821907983794551
32.1584	0.823517017651289
32.1744	0.825183362893279
32.1904	0.826907291936765
32.2064	0.828688685118829
32.2224	0.830526972399385
32.2384	0.832421090412831
32.2544	0.834369385074337
32.2704	0.836369407931299
32.2864	0.838417785304314
32.3024	0.840510151970195
32.3184	0.842641096115409
32.3344	0.84480420843976
32.3504	0.846992230643368
32.3664	0.849197139363918
32.3824	0.851410226898823
32.3984	0.85362226101522
32.4144	0.855823649226688
32.4304	0.858004657744276
32.4464	0.860155765734783
32.4624	0.862267928038579
32.4784	0.864332642443864
32.4944	0.866341924163345
32.5104	0.868288078814876
32.5264	0.870163350488374
32.5424	0.871959637417744
32.5584	0.873668375125908
32.5744	0.875280583514849
32.5904	0.876787198355645
32.6064	0.878179495850956
32.6224	0.87944938058101
32.6384	0.880589625051707
32.6544	0.881594073847884
32.6704	0.88245776156454
32.6864	0.883177058321403
32.7024	0.883749840649729
32.7184	0.884175533121395
32.7344	0.884455021712531
32.7504	0.884590649139538
32.7664	0.884586176176901
32.7824	0.884446744241894
32.7984	0.884179021299309
32.8144	0.88379153459106
32.8304	0.883294831459411
32.8464	0.882701402977842
32.8624	0.882025393314931
32.8784	0.881281903348915
32.8944	0.880485879869573
32.9104	0.879651211686026
32.9264	0.878790061398929
32.9424	0.87791247542541
32.9584	0.877026472182491
32.9744	0.876138532327863
32.9904	0.875253910566995
33.0064	0.87437683782394
33.0224	0.873510679301317
33.0384	0.872657875533859
33.0544	0.871819775144955
33.0704	0.870996753946054
33.0864	0.870188460661895
33.1024	0.869394065176214
33.1184	0.868612504069931
33.1344	0.867842645345741
33.1504	0.867083196126933
33.1664	0.866332506376034
33.1824	0.865588382540283
33.1984	0.86484800322126
33.2144	0.864108079707139
33.2304	0.863365240006802
33.2464	0.862616444682045
33.2624	0.861859349686705
33.2784	0.861092549554554
33.2944	0.860315715802612
33.3104	0.859529536257574
33.3264	0.858735609465944
33.3424	0.857936359049761
33.3584	0.857135017103792
33.3744	0.856335559181856
33.3904	0.855542589041624
33.4064	0.854761134798403
33.4224	0.853996414893748
33.4384	0.853253583619294
33.4544	0.852537466986837
33.4704	0.851852242540032
33.4864	0.851201265602286
33.5024	0.850587075765853
33.5184	0.85001150051106
33.5344	0.849475844187028
33.5504	0.848981221745367
33.5664	0.848528854251596
33.5824	0.84812016157205
33.5984	0.847756667446445
33.6144	0.84743967380488
33.6304	0.847169738787178
33.6464	0.846946201781163
33.6624	0.846766919891627
33.6784	0.8466281973741
33.6944	0.846525017276763
33.7104	0.846451560346457
33.7264	0.846401749735252
33.7424	0.84636971672222
33.7584	0.846350221185562
33.7744	0.846338915847889
33.7904	0.846332444104588
33.8064	0.846328474163871
33.8224	0.846325675494564
33.8384	0.846323672261724
33.8544	0.846323068601036
33.8704	0.846325511949969
33.8864	0.846333677578654
33.9024	0.846351193431234
33.9184	0.846382446345958
33.9344	0.846432178832403
33.9504	0.846504889715712
33.9664	0.846604267530269
33.9824	0.846732705141589
33.9984	0.846891048034779
34.0144	0.847078630770723
34.0304	0.847293625192338
34.0464	0.847533502685279
34.0624	0.847795475902055
34.0784	0.848076723406114
34.0944	0.848374405663153
34.1104	0.848685507014787
34.1264	0.84900667072298
34.1424	0.849334033730033
34.1584	0.849663200976108
34.1744	0.849989325270831
34.1904	0.850307284268572
34.2064	0.850611803125707
34.2224	0.850897502180471
34.2384	0.851158818821551
34.2544	0.851389968595884
34.2704	0.851584984912117
34.2864	0.851737843359727
34.3024	0.851842795089761
34.3184	0.851894876622156
34.3344	0.85189039933436
34.3504	0.851827342113991
34.3664	0.851705670293883
34.3824	0.851527454941648
34.3984	0.851296782187424
34.4144	0.851019521547583
34.4304	0.850702939774054
34.4464	0.850355141401034
34.4624	0.849984517149478
34.4784	0.849599258632582
34.4944	0.849206930310698
34.5104	0.848814229237997
34.5264	0.848426969773653
34.5424	0.848050125773669
34.5584	0.847687850380344
34.5744	0.847343491778508
34.5904	0.847019538126998
34.6064	0.846717484732119
34.6224	0.846437673982708
34.6384	0.846179243440959
34.6544	0.845940198701681
34.6704	0.845717695203609
34.6864	0.845508462474362
34.7024	0.845309304463472
34.7184	0.84511753134519
34.7344	0.844931279294178
34.7504	0.844749636313521
34.7664	0.844572544910585
34.7824	0.844400500609856
34.7984	0.844234179924777
34.8144	0.844074143055538
34.8304	0.843920621349296
34.8464	0.843773471706813
34.8624	0.84363237130504
34.8784	0.843497128042758
34.8944	0.84336797947058
34.9104	0.843245871880425
34.9264	0.843132634678826
34.9424	0.8430309417798
34.9584	0.84294419984778
34.9744	0.842876388678876
34.9904	0.842831733110055
35.0064	0.842814308276838
35.0224	0.842827742839182
35.0384	0.842874942092918
35.0544	0.842957855399225
35.0704	0.843077390693869
35.0864	0.843233428406288
35.1024	0.843424855442331
35.1184	0.843649670756852
35.1344	0.84390502221458
35.1504	0.84418710818454
35.1664	0.844491083907714
35.1824	0.844811049759139
35.1984	0.845140137105611
35.2144	0.845470765048963
35.2304	0.845795120656971
35.2464	0.84610573613624
35.2624	0.846396034365858
35.2784	0.846660718381189
35.2944	0.846895943417044
35.3104	0.847099227146673
35.3264	0.847269197473588
35.3424	0.847405244417983
35.3584	0.847507188045602
35.3744	0.847574993478306
35.3904	0.847608629963711
35.4064	0.847608044024538
35.4224	0.847573214487651
35.4384	0.847504255926156
35.4544	0.847401564743267
35.4704	0.847265925865871
35.4864	0.847098532749948
35.5024	0.846900961757351
35.5184	0.846675050300687
35.5344	0.846422753371021
35.5504	0.846146054570278
35.5664	0.84584698546182
35.5824	0.845527699993104
35.5984	0.845190631823099
35.6144	0.844838651424885
35.6304	0.844475157481336
35.6464	0.844104027216085
35.6624	0.843729458809369
35.6784	0.843355715083211
35.6944	0.842986843459014
35.7104	0.842626429042811
35.7264	0.842277384166538
35.7424	0.841941833817019
35.7584	0.841621132598172
35.7744	0.841316009513976
35.7904	0.841026831555235
35.8064	0.840753963544214
35.8224	0.840498099897937
35.8384	0.840260513113959
35.8544	0.840043138348152
35.8704	0.839848470124062
35.8864	0.839679301295204
35.9024	0.83953844064648
35.9184	0.83942845541919
35.9344	0.839351551160741
35.9504	0.839309649535414
35.9664	0.839304607238022
35.9824	0.839338427886149
35.9984	0.839413435599846
36.0144	0.839532291329773
36.0304	0.839697842513951
36.0464	0.839912862447667
36.0624	0.840179747385585
36.0784	0.840500194611367
36.0944	0.840875013024105
36.1104	0.841304120530557
36.1264	0.841786686864134
36.1424	0.842321404549741
36.1584	0.842906807833737
36.1744	0.843541528377488
36.1904	0.844224447145296
36.2064	0.844954711058227
36.2224	0.845731653200501
36.2384	0.846554748462824
36.2544	0.84742371971892
36.2704	0.848338707171392
36.2864	0.849300512108881
36.3024	0.850310860985564
36.3184	0.851743449615226
36.3344	0.85332430824481
36.3504	0.855046542388033
36.3664	0.856892360758431
36.3824	0.858838714300321
36.3984	0.860860872943602
36.4144	0.862934518381619
36.4304	0.865036844040409
36.4464	0.86714702854035
36.4624	0.869246343161988
36.4784	0.871318073267817
36.4944	0.873347355436545
36.5104	0.875320984933738
36.5264	0.877227225193559
36.5424	0.879055637262004
36.5584	0.880796931044143
36.5744	0.882442847075064
36.5904	0.883986068630596
36.6064	0.885420158917645
36.6224	0.886739516379629
36.6384	0.887939343482779
36.6544	0.889015621414762
36.6704	0.889965084846187
36.6864	0.890785193306806
36.7024	0.891474096664011
36.7184	0.892030603042189
36.7344	0.892454148786895
36.7504	0.892744774476929
36.7664	0.892903110436754
36.7824	0.892930371700453
36.7984	0.892828351080825
36.8144	0.892599406857277
36.8304	0.892246438685122
36.8464	0.891772845699288
36.8624	0.891182474535798
36.8784	0.890479564008542
36.8944	0.889668682199419
36.9104	0.888754663427823
36.9264	0.887742554452389
36.9424	0.886637564976132
36.9584	0.885445018361894
36.9744	0.884170305379522
36.9904	0.882818838632682
37.0064	0.881396007097051
37.0224	0.87990713652067
37.0384	0.878357454034825
37.0544	0.876752056053599
37.0704	0.875095882288607
37.0864	0.873393694475675
37.1024	0.87165005727964
37.1184	0.86986932214977
37.1344	0.868055614783467
37.1504	0.866212823205098
37.1664	0.864344586220485
37.1824	0.862454281352866
37.1984	0.860545012534287
37.2144	0.85861959740828
37.2304	0.85668055558258
37.2464	0.854730098076404
37.2624	0.85277011951119
37.2784	0.850802193059986
37.2944	0.848827569527616
37.3104	0.846847181240532
37.3264	0.844861650460642
37.3424	0.842871301968218
37.3584	0.84087617969802
37.3744	0.838876066755601
37.3904	0.83687050775834
37.4064	0.834858834177302
37.4224	0.832840192118939
37.4384	0.830813573772057
37.4544	0.828777853370548
37.4704	0.82673183001692
37.4864	0.824674277298991
37.5024	0.822604000382013
37.5184	0.820519900490075
37.5344	0.818421047527314
37.5504	0.816306760329303
37.5664	0.814176695675803
37.5824	0.812030946495367
37.5984	0.809870150454868
37.6144	0.807695609497562
37.6304	0.805509421453353
37.6464	0.803314624794369
37.6624	0.801115357407662
37.6784	0.798917030822901
37.6944	0.796726521313596
37.7104	0.794552378695487
37.7264	0.79240505341364
37.7424	0.790297142856664
37.7584	0.788243657038409
37.7744	0.786262304057809
37.7904	0.784373796508456
37.8064	0.782602181428318
37.8224	0.780975196256458
37.8384	0.779524654063566
37.8544	0.778286860818968
37.8704	0.777303066161702
37.8864	0.776619948229461
37.9024	0.776290133547144
37.9184	0.776372752827443
37.9344	0.776934035114424
37.9504	0.778047944056405
37.9664	0.779796860775329
37.9824	0.782272316981635
37.9984	0.785575779645855
38.0144	0.789819487517976
38.0304	0.795127339691364
38.0464	0.801635836364108
38.0624	0.809495075963634
38.0784	0.818869812322363
38.0944	0.829940576317798
38.1104	0.84290487281964
38.1264	0.857978457760312
38.1424	0.875396686454019
38.1584	0.895415925746656
38.1744	0.918315030459071
38.1904	0.944396859137315
38.2064	0.973989812606257
