0.0144	0.0941666223859841
0.0304	0.0933138507963633
0.0464	0.0924325351428195
0.0624	0.0915230291668934
0.0784	0.090585760842913
0.0944	0.0896212054894647
0.1104	0.0886298643241901
0.1264	0.0876122507609409
0.1424	0.0865688884323106
0.1584	0.0855003163678987
0.1744	0.0844070975799411
0.1904	0.0832898264693824
0.2064	0.0821491309884266
0.2224	0.0809856739889767
0.2384	0.0798001554634027
0.2544	0.0785933140466852
0.2704	0.077365931623973
0.2864	0.0761188450888142
0.3024	0.074852956070032
0.3184	0.0735692376481722
0.3344	0.0722687378988383
0.3504	0.0709525769883896
0.3664	0.0696219370992992
0.3824	0.0682780535629774
0.3984	0.0669222062111032
0.4144	0.0655557124933637
0.4304	0.0641799270993886
0.4464	0.0627962471248509
0.4624	0.0614061147878431
0.4784	0.0600110237036517
0.4944	0.0586125268205535
0.5104	0.0572122384402576
0.5264	0.0558118309823215
0.5424	0.0544130361139707
0.5584	0.0530176417502446
0.5744	0.0516274864208128
0.5904	0.0502444559040498
0.6064	0.0488704806458884
0.6224	0.0475075279157124
0.6384	0.0461575945917332
0.6544	0.0448227016450744
0.6704	0.0435048893938017
0.6864	0.0422062165147565
0.7024	0.0409287645715324
0.7184	0.0396746424860055
0.7344	0.0384459922541112
0.7504	0.0372449943314734
0.7664	0.0360738697285967
0.7824	0.0349348787587758
0.7984	0.0338303203083967
0.8144	0.0327625282764927
0.8304	0.0317338641956155
0.8464	0.0307467052031427
0.8624	0.0298034263551301
0.8784	0.0289063763778188
0.8944	0.028057848778559
0.9104	0.0272600552176812
0.9264	0.0265151028520734
0.9424	0.0258249769993597
0.9584	0.0251915330589156
0.9744	0.0246164948160015
0.9904	0.0241014539518858
1.0064	0.0236478695576068
1.0224	0.0232570657612143
1.0384	0.0229302195243974
1.0544	0.0226683394165264
1.0704	0.0224722427898598
1.0864	0.022342530137081
1.1024	0.0222795620123009
1.1184	0.0222834509127381
1.1344	0.0223540734752135
1.1504	0.0224910958340558
1.1664	0.0226940118832601
1.1824	0.0229621865217666
1.1984	0.0232948864682783
1.2144	0.0236912919231429
1.2304	0.0241504955826315
1.2464	0.0246714893817455
1.2624	0.0252531433319234
1.2784	0.0258941842987781
1.2944	0.0265931891470075
1.3104	0.0273485850475197
1.3264	0.028158648362961
1.3424	0.0290214982721011
1.3584	0.0299350874049935
1.3744	0.0308971916237226
1.3904	0.0319054024472791
1.4064	0.0329571250063907
1.4224	0.0340495902824784
1.4384	0.035179878870423
1.4544	0.0363449434970278
1.4704	0.0375416229867653
1.4864	0.0387666515321996
1.5024	0.0400166451082953
1.5184	0.0412880687725021
1.5344	0.0425771977936336
1.5504	0.0438800863795734
1.5664	0.0451925481474689
1.5824	0.0465101685423122
1.5984	0.0478283472428132
1.6144	0.0491423611173616
1.6304	0.0504474387803668
1.6464	0.0517388360002826
1.6624	0.0530118913332274
1.6784	0.0542620726206167
1.6944	0.0554850217170895
1.7104	0.0566766088887505
1.7264	0.0578330040948742
1.7424	0.0589507853457292
1.7584	0.0600270835190884
1.7744	0.0610597675307361
1.7904	0.0620476591458612
1.8064	0.0629907707646282
1.8224	0.0638905581981533
1.8384	0.0647501264599271
1.8544	0.0655742472766008
1.8704	0.0663689566061123
1.8864	0.0671403617406838
1.9024	0.0678920892629264
1.9184	0.0686206032313237
1.9344	0.0725271517517569
1.9504	0.0763079923382008
1.9664	0.0799300396310798
1.9824	0.0833668325385872
1.9984	0.0865976894779408
2.0144	0.089606871584607
2.0304	0.0923828253200156
2.0464	0.0949175486319689
2.0624	0.0972060296241182
2.0784	0.0992457439136558
2.0944	0.101036150903866
2.1104	0.102578204444825
2.1264	0.103874093868143
2.1424	0.104927222527323
2.1584	0.105742333740665
2.1744	0.106325721683589
2.1904	0.106685435585263
2.2064	0.106831318559472
2.2224	0.106774931767717
2.2384	0.106529449969713
2.2544	0.106109616010741
2.2704	0.105531810255997
2.2864	0.104814173294045
2.3024	0.103976667090052
2.3184	0.103041009881878
2.3344	0.102030450114768
2.3504	0.100969345742243
2.3664	0.0998826709951857
2.3824	0.0987954466727672
2.3984	0.0977320901637597
2.4144	0.0967156935555806
2.4304	0.0957672652268968
2.4464	0.0949048928207787
2.4624	0.0941430026176988
2.4784	0.0934918232905204
2.4944	0.0929571159432783
2.5104	0.0925402107805269
2.5264	0.0922383499355703
2.5424	0.0920452201631008
2.5584	0.0919515846063916
2.5744	0.0919459523148873
2.5904	0.0920152472536131
2.6064	0.0921454570302842
2.6224	0.0923222404593673
2.6384	0.0925314727545867
2.6544	0.0927597132164522
2.6704	0.0929945775345971
2.6864	0.0932250192314825
2.7024	0.0934415594463474
2.7184	0.0936364731037713
2.7344	0.0938039255153456
2.7504	0.0939400347043886
2.7664	0.0940428354982998
2.7824	0.0941120778981315
2.7984	0.0941488806899144
2.8144	0.0941553271321993
2.8304	0.0941340624415545
2.8464	0.0940879379990349
2.8624	0.0940198181820335
2.8784	0.0939325210710251
2.8944	0.0938288282756332
2.9104	0.0937115369326023
2.9264	0.093583524206025
2.9424	0.0934477275585834
2.9584	0.0933070692214244
2.9744	0.0931643669709104
2.9904	0.0930222336263853
3.0064	0.0928829968127332
3.0224	0.0927486823697166
3.0384	0.0926210247543224
3.0544	0.0925014855151005
3.0704	0.0923912831920291
3.0864	0.0922914204609526
3.1024	0.0922027022524219
3.1184	0.0921257727464138
3.1344	0.092061178584828
3.1504	0.0920094518276358
3.1664	0.0919712018229859
3.1824	0.0919471969073413
3.1984	0.0919384160664833
3.2144	0.0919460497082412
3.2304	0.0919714470394695
3.2464	0.0920160263657692
3.2624	0.092081174490005
3.2784	0.0921681603498712
3.2944	0.0922780776408274
3.3104	0.0924118217435819
3.3264	0.0925700905781071
3.3424	0.0927533849036593
3.3584	0.0929620020536106
3.3744	0.0931960297851049
3.3904	0.0934553291724853
3.4064	0.0937395322340819
3.4224	0.0940480839088025
3.4384	0.0943803263386656
3.4544	0.0947355967902297
3.4704	0.0951133332678467
3.4864	0.0955131496891966
3.5024	0.0959348485559133
3.5184	0.0963783696489884
3.5344	0.0968436747821499
3.5504	0.0973306138271539
3.5664	0.0978388058530584
3.5824	0.0983675384443643
3.5984	0.0989157005160735
3.6144	0.0994817360667923
3.6304	0.100063565765851
3.6464	0.100658485521336
3.6624	0.101263056809586
3.6784	0.101872991028614
3.6944	0.102483088457831
3.7104	0.103087260201193
3.7264	0.103678546783925
3.7424	0.104249106939022
3.7584	0.104790195147444
3.7744	0.105292129693311
3.7904	0.105744261488468
3.8064	0.106135012016608
3.8224	0.106451986284952
3.8384	0.106682129865504
3.8544	0.106811888638589
3.8704	0.106827339477462
3.8864	0.106714313560843
3.9024	0.106458582558474
3.9184	0.106046185568374
3.9344	0.105463922725022
3.9504	0.104699985712642
3.9664	0.103744681562461
3.9824	0.102591191466303
3.9984	0.1012362608665
4.0144	0.0996808257243345
4.0304	0.0979305693465733
4.0464	0.0959963279521787
4.0624	0.0938942964358205
4.0784	0.0916461047406472
4.0944	0.0892787177242269
4.1104	0.0868241157579916
4.1264	0.0843188914926998
4.1424	0.0818036574098926
4.1584	0.0793221574215579
4.1744	0.0769200855839074
4.1904	0.074643589266401
4.2064	0.0725374406623871
4.2224	0.0706432915137327
4.2384	0.0689981727466886
4.2544	0.0676332484567013
4.2704	0.0665728034698816
4.2864	0.0658335384014492
4.3024	0.0654238997106233
4.3184	0.0653436766339439
4.3344	0.0655840473728233
4.3504	0.0661281748564022
4.3664	0.0669521540618518
4.3824	0.0680265795789694
4.3984	0.069318494773853
4.4144	0.0707933422013696
4.4304	0.0724167060504044
4.4464	0.0741557060875664
4.4624	0.0759795855123286
4.4784	0.0778598273955424
4.4944	0.0797701385360767
4.5104	0.0816861876657811
4.5264	0.0835851638419456
4.5424	0.0854457414493766
4.5584	0.0872483827658641
4.5744	0.08897572356355
4.5904	0.0906130011173047
4.6064	0.0921484827530037
4.6224	0.0935736878007276
4.6384	0.0948833815993737
4.6544	0.0960753768348184
4.6704	0.0971502088094951
4.6864	0.0981106882035476
4.7024	0.0989613839783772
4.7184	0.0997080304116764
4.7344	0.100356922963357
4.7504	0.100914433830013
4.7664	0.10138670307677
4.7824	0.101779455874549
4.7984	0.102097854891127
4.8144	0.102346425611159
4.8304	0.102529016861325
4.8464	0.102648760452695
4.8624	0.102707996633541
4.8784	0.102708182400221
4.8944	0.102649828154227
4.9104	0.102532522877397
4.9264	0.102355017777569
4.9424	0.102115342154804
4.9584	0.101810958672132
4.9744	0.101438896841074
4.9904	0.100995837747092
5.0064	0.100478194563976
5.0224	0.0998821976663464
5.0384	0.0992040158184579
5.0544	0.0984400056105699
5.0704	0.0975871157127983
5.0864	0.0966434178577913
5.1024	0.0956087029709067
5.1184	0.0944850986635686
5.1344	0.0932775622510746
5.1504	0.0919941951970316
5.1664	0.0906462012106033
5.1824	0.0892474720010625
5.1984	0.0878138519357492
5.2144	0.086362209463033
5.2304	0.0849093647864549
5.2464	0.083471106013377
5.2624	0.0820615676216505
5.2784	0.0806931176366845
5.2944	0.079376757315714
5.3104	0.0781228750714433
5.3264	0.076942069375292
5.3424	0.0758458268275888
5.3584	0.0748467890726658
5.3744	0.0739585799636586
5.3904	0.073195066296563
5.4064	0.0725694174738294
5.4224	0.0720931900944208
5.4384	0.0717756911025447
5.4544	0.0716235664753242
5.4704	0.0716408001958655
5.4864	0.0718290475292349
5.5024	0.0721882804876657
5.5184	0.0727175277328058
5.5344	0.0734157537940803
5.5504	0.0742825557935305
5.5664	0.0753184507318849
5.5824	0.0765244479576097
5.5984	0.0779010614848801
5.6144	0.0794468169456479
5.6304	0.0811565935503893
5.6464	0.0830200405929702
5.6624	0.0850204948706903
5.6784	0.0871344800743543
5.6944	0.0893316424308921
5.7104	0.0915750800795934
5.7264	0.0938221781183586
5.7424	0.0960259576117721
5.7584	0.098136909625083
5.7744	0.100105381801285
5.7904	0.10188429484262
5.8064	0.10343179953739
5.8224	0.104713503599186
5.8384	0.105704028005135
5.8544	0.106387829965541
5.8704	0.10675944591074
5.8864	0.106823325678505
5.9024	0.106593363636506
5.9184	0.106092172337213
5.9344	0.10535007013371
5.9504	0.104403723266131
5.9664	0.103294461736851
5.9824	0.102066423259799
5.9984	0.100764705599232
6.0144	0.0994337081766901
6.0304	0.0981158082815057
6.0464	0.096850421188293
6.0624	0.0956733525585207
6.0784	0.0946163726115685
6.0944	0.0937069478789283
6.1104	0.0929680836769933
6.1264	0.092418321157794
6.1424	0.0920719686622817
6.1584	0.0919395620045691
6.1744	0.0920285663405878
6.1904	0.0923442543976591
6.2064	0.0928906175411441
6.2224	0.0936711621333473
6.2384	0.0946894483876406
6.2544	0.0959492795275594
6.2704	0.0974545268301483
6.2864	0.0992086580141915
6.3024	0.101214086352712
6.3184	0.103471531234874
6.3344	0.105979489480916
6.3504	0.108733903085664
6.3664	0.111728069105567
6.3824	0.114952842197368
6.3984	0.118396977669846
6.4144	0.122047561878077
6.4304	0.125890355241069
6.4464	0.129910043226261
6.4624	0.134090222460628
6.4784	0.138413143555482
6.4944	0.142859259150583
6.5104	0.147406826931984
6.5264	0.152031738211832
6.5424	0.156707719679986
6.5584	0.16140675815555
6.5744	0.166099834190987
6.5904	0.170757547987279
6.6064	0.175350264607829
6.6224	0.179847761695015
6.6384	0.184218710619945
6.6544	0.188429986412444
6.6704	0.192446327822978
6.6864	0.196230664150363
6.7024	0.199745114892295
6.7184	0.202952537992729
6.7344	0.205818484692742
6.7504	0.208312979568547
6.7664	0.210411784702188
6.7824	0.212097168240717
6.7984	0.213358184366854
6.8144	0.214190530382581
6.8304	0.214596243051716
6.8464	0.214583365783625
6.8624	0.214165576478109
6.8784	0.2133617482489
6.8944	0.212195442481089
6.9104	0.21069430961316
6.9264	0.20888941124727
6.9424	0.206814608569545
6.9584	0.204506055198436
6.9744	0.202001845699698
6.9904	0.199341770428788
7.0064	0.19656698723773
7.0224	0.193719450122813
7.0384	0.190841170937034
7.0544	0.187973133489578
7.0704	0.185154075318252
7.0864	0.182419472541511
7.1024	0.179800836182068
7.1184	0.177325182934879
7.1344	0.175015116208812
7.1504	0.172889144971833
7.1664	0.17096209424372
7.1824	0.16924564344302
7.1984	0.167748790161028
7.2144	0.166477703794641
7.2304	0.165435568381469
7.2464	0.164622515188768
7.2624	0.16403548104941
7.2784	0.16366840347203
7.2944	0.163513220354645
7.3104	0.163560991915944
7.3264	0.163802851291308
7.3424	0.164230472662695
7.3584	0.164835875163504
7.3744	0.165610404756904
7.3904	0.166543654483718
7.4064	0.16762284237771
7.4224	0.168832855897023
7.4384	0.170156710684097
7.4544	0.171576563895457
7.4704	0.173074724147142
7.4864	0.174634142588189
7.5024	0.176238535038948
7.5184	0.177872660035888
7.5344	0.179522530774335
7.5504	0.181175645600689
7.5664	0.182821145317035
7.5824	0.184449861072864
7.5984	0.186053996231436
7.6144	0.187626788842437
7.6304	0.1891622803752
7.6464	0.190655333793785
7.6624	0.192102019525493
7.6784	0.193500207808512
7.6944	0.194849843981643
7.7104	0.196152834049968
7.7264	0.197412449180121
7.7424	0.198632388677453
7.7584	0.199815780001956
7.7744	0.200964453925991
7.7904	0.202078572980014
7.8064	0.20315667487003
7.8224	0.204196041710844
7.8384	0.205193201002345
7.8544	0.206144382709141
7.8704	0.207045934520153
7.8864	0.207894651288058
7.9024	0.208687915283605
7.9184	0.209423798233871
7.9344	0.210101139070986
7.9504	0.210719591721187
7.9664	0.211279663631473
7.9824	0.211782778667185
7.9984	0.212231212686248
8.0144	0.21262797224793
8.0304	0.212976582601442
8.0464	0.213280837353551
8.0624	0.213544544529242
8.0784	0.213771367225291
8.0944	0.213964730224831
8.1104	0.214127821954349
8.1264	0.214263610542076
8.1424	0.214374846682091
8.1584	0.214464018709606
8.1744	0.214533301053081
8.1904	0.214584484065909
8.2064	0.214618933859043
8.2224	0.214637602594422
8.2384	0.214641085385921
8.2544	0.214629701388645
8.2704	0.214603584641992
8.2864	0.214562763061423
8.3024	0.214507231991234
8.3184	0.21443702583079
8.3344	0.214352280185068
8.3504	0.214253316365358
8.3664	0.214140746741833
8.3824	0.214015556077953
8.3984	0.213879131281402
8.4144	0.213733240627931
8.4304	0.213579925035702
8.4464	0.213421317052422
8.4624	0.213259448068044
8.4784	0.213096086115485
8.4944	0.212932655653645
8.5104	0.212770301653137
8.5264	0.212610035254016
8.5424	0.212452903037189
8.5584	0.212300185830969
8.5744	0.212153562773352
8.5904	0.212015159512617
8.6064	0.211887489335737
8.6224	0.211773355166343
8.6384	0.211675674332611
8.6544	0.211597248222262
8.6704	0.211540534162538
8.6864	0.211507416021419
8.7024	0.211498991076752
8.7184	0.21151542588089
8.7344	0.211555884012256
8.7504	0.211618549555197
8.7664	0.211700800891805
8.7824	0.211799460306253
8.7984	0.21191103236086
8.8144	0.212031898792844
8.8304	0.212158417919824
8.8464	0.212286927085671
8.8624	0.212413725827702
8.8784	0.212535124144125
8.8944	0.212647599453959
8.9104	0.212748030585573
8.9264	0.212833929069376
8.9424	0.212903582277846
8.9584	0.212956135526525
8.9744	0.212991542840001
8.9904	0.213010395607881
9.0064	0.213013719033398
9.0224	0.213002785549094
9.0384	0.212978914899765
9.0544	0.212943278874292
9.0704	0.212896709216949
9.0864	0.212839508530834
9.1024	0.2127713190213
9.1184	0.212691093719314
9.1344	0.212597177620097
9.1504	0.212487505468431
9.1664	0.212359900387042
9.1824	0.212212392705879
9.1984	0.212043416983676
9.2144	0.211851877713713
9.2304	0.21163705651341
9.2464	0.211398386711636
9.2624	0.211135132596638
9.2784	0.210846064080926
9.2944	0.210529216902415
9.3104	0.210181813930632
9.3264	0.2098003489115
9.3424	0.209380838229919
9.3584	0.208919151996525
9.3744	0.208411335387638
9.3904	0.207853818457949
9.4064	0.207243499188422
9.4224	0.206577684320024
9.4384	0.205853935958686
9.4544	0.205069900909649
9.4704	0.204223304374551
9.4864	0.203312156643079
9.5024	0.332088519674755
9.5184	0.33131156626979
9.5344	0.330532784074137
9.5504	0.32975678304939
9.5664	0.328988188228266
9.5824	0.328231409470561
9.5984	0.327490570238922
9.6144	0.326769562096445
9.6304	0.326072184067755
9.6464	0.325402197311803
9.6624	0.324763246027317
9.6784	0.324158695581957
9.6944	0.323591409362564
9.7104	0.323063532679214
9.7264	0.322576406760447
9.7424	0.32213064431204
9.7584	0.321726302289619
9.7744	0.321363071831286
9.7904	0.321040389625011
9.8064	0.320757429623939
9.8224	0.320513013162383
9.8384	0.320305482995366
9.8544	0.320132615699833
9.8704	0.319991637230657
9.8864	0.319879329979187
9.9024	0.319792191138333
9.9184	0.319726612650413
9.9344	0.319679058451754
9.9504	0.319646205078413
9.9664	0.319625041707866
9.9824	0.319612930690539
9.9984	0.31960763323201
10.0144	0.319607302501765
10.0304	0.319610452972654
10.0464	0.319615917441922
10.0624	0.31962280410886
10.0784	0.319630461581426
10.0944	0.319638452047172
10.1104	0.319646528117858
10.1264	0.31965460666953
10.1424	0.319662735344366
10.1584	0.319671053434433
10.1744	0.319679754372203
10.1904	0.31968905351431
10.2064	0.319699166019461
10.2224	0.319710298602729
10.2384	0.319722656018882
10.2544	0.319736457049032
10.2704	0.319751961898362
10.2864	0.319769504787303
10.3024	0.319789524725195
10.3184	0.319812590049821
10.3344	0.319839410682391
10.3504	0.3198708337016
10.3664	0.319907824662039
10.3824	0.319951433382982
10.3984	0.320002738151686
10.4144	0.320062784169693
10.4304	0.32013254070074
10.4464	0.320212871541401
10.4624	0.320304525479912
10.4784	0.320408166529489
10.4944	0.320524432155992
10.5104	0.320654000600427
10.5264	0.320797658631989
10.5424	0.320956329976013
10.5584	0.32113102062732
10.5744	0.321322721128183
10.5904	0.321532270966543
10.6064	0.321760191126202
10.6224	0.322006598074438
10.6384	0.322271267783037
10.6544	0.322553809003864
10.6704	0.322853929554356
10.6864	0.323171798742408
10.7024	0.323508335603321
10.7184	0.32386532510958
10.7344	0.324245369308926
10.7504	0.324651669495609
10.7664	0.325087679725527
10.7824	0.325556821890871
10.7984	0.32606228324795
10.8144	0.326606880578709
10.8304	0.327193001021271
10.8464	0.327822596785552
10.8624	0.328497087778203
10.8784	0.329217232193685
10.8944	0.329983020245038
10.9104	0.330793583757497
10.9264	0.33164710695263
10.9424	0.332540805599763
10.9584	0.333470968794529
10.9744	0.334433048274661
10.9904	0.335421789980103
11.0064	0.336431360591234
11.0224	0.337455421365405
11.0384	0.338487214083841
11.0544	0.33951967705849
11.0704	0.340545518678425
11.0864	0.341557332304262
11.1024	0.342547863459288
11.1184	0.343510427214653
11.1344	0.344439408786855
11.1504	0.345330861522996
11.1664	0.346182947132945
11.1824	0.346996029526338
11.1984	0.347772454850826
11.2144	0.348516043433563
11.2304	0.349231328255939
11.2464	0.349922773869423
11.2624	0.350594154288331
11.2784	0.351248069869655
11.2944	0.35188557727048
11.3104	0.352505969343099
11.3264	0.353106734758569
11.3424	0.353683640805741
11.3584	0.354230988704046
11.3744	0.354742004983166
11.3904	0.355209287688069
11.4064	0.35562513001031
11.4224	0.355981750651097
11.4384	0.356271381667227
11.4544	0.356486202868325
11.4704	0.356618321243957
11.4864	0.3566600758557
11.5024	0.356604530610696
11.5184	0.356446033727536
11.5344	0.356180704140513
11.5504	0.355806650552097
11.5664	0.355323796037226
11.5824	0.354733497542668
11.5984	0.354038044252718
11.6144	0.35324017259353
11.6304	0.352342829916608
11.6464	0.351349236727685
11.6624	0.350263072136784
11.6784	0.349088642173854
11.6944	0.347831060829606
11.7104	0.346496376433549
11.7264	0.345091594704229
11.7424	0.343624715017484
11.7584	0.342104820208363
11.7744	0.340542145402026
11.7904	0.338948146365112
11.8064	0.337335442278174
11.8224	0.335717555299595
11.8384	0.334108529122489
11.8544	0.332522579951672
11.8704	0.330973750485839
11.8864	0.329475671339935
11.9024	0.328041495867808
11.9184	0.32668392623674
11.9344	0.325415224360938
11.9504	0.324247168676209
11.9664	0.323190895622531
11.9824	0.322256623158353
11.9984	0.321453348012312
12.0144	0.320788577595351
12.0304	0.320268153676636
12.0464	0.31989624204931
12.0624	0.31967547206574
12.0784	0.319607151461526
12.0944	0.31969148497484
12.1104	0.319927748518751
12.1264	0.320314404927274
12.1424	0.320849201279145
12.1584	0.321529340848144
12.1744	0.322351783023407
12.1904	0.323313656885773
12.2064	0.324412738254125
12.2224	0.325647881383645
12.2384	0.327019288303688
12.2544	0.328528546684709
12.2704	0.330178404488549
12.2864	0.331972313045583
12.3024	0.333913791322118
12.3184	0.336005721813137
12.3344	0.33824969190124
12.3504	0.340645476750922
12.3664	0.343190743562957
12.3824	0.345881014267263
12.3984	0.348709777789338
12.4144	0.351668653116405
12.4304	0.354747558320184
12.4464	0.357934825073755
12.4624	0.361217050766356
12.4784	0.364578876654321
12.4944	0.368002797253723
12.5104	0.371468885459251
12.5264	0.374954344319406
12.5424	0.378433134443242
12.5584	0.38187563513651
12.5744	0.385248385968737
12.5904	0.38851407981889
12.6064	0.391631785043785
12.6224	0.394557214143845
12.6384	0.397243138815327
12.6544	0.399639978721723
12.6704	0.401696744175695
12.6864	0.403362625846228
12.7024	0.404589360103444
12.7184	0.405334062175314
12.7344	0.405562050921333
12.7504	0.405249105800692
12.7664	0.404382739667483
12.7824	0.402962317342087
12.7984	0.400998177490862
12.8144	0.398510124031588
12.8304	0.395525604827469
12.8464	0.39207774081973
12.8624	0.388203440371797
12.8784	0.383941767776093
12.8944	0.379332711715904
12.9104	0.374416570486517
12.9264	0.369233992274474
12.9424	0.363826350421448
12.9584	0.358236318009574
12.9744	0.352508140411771
12.9904	0.346687351093749
13.0064	0.340820171495068
13.0224	0.334953164576461
13.0384	0.329133276892605
13.0544	0.323408255399443
13.0704	0.31782735200926
13.0864	0.312442389113983
13.1024	0.307308401955595
13.1184	0.302483221645332
13.1344	0.298025983347486
13.1504	0.293994453336097
13.1664	0.290441629595477
13.1824	0.287412820489806
13.1984	0.284944175552425
13.2144	0.283063000364734
13.2304	0.281789672606862
13.2464	0.281140530828168
13.2624	0.281130115741405
13.2784	0.281771519896381
13.2944	0.283074662591332
13.3104	0.285043332642033
13.3264	0.287671758531758
13.3424	0.290941868883181
13.3584	0.294822558485464
13.3744	0.299270622260053
13.3904	0.304232732717026
13.4064	0.30964734359776
13.4224	0.315446501663189
13.4384	0.321557170495396
13.4544	0.327902875974303
13.4704	0.334405505246366
13.4864	0.340987240442871
13.5024	0.347572448616745
13.5184	0.354089185290093
13.5344	0.360469560018771
13.5504	0.366649108093213
13.5664	0.372565675812382
13.5824	0.378158601993562
13.5984	0.383368476462408
13.6144	0.388137901029438
13.6304	0.392413073255227
13.6464	0.396145762128242
13.6624	0.399294862013392
13.6784	0.401827305774134
13.6944	0.40371849759407
13.7104	0.404952381679948
13.7264	0.405521426930534
13.7424	0.405426798845667
13.7584	0.404678783753013
13.7744	0.403297315454154
13.7904	0.401312293037506
13.8064	0.398763448479656
13.8224	0.395699672272315
13.8384	0.392177731260688
13.8544	0.38826044938429
13.8704	0.384014685377281
13.8864	0.379509340607171
13.9024	0.374813588078553
13.9184	0.369995467442379
13.9344	0.365120899733995
13.9504	0.360253051351776
13.9664	0.355451932706217
13.9824	0.350774063230176
13.9984	0.346272260115313
14.0144	0.341995613098618
14.0304	0.337989493105113
14.0464	0.334295480394815
14.0624	0.330951244133018
14.0784	0.32799037669696
14.0944	0.325442168776874
14.1104	0.323331486811355
14.1264	0.321678772043981
14.1424	0.320500170144157
14.1584	0.319807717209926
14.1744	0.319609510486941
14.1904	0.319909741454751
14.2064	0.32070856892841
14.2224	0.322001837680716
14.2384	0.323780704189801
14.2544	0.326031289169862
14.2704	0.328734366449737
14.2864	0.331865106426505
14.3024	0.335392900039949
14.3184	0.339281240521416
14.3344	0.343487673184256
14.3504	0.347963926124919
14.3664	0.352656126695535
14.3824	0.357505191759458
14.3984	0.362447516739905
14.4144	0.36741590626599
14.4304	0.37234084944447
14.4464	0.377152319939626
14.4624	0.38178196897212
14.4784	0.386165501761354
14.4944	0.390245102341453
14.5104	0.393971451259233
14.5264	0.39730495576049
14.5424	0.400216225559745
14.5584	0.402685820958538
14.5744	0.404703619323811
14.5904	0.406268145849538
14.6064	0.407386014227598
14.6224	0.408071397706578
14.6384	0.408345402376369
14.6544	0.408235135950633
14.6704	0.407772424903385
14.6864	0.406992259290348
14.7024	0.40593117559564
14.7184	0.404625781649827
14.7344	0.403111512079875
14.7504	0.401421833450684
14.7664	0.399587917251608
14.7824	0.397638709167893
14.7984	0.395601451973846
14.8144	0.39350276807312
14.8304	0.391369980731781
14.8464	0.38923261913925
14.8624	0.38712381931515
14.8784	0.385081038487954
14.8944	0.383145904306218
14.9104	0.381363404976412
14.9264	0.379780258303697
14.9424	0.378442652206274
14.9584	0.377393810308661
14.9744	0.376671732275838
14.9904	0.376306996038068
15.0064	0.376320852440756
15.0224	0.376723875007258
15.0384	0.377515230413962
15.0544	0.378682593483006
15.0704	0.380202727109634
15.0864	0.382042372077251
15.1024	0.384159218108323
15.1184	0.386502858560959
15.1344	0.389015601330868
15.1504	0.391633234956942
15.1664	0.394286115815987
15.1824	0.396900786102321
15.1984	0.399402216891815
15.2144	0.401716536122592
15.2304	0.403773764864752
15.2464	0.405510285882372
15.2624	0.406870845602441
15.2784	0.407809828070128
15.2944	0.408291787208952
15.3104	0.408291611271636
15.3264	0.407794526285727
15.3424	0.406796048519311
15.3584	0.405301897413835
15.3744	0.40332766103694
15.3904	0.400898082237575
15.4064	0.398045912732584
15.4224	0.394810391188742
15.4384	0.391235640657499
15.4544	0.387369337755388
15.4704	0.3832616144295
15.4864	0.378964070113568
15.5024	0.374528865948093
15.5184	0.370007862555497
15.5344	0.365451720212093
15.5504	0.360909197994658
15.5664	0.356426811260519
15.5824	0.352048736620361
15.5984	0.347816867692302
15.6144	0.343770858228538
15.6304	0.339947890967039
15.6464	0.336382273667539
15.6624	0.333105022915163
15.6784	0.330143458206464
15.6944	0.327520852679356
15.7104	0.325256166874226
15.7264	0.323363816047333
15.7424	0.321853512909172
15.7584	0.320730224523857
15.7744	0.319994345302973
15.7904	0.31964213268833
15.8064	0.31966633446433
15.8224	0.320056840720838
15.8384	0.320801249110389
15.8544	0.321885272411293
15.8704	0.323292966754309
15.8864	0.325006823648152
15.9024	0.327007754608019
15.9184	0.329275012786923
15.9344	0.331786070650594
15.9504	0.334516478114608
15.9664	0.337439733807571
15.9824	0.340527273848863
15.9984	0.343748603673305
16.0144	0.347071598018317
16.0304	0.350462990327571
16.0464	0.353889119645885
16.0624	0.357316791012238
16.0784	0.360714187211613
16.0944	0.364051815337177
16.1104	0.367303312147726
16.1264	0.370445929506275
16.1424	0.373460752923904
16.1584	0.376332614765772
16.1744	0.379049676656166
16.1904	0.381602899993425
16.2064	0.383985587163409
16.2224	0.386193027035972
16.2384	0.388222340647815
16.2544	0.390072613870245
16.2704	0.391745089045514
16.2864	0.393243275429711
16.3024	0.394572941182048
16.3184	0.395741930989459
16.3344	0.396759672161863
16.3504	0.397636631835041
16.3664	0.39838378823282
16.3824	0.39901214991977
16.3984	0.399532364035338
16.4144	0.399954514720946
16.4304	0.400287976417133
16.4464	0.400541327812277
16.4624	0.400722284880601
16.4784	0.400837660102468
16.4944	0.400893306542628
16.5104	0.400894095741648
16.5264	0.400843916582801
16.5424	0.400745732634334
16.5584	0.400601659820325
16.5744	0.400413082814282
16.5904	0.400180823028847
16.6064	0.399905360455421
16.6224	0.399586977450042
16.6384	0.399225800557758
16.6544	0.398821748754415
16.6704	0.398374358976127
16.6864	0.397882527846775
16.7024	0.397344339534982
16.7184	0.39675701590312
16.7344	0.396117044144205
16.7504	0.395420520467098
16.7664	0.394663692503798
16.7824	0.393843535585518
16.7984	0.392958267106849
16.8144	0.392007798309407
16.8304	0.390994005929258
16.8464	0.389920724137426
16.8624	0.388793628672204
16.8784	0.387620032282314
16.8944	0.38640848987751
16.9104	0.385168255700194
16.9264	0.38390872968165
16.9424	0.382638910725234
16.9584	0.381367072981618
16.9744	0.380100716687878
16.9904	0.378846670283963
17.0064	0.3776112655774
17.0224	0.376400487183844
17.0384	0.375219812570265
17.0544	0.37407374129026
17.0704	0.372965260871013
17.0864	0.371895407104546
17.1024	0.370863048513854
17.1184	0.36986507908415
17.1344	0.368896975901805
17.1504	0.367953564000288
17.1664	0.367029705037737
17.1824	0.366120792103118
17.1984	0.365222937777901
17.2144	0.364332996008727
17.2304	0.363448537900751
17.2464	0.362567819269941
17.2624	0.361689692168568
17.2784	0.360813595021966
17.2944	0.359939464491219
17.3104	0.359067426500303
17.3264	0.358197325044841
17.3424	0.357328295611467
17.3584	0.356458450647494
17.3744	0.355584753646951
17.3904	0.354703106271302
17.4064	0.353808704383766
17.4224	0.352896481669802
17.4384	0.351961515602341
17.4544	0.350999312383635
17.4704	0.350006051733374
17.4864	0.348978728339546
17.5024	0.347915113291435
17.5184	0.346813654904679
17.5344	0.345673351329026
17.5504	0.34449359957199
17.5664	0.343274094694436
17.5824	0.342014851568194
17.5984	0.340716315122506
17.6144	0.339379653254639
17.6304	0.338007069924117
17.6464	0.336602030827464
17.6624	0.335169461760131
17.6784	0.333715995938007
17.6944	0.332250221200354
17.7104	0.330782965936635
17.7264	0.329327569094801
17.7424	0.327900054762551
17.7584	0.326518990301281
17.7744	0.325204982144271
17.7904	0.323979855752157
17.8064	0.322865770162196
17.8224	0.321884374010381
17.8384	0.321056101588681
17.8544	0.320399646741578
17.8704	0.319931590753015
17.8864	0.319666108902254
17.9024	0.319614701293574
17.9184	0.319785933343894
17.9344	0.320185213901652
17.9504	0.320814631379847
17.9664	0.321672855227064
17.9824	0.322755127232256
17.9984	0.324053326493356
18.0144	0.325556110671471
18.0304	0.327249142127869
18.0464	0.329115464049607
18.0624	0.331136045081337
18.0784	0.333290437829021
18.0944	0.335557520692703
18.1104	0.337916280221577
18.1264	0.340346504096317
18.1424	0.342829294659566
18.1584	0.345347428960338
18.1744	0.347885437426214
18.1904	0.350429471171935
18.2064	0.352967173790319
18.2224	0.355487513625519
18.2384	0.357980521470893
18.2544	0.360437166723329
18.2704	0.362849386197979
18.2864	0.365210095142913
18.3024	0.367513215498491
18.3184	0.369753815042316
18.3344	0.371928131183097
18.3504	0.374033453329332
18.3664	0.376067839404016
18.3824	0.378029687737069
18.3984	0.379917128329851
18.4144	0.381727554491079
18.4304	0.383457423235598
18.4464	0.385102363225371
18.4624	0.386657545824448
18.4784	0.388118405235275
18.4944	0.389481399835688
18.5104	0.390744544965116
18.5264	0.391907741482498
18.5424	0.392972896769663
18.5584	0.393943741606961
18.5744	0.394825471698653
18.5904	0.395624345039266
18.6064	0.396347208683153
18.6224	0.397001052758071
18.6384	0.397592653411209
18.6544	0.398128255005133
18.6704	0.39861333325797
18.6864	0.399052589740847
18.7024	0.399450072189723
18.7184	0.39980934991371
18.7344	0.40013366144052
18.7504	0.400425989971552
18.7664	0.400689058408886
18.7824	0.400925280185618
18.7984	0.401136709747846
18.8144	0.401325056081589
18.8304	0.401491747068292
18.8464	0.401637968749185
18.8624	0.40176458297077
18.8784	0.401871961273116
18.8944	0.401959852769266
18.9104	0.4020272995553
18.9264	0.402072673651958
18.9424	0.402093891711331
18.9584	0.402088760114509
18.9744	0.402055324643641
18.9904	0.401992180770264
19.0064	0.544242598122755
19.0224	0.544105918952374
19.0384	0.543937805004726
19.0544	0.543740099961097
19.0704	0.543514990920743
19.0864	0.543264889188167
19.1024	0.542992576251235
19.1184	0.542701423616402
19.1344	0.542395513523891
19.1504	0.542079692020392
19.1664	0.541759515905683
19.1824	0.541440943266425
19.1984	0.541129870716182
19.2144	0.540831609631313
19.2304	0.540550438704942
19.2464	0.540289389019398
19.2624	0.540050378257293
19.2784	0.539834504104986
19.2944	0.539642421437419
19.3104	0.539474663640407
19.3264	0.539331763083817
19.3424	0.539214118670101
19.3584	0.539121741048303
19.3744	0.539053966634205
19.3904	0.539009316843318
19.4064	0.538985530467363
19.4224	0.538979671622629
19.4384	0.538988282563428
19.4544	0.539007656308803
19.4704	0.53903404689993
19.4864	0.539063780285117
19.5024	0.539093388655315
19.5184	0.539119725586586
19.5344	0.539140001536799
19.5504	0.539151813496437
19.5664	0.53915314232148
19.5824	0.539142289074766
19.5984	0.53911786672831
19.6144	0.53907880592247
19.6304	0.539024299265355
19.6464	0.538953712567055
19.6624	0.538866524679085
19.6784	0.538762243892679
19.6944	0.538640292584736
19.7104	0.538499930452341
19.7264	0.538340336442014
19.7424	0.53816076612703
19.7584	0.537960779895874
19.7744	0.537740511849622
19.7904	0.537500880837088
19.8064	0.537243666282341
19.8224	0.536971465630577
19.8384	0.536687505419573
19.8544	0.536395366953743
19.8704	0.536098742151038
19.8864	0.53580122164786
19.9024	0.535506080219962
19.9184	0.535216129699061
19.9344	0.53493360015136
19.9504	0.534659986717072
19.9664	0.534395932277858
19.9824	0.534141225941136
19.9984	0.533894916784186
20.0144	0.533655602017019
20.0304	0.533421787821025
20.0464	0.533192177539716
20.0624	0.532965801349844
20.0784	0.532741941710116
20.0944	0.532519854609445
20.1104	0.532298484850577
20.1264	0.532076252300469
20.1424	0.531851007420679
20.1584	0.531620148009887
20.1744	0.531380904750113
20.1904	0.531130665101033
20.2064	0.530867294231497
20.2224	0.530589349385801
20.2384	0.530296164476292
20.2544	0.52998777257749
20.2704	0.52966472053758
20.2864	0.52932778219966
20.3024	0.52897769819665
20.3184	0.528615011433542
20.3344	0.528240032186309
20.3504	0.52785291754431
20.3664	0.527453843933317
20.3824	0.527043153787959
20.3984	0.526621394685085
20.4144	0.526189226025652
20.4304	0.525747264609903
20.4464	0.525295952965996
20.4624	0.524835568296142
20.4784	0.524366391860381
20.4944	0.523888995795398
20.5104	0.523404551562271
20.5264	0.522915066619754
20.5424	0.522423463322648
20.5584	0.521933503927217
20.5744	0.52144962152355
20.5904	0.520976728484884
20.6064	0.520520049017419
20.6224	0.520085003168768
20.6384	0.51967711925642
20.6544	0.519301931158106
20.6704	0.518964824141095
20.6864	0.518670850497257
20.7024	0.51842453261933
20.7184	0.518229708581034
20.7344	0.518089469911784
20.7504	0.518006183168486
20.7664	0.517981571932959
20.7824	0.518016844607116
20.7984	0.518112830005167
20.8144	0.518270090601701
20.8304	0.518489022207403
20.8464	0.518769926681854
20.8624	0.519113040500335
20.8784	0.5195185303683
20.8944	0.519986444239402
20.9104	0.520516608724401
20.9264	0.521108511386158
20.9424	0.521761201593863
20.9584	0.522473197628765
20.9744	0.523242435292262
20.9904	0.524066266688356
21.0064	0.524941473644278
21.0224	0.525864268734002
21.0384	0.526830337345464
21.0544	0.527834900135252
21.0704	0.52887269575792
21.0864	0.52993790195349
21.1024	0.531024044749868
21.1184	0.532123875711362
21.1344	0.53322924926872
21.1504	0.534331135698318
21.1664	0.535419809870204
21.1824	0.536485077645784
21.1984	0.537516500006239
21.2144	0.538503531074982
21.2304	0.539435488664003
21.2464	0.540301439511923
21.2624	0.541090205082762
21.2784	0.541790590060641
21.2944	0.542391860198139
21.3104	0.542884401054524
21.3264	0.543260392441544
21.3424	0.543514313743819
21.3584	0.54364317094881
21.3744	0.543646428703854
21.3904	0.543525771245326
21.4064	0.543284814902384
21.4224	0.54292885989843
21.4384	0.542464615783773
21.4544	0.541899880174183
21.4704	0.541243150948086
21.4864	0.540503221474014
21.5024	0.539688813194056
21.5184	0.53880838283426
21.5344	0.537870120479814
21.5504	0.536882131113684
21.5664	0.53585260003136
21.5824	0.53478988216788
21.5984	0.533702461593085
21.6144	0.532598890873883
21.6304	0.531487681206285
21.6464	0.530377194460014
21.6624	0.529275529680456
21.6784	0.528190441748221
21.6944	0.527129259191346
21.7104	0.526098881115226
21.7264	0.525105747324817
21.7424	0.524155828170292
21.7584	0.523254661566066
21.7744	0.522407464047204
21.7904	0.521619207508335
21.8064	0.520894729627456
21.8224	0.520238846477552
21.8384	0.519656441372215
21.8544	0.519152497630481
21.8704	0.518732076417285
21.8864	0.518400218547361
21.9024	0.518161775962804
21.9184	0.518021171133951
21.9344	0.51798212898227
21.9504	0.518047447022001
21.9664	0.518218870661338
21.9824	0.518497094390982
21.9984	0.518881860096132
22.0144	0.519372114479046
22.0304	0.519966170555902
22.0464	0.520661807270956
22.0624	0.521456288921305
22.0784	0.522346358868672
22.0944	0.523328249460429
22.1104	0.524397704475808
22.1264	0.525550071293624
22.1424	0.526780485798993
22.1584	0.52808408487366
22.1744	0.52945617828418
22.1904	0.530892333088472
22.2064	0.532388290954094
22.2224	0.533939754111353
22.2384	0.535542111188684
22.2544	0.537190125565312
22.2704	0.538877621650899
22.2864	0.54059734291665
22.3024	0.542341013628514
22.3184	0.544099519667279
22.3344	0.545863152648499
22.3504	0.547621896449035
22.3664	0.54936564724329
22.3824	0.551084339772599
22.3984	0.552767994986473
22.4144	0.554406679161792
22.4304	0.555990538695307
22.4464	0.557509908436506
22.4624	0.558955464270332
22.4784	0.560318458322497
22.4944	0.561591069458048
22.5104	0.562766668165571
22.5264	0.563839979511796
22.5424	0.564807031616214
22.5584	0.565664941935777
22.5744	0.566411686865516
22.5904	0.56704602351302
22.6064	0.567567508193262
22.6224	0.567976678133641
22.6384	0.568275320762369
22.6544	0.568466648438976
22.6704	0.568555109242057
22.6864	0.568546010843816
22.7024	0.568445057060726
22.7184	0.568257897976144
22.7344	0.567989848548928
22.7504	0.567645918038329
22.7664	0.567231037441433
22.7824	0.566750343412524
22.7984	0.566209393116695
22.8144	0.565614154048513
22.8304	0.564970672821007
22.8464	0.564284620732492
22.8624	0.563560893890957
22.8784	0.562803297864173
22.8944	0.562014367697222
22.9104	0.561195545051257
22.9264	0.560347630550465
22.9424	0.559471310361625
22.9584	0.558567713260834
22.9744	0.557638977903276
22.9904	0.556688609909342
23.0064	0.55572147233964
23.0224	0.554743461282174
23.0384	0.553760933752452
23.0544	0.552780005675109
23.0704	0.551805959591254
23.0864	0.550842852991417
23.1024	0.549893424345465
23.1184	0.548959307465035
23.1344	0.54804144401516
23.1504	0.547140531718332
23.1664	0.546257370586622
23.1824	0.545393059097515
23.1984	0.544549077010609
23.2144	0.543727287464757
23.2304	0.542929820734747
23.2464	0.542158967477333
23.2624	0.541417171795027
23.2784	0.540707042721278
23.2944	0.540031311964986
23.3104	0.539392831979649
23.3264	0.538794561658095
23.3424	0.538239521466574
23.3584	0.537730690389102
23.3744	0.537270893329042
23.3904	0.536862699997959
23.4064	0.536508445206087
23.4224	0.536210242537672
23.4384	0.535970035559307
23.4544	0.535789653435023
23.4704	0.535670864226619
23.4864	0.53561530159166
23.5024	0.5356243123778
23.5184	0.535698708731173
23.5344	0.535838604521468
23.5504	0.536043383719351
23.5664	0.536311836833582
23.5824	0.536642401792134
23.5984	0.537033504464796
23.6144	0.537483830069926
23.6304	0.537992420122761
23.6464	0.538558532402545
23.6624	0.539181369633075
23.6784	0.539859733711301
23.6944	0.540591784161263
23.7104	0.541374951028851
23.7264	0.542206064920938
23.7424	0.543081604587888
23.7584	0.543997959857583
23.7744	0.544951601499319
23.7904	0.545939112492624
23.8064	0.546957142953959
23.8224	0.548002427359789
23.8384	0.549071859724679
23.8544	0.550162606565008
23.8704	0.551272266061462
23.8864	0.552398965045166
23.9024	0.553541277161946
23.9184	0.554698092040868
23.9344	0.555868510773765
23.9504	0.557051735083819
23.9664	0.558247023617456
23.9824	0.559453763253531
23.9984	0.560671570228918
24.0144	0.561900336351561
24.0304	0.563140314706418
24.0464	0.564392176465999
24.0624	0.565657025688081
24.0784	0.566936390670511
24.0944	0.568232201328284
24.1104	0.569546776776667
24.1264	0.570882882110714
24.1424	0.572243817863486
24.1584	0.573633580385644
24.1744	0.575057079554787
24.1904	0.576520339203933
24.2064	0.578030528135889
24.2224	0.579595817365499
24.2384	0.581224994438747
24.2544	0.582926861417031
24.2704	0.584709594994917
24.2864	0.586580186091075
24.3024	0.588544015503471
24.3184	0.59060466972616
24.3344	0.592763972661496
24.3504	0.595022085521125
24.3664	0.597377595374597
24.3824	0.599827575745659
24.3984	0.602367578499157
24.4144	0.604991615740813
24.4304	0.607692256331609
24.4464	0.610460847264315
24.4624	0.613287924008107
24.4784	0.616163825178246
24.4944	0.619079318851542
24.5104	0.622025996659049
24.5264	0.624996352208667
24.5424	0.627983572656953
24.5584	0.630981050503825
24.5744	0.633981816413732
24.5904	0.636978000017885
24.6064	0.639960499980196
24.6224	0.642918843500935
24.6384	0.645841207695023
24.6544	0.648714496731175
24.6704	0.651524560644303
24.6864	0.654256518654721
24.7024	0.656895147696295
24.7184	0.659425223623517
24.7344	0.661831827478737
24.7504	0.664100505742669
24.7664	0.6662173096581
24.7824	0.668168705949638
24.7984	0.669941510600003
24.8144	0.671522922520113
24.8304	0.672900747629162
24.8464	0.674063804018362
24.8624	0.675002419139334
24.8784	0.675708915400525
24.8944	0.676177968257393
24.9104	0.676406714731547
24.9264	0.676394606866557
24.9424	0.676143113706418
24.9584	0.675655407659471
24.9744	0.674936195480894
24.9904	0.673991798861517
25.0064	0.672830452021973
25.0224	0.671462686789353
25.0384	0.669901631380249
25.0544	0.668163092442063
25.0704	0.666265398251332
25.0864	0.664229067523356
25.1024	0.662076422761272
25.1184	0.659831268725243
25.1344	0.657518682831027
25.1504	0.655164875583433
25.1664	0.652797068531942
25.1824	0.650443306389105
25.1984	0.648132217370195
25.2144	0.645892694038372
25.2304	0.643753357106712
25.2464	0.641741777665368
25.2624	0.639883576835176
25.2784	0.638201390503452
25.2944	0.636713868015081
25.3104	0.635434960540008
25.3264	0.634373769389969
25.3424	0.633534928434445
25.3584	0.632919321465996
25.3744	0.632524821905209
25.3904	0.632346843940562
25.4064	0.632378570050934
25.4224	0.632610879173674
25.4384	0.633032201943445
25.4544	0.633628447567425
25.4704	0.63438314697291
25.4864	0.635277904958492
25.5024	0.636293027319621
25.5184	0.637408290948086
25.5344	0.638603681126009
25.5504	0.6398599918936
25.5664	0.641159202201516
25.5824	0.642484780453252
25.5984	0.643821818954502
25.6144	0.645156947267266
25.6304	0.646478242414075
25.6464	0.647775135758577
25.6624	0.649038290551909
25.6784	0.650259557758003
25.6944	0.651432089604716
25.7104	0.652550580937861
25.7264	0.653611531020909
25.7424	0.654613387912351
25.7584	0.655556424741205
25.7744	0.656442467263261
25.7904	0.657274508265258
25.8064	0.658056289821328
25.8224	0.65879197327339
25.8384	0.659485935180525
25.8544	0.660142632829769
25.8704	0.660766570640646
25.8864	0.661362256064605
25.9024	0.661934036459881
25.9184	0.662485970553794
25.9344	0.663021788088839
25.9504	0.663544824203015
25.9664	0.664058034619261
25.9824	0.664564135481813
25.9984	0.665065725767272
26.0144	0.665565333924356
26.0304	0.666065387879216
26.0464	0.666568082308691
26.0624	0.667075206598922
26.0784	0.667588055934802
26.0944	0.668107393959763
26.1104	0.66863343103333
26.1264	0.669165792881909
26.1424	0.669703482599131
26.1584	0.670244830283588
26.1744	0.670787459770752
26.1904	0.671328264668956
26.2064	0.671863480067667
26.2224	0.672388859968772
26.2384	0.672899852191286
26.2544	0.673391760769139
26.2704	0.673859914974868
26.2864	0.674299785036107
26.3024	0.674707047043048
26.3184	0.675077683014299
26.3344	0.675408117036964
26.3504	0.675695360402797
26.3664	0.675937109552732
26.3824	0.676131756069724
26.3984	0.676278291330485
26.4144	0.676376146420482
26.4304	0.676425017058301
26.4464	0.676424729711167
26.4624	0.676375175189802
26.4784	0.676276297366281
26.4944	0.676128099583236
26.5104	0.675930638294242
26.5264	0.675683989932383
26.5424	0.675388189992061
26.5584	0.675043181040943
26.5744	0.674648806375343
26.5904	0.674204891076593
26.6064	0.673711412590441
26.6224	0.673168749266656
26.6384	0.672577957007443
26.6544	0.6719410310403
26.6704	0.671261062077859
26.6864	0.670542220604437
26.7024	0.669789585763302
26.7184	0.669008878786661
26.7344	0.668206136528996
26.7504	0.66738744963804
26.7664	0.666558858481187
26.7824	0.665726415703608
26.7984	0.664896381490566
26.8144	0.664075476728955
26.8304	0.663271110536067
26.8464	0.662491500749931
26.8624	0.661745671890513
26.8784	0.66104335882247
26.8944	0.660394795164931
26.9104	0.659810424634509
26.9264	0.659300590043754
26.9424	0.658875175577327
26.9584	0.658543217877265
26.9744	0.658312550704435
26.9904	0.658189519060263
27.0064	0.658178768551592
27.0224	0.658283155766208
27.0384	0.658503733469873
27.0544	0.658839739114059
27.0704	0.659288572993754
27.0864	0.659845781441026
27.1024	0.660505028374915
27.1184	0.661258089114638
27.1344	0.662094943862177
27.1504	0.663004007826212
27.1664	0.663972431681378
27.1824	0.664986395875379
27.1984	0.666031333632974
27.2144	0.667092140308155
27.2304	0.668153380054127
27.2464	0.669199555822098
27.2624	0.670215469236878
27.2784	0.671186666088735
27.2944	0.672099890086463
27.3104	0.67294346571464
27.3264	0.673707537571088
27.3424	0.674384187983202
27.3584	0.674967497570284
27.3744	0.675453560903764
27.3904	0.675840478139955
27.4064	0.67612830405554
27.4224	0.676318928782878
27.4384	0.676415864614635
27.4544	0.676423951666679
27.4704	0.676349021544587
27.4864	0.676197581180743
27.5024	0.675976543244934
27.5184	0.675692997995837
27.5344	0.675354027385945
27.5504	0.674966547973872
27.5664	0.674537189913613
27.5824	0.674072226135964
27.5984	0.673577574405453
27.6144	0.673058841089331
27.6304	0.672521402362015
27.6464	0.671970466043538
27.6624	0.67141109944116
27.6784	0.670848213457591
27.6944	0.670286559986929
27.7104	0.669730762108896
27.7264	0.669185379873683
27.7424	0.668654972267998
27.7584	0.668144107638465
27.7744	0.667657281189934
27.7904	0.667198740565732
27.8064	0.666772277135975
27.8224	0.666381075351905
27.8384	0.666027683746515
27.8544	0.665714156830273
27.8704	0.665442335723009
27.8864	0.665214196506856
27.9024	0.665032137064502
27.9184	0.664899069757061
27.9344	0.664818266698722
27.9504	0.664793042623222
27.9664	0.664826300413484
27.9824	0.66492001059853
27.9984	0.665074784234122
28.0144	0.665289611035993
28.0304	0.665561731545596
28.0464	0.665886683210763
28.0624	0.666258543243957
28.0784	0.666670286703562
28.0944	0.667114238052042
28.1104	0.667582564664327
28.1264	0.668067690579059
28.1424	0.668562574388696
28.1584	0.669060879913637
28.1744	0.669556974703868
28.1904	0.670045826030888
28.2064	0.670522921187171
28.2224	0.67098425898841
28.2384	0.671426376499133
28.2544	0.671846452011929
28.2704	0.67224240254073
28.2864	0.672612896464253
28.3024	0.672957285512592
28.3184	0.673275487604338
28.3344	0.673567812472379
28.3504	0.673834806328481
28.3664	0.674077151762235
28.3824	0.674295601979894
28.3984	0.67449094873407
28.4144	0.674664045984896
28.4304	0.674815846870247
28.4464	0.674947427570688
28.4624	0.675060021150644
28.4784	0.675155025356359
28.4944	0.675233958249022
28.5104	0.719585886506177
28.5264	0.718442431408764
28.5424	0.717533665578404
28.5584	0.716850223249001
28.5744	0.716382185906692
28.5904	0.71611854894417
28.6064	0.716045877917995
28.6224	0.716146777803917
28.6384	0.716398672767564
28.6544	0.71677367771326
28.6704	0.71724000758616
28.6864	0.717764121813357
28.7024	0.718313196252897
28.7184	0.718857260911822
28.7344	0.719370500794962
28.7504	0.71983138469658
28.7664	0.720222128400405
28.7824	0.720527902835084
28.7984	0.720736088761793
28.8144	0.720836127992367
28.8304	0.720820349151179
28.8464	0.720685253425277
28.8624	0.720432716822483
28.8784	0.720070574091029
28.8944	0.719612686473535
28.9104	0.719077998521723
28.9264	0.718488749089094
28.9424	0.717868450164364
28.9584	0.717240452795966
28.9744	0.716626919343366
28.9904	0.71604846465905
29.0064	0.715524474272197
29.0224	0.715073507454232
29.0384	0.714713797164695
29.0544	0.714464213318426
29.0704	0.714345277300136
29.0864	0.714380075225566
29.1024	0.714594865430865
29.1184	0.715019026492701
29.1344	0.715683782514571
29.1504	0.716619957510805
29.1664	0.717855209619682
29.1824	0.71941118972163
29.1984	0.721301226497349
29.2144	0.723529082555206
29.2304	0.726088873664072
29.2464	0.728965845238658
29.2624	0.73213790925001
29.2784	0.73557777376276
29.2944	0.739255188555806
29.3104	0.743139028560829
29.3264	0.74719897655331
29.3424	0.751406532654098
29.3584	0.755735146559399
29.3744	0.760159819826253
29.3904	0.764656461984931
29.4064	0.769201135384623
29.4224	0.773769766980973
29.4384	0.778338266335634
29.4544	0.782882758511338
29.4704	0.787379718323198
29.4864	0.791806095655421
29.5024	0.79613937347435
29.5184	0.800357579264091
29.5344	0.804439305334004
29.5504	0.808363957717159
29.5664	0.812112078243043
29.5824	0.815665563804547
29.5984	0.819007858859639
29.6144	0.82212426438095
29.6304	0.825002137463411
29.6464	0.827631235066537
29.6624	0.830004305727225
29.6784	0.832117575970589
29.6944	0.833970996379936
29.7104	0.835568323956171
29.7264	0.836916898548399
29.7424	0.838027101680321
29.7584	0.838911722307142
29.7744	0.839585287654597
29.7904	0.840063412889169
29.8064	0.840362304324447
29.8224	0.840498436142614
29.8384	0.84048834894352
29.8544	0.840348534066958
29.8704	0.840095328960981
29.8864	0.839744765220363
29.9024	0.839312385447936
29.9184	0.838813065760785
29.9344	0.83826087227197
29.9504	0.83766896966851
29.9664	0.837049604457849
29.9824	0.836414123805181
29.9984	0.8357729773949
30.0144	0.835135705652529
30.0304	0.834510928904482
30.0464	0.833906308569855
30.0624	0.833328528893613
30.0784	0.832783316979782
30.0944	0.832275466443154
30.1104	0.831808834441365
30.1264	0.831386354307337
30.1424	0.831010042993345
30.1584	0.830681001365672
30.1744	0.830399449971363
30.1904	0.830164821072632
30.2064	0.82997586398076
30.2224	0.829830774758822
30.2384	0.82972734747187
30.2544	0.829663110515295
30.2704	0.829635429431388
30.2864	0.829641610453447
30.3024	0.829678971846338
30.3184	0.82974486112715
30.3344	0.829836658536461
30.3504	0.829951795771084
30.3664	0.830087787517382
30.3824	0.830242261108982
30.3984	0.830412961944564
30.4144	0.830597704060313
30.4304	0.830794284183217
30.4464	0.831000364353176
30.4624	0.831213333105733
30.4784	0.831430238560156
30.4944	0.83164783930685
30.5104	0.831862729869801
30.5264	0.832071503075387
30.5424	0.832270935703871
30.5584	0.832458131723431
30.5744	0.832630617583593
30.5904	0.832786403078668
30.6064	0.83292400086243
30.6224	0.833042417316239
30.6384	0.833141157663317
30.6544	0.833220210442175
30.6704	0.833279960323647
30.6864	0.833321020102755
30.7024	0.833344046062361
30.7184	0.833349564657045
30.7344	0.833337846805076
30.7504	0.833308885803479
30.7664	0.833262484114289
30.7824	0.833198380973077
30.7984	0.833116374254526
30.8144	0.833016394995614
30.8304	0.832898488109631
30.8464	0.832762721701325
30.8624	0.83260909440256
30.8784	0.832437462060849
30.8944	0.832247509103336
30.9104	0.832038792319327
30.9264	0.831810850831825
30.9424	0.831563305371734
30.9584	0.83129593103131
30.9744	0.831008686897722
30.9904	0.830701731967299
31.0064	0.830375473331184
31.0224	0.83003066267236
31.0384	0.829668489961964
31.0544	0.829290668693982
31.0704	0.828899467014271
31.0864	0.828497647750428
31.1024	0.828088302036502
31.1184	0.827674660896836
31.1344	0.827259913367985
31.1504	0.826847070286146
31.1664	0.826438896211545
31.1824	0.826037930214614
31.1984	0.825646533299892
31.2144	0.825266944739223
31.2304	0.82490132165599
31.2464	0.824551729177006
31.2624	0.824220083756
31.2784	0.823908087482035
31.2944	0.823617134115107
31.3104	0.823348204125868
31.3264	0.823101793928952
31.3424	0.822877895511244
31.3584	0.822676014996883
31.3744	0.822495250703508
31.3904	0.822334412934449
31.4064	0.822192148710837
31.4224	0.822067053596637
31.4384	0.821957760711921
31.4544	0.821862989970558
31.4704	0.821781561341343
31.4864	0.821712380907694
31.5024	0.821654409072682
31.5184	0.821606633956666
31.5344	0.821568062958011
31.5504	0.821537731756241
31.5664	0.821514726187782
31.5824	0.821498218212593
31.5984	0.821487506508074
31.6144	0.821482055150593
31.6304	0.821481524267167
31.6464	0.821485792556683
31.6624	0.821494969975152
31.6784	0.821509398849042
31.6944	0.821529641839678
31.7104	0.821556455039858
31.7264	0.821590750568244
31.7424	0.821633552030203
31.7584	0.821685942129651
31.7744	0.821749016726802
31.7904	0.821823861276673
31.8064	0.821911539761931
31.8224	0.822013092020018
31.8384	0.822129543492242
31.8544	0.822261906640907
31.8704	0.822411154903879
31.8864	0.822578164190151
31.9024	0.822763609475327
31.9184	0.822967823113
31.9344	0.823190668496654
31.9504	0.823431450136535
31.9664	0.823688874462132
31.9824	0.82396111199478
31.9984	0.824245966360234
32.0144	0.824541098276644
32.0304	0.824844238790174
32.0464	0.825153371671643
32.0624	0.825466851968667
32.0784	0.825783445327279
32.0944	0.826102275678895
32.1104	0.826422708907874
32.1264	0.826744183095595
32.1424	0.827066032690961
32.1584	0.827387345506576
32.1744	0.82770688223037
32.1904	0.828023071996956
32.2064	0.828334105052551
32.2224	0.828638063214232
32.2384	0.828933063345293
32.2544	0.82921735094013
32.2704	0.829489354730921
32.2864	0.82974771233518
32.3024	0.829991318086353
32.3184	0.830219398092961
32.3344	0.830431628664318
32.3504	0.830628255504831
32.3664	0.830810161997309
32.3824	0.830978817853715
32.3984	0.831136120244611
32.4144	0.831284151127072
32.4304	0.831424984840279
32.4464	0.831560564575753
32.4624	0.831692670130064
32.4784	0.831822958942197
32.4944	0.831953054398287
32.5104	0.832084566819066
32.5264	0.832219071825278
32.5424	0.832358080299542
32.5584	0.832502981198591
32.5744	0.832654973829914
32.5904	0.832815054192071
32.6064	0.832984031913639
32.6224	0.833162545662436
32.6384	0.833351147930461
32.6544	0.833550424885907
32.6704	0.833761069457886
32.6864	0.83398392921384
32.7024	0.834220083145564
32.7184	0.83447082241754
32.7344	0.834737538410121
32.7504	0.835021582767535
32.7664	0.835324121386783
32.7824	0.835645954791016
32.7984	0.83598740089133
32.8144	0.836348269812781
32.8304	0.836727851425426
32.8464	0.837124943390439
32.8624	0.837537951098721
32.8784	0.837965024278407
32.8944	0.838404236261123
32.9104	0.838853808713065
32.9264	0.839312315886417
32.9424	0.839778813707316
32.9584	0.84025289378258
32.9744	0.840734659171481
32.9904	0.841224634433395
33.0064	0.841723698452551
33.0224	0.842233068489541
33.0384	0.842754317362843
33.0544	0.843289378484275
33.0704	0.843840485047483
33.0864	0.844410023196431
33.1024	0.845000317525383
33.1184	0.84561342887217
33.1344	0.846250977131234
33.1504	0.846914096121377
33.1664	0.847603473052192
33.1824	0.848319461850753
33.1984	0.849062204777258
33.2144	0.849831770779559
33.2304	0.8506282150495
33.2464	0.851451584340833
33.2624	0.852301846623782
33.2784	0.853178747651302
33.2944	0.854081606520499
33.3104	0.855009225769816
33.3264	0.855959915216246
33.3424	0.856931676421905
33.3584	0.85792252363202
33.3744	0.858930892315247
33.3904	0.85995589181373
33.4064	0.860997314519011
33.4224	0.862055437669785
33.4384	0.863130603101215
33.4544	0.864222698587145
33.4704	0.865330833044396
33.4864	0.866453225450858
33.5024	0.867587186723949
33.5184	0.868729153643329
33.5344	0.869874765167157
33.5504	0.871018802993337
33.5664	0.872155148802111
33.5824	0.873276843610274
33.5984	0.87437619036276
33.6144	0.875444826698104
33.6304	0.876473917000194
33.6464	0.877454309404555
33.6624	0.878376654294421
33.6784	0.879231579020729
33.6944	0.880010093816075
33.7104	0.880704056042926
33.7264	0.881306754581743
33.7424	0.881813393058334
33.7584	0.882221434752623
33.7744	0.882530646653805
33.7904	0.882742917869606
33.8064	0.88286179866525
33.8224	0.882891993785091
33.8384	0.882838882376927
33.8544	0.882708256268092
33.8704	0.882506150374045
33.8864	0.882238747726156
33.9024	0.88191222184512
33.9184	0.881532678916255
33.9344	0.881105978071933
33.9504	0.880637469791807
33.9664	0.880131821558123
33.9824	0.879593067276041
33.9984	0.879024696059307
34.0144	0.878429833112133
34.0304	0.877811471591833
34.0464	0.877172550151013
34.0624	0.876515902505641
34.0784	0.875844154352333
34.0944	0.875159496737712
34.1104	0.874463455850318
34.1264	0.873756916738003
34.1424	0.873040365232853
34.1584	0.87231413611951
34.1744	0.8715785891564
34.1904	0.870834238157059
34.2064	0.870081764881927
34.2224	0.869321872347413
34.2384	0.868555033572587
34.2544	0.867781448029401
34.2704	0.867001312523605
34.2864	0.86621523692834
34.3024	0.865424717399268
34.3184	0.864632582979986
34.3344	0.863843134643609
34.3504	0.863061862966951
34.3664	0.862294847236274
34.3824	0.861547809270998
34.3984	0.860825080180767
34.4144	0.860128860535877
34.4304	0.859458846155579
34.4464	0.858812074337884
34.4624	0.858183135930346
34.4784	0.85756471858689
34.4944	0.856948226481752
34.5104	0.856324388084989
34.5264	0.855683869110113
34.5424	0.855017760580861
34.5584	0.854317820638418
34.5744	0.853576598225086
34.5904	0.852787485014925
34.6064	0.851944741971916
34.6224	0.851043592062574
34.6384	0.850080474406134
34.6544	0.849053312606596
34.6704	0.847961765135526
34.6864	0.846807407270443
34.7024	0.845593779349958
34.7184	0.844326245458451
34.7344	0.84301178599026
34.7504	0.841658721177222
34.7664	0.840276378389706
34.7824	0.838874795913942
34.7984	0.837464536887129
34.8144	0.836056489993492
34.8304	0.83466172455789
34.8464	0.833291396308834
34.8624	0.831956596882968
34.8784	0.83066810528334
34.8944	0.829436123415885
34.9104	0.828270023606162
34.9264	0.827178133967262
34.9424	0.826167668599961
34.9584	0.825244828685246
34.9744	0.824414955723835
34.9904	0.823682657159896
35.0064	0.823051848516041
35.0224	0.822525668329792
35.0384	0.822106279342524
35.0544	0.821794666794471
35.0704	0.821590472085969
35.0864	0.821491889806143
35.1024	0.82149564616935
35.1184	0.821597047528943
35.1344	0.821790086271914
35.1504	0.822067617813889
35.1664	0.822421603770824
35.1824	0.822843409838907
35.1984	0.823324138373966
35.2144	0.823854941600882
35.2304	0.824427299511836
35.2464	0.825033253107595
35.2624	0.825665598212968
35.2784	0.82631804514212
35.2944	0.826985358539535
35.3104	0.827663431404165
35.3264	0.828349271053032
35.3424	0.829040883704668
35.3584	0.829737060362607
35.3744	0.830437050796061
35.3904	0.831140203444246
35.4064	0.831845633877865
35.4224	0.832551967225857
35.4384	0.83325714580619
35.4544	0.83395835399244
35.4704	0.834652041357511
35.4864	0.835333991259052
35.5024	0.835999416799485
35.5184	0.836643087464136
35.5344	0.837259398424973
35.5504	0.837842407413849
35.5664	0.838385856703493
35.5824	0.838883161290671
35.5984	0.839327394418408
35.6144	0.839711378538521
35.6304	0.840027878486307
35.6464	0.840269888944004
35.6624	0.840431021072082
35.6784	0.840505949166069
35.6944	0.840490843963966
35.7104	0.840383731098161
35.7264	0.840184706295457
35.7424	0.83989596814553
35.7584	0.839521670631928
35.7744	0.839067640046512
35.7904	0.838541040999221
35.8064	0.837950073930795
35.8224	0.837303765290233
35.8384	0.836611882293109
35.8544	0.835884955589716
35.8704	0.835134397283309
35.8864	0.834372684071244
35.9024	0.833613519214072
35.9184	0.832871900326833
35.9344	0.832163998164898
35.9504	0.831506735497673
35.9664	0.830917062345645
35.9824	0.830411012818526
35.9984	0.830002701828061
36.0144	0.829703443025185
36.0304	0.82952114274163
36.0464	0.829460035453582
36.0624	0.829520638253602
36.0784	0.829699893811149
36.0944	0.829991428537493
36.1104	0.830650630434175
36.1264	0.831429381617493
36.1424	0.832291426449519
36.1584	0.833198611955158
36.1744	0.834115922515313
36.1904	0.835014116243624
36.2064	0.835870561936826
36.2224	0.836668941095791
36.2384	0.837398359928773
36.2544	0.83805225311669
36.2704	0.83862731391854
36.2864	0.839122568370986
36.3024	0.839538637108216
36.3184	0.83987718362852
36.3344	0.840140521586616
36.3504	0.840331345658957
36.3664	0.840452554235402
36.3824	0.840507136010256
36.3984	0.840498099647025
36.4144	0.840428433464911
36.4304	0.840301084924182
36.4464	0.840118952134102
36.4624	0.839884882985995
36.4784	0.839601678654734
36.4944	0.839272099337723
36.5104	0.838898871612752
36.5264	0.838484696825798
36.5424	0.838032259825905
36.5584	0.837544238243485
36.5744	0.837023311855209
36.5904	0.836472171798778
36.6064	0.835893530081915
36.6224	0.835290129506671
36.6384	0.83466475266906
36.6544	0.834020230971166
36.6704	0.833359454552561
36.6864	0.832685381864227
36.7024	0.832001046547621
36.7184	0.831309562557568
36.7344	0.830614126469801
36.7504	0.829918016417071
36.7664	0.829224589415926
36.7824	0.82853727983095
36.7984	0.82785959955169
36.8144	0.827195140127142
36.8304	0.826547576399729
36.8464	0.82592066949984
36.8624	0.825318267183963
36.8784	0.82474430185081
36.8944	0.824202786281592
36.9104	0.823697807530234
36.9264	0.823233520835334
36.9424	0.822814144795419
36.9584	0.822443956876302
36.9744	0.822127289002626
36.9904	0.82186852332595
37.0064	0.821672087380637
37.0224	0.821542448032812
37.0384	0.821484103977273
37.0544	0.821501576113899
37.0704	0.821599395208882
37.0864	0.821782086605307
37.1024	0.822054151917495
37.1184	0.822420048198016
37.1344	0.822884164962762
37.1504	0.823450799211681
37.1664	0.82412412889067
37.1824	0.824908184849139
37.1984	0.825806820935153
37.2144	0.826823682300134
37.2304	0.827962172205734
37.2464	0.829225417601808
37.2624	0.830616233897437
37.2784	0.832137089940776
37.2944	0.833790073173535
37.3104	0.835576854974676
37.3264	0.837498656616077
37.3424	0.839556216156328
37.3584	0.841749754915895
37.3744	0.844078943166632
37.3904	0.846542865223558
37.4064	0.849139983083131
37.4224	0.851868097618837
37.4384	0.85472430980284
37.4544	0.857704982266423
37.4704	0.860805701634717
37.4864	0.864021242939071
37.5024	0.867345537519608
37.5184	0.87077164156835
37.5344	0.874291705196985
37.5504	0.877896942492658
37.5664	0.881577601986439
37.5824	0.88532293616932
37.5984	0.889121171061703
37.6144	0.892959475671951
37.6304	0.89682393021711
37.6464	0.900699492338987
37.6624	0.904569962331465
37.6784	0.90841794937776
37.6944	0.91222484064221
37.7104	0.915970774757689
37.7264	0.919634621380659
37.7424	0.923193966654068
37.7584	0.92662510425129
37.7744	0.929903032461532
37.7904	0.933001456071498
37.8064	0.935892790306337
37.8224	0.938548165380222
37.8384	0.940937428017492
37.8544	0.943029135937277
37.8704	0.944790543829374
37.8864	0.946187583576449
37.9024	0.947184842844578
37.9184	0.947745546744272
37.9344	0.947831545264339
37.9504	0.947403305458668
37.9664	0.946419904658189
37.9824	0.944839020649731
37.9984	0.942616917852362
