0.0144	0.00503174972650555
0.0304	0.000955122483127013
0.0464	-0.00229420391048052
0.0624	-0.00478398240203859
0.0784	-0.00657839174644437
0.0944	-0.00773815069337047
0.1104	-0.00832063659332505
0.1264	-0.00838000539203421
0.1424	-0.00796731023828556
0.1584	-0.00713061753980071
0.1744	-0.0059151207308048
0.1904	-0.00436325025302153
0.2064	-0.00251477685411317
0.2224	-0.000406908389898319
0.2384	0.00192561805646818
0.2544	0.0044504464370263
0.2704	0.00713751168070331
0.2864	0.00995894707821066
0.3024	0.0128889893078394
0.3184	0.0159038832467573
0.3344	0.0189817881735195
0.3504	0.0221026883271449
0.3664	0.0252483098326621
0.3824	0.0284020420063982
0.3984	0.0315488619874884
0.4144	0.0346752615603521
0.4304	0.037769172410151
0.4464	0.0408198891753813
0.4624	0.0438179925186972
0.4784	0.0467552726778848
0.4944	0.0496246539481788
0.5104	0.0524201231789192
0.5264	0.0551366617970288
0.5424	0.0577701801880934
0.5584	0.0603174545471035
0.5744	0.062776066472189
0.5904	0.0651443436076988
0.6064	0.0674213017885918
0.6224	0.0696065897447937
0.6384	0.0717004358631357
0.6544	0.073703596669823
0.6704	0.07561730750691
0.6864	0.0774432345032778
0.7024	0.0791834274074859
0.7184	0.0808402732624529
0.7344	0.082416450844363
0.7504	0.0839148856814589
0.7664	0.0853387060475228
0.7824	0.0866912005219405
0.7984	0.0879757778610966
0.8144	0.0891959294298701
0.8304	0.0903551946017629
0.8464	0.0914571296667148
0.8624	0.0925052806284086
0.8784	0.0935031588705044
0.8944	0.094454218704854
0.9104	0.095361836843054
0.9264	0.0962292936384443
0.9424	0.097059755875236
0.9584	0.0978562618955579
0.9744	0.0986217093995378
0.9904	0.0993588457114356
1.0064	0.100070260251243
1.0224	0.100758379323139
1.0384	0.101425462425183
1.0544	0.102073599917773
1.0704	0.102704712051775
1.0864	0.103320549682834
1.1024	0.103922696453935
1.1184	0.104512572830686
1.1344	0.105091442005872
1.1504	0.105660417767965
1.1664	0.106220473558238
1.1824	0.106772452325913
1.1984	0.107317077028924
1.2144	0.107854962145424
1.2304	0.1083866251209
1.2464	0.108912498467021
1.2624	0.109432941642368
1.2784	0.109948252976196
1.2944	0.110458681847533
1.3104	0.110964441785725
1.3264	0.111465722506111
1.3424	0.111962701120689
1.3584	0.112455552169635
1.3744	0.112944455908476
1.3904	0.11342960533959
1.4064	0.11391121485461
1.4224	0.114389530004843
1.4384	0.114864837785262
1.4544	0.115337478335405
1.4704	0.115807857151054
1.4864	0.116276454914882
1.5024	0.116743835705478
1.5184	0.117210655026753
1.5344	0.117677666464047
1.5504	0.118145727896703
1.5664	0.11861580836343
1.5824	0.11908899447414
1.5984	0.119566493078537
1.6144	0.120049631414759
1.6304	0.120539855557297
1.6464	0.121038723709304
1.6624	0.121547893837757
1.6784	0.122069107943346
1.6944	0.12260416561918
1.7104	0.123154880214841
1.7264	0.123723016846967
1.7424	0.12431020819308
1.7584	0.124917836923473
1.7744	0.125546875958989
1.7904	0.126197671651013
1.8064	0.126869644853087
1.8224	0.127560891889388
1.8384	0.128267667376747
1.8544	0.128983740547241
1.8704	0.129699651053784
1.8864	0.130401944684422
1.9024	0.131072520439545
1.9184	0.131688292528708
1.9344	0.132221412352322
1.9504	0.131393096565006
1.9664	0.130556805567892
1.9824	0.129716049469749
1.9984	0.128873261864783
2.0144	0.128029862302654
2.0304	0.127186462289927
2.0464	0.126343146990806
2.0624	0.125499772725917
2.0784	0.124656151861302
2.0944	0.12381214086497
2.1104	0.122967679249399
2.1264	0.122122874412042
2.1424	0.121278111721537
2.1584	0.120434158438485
2.1744	0.119592213115709
2.1904	0.118753850482577
2.2064	0.117920844878299
2.2224	0.117094901065983
2.2384	0.116277398830576
2.2544	0.11546923473
2.2704	0.114670823038182
2.2864	0.113882265861974
2.3024	0.113103588772375
2.3184	0.112334959509241
2.3344	0.111576844384388
2.3504	0.110830055041404
2.3664	0.110095665447275
2.3824	0.109374877484356
2.3984	0.108668884902912
2.4144	0.107978760118087
2.4304	0.107305418233622
2.4464	0.106649638472646
2.4624	0.106012098233919
2.4784	0.105393421384804
2.4944	0.104794255025737
2.5104	0.104215306080263
2.5264	0.103657335177758
2.5424	0.103121155609216
2.5584	0.102607623362061
2.5744	0.10211760085005
2.5904	0.101651947326843
2.6064	0.101211535308266
2.6224	0.100797299905722
2.6384	0.100410314352729
2.6544	0.100051876998748
2.6704	0.0997235684055227
2.6864	0.0994272776649865
2.7024	0.0991651752659521
2.7184	0.0989396491812755
2.7344	0.0987531954894507
2.7504	0.0986082865797044
2.7664	0.0985072391461586
2.7824	0.098452135421752
2.7984	0.0984447721421731
2.8144	0.0984865856458441
2.8304	0.0985785649036899
2.8464	0.0987211724433905
2.8624	0.0989142563120993
2.8784	0.0991569968007013
2.8944	0.0994479112301434
2.9104	0.0997849215578412
2.9264	0.100165444903496
2.9424	0.100586506028577
2.9584	0.101044826758809
2.9744	0.101536895306594
2.9904	0.10205902284001
3.0064	0.102607423449982
3.0224	0.103178317015647
3.0384	0.103768044470385
3.0544	0.104373175187121
3.0704	0.104990603507375
3.0864	0.105617563773421
3.1024	0.106251535919512
3.1184	0.106890089917783
3.1344	0.107530724994135
3.1504	0.108170671687176
3.1664	0.108806744618789
3.1824	0.109435261488898
3.1984	0.110052025646709
3.2144	0.110652399273789
3.2304	0.111231477894336
3.2464	0.111784257477822
3.2624	0.11230575299696
3.2784	0.112791062440678
3.2944	0.113235344872976
3.3104	0.113633756101791
3.3264	0.113981483059973
3.3424	0.114273887313175
3.3584	0.114506723890088
3.3744	0.114676451305499
3.3904	0.114780507699081
3.4064	0.114817439148311
3.4224	0.11478690715596
3.4384	0.114689597542238
3.4544	0.11452700715779
3.4704	0.114301258987865
3.4864	0.114015002846727
3.5024	0.113671344623825
3.5184	0.113273780694769
3.5344	0.112826178657883
3.5504	0.112332733514592
3.5664	0.11179787481899
3.5824	0.111226185499916
3.5984	0.110622317167284
3.6144	0.109990816085215
3.6304	0.109335918215876
3.6464	0.108661359844419
3.6624	0.107970214266118
3.6784	0.107264796619617
3.6944	0.106546691064338
3.7104	0.105816855687749
3.7264	0.105075756133402
3.7424	0.104323543189963
3.7584	0.103560227615915
3.7744	0.102785793337063
3.7904	0.102000269068441
3.8064	0.101203793335316
3.8224	0.10039664989516
3.8384	0.099579276628603
3.8544	0.0987522848301126
3.8704	0.0979164563267574
3.8864	0.0970727268040292
3.9024	0.0962222082696229
3.9184	0.0953662610794765
3.9344	0.0945065750297687
3.9504	0.093645271698918
3.9664	0.0927850019065559
3.9824	0.0919289604780289
3.9984	0.0910808073282254
4.0144	0.0902445493209214
4.0304	0.0894243783486246
4.0464	0.0886245252770976
4.0624	0.0878492166391851
4.0784	0.087102705861561
4.0944	0.0863892966154935
4.1104	0.0857133761306983
4.1264	0.0850794112576523
4.1424	0.0844918451997358
4.1584	0.0839549554575711
4.1744	0.0834727748121367
4.1904	0.0830490134888322
4.2064	0.0826870005980709
4.2224	0.082389647042902
4.2384	0.0821593791908484
4.2544	0.0819980550884054
4.2704	0.08190695311729
4.2864	0.0818868206951464
4.3024	0.0819379384477728
4.3184	0.08206022756886
4.3344	0.0822533184705208
4.3504	0.0825165067834064
4.3664	0.0828486287740731
4.3824	0.0832479395939458
4.3984	0.0837120314612605
4.4144	0.0842378378298321
4.4304	0.0848217258328035
4.4464	0.0854596188775929
4.4624	0.0861470750586903
4.4784	0.0868793226234814
4.4944	0.0876512607416515
4.5104	0.0884574914564382
4.5264	0.0892923806745216
4.5424	0.0901501944489667
4.5584	0.0910252994742606
4.5744	0.0919123827626365
4.5904	0.0928066379230046
4.6064	0.093703901938639
4.6224	0.0946007303698764
4.6384	0.095494433645257
4.6544	0.0963830999952364
4.6704	0.0972655798628352
4.6864	0.0981414224491743
4.7024	0.0990108038954247
4.7184	0.0998744772685853
4.7344	0.100733730627212
4.7504	0.101590374400459
4.7664	0.102446737219893
4.7824	0.103305636481394
4.7984	0.104170269650169
4.8144	0.105044029560545
4.8304	0.105930250081499
4.8464	0.106831945787491
4.8624	0.107751579790673
4.8784	0.108690885797728
4.8944	0.109650762447444
4.9104	0.11063127133059
4.9264	0.111631707350881
4.9424	0.112650717707226
4.9584	0.113686434476165
4.9744	0.114736642210929
4.9904	0.11579893683647
5.0064	0.116870869371709
5.0224	0.117950026704946
5.0384	0.119034013302681
5.0544	0.120120332009009
5.0704	0.121206230169818
5.0864	0.122288572453542
5.1024	0.123363724363358
5.1184	0.124427523954751
5.1344	0.125475300055214
5.1504	0.126501868994225
5.1664	0.127501485173539
5.1824	0.128467741770606
5.1984	0.12939347796798
5.2144	0.130270837787378
5.2304	0.131091550684559
5.2464	0.131847368059113
5.2624	0.132530627752757
5.2784	0.133134791602743
5.2944	0.133654754215129
5.3104	0.134086940668112
5.3264	0.134429261110469
5.3424	0.134681000580173
5.3584	0.134842739013152
5.3744	0.134916349028714
5.3904	0.134904983717647
5.4064	0.134813032331778
5.4224	0.134646018664981
5.4384	0.134410335962755
5.4544	0.134112884019046
5.4704	0.133760643934536
5.4864	0.133360238079902
5.5024	0.13291760895261
5.5184	0.132437782194401
5.5344	0.131924707331265
5.5504	0.131381264708196
5.5664	0.130809483083411
5.5824	0.130210775053243
5.5984	0.129586236564833
5.6144	0.128936937970352
5.6304	0.128264090580814
5.6464	0.127569000185829
5.6624	0.126852964708974
5.6784	0.126117157455624
5.6944	0.125362583933423
5.7104	0.124590143392425
5.7264	0.123800856606636
5.7424	0.122996091566861
5.7584	0.122177718166498
5.7744	0.121348130194932
5.7904	0.12051008904858
5.8064	0.119666382462711
5.8224	0.118819478621091
5.8384	0.117971300271478
5.8544	0.117123147707858
5.8704	0.116275757816837
5.8864	0.115429480904325
5.9024	0.114584472631037
5.9184	0.113740853881112
5.9344	0.11289881539291
5.9504	0.112058656804663
5.9664	0.111220777775344
5.9824	0.110385679025768
5.9984	0.109553972551922
6.0144	0.108726371785778
6.0304	0.107903667285058
6.0464	0.107086674987883
6.0624	0.106276164509282
6.0784	0.105472797531775
6.0944	0.104677112258884
6.1104	0.103889576284132
6.1264	0.10311070693794
6.1424	0.102341202115227
6.1584	0.101582039806971
6.1744	0.100834532879475
6.1904	0.100100332208584
6.2064	0.099381362035956
6.2224	0.0986797305277634
6.2384	0.0979976334351704
6.2544	0.0973372753277317
6.2704	0.0967008330940899
6.2864	0.0960904519913157
6.3024	0.0955082283167314
6.3184	0.0949561919339601
6.3344	0.0944362963608967
6.3504	0.0939503819022462
6.3664	0.09350014603136
6.3824	0.0930871604350472
6.3984	0.0927128846014398
6.4144	0.092378651966996
6.4304	0.0920856380180481
6.4464	0.0918347784177911
6.4624	0.0916266778263832
6.4784	0.0914615420314959
6.4944	0.0913391434951123
6.5104	0.0912588188345183
6.5264	0.0912195367668716
6.5424	0.0912199968086682
6.5584	0.0912587351004248
6.5744	0.0913342118113292
6.5904	0.0914448978568387
6.6064	0.0915893367208795
6.6224	0.0917662169376712
6.6384	0.0919744655178576
6.6544	0.0922133259866129
6.6704	0.0924823589478621
6.6864	0.0927813917810809
6.7024	0.0931104068918671
6.7184	0.0934693810960852
6.7344	0.0938580953991988
6.7504	0.0942760097715762
6.7664	0.0947222025816075
6.7824	0.0951953477311491
6.7984	0.0956937142770613
6.8144	0.0962151780443889
6.8304	0.0967572113814299
6.8464	0.0973168977551495
6.8624	0.0978910172563161
6.8784	0.098476204842683
6.8944	0.0990691564218906
6.9104	0.0996669020464367
6.9264	0.100267047745433
6.9424	0.100867885349999
6.9584	0.101468375129713
6.9744	0.102068039668367
6.9904	0.102666768082941
7.0064	0.103264594497816
7.0224	0.103861523469661
7.0384	0.104457415998013
7.0544	0.105051959827207
7.0704	0.105644724637202
7.0864	0.10623525236123
7.1024	0.106823130084223
7.1184	0.107408035050327
7.1344	0.107989736508969
7.1504	0.108568055398464
7.1664	0.109142819609573
7.1824	0.109713836254343
7.1984	0.11028088060398
7.2144	0.110843742079084
7.2304	0.111402259910037
7.2464	0.111956317867907
7.2624	0.112505835330523
7.2784	0.113050743614579
7.2944	0.113590876624585
7.3104	0.11412588048222
7.3264	0.114655203438616
7.3424	0.11517811182803
7.3584	0.115693762719516
7.3744	0.11620138208275
7.3904	0.116700398695073
7.4064	0.117190506166892
7.4224	0.117671772140824
7.4384	0.118144702970369
7.4544	0.118610173232128
7.4704	0.119069337044195
7.4864	0.119523505896652
7.5024	0.11997390963721
7.5184	0.120421464937962
7.5344	0.120866651539231
7.5504	0.121309465211255
7.5664	0.121749493968665
7.5824	0.122186178598795
7.5984	0.12261920617992
7.6144	0.123048940986564
7.6304	0.123476810015418
7.6464	0.123905524733473
7.6624	0.124339088498289
7.6784	0.124782620548842
7.6944	0.125242103331104
7.7104	0.125724086630711
7.7264	0.126235402269657
7.7424	0.126782935184039
7.7584	0.12737347080683
7.7744	0.128013539675266
7.7904	0.128709244410516
7.8064	0.129466052429507
7.8224	0.130288613484908
7.8384	0.131180638205095
7.8544	0.13214483260721
7.8704	0.133182832464854
7.8864	0.13429517770669
7.9024	0.135481232348425
7.9184	0.136738938390778
7.9344	0.138064461525801
7.9504	0.139451884840895
7.9664	0.140893076426963
7.9824	0.14237781880756
7.9984	0.143894334508687
8.0144	0.145430090056436
8.0304	0.146972766946703
8.0464	0.148511260792844
8.0624	0.150036441073183
8.0784	0.151541430731697
8.0944	0.153021596889459
8.1104	0.154474347176745
8.1264	0.155898761706283
8.1424	0.157295179259208
8.1584	0.158664952860534
8.1744	0.160010166396461
8.1904	0.161333242014649
8.2064	0.162636404549914
8.2224	0.163921180935247
8.2384	0.16518792927377
8.2544	0.166435601271374
8.2704	0.167661892789923
8.2864	0.168863708390134
8.3024	0.170037691265406
8.3184	0.171180759370387
8.3344	0.172290585655347
8.3504	0.173365927841061
8.3664	0.17440679193551
8.3824	0.175414636297148
8.3984	0.176392604907136
8.4144	0.177345719706167
8.4304	0.178281038529462
8.4464	0.179207584986301
8.4624	0.180135983344002
8.4784	0.181077954412984
8.4944	0.182045683296309
8.5104	0.183051159820565
8.5264	0.184105636888319
8.5424	0.185219222590675
8.5584	0.186400598894181
8.5744	0.187656887744666
8.5904	0.188993638064488
8.6064	0.19041493288772
8.6224	0.191923625714054
8.6384	0.193521419731553
8.6544	0.195208583482312
8.6704	0.196983442257405
8.6864	0.198841910776679
8.7024	0.200777147881183
8.7184	0.202779428091802
8.7344	0.204836508377099
8.7504	0.20693447787734
8.7664	0.209058908061635
8.7824	0.211196025532956
8.7984	0.213333831911328
8.8144	0.215463187535647
8.8304	0.217578491758061
8.8464	0.21967793517949
8.8624	0.221763369336273
8.8784	0.22383970908632
8.8944	0.225913877087365
8.9104	0.227993625204917
8.9264	0.230086381251482
8.9424	0.232197960463509
8.9584	0.234331511788199
8.9744	0.236486871723784
8.9904	0.238660100045337
9.0064	0.240843393950158
9.0224	0.243025348576666
9.0384	0.245191532369006
9.0544	0.247325183715148
9.0704	0.249408177173521
9.0864	0.251421774064895
9.1024	0.253347067722942
9.1184	0.255164818823616
9.1344	0.256854936063817
9.1504	0.258395891788766
9.1664	0.259764393770368
9.1824	0.260935291805495
9.1984	0.261882006002978
9.2144	0.262577402746359
9.2304	0.262994598080397
9.2464	0.263107482895379
9.2624	0.262891409384522
9.2784	0.26232399276401
9.2944	0.261385972630933
9.3104	0.260062131344313
9.3264	0.258342203105983
9.3424	0.256221753619741
9.3584	0.253702739988114
9.3744	0.250793587550078
9.3904	0.247508926958417
9.4064	0.2438694035732
9.4224	0.239901359432054
9.4384	0.235636356681553
9.4544	0.231110363128693
9.4704	0.226362752487105
9.4864	0.221434944104161
9.5024	0.216369076299628
9.5184	0.211206886235573
9.5344	0.205989026088687
9.5504	0.20075492353719
9.5664	0.335516619279275
9.5824	0.317657666150382
9.5984	0.300764665103685
9.6144	0.284971225828059
9.6304	0.270384214685151
9.6464	0.257079529489971
9.6624	0.245100714422193
9.6784	0.234460712672131
9.6944	0.225145725414478
9.7104	0.217120069115737
9.7264	0.210331343007311
9.7424	0.204714833834856
9.7584	0.20019721677707
9.7744	0.196699695322451
9.7904	0.194140768511403
9.8064	0.192438814173244
9.8224	0.191514552917994
9.8384	0.191293057757349
9.8544	0.191705178968988
9.8704	0.192688350961845
9.8864	0.194186880973831
9.9024	0.196151876168557
9.9184	0.198540879746389
9.9344	0.201317304429409
9.9504	0.204449611166098
9.9664	0.207910149182595
9.9824	0.211673814074317
9.9984	0.215716748083793
10.0144	0.220015084603489
10.0304	0.224543979398987
10.0464	0.229277091109708
10.0624	0.234186297614002
10.0784	0.239241642372264
10.0944	0.244411676788587
10.1104	0.249664067451505
10.1264	0.25496631626541
10.1424	0.260286761580375
10.1584	0.265595688288755
10.1744	0.270866421767238
10.1904	0.276076161417706
10.2064	0.281206235361225
10.2224	0.286241712472162
10.2384	0.291170920434553
10.2544	0.295984941120906
10.2704	0.300677185537467
10.2864	0.305243345025502
10.3024	0.30968157864632
10.3184	0.313992519027835
10.3344	0.318179116695234
10.3504	0.322246229006197
10.3664	0.326199846363608
10.3824	0.330046304159765
10.3984	0.333791807523909
10.4144	0.337442130642813
10.4304	0.341002343788404
10.4464	0.344476656239436
10.4624	0.347868113303576
10.4784	0.351177929659144
10.4944	0.354404624351133
10.5104	0.357543345004984
10.5264	0.360585416138207
10.5424	0.363518282042975
10.5584	0.366325865730772
10.5744	0.36898931061009
10.5904	0.371487831111409
10.6064	0.373799568283431
10.6224	0.375902427524949
10.6384	0.377774907626673
10.6544	0.379396969712076
10.6704	0.380750991178701
10.6864	0.381822677017425
10.7024	0.382601754604963
10.7184	0.38308236928637
10.7344	0.383263174955147
10.7504	0.383147211623708
10.7664	0.382741745025186
10.7824	0.382058170395823
10.7984	0.381111953148121
10.8144	0.379922499037235
10.8304	0.378512863034558
10.8464	0.376909237106617
10.8624	0.375140276876408
10.8784	0.373236375644552
10.8944	0.371229042233807
10.9104	0.369150419555496
10.9264	0.367032843567785
10.9424	0.364908349855369
10.9584	0.362808091925814
10.9744	0.360761682962817
10.9904	0.35879650533289
11.0064	0.356937092164145
11.0224	0.35520462182248
11.0384	0.353616481942282
11.0544	0.352185920881794
11.0704	0.350921751051857
11.0864	0.349828059109001
11.1024	0.348904043654585
11.1184	0.348144074756561
11.1344	0.347537986033814
11.1504	0.347071686510191
11.1664	0.346728154137253
11.1824	0.346488648158669
11.1984	0.346333954893424
11.2144	0.346245511239459
11.2304	0.346206248095115
11.2464	0.346201108271288
11.2624	0.346217285958829
11.2784	0.346244257479697
11.2944	0.346273698672718
11.3104	0.346299363502766
11.3264	0.346316966709338
11.3424	0.34632409769867
11.3584	0.346320143025508
11.3744	0.346306161688489
11.3904	0.346284677586226
11.4064	0.346259333896768
11.4224	0.346234389021305
11.4384	0.346214092881979
11.4544	0.346202052218104
11.4704	0.34620071898766
11.4864	0.346211108862775
11.5024	0.346232781549503
11.5184	0.346264046116772
11.5344	0.346302307052753
11.5504	0.346344460501399
11.5664	0.346387272693704
11.5824	0.346427693300683
11.5984	0.346463092690186
11.6144	0.346491418030865
11.6304	0.346511266683223
11.6464	0.34652189796472
11.6624	0.346523214861605
11.6784	0.346515711903891
11.6944	0.346500394854985
11.7104	0.346478683811853
11.7264	0.346452283942057
11.7424	0.346423015130853
11.7584	0.346392623484888
11.7744	0.346362607329382
11.7904	0.346334086934718
11.8064	0.346307762108125
11.8224	0.346283963728098
11.8384	0.34626277292918
11.8544	0.346244167645892
11.8704	0.346228184994885
11.8864	0.34621507638937
11.9024	0.34620543863204
11.9184	0.346200318625307
11.9344	0.346201289475033
11.9504	0.346210473838909
11.9664	0.346230495629101
11.9824	0.346264352495183
11.9984	0.346315215086662
12.0144	0.346386190586458
12.0304	0.34648009642936
12.0464	0.346599311990389
12.0624	0.346745738167186
12.0784	0.346920867190164
12.0944	0.347125912417624
12.1104	0.34736191855481
12.1264	0.3476297608415
12.1424	0.347930032821836
12.1584	0.348262823587305
12.1744	0.348627446512722
12.1904	0.349022256627023
12.2064	0.349444635423112
12.2224	0.349891069263577
12.2384	0.350357287519017
12.2544	0.350838419975474
12.2704	0.351329042230617
12.2864	0.351823090310603
12.3024	0.352313714619441
12.3184	0.352793114081834
12.3344	0.353252476243682
12.3504	0.353682072353962
12.3664	0.354071430226696
12.3824	0.354409548769951
12.3984	0.354685158920319
12.4144	0.354887061172377
12.4304	0.355004625177031
12.4464	0.355028403072964
12.4624	0.354950822466122
12.4784	0.354767008813695
12.4944	0.354475629834127
12.5104	0.354079547054283
12.5264	0.353586242204045
12.5424	0.353007912068762
12.5584	0.352361098373507
12.5744	0.351665785599295
12.5904	0.35094412108063
12.6064	0.350218886016563
12.6224	0.34951204844603
12.6384	0.348843598704917
12.6544	0.348230683204605
12.6704	0.347687086854279
12.6864	0.347223006050086
12.7024	0.346844956344711
12.7184	0.346555795135458
12.7344	0.346354885231136
12.7504	0.346238418168099
12.7664	0.346199903272208
12.7824	0.346230778790897
12.7984	0.346321042734445
12.8144	0.346459829111978
12.8304	0.346635869426706
12.8464	0.34683783566382
12.8624	0.347054615243081
12.8784	0.347275561490932
12.8944	0.347490753573794
12.9104	0.347691276894665
12.9264	0.34786948175784
12.9424	0.34801919704816
12.9584	0.348135881991169
12.9744	0.348216663972408
12.9904	0.348260294374569
13.0064	0.348267029255936
13.0224	0.348238411832796
13.0384	0.348176996951764
13.0544	0.348086092753448
13.0704	0.347969518260498
13.0864	0.347831396760313
13.1024	0.347676027668427
13.1184	0.34750781039358
13.1344	0.34733119972455
13.1504	0.347150713356967
13.1664	0.346970993479687
13.1824	0.346796894420578
13.1984	0.346633599691614
13.2144	0.346486775675118
13.2304	0.346362733579014
13.2464	0.346268563013638
13.2624	0.346212194022797
13.2784	0.346202339516054
13.2944	0.346248298962138
13.3104	0.346359646681748
13.3264	0.346545861769215
13.3424	0.346815973015538
13.3584	0.347178287858213
13.3744	0.347640209755099
13.3904	0.348208032185852
13.4064	0.348886598602775
13.4224	0.349678768502514
13.4384	0.350584642335349
13.4544	0.351600641399756
13.4704	0.352718741861139
13.4864	0.353926196997492
13.5024	0.35520590320661
13.5184	0.356537450069965
13.5344	0.357898665551119
13.5504	0.359267337016007
13.5664	0.360622617768371
13.5824	0.361945946176803
13.5984	0.363221375138806
13.6144	0.364435360256749
13.6304	0.365576237888519
13.6464	0.366633832211875
13.6624	0.367599109676888
13.6784	0.368463911004795
13.6944	0.369220671700049
13.7104	0.369862164254101
13.7264	0.370381045711184
13.7424	0.370769517267973
13.7584	0.371019228862252
13.7744	0.371121629345424
13.7904	0.371068947137331
13.8064	0.370855633848493
13.8224	0.370479804207065
13.8384	0.369944417059372
13.8544	0.369257827138284
13.8704	0.368433433037666
13.8864	0.367488570214761
13.9024	0.366442898340182
13.9184	0.365316612359862
13.9344	0.364129107471939
13.9504	0.362898288722221
13.9664	0.361640337162072
13.9824	0.360369847919429
13.9984	0.359100226088827
14.0144	0.357844030912844
14.0304	0.356612980718666
14.0464	0.355417806728752
14.0624	0.354268095115145
14.0784	0.353172242458498
14.0944	0.352137626499399
14.1104	0.35117089975742
14.1264	0.350278249485228
14.1424	0.34946550789212
14.1584	0.348737993089543
14.1744	0.348100147626809
14.1904	0.347555094316959
14.2064	0.347104282829008
14.2224	0.346747389713897
14.2384	0.346482503012083
14.2544	0.346306492676973
14.2704	0.346215468907388
14.2864	0.346205219209963
14.3024	0.346271532716884
14.3184	0.346410396144876
14.3344	0.346618087731173
14.3504	0.346891198846862
14.3664	0.347226618012456
14.3824	0.34762148520079
14.3984	0.348073138466162
14.4144	0.348579088772027
14.4304	0.349136998107412
14.4464	0.349744648858149
14.4624	0.350399952094477
14.4784	0.351100966422592
14.4944	0.351845846207056
14.5104	0.352632741435201
14.5264	0.353459656505294
14.5424	0.354324295021826
14.5584	0.355223918443841
14.5744	0.356155372977554
14.5904	0.357115228704316
14.6064	0.358099946809347
14.6224	0.359106056674506
14.6384	0.360130292362243
14.6544	0.361169554535621
14.6704	0.362220783983645
14.6864	0.363280793684709
14.7024	0.36434611182014
14.7184	0.365412896720187
14.7344	0.366477050334112
14.7504	0.367534450214947
14.7664	0.368581145816592
14.7824	0.36961344648617
14.7984	0.37062790182037
14.8144	0.371621189954197
14.8304	0.372589915838915
14.8464	0.373530454453913
14.8624	0.374438958424633
14.8784	0.375311518124391
14.8944	0.376144403248844
14.9104	0.376934393820108
14.9264	0.377679033324313
14.9424	0.378376728344477
14.9584	0.379026695324825
14.9744	0.379628778379839
14.9904	0.380183165744285
15.0064	0.380690186841576
15.0224	0.381150209592391
15.0384	0.381563592573769
15.0544	0.381930685370122
15.0704	0.382251855734609
15.0864	0.382527511668542
15.1024	0.382758130008511
15.1184	0.382944297358364
15.1344	0.383086778886565
15.1504	0.383186633637052
15.1664	0.383245336261183
15.1824	0.383264845527407
15.1984	0.383247588048818
15.2144	0.383196342419325
15.2304	0.383114053912465
15.2464	0.383003656561442
15.2624	0.382867979957524
15.2784	0.382709783760362
15.2944	0.382531911464895
15.3104	0.382337481962196
15.3264	0.382130057111311
15.3424	0.381913692470363
15.3584	0.381692846066159
15.3744	0.381472191708809
15.3904	0.381256457414707
15.4064	0.381050329912824
15.4224	0.380858486430299
15.4384	0.380685685138218
15.4544	0.380536866261394
15.4704	0.380417146808469
15.4864	0.380331668556124
15.5024	0.380285255118253
15.5184	0.380282001073539
15.5344	0.380324833981803
15.5504	0.380415153607288
15.5664	0.380552589305722
15.5824	0.380734909204108
15.5984	0.380958024296689
15.6144	0.381216058132878
15.6304	0.381501386810413
15.6464	0.381804645164067
15.6624	0.382114676761915
15.6784	0.382418446750393
15.6944	0.382700973702384
15.7104	0.382945362111599
15.7264	0.383132979156215
15.7424	0.383243816342457
15.7584	0.383257024066353
15.7744	0.383151586588241
15.7904	0.382907141223797
15.8064	0.382504941011831
15.8224	0.381928935465425
15.8384	0.381166906166158
15.8544	0.380211504400876
15.8704	0.379061051517994
15.8864	0.377719963831424
15.9024	0.376198751011117
15.9184	0.374513620349404
15.9344	0.37268581862574
15.9504	0.370740803095913
15.9664	0.368707385071531
15.9824	0.366616870732713
15.9984	0.364502222963807
16.0144	0.362397108698218
16.0304	0.360334773199071
16.0464	0.358346774101932
16.0624	0.356461747588952
16.0784	0.354704338744142
16.0944	0.353094456304603
16.1104	0.351646916952888
16.1264	0.350371472226044
16.1424	0.34927311952427
16.1584	0.348352574438451
16.1744	0.347606796957649
16.1904	0.347029600544232
16.2064	0.346612364191145
16.2224	0.346344821190172
16.2384	0.346215875290369
16.2544	0.346214356566605
16.2704	0.346329587477356
16.2864	0.346551712265494
16.3024	0.346871806319001
16.3184	0.347281846864263
16.3344	0.347774627073562
16.3504	0.348343642759033
16.3664	0.348982982979265
16.3824	0.349687240757163
16.3984	0.350451376171662
16.4144	0.351270554150602
16.4304	0.352140028479283
16.4464	0.353054968976409
16.4624	0.354010317077183
16.4784	0.355000841797875
16.4944	0.356021280345516
16.5104	0.357066574514846
16.5264	0.358132370653692
16.5424	0.359215543028625
16.5584	0.360314500020849
16.5744	0.361429295287365
16.5904	0.362561506664832
16.6064	0.363713745831973
16.6224	0.36488913099592
16.6384	0.366090704347613
16.6544	0.367320913267775
16.6704	0.368581318998594
16.6864	0.369872758128537
16.7024	0.371195683177092
16.7184	0.372550769267519
16.7344	0.373939710963981
16.7504	0.375366083987473
16.7664	0.376835991300339
16.7824	0.378358300201029
16.7984	0.379944043224128
16.8144	0.381605388748284
16.8304	0.383354051957696
16.8464	0.38519948138881
16.8624	0.3871472366246
16.8784	0.389198269056948
16.8944	0.391349031833073
16.9104	0.393592168251615
16.9264	0.395917616301148
16.9424	0.398313695653002
16.9584	0.400767661566164
16.9744	0.403265926239641
16.9904	0.405793948158163
17.0064	0.408335621623138
17.0224	0.410872662108289
17.0384	0.413384970903195
17.0544	0.415851592543135
17.0704	0.418251900970148
17.0864	0.420567167952782
17.1024	0.422781930387913
17.1184	0.424884586283696
17.1344	0.426867341064025
17.1504	0.428726089201263
17.1664	0.430460004707498
17.1824	0.432071581871895
17.1984	0.433567324479981
17.2144	0.434958517949241
17.2304	0.436261380524769
17.2464	0.437496648053383
17.2624	0.438687888757016
17.2784	0.439858503947363
17.2944	0.441028094706866
17.3104	0.442208934091269
17.3264	0.44340291911638
17.3424	0.444600559568556
17.3584	0.445781776926566
17.3744	0.446918292166487
17.3904	0.44797729754751
17.4064	0.448925575177924
17.4224	0.449732502252317
17.4384	0.450371815087664
17.4544	0.450821576940797
17.4704	0.451062537343859
17.4864	0.451076487802453
17.5024	0.450845982634036
17.5184	0.450354972614917
17.5344	0.449590144874122
17.5504	0.448542775373454
17.5664	0.447209531194716
17.5824	0.445591573658504
17.5984	0.443692694030375
17.6144	0.441516941031836
17.6304	0.439066857922711
17.6464	0.436343281427554
17.6624	0.433346525235066
17.6784	0.430078414261658
17.6944	0.426544678587874
17.7104	0.422756849560443
17.7264	0.41873335421522
17.7424	0.414499645883353
17.7584	0.410087520862561
17.7744	0.405534452253818
17.7904	0.400882812958656
17.8064	0.396178880964243
17.8224	0.391471757597543
17.8384	0.386812193876466
17.8544	0.382250869168132
17.8704	0.377836393050274
17.8864	0.373613592764713
17.9024	0.369622050742549
17.9184	0.365895035924126
17.9344	0.362459333566079
17.9504	0.35933563418493
17.9664	0.356539056395292
17.9824	0.354079735759427
17.9984	0.351963237487922
18.0144	0.350190628556021
18.0304	0.348758382743284
18.0464	0.347658367062053
18.0624	0.346878007795368
18.0784	0.346400736276934
18.0944	0.346206720061701
18.1104	0.346273797861585
18.1264	0.346578466657576
18.1424	0.347096786453648
18.1584	0.347805091650713
18.1744	0.348680453730736
18.1904	0.349700913826183
18.2064	0.350845550377272
18.2224	0.352094434164684
18.2384	0.35342852262707
18.2544	0.354829626379086
18.2704	0.356280410141181
18.2864	0.357764404376695
18.3024	0.359266099189853
18.3184	0.360771073220832
18.3344	0.362265998302263
18.3504	0.363738584363063
18.3664	0.365177595396204
18.3824	0.366572844286026
18.3984	0.367915166788663
18.4144	0.369196549336749
18.4304	0.370410362770457
18.4464	0.371551536344242
18.4624	0.372616726702603
18.4784	0.373604398540778
18.4944	0.374514710026659
18.5104	0.37534928034475
18.5264	0.376110914748295
18.5424	0.376803294555742
18.5584	0.377430707943148
18.5744	0.377997848574211
18.5904	0.378509650474058
18.6064	0.378971120151647
18.6224	0.379387195278156
18.6384	0.379762620129696
18.6544	0.380101857203186
18.6704	0.380409023208841
18.6864	0.380687823334966
18.7024	0.380941511127133
18.7184	0.381172888369946
18.7344	0.381384306173146
18.7504	0.381577702792953
18.7664	0.381754680434341
18.7824	0.381916580398098
18.7984	0.382064553506694
18.8144	0.382199643861696
18.8304	0.382322857244873
18.8464	0.382435203161805
18.8624	0.382537731242309
18.8784	0.382631542871735
18.8944	0.382717765113483
18.9104	0.382797485984867
18.9264	0.382871650334351
18.9424	0.382940934907225
18.9584	0.383005628286725
18.9744	0.383065540814727
18.9904	0.383119978778637
19.0064	0.383167817724626
19.0224	0.383207652999687
19.0384	0.383237988647494
19.0544	0.383257427448513
19.0704	0.383264809998508
19.0864	0.383259279100372
19.1024	0.383240287059863
19.1184	0.383207582273172
19.1344	0.517256717168813
19.1504	0.517768172089426
19.1664	0.518295734074137
19.1824	0.518833302644659
19.1984	0.519373377068838
19.2144	0.519907481029797
19.2304	0.5204267459305
19.2464	0.520922463980334
19.2624	0.521386388799321
19.2784	0.521810814311969
19.2944	0.522188485973636
19.3104	0.522512531784621
19.3264	0.522776551541249
19.3424	0.522975020867513
19.3584	0.52310390569361
19.3744	0.523161320622201
19.3904	0.523147947456103
19.4064	0.52306712381651
19.4224	0.522924493267418
19.4384	0.522727203987152
19.4544	0.522482888019233
19.4704	0.522198724934178
19.4864	0.521880693743846
19.5024	0.521533116453703
19.5184	0.521158667165743
19.5344	0.520758752621695
19.5504	0.520334094294505
19.5664	0.519885376492503
19.5824	0.519413762885954
19.5984	0.51892109658133
19.6144	0.518409896956221
19.6304	0.517883231444365
19.6464	0.517344518111493
19.6624	0.516797470723397
19.6784	0.516246275499434
19.6944	0.515695809982638
19.7104	0.515151844086652
19.7264	0.514621150700741
19.7424	0.514111419727577
19.7584	0.513631007723383
19.7744	0.5131886716864
19.7904	0.51279329515048
19.8064	0.512453675714049
19.8224	0.512178430974494
19.8384	0.511975937384314
19.8544	0.511854174618556
19.8704	0.511820475725237
19.8864	0.511881167557711
19.9024	0.512041112485768
19.9184	0.512303222084533
19.9344	0.512668002601437
19.9504	0.513133196594033
19.9664	0.513693570849675
19.9824	0.514340871545336
19.9984	0.515063964153676
20.0144	0.51584920963834
20.0304	0.516681018907597
20.0464	0.517542525285513
20.0624	0.518416305197569
20.0784	0.519285105614976
20.0944	0.520132452649541
20.1104	0.520943143688747
20.1264	0.521703610611176
20.1424	0.522402200326034
20.1584	0.523029375112252
20.1744	0.523577852847289
20.1904	0.52404260259339
20.2064	0.524420725808035
20.2224	0.524711184133771
20.2384	0.52491433052024
20.2544	0.525031359905817
20.2704	0.525063886502302
20.2864	0.525013549236242
20.3024	0.524881810114771
20.3184	0.524670110903607
20.3344	0.524380227689598
20.3504	0.524014630566008
20.3664	0.523576947016885
20.3824	0.5230723337447
20.3984	0.522507538501308
20.4144	0.521890734744311
20.4304	0.521231162381149
20.4464	0.520538563511941
20.4624	0.519822656766515
20.4784	0.519092801827803
20.4944	0.518357781754794
20.5104	0.517625772409197
20.5264	0.516904553009987
20.5424	0.516201761542753
20.5584	0.515525092811195
20.5744	0.514882425361741
20.5904	0.514281807752575
20.6064	0.513731270050904
20.6224	0.513238528669127
20.6384	0.512810663315584
20.6544	0.512453824609999
20.6704	0.512173038158373
20.6864	0.511972141967355
20.7024	0.511853875456033
20.7184	0.511820106865223
20.7344	0.511872126378385
20.7504	0.512010904771437
20.7664	0.51223723928539
20.7824	0.512551737693137
20.7984	0.512954641607799
20.8144	0.51344554606262
20.8304	0.514023071347943
20.8464	0.514684540854908
20.8624	0.515425704334511
20.8784	0.516240554456139
20.8944	0.517121185034277
20.9104	0.518057722719412
20.9264	0.519038388630911
20.9424	0.520049779832355
20.9584	0.521077376482928
20.9744	0.52210636265216
20.9904	0.523122627376786
21.0064	0.524113667621428
21.0224	0.525069221837235
21.0384	0.525981546977526
21.0544	0.526845141837903
21.0704	0.527656068332412
21.0864	0.528411210794381
21.1024	0.529107679081129
21.1184	0.529742474995821
21.1344	0.530312537173138
21.1504	0.530815151605175
21.1664	0.531248557571253
21.1824	0.531612363736762
21.1984	0.531907697232405
21.2144	0.532137195058489
21.2304	0.532304680235846
21.2464	0.532414547679146
21.2624	0.532471239959058
21.2784	0.532478876180541
21.2944	0.532440961577159
21.3104	0.532360411595199
21.3264	0.53223986004442
21.3424	0.532081823127065
21.3584	0.531888693326415
21.3744	0.531662769870742
21.3904	0.531406040897558
21.4064	0.531119891936022
21.4224	0.530805075863306
21.4384	0.530461829701942
21.4544	0.530090048241028
21.4704	0.52968963372313
21.4864	0.529260854228973
21.5024	0.528804533332895
21.5184	0.528322188130382
21.5344	0.52781615102618
21.5504	0.527289574281532
21.5664	0.52674635723951
21.5824	0.526191054972649
21.5984	0.52562879207165
21.6144	0.525065106767038
21.6304	0.524505820806702
21.6464	0.523956906514435
21.6624	0.52342434334917
21.6784	0.52291388574131
21.6944	0.52243074676786
21.7104	0.521979217379673
21.7264	0.521562269568541
21.7424	0.521181308798241
21.7584	0.520836194317546
21.7744	0.520525434841609
21.7904	0.520246517012573
21.8064	0.519996338989294
21.8224	0.519771451044043
21.8384	0.519568036943305
21.8544	0.519381783202483
21.8704	0.519207730328468
21.8864	0.519040098999049
21.9024	0.518872328059366
21.9184	0.518697380670453
21.9344	0.518508214771408
21.9504	0.518298284797034
21.9664	0.518062014212326
21.9824	0.517795070775968
21.9984	0.517494533563514
22.0144	0.51715902085666
22.0304	0.516788835502943
22.0464	0.516386138415079
22.0624	0.515955149501941
22.0784	0.515502198731717
22.0944	0.51503558204292
22.1104	0.514565189270108
22.1264	0.514101917179339
22.1424	0.513657005995078
22.1584	0.513241374450608
22.1744	0.512865043389333
22.1904	0.512536741717007
22.2064	0.512263762549487
22.2224	0.512052010085078
22.2384	0.511906219896865
22.2544	0.511830318204836
22.2704	0.511827848312215
22.2864	0.511902388382914
22.3024	0.512057897149198
22.3184	0.512298949754133
22.3344	0.512630876713963
22.3504	0.513059824357718
22.3664	0.513592735521861
22.3824	0.514237264786694
22.3984	0.515001569675668
22.4144	0.515893972714458
22.4304	0.516922524698906
22.4464	0.518094511310714
22.4624	0.519415915982016
22.4784	0.520890938945051
22.4944	0.522521577538733
22.5104	0.524307242093336
22.5264	0.526244503255178
22.5424	0.528327113572225
22.5584	0.53054622017742
22.5744	0.532890899592211
22.5904	0.535349017521852
22.6064	0.537908148228546
22.6224	0.540556390774462
22.6384	0.543282998891165
22.6544	0.546078544477808
22.6704	0.548934597680464
22.6864	0.551843327443137
22.7024	0.5547970557854
22.7184	0.557787826722965
22.7344	0.560807193300221
22.7504	0.563846159726246
22.7664	0.566895189839705
22.7824	0.569944372235092
22.7984	0.572983548237197
22.8144	0.576002359225321
22.8304	0.578990475019282
22.8464	0.581937949483581
22.8624	0.584835461878178
22.8784	0.587674626109376
22.8944	0.590448216694242
22.9104	0.593150059770274
22.9264	0.595774725402492
22.9424	0.598317231922437
22.9584	0.600772740084075
22.9744	0.603136471595306
22.9904	0.605403965873528
23.0064	0.607571448141819
23.0224	0.609636119517837
23.0384	0.611596356529574
23.0544	0.613451711503217
23.0704	0.61520261051762
23.0864	0.616850031886855
23.1024	0.618395438142407
23.1184	0.619840880301105
23.1344	0.621189202502229
23.1504	0.622444323327997
23.1664	0.623611334315129
23.1824	0.624696275434552
23.1984	0.62570565814562
23.2144	0.626645888287108
23.2304	0.627522721116755
23.2464	0.628340865423233
23.2624	0.629103809199215
23.2784	0.629813900464299
23.2944	0.630472615937201
23.3104	0.631080931942002
23.3264	0.631639706252905
23.3424	0.632150036642827
23.3584	0.632613498421243
23.3744	0.633032232826508
23.3904	0.633408858725787
23.4064	0.633746187050065
23.4224	0.634046860555124
23.4384	0.634313039603363
23.4544	0.634546179895722
23.4704	0.634747009388711
23.4864	0.634915762241299
23.5024	0.635052457667364
23.5184	0.635157091847873
23.5344	0.635229722523945
23.5504	0.635270352845993
23.5664	0.635278621190373
23.5824	0.635253541701665
23.5984	0.635193418337224
23.6144	0.635095901838859
23.6304	0.634958315292359
23.6464	0.634778196104513
23.6624	0.634553785646098
23.6784	0.634284441457737
23.6944	0.633970977262905
23.7104	0.633615782825991
23.7264	0.633222740119962
23.7424	0.632797076199658
23.7584	0.63234503097744
23.7744	0.631873466905034
23.7904	0.631389603934629
23.8064	0.630900802441253
23.8224	0.630414365914156
23.8384	0.629937463574493
23.8544	0.629477054156588
23.8704	0.629039705499451
23.8864	0.628631435816743
23.9024	0.62825753305637
23.9184	0.627922330234256
23.9344	0.627629134985987
23.9504	0.627380364809731
23.9664	0.627177728774292
23.9824	0.627022505496377
23.9984	0.626915914580678
24.0144	0.626859438732176
24.0304	0.626854968120853
24.0464	0.626904939817493
24.0624	0.627012380284363
24.0784	0.627180776877857
24.0944	0.627413763755655
24.1104	0.627714758872784
24.1264	0.628086407410819
24.1424	0.628530005869628
24.1584	0.629045085048311
24.1744	0.629629249340063
24.1904	0.630278216211707
24.2064	0.63098618309759
24.2224	0.631746420329513
24.2384	0.632551941498342
24.2544	0.633396084871471
24.2704	0.634272864910507
24.2864	0.635176965183675
24.3024	0.636103481973471
24.3184	0.637047536215412
24.3344	0.638003888304617
24.3504	0.638966767676521
24.3664	0.639930001495884
24.3824	0.640887359022102
24.3984	0.641833037357465
24.4144	0.642762148900538
24.4304	0.643671061708893
24.4464	0.644557531115133
24.4624	0.645420620382829
24.4784	0.646260441754606
24.4944	0.647077791779246
24.5104	0.647873813463747
24.5264	0.64864968731996
24.5424	0.64940638743596
24.5584	0.650144550551374
24.5744	0.650864484367645
24.5904	0.651566262761314
24.6064	0.652249862541133
24.6224	0.652915310954434
24.6384	0.653562854978659
24.6544	0.654193056146042
24.6704	0.654806772838938
24.6864	0.655405102025419
24.7024	0.655989337126528
24.7184	0.656560853023542
24.7344	0.657121051655942
24.7504	0.657671393938394
24.7664	0.658213464294299
24.7824	0.658749015598637
24.7984	0.659280007762732
24.8144	0.659808491923087
24.8304	0.660336338624226
24.8464	0.660864932408948
24.8624	0.661394845366566
24.8784	0.661925546657002
24.8944	0.662455304027539
24.9104	0.662981246096017
24.9264	0.663499502493352
24.9424	0.664005398455188
24.9584	0.664493615225105
24.9744	0.664958251149137
24.9904	0.665392820246439
25.0064	0.665790242982972
25.0224	0.666142834770554
25.0384	0.666442352600214
25.0544	0.666680088286761
25.0704	0.66684701636153
25.0864	0.666934019437868
25.1024	0.666932202482343
25.1184	0.666833289076735
25.1344	0.666630073427356
25.1504	0.666316856755159
25.1664	0.665889809236923
25.1824	0.665347220851658
25.1984	0.664689626493754
25.2144	0.663919841137478
25.2304	0.663042920424992
25.2464	0.662066065742003
25.2624	0.660998487598491
25.2784	0.659851194918062
25.2944	0.658636713751832
25.3104	0.657368770557305
25.3264	0.656061931852584
25.3424	0.65473120661397
25.3584	0.653391697067285
25.3744	0.652058242320937
25.3904	0.650745022853052
25.4064	0.649465199411075
25.4224	0.648230601304665
25.4384	0.647051469662802
25.4544	0.645936342876187
25.4704	0.644892037556762
25.4864	0.643923660851687
25.5024	0.643034718475949
25.5184	0.64222724826427
25.5344	0.641501865751515
25.5504	0.64085778499684
25.5664	0.64029286790079
25.5824	0.639803670320617
25.5984	0.639385547236294
25.6144	0.639032894562504
25.6304	0.638739486073792
25.6464	0.638498875628489
25.6624	0.63830479431148
25.6784	0.63815146856205
25.6944	0.638033842542605
25.7104	0.637947731004743
25.7264	0.637889896014428
25.7424	0.637858073717624
25.7584	0.637850984778876
25.7744	0.63786833501274
25.7904	0.637910795139568
25.8064	0.637979951593895
25.8224	0.638078212334733
25.8384	0.638208664230671
25.8544	0.638374887398868
25.8704	0.638580742565889
25.8864	0.63883014537052
25.9024	0.639126853653622
25.9184	0.639474268625456
25.9344	0.639875239188584
25.9504	0.640331886625937
25.9664	0.640845422727374
25.9824	0.641416002768693
25.9984	0.642042656177082
26.0144	0.642723343610044
26.0304	0.643455120234599
26.0464	0.644234399790413
26.0624	0.645057261655708
26.0784	0.645919739528782
26.0944	0.646818005683119
26.1104	0.647748438721347
26.1264	0.648707560869127
26.1424	0.64969190777385
26.1584	0.650697843628915
26.1744	0.651721363546361
26.1904	0.652757896217203
26.2064	0.65380219789018
26.2224	0.654848332058378
26.2384	0.655889747987963
26.2544	0.656919448252303
26.2704	0.65793019729815
26.2864	0.658914750444062
26.3024	0.659866069306041
26.3184	0.660777483654357
26.3344	0.661642813239169
26.3504	0.662456457457424
26.3664	0.663213441381231
26.3824	0.663909390756892
26.3984	0.66454048262834
26.4144	0.665103369047969
26.4304	0.66559510290903
26.4464	0.666013120085495
26.4624	0.666355294247303
26.4784	0.666620040177023
26.4944	0.666806437021251
26.5104	0.666914318037449
26.5264	0.666944277450085
26.5424	0.666897609525421
26.5584	0.666776213674112
26.5744	0.666582505597894
26.5904	0.666319362552009
26.6064	0.665990086472256
26.6224	0.665598359391836
26.6384	0.665148156189147
26.6544	0.66464357465145
26.6704	0.664088592680947
26.6864	0.663486851388384
26.7024	0.662841497847793
26.7184	0.662155119141772
26.7344	0.661429813026402
26.7504	0.660667391816318
26.7664	0.65986959674224
26.7824	0.659038321196554
26.7984	0.658175824933352
26.8144	0.657284890018701
26.8304	0.656368905611821
26.8464	0.655431953274082
26.8624	0.654478819529643
26.8784	0.653514895171973
26.8944	0.652546003354168
26.9104	0.651578130296095
26.9264	0.650617043005056
26.9424	0.649667934635623
26.9584	0.648735152212495
26.9744	0.647822021532882
26.9904	0.646930792753082
27.0064	0.646062715409535
27.0224	0.645218208147064
27.0384	0.644397117753662
27.0544	0.643599009081626
27.0704	0.642823455613744
27.0864	0.642070235092255
27.1024	0.641339385414902
27.1184	0.640631097526054
27.1344	0.639945576605101
27.1504	0.639282856176628
27.1664	0.638642676782872
27.1824	0.638024447318664
27.1984	0.63742738995424
27.2144	0.63685077305778
27.2304	0.636294181272142
27.2464	0.635757714313009
27.2624	0.635242123281301
27.2784	0.634748738282482
27.2944	0.634279279783151
27.3104	0.633835643472615
27.3264	0.633419766994848
27.3424	0.633033511122427
27.3584	0.632678756298176
27.3744	0.632357598625354
27.3904	0.632072590818694
27.4064	0.631826923371243
27.4224	0.631624513903908
27.4384	0.631469826571362
27.4544	0.631367515372453
27.4704	0.631321986765784
27.4864	0.63133691374145
27.5024	0.631414771122977
27.5184	0.631556576398431
27.5344	0.631761810755222
27.5504	0.632028555226348
27.5664	0.632353811017971
27.5824	0.632733975565102
27.5984	0.633165233182609
27.6144	0.633643814113832
27.6304	0.63416616163591
27.6464	0.634729023176142
27.6624	0.635329482572111
27.6784	0.635965094803872
27.6944	0.636634059301436
27.7104	0.637335332518283
27.7264	0.638068653554342
27.7424	0.638834402360544
27.7584	0.639633216391218
27.7744	0.64046546332105
27.7904	0.641330737707698
27.8064	0.642227416671069
27.8224	0.643152389137256
27.8384	0.644101053205411
27.8544	0.645067482321572
27.8704	0.646044661075216
27.8864	0.647024850554033
27.9024	0.648000050296126
27.9184	0.648962509231467
27.9344	0.649905227323735
27.9504	0.650822379433102
27.9664	0.651709540292515
27.9824	0.65256368589592
27.9984	0.653382951624707
28.0144	0.654166243456629
28.0304	0.654912815015457
28.0464	0.6556219231245
28.0624	0.656292653292525
28.0784	0.656923941549344
28.0944	0.657514736809603
28.1104	0.658064196307812
28.1264	0.658571848669773
28.1424	0.659037683871659
28.1584	0.659462124786351
28.1744	0.659845929266531
28.1904	0.660190094783523
28.2064	0.660495799488274
28.2224	0.660764369127563
28.2384	0.660997280865956
28.2544	0.661196191390395
28.2704	0.661362963691822
28.2864	0.661499673839984
28.3024	0.661608679391222
28.3184	0.66169274067699
28.3344	0.66175515469812
28.3504	0.661799882784464
28.3664	0.66183163103009
28.3824	0.661855765677075
28.3984	0.661878069478988
28.4144	0.661904389322153
28.4304	0.661940203429651
28.4464	0.661990195485451
28.4624	0.662057967908666
28.4784	0.662145919875549
28.4944	0.662255254146409
28.5104	0.662386063974083
28.5264	0.662537436589339
28.5424	0.662707562309777
28.5584	0.662893863678498
28.5744	0.663093185971668
28.5904	0.663302043827834
28.6064	0.66351691025335
28.6224	0.663734450907256
28.6384	0.663951684323521
28.6544	0.664166043227645
28.6704	0.664375355802484
28.6864	0.664577776495719
28.7024	0.832115867960397
28.7184	0.828355062379273
28.7344	0.824499693134726
28.7504	0.820593012311633
28.7664	0.816688194152789
28.7824	0.81284846685287
28.7984	0.809146070356633
28.8144	0.805660300737713
28.8304	0.802474285120411
28.8464	0.799670611391434
28.8624	0.797327623774322
28.8784	0.795516676250031
28.8944	0.794300084990141
28.9104	0.79373016518332
28.9264	0.793848947962601
28.9424	0.794687175249805
28.9584	0.796262778376672
28.9744	0.798578613698396
28.9904	0.801619576525241
29.0064	0.805350214468376
29.0224	0.809713813456142
29.0384	0.814633011426736
29.0544	0.820012527811173
29.0704	0.82574368778603
29.0864	0.831709964294419
29.1024	0.837792287827256
29.1184	0.84387343741048
29.1344	0.849841456040281
29.1504	0.855592365778534
29.1664	0.861031967532995
29.1824	0.866077311824824
29.1984	0.870658551146448
29.2144	0.874720578413985
29.2304	0.878223993886763
29.2464	0.881145519088591
29.2624	0.883477627049047
29.2784	0.885227270655946
29.2944	0.886414060504308
29.3104	0.887067986429543
29.3264	0.887226914792905
29.3424	0.886934143512576
29.3584	0.886235957346912
29.3744	0.885179279165982
29.3904	0.883809667897708
29.4064	0.882169824932475
29.4224	0.880298813018157
29.4384	0.878232162246036
29.4544	0.876002642445314
29.4704	0.873641427058487
29.4864	0.871179189610416
29.5024	0.868646736383994
29.5184	0.866075066197823
29.5344	0.863494889512936
29.5504	0.860935646284247
29.5664	0.858424337196197
29.5824	0.855984552908808
29.5984	0.853635860536883
29.6144	0.851393622847468
29.6304	0.849269194087469
29.6464	0.847270290119809
29.6624	0.845401400076639
29.6784	0.843664206371955
29.6944	0.842057877221464
29.7104	0.840579212306579
29.7264	0.839222884956939
29.7424	0.837981861370622
29.7584	0.836847928070597
29.7744	0.835812329673786
29.7904	0.834866357926217
29.8064	0.834001885856765
29.8224	0.833211736958106
29.8384	0.832489810656057
29.8544	0.831830893413439
29.8704	0.831230242683773
29.8864	0.830682976754929
29.9024	0.830183349563754
29.9184	0.82972402384155
29.9344	0.829295481918393
29.9504	0.828885621398399
29.9664	0.828479529099582
29.9824	0.828059373649353
29.9984	0.827604386799408
30.0144	0.827090976125987
30.0304	0.826493081648437
30.0464	0.825782840312854
30.0624	0.824931600665991
30.0784	0.82391121354101
30.0944	0.822695418151056
30.1104	0.821261152072225
30.1264	0.819589688864312
30.1424	0.817667538897126
30.1584	0.815487115325936
30.1744	0.81304724730137
30.1904	0.810353434893727
30.2064	0.807417600908479
30.2224	0.804257479315197
30.2384	0.800895744196964
30.2544	0.797358978446368
30.2704	0.793676762431346
30.2864	0.789881113700517
30.3024	0.786005859108059
30.3184	0.782086021611462
30.3344	0.778157466283005
30.3504	0.774256470191517
30.3664	0.770419221434508
30.3824	0.766681974331163
30.3984	0.763081579397635
30.4144	0.759655993672254
30.4304	0.756444926435393
30.4464	0.753490273366765
30.4624	0.75083560814835
30.4784	0.74852490311639
30.4944	0.74660022830119
30.5104	0.745098199799827
30.5264	0.744046574646177
30.5424	0.743461725182783
30.5584	0.743346516506222
30.5744	0.743689471336324
30.5904	0.744466118496689
30.6064	0.745641283930013
30.6224	0.747171879980101
30.6384	0.749010249627986
30.6544	0.751107208395638
30.6704	0.753414380865138
30.6864	0.755886340828852
30.7024	0.758481937378633
30.7184	0.761164908133992
30.7344	0.763904165620602
30.7504	0.766673787633749
30.7664	0.769452371932744
30.7824	0.77222242610776
30.7984	0.774969745383146
30.8144	0.777682802452887
30.8304	0.780351859923826
30.8464	0.782968086825235
30.8624	0.785522809092413
30.8784	0.788007149567761
30.8944	0.790412075678319
30.9104	0.792728950417654
30.9264	0.794950064736327
30.9424	0.79706905929595
30.9584	0.799081175477454
30.9744	0.800983277906994
30.9904	0.802773415207298
31.0064	0.804450411897392
31.0224	0.80601348358266
31.0384	0.80746205844423
31.0544	0.808795854811137
31.0704	0.810015154425741
31.0864	0.81112109331491
31.1024	0.812115974057065
31.1184	0.813003311236002
31.1344	0.813787598000658
31.1504	0.814473937566504
31.1664	0.815067657676195
31.1824	0.815573897536865
31.1984	0.815997415811921
31.2144	0.816342583131586
31.2304	0.816613592783483
31.2464	0.816814837614288
31.2624	0.81695129588968
31.2784	0.817028715629817
31.2944	0.817053695435675
31.3104	0.817033638608223
31.3264	0.816976512338783
31.3424	0.816890518126797
31.3584	0.816783753843652
31.3744	0.816663832688732
31.3904	0.81653756601338
31.4064	0.81641071557749
31.4224	0.816287846465343
31.4384	0.816172286558526
31.4544	0.816066076664242
31.4704	0.815969848285818
31.4864	0.81588269543488
31.5024	0.815802041931988
31.5184	0.815723565426538
31.5344	0.815641274977111
31.5504	0.815547860057791
31.5664	0.815435209091333
31.5824	0.815295015055995
31.5984	0.81511939897689
31.6144	0.814901346785405
31.6304	0.814634920165531
31.6464	0.814315379367031
31.6624	0.813939265733438
31.6784	0.813504392184655
31.6944	0.813009772965756
31.7104	0.8124554679531
31.7264	0.811842230252182
31.7424	0.811170945699246
31.7584	0.8104421618267
31.7744	0.809655829723056
31.7904	0.808811338666487
31.8064	0.807908024895255
31.8224	0.806946110817194
31.8384	0.805927663297894
31.8544	0.804857373631307
31.8704	0.803743007545904
31.8864	0.802595376259319
31.9024	0.801427970235522
31.9184	0.800256479966606
31.9344	0.79909836760396
31.9504	0.797972425595958
31.9664	0.796898293063691
31.9824	0.795895997373805
31.9984	0.794985384094502
32.0144	0.794185421223915
32.0304	0.793513513360608
32.0464	0.792985009752897
32.0624	0.792612752224954
32.0784	0.792406484456365
32.0944	0.792372243261866
32.1104	0.792511529989838
32.1264	0.792820011943945
32.1424	0.793286733619311
32.1584	0.7938945189793
32.1744	0.794621531540429
32.1904	0.795443922956906
32.2064	0.796339173018055
32.2224	0.797288751996234
32.2384	0.798279646087735
32.2544	0.799304649163219
32.2704	0.800361206132379
32.2864	0.801449317639594
32.3024	0.802569598627429
32.3184	0.803721867377931
32.3344	0.804904213909481
32.3504	0.806112836356419
32.3664	0.807342277619568
32.3824	0.808585804033896
32.3984	0.809835982113896
32.4144	0.811085436952339
32.4304	0.812327435841894
32.4464	0.81355636216847
32.4624	0.814767677049872
32.4784	0.815957482975023
32.4944	0.817121876676197
32.5104	0.81825637586519
32.5264	0.819355556624373
32.5424	0.820413207897332
32.5584	0.821422713173547
32.5744	0.822377542069148
32.5904	0.823271797357279
32.6064	0.824100783505287
32.6224	0.824861482615574
32.6384	0.825553041452054
32.6544	0.826177245831673
32.6704	0.826738914717112
32.6864	0.827246136702456
32.7024	0.827710281840041
32.7184	0.828145811639956
32.7344	0.828569989560606
32.7504	0.829002557667877
32.7664	0.829465396272212
32.7824	0.829982143197299
32.7984	0.83057769515915
32.8144	0.831277566508447
32.8304	0.832107124405979
32.8464	0.833090716597439
32.8624	0.834250749366106
32.8784	0.835606855827223
32.8944	0.837175125210592
32.9104	0.838967265651149
32.9264	0.84098961172333
32.9424	0.8432420380351
32.9584	0.845716806821997
32.9744	0.848397603785429
32.9904	0.85125914080993
33.0064	0.854267650674842
33.0224	0.857382275168561
33.0384	0.86055711400229
33.0544	0.863743456011775
33.0704	0.866891802967416
33.0864	0.869953382369999
33.1024	0.872881205835142
33.1184	0.875630759829278
33.1344	0.87816060565558
33.1504	0.880433179867282
33.1664	0.882415723885401
33.1824	0.884080906887561
33.1984	0.885407186040197
33.2144	0.886379031310867
33.2304	0.886987075654019
33.2464	0.887228309421403
33.2624	0.887106446705616
33.2784	0.88663240362223
33.2944	0.885824684928934
33.3104	0.884709440891015
33.3264	0.883320102437324
33.3424	0.881696654239136
33.3584	0.879884519609845
33.3744	0.877933136514571
33.3904	0.875894550382441
33.4064	0.873822167023832
33.4224	0.871769588810253
33.4384	0.869789559989499
33.4544	0.867932942936591
33.4704	0.866247740547237
33.4864	0.864778126241731
33.5024	0.863563206728372
33.5184	0.862635593647951
33.5344	0.862020257062909
33.5504	0.861733748647225
33.5664	0.861783369890304
33.5824	0.86216651146708
33.5984	0.862870521191667
33.6144	0.863873206221911
33.6304	0.865144173655494
33.6464	0.866646626838815
33.6624	0.868339250270196
33.6784	0.870177677784227
33.6944	0.872115410988386
33.7104	0.874104307335642
33.7264	0.876095109357607
33.7424	0.878038463130792
33.7584	0.879886735818786
33.7744	0.881596163431709
33.7904	0.883128545514296
33.8064	0.884452056502937
33.8224	0.88554096206019
33.8384	0.886374361956882
33.8544	0.88693478267794
33.8704	0.887207379098413
33.8864	0.887179982133944
33.9024	0.886843857995132
33.9184	0.88619477456416
33.9344	0.885233845003427
33.9504	0.88396795279607
33.9664	0.882409787235133
33.9824	0.880577524784371
33.9984	0.878494442409988
34.0144	0.876188586181001
34.0304	0.873692312877779
34.0464	0.871041600055491
34.0624	0.868275308804527
34.0784	0.865434244516905
34.0944	0.862559990023669
34.1104	0.859693608969678
34.1264	0.856874239799595
34.1424	0.854137436860469
34.1584	0.851513658050067
34.1744	0.84902719068748
34.1904	0.846695592901938
34.2064	0.844529740665507
34.2224	0.842534594938456
34.2384	0.840710277861376
34.2544	0.839053132740787
34.2704	0.837556778955445
34.2864	0.836213043632029
34.3024	0.835012651245847
34.3184	0.833945677703355
34.3344	0.833001784341263
34.3504	0.83217022211295
34.3664	0.831439705649586
34.3824	0.830798190569681
34.3984	0.830232604207254
34.4144	0.82972862054055
34.4304	0.829270550155911
34.4464	0.828841344596981
34.4624	0.828422752179335
34.4784	0.827995648383535
34.4944	0.82754054680629
34.5104	0.827038271116066
34.5264	0.826470793641761
34.5424	0.825822159550057
34.5584	0.825079420892848
34.5744	0.824233481980514
34.5904	0.823279820518678
34.6064	0.822218990383476
34.6224	0.821056931196495
34.6384	0.819805140928679
34.6544	0.818480790533499
34.6704	0.817106610524775
34.6864	0.815710440350699
34.7024	0.814324214909334
34.7184	0.812982220200979
34.7344	0.811718704247482
34.7504	0.810565479168304
34.7664	0.809549808995484
34.7824	0.808693041749279
34.7984	0.808010411140344
34.8144	0.807511866819937
34.8304	0.807203142431604
34.8464	0.807086722757845
34.8624	0.807162376897509
34.8784	0.807427070657809
34.8944	0.807874412602473
34.9104	0.808494066296248
34.9264	0.809271404960668
34.9424	0.810187704694613
34.9584	0.811220874886999
34.9744	0.812346518469326
34.9904	0.813539059134769
35.0064	0.814772806778251
35.0224	0.816022898153619
35.0384	0.817266113490746
35.0544	0.81848153880162
35.0704	0.819651152302754
35.0864	0.820760287243843
35.1024	0.821797911132649
35.1184	0.822756648327299
35.1344	0.823632631247051
35.1504	0.824425207793752
35.1664	0.825136557737665
35.1824	0.825771275798502
35.1984	0.826335982179785
35.2144	0.826838967837944
35.2304	0.827289873359291
35.2464	0.827699370689857
35.2624	0.828078822881139
35.2784	0.828439904095944
35.2944	0.828794206938824
35.3104	0.829152865161973
35.3264	0.829526221061201
35.3424	0.829923558150654
35.3584	0.830352920440305
35.3744	0.8308209799319
35.3904	0.83133293744379
35.4064	0.831892470511434
35.4224	0.83250171736529
35.4384	0.833161281777734
35.4544	0.83387025684749
35.4704	0.83462626070866
35.4864	0.835425505953367
35.5024	0.836262966948766
35.5184	0.837132674100644
35.5344	0.838028111373774
35.5504	0.838942711804862
35.5664	0.839870343532198
35.5824	0.840805634776757
35.5984	0.841744074371832
35.6144	0.842681878338112
35.6304	0.843615704759372
35.6464	0.844542330818399
35.6624	0.845458420545242
35.6784	0.846360401263951
35.6944	0.84724455187245
35.7104	0.848107169306672
35.7264	0.848944682227625
35.7424	0.849753648805176
35.7584	0.850530657966488
35.7744	0.851272158729557
35.7904	0.851974260877
35.8064	0.852632516466997
35.8224	0.853241773147261
35.8384	0.85379612002032
35.8544	0.854289011358901
35.8704	0.85471355747643
35.8864	0.855062976265685
35.9024	0.855331128487819
35.9184	0.855513179045261
35.9344	0.855606255841053
35.9504	0.855609869694376
35.9664	0.855525979453546
35.9824	0.855358828270596
35.9984	0.855114528883746
36.0144	0.854800466459551
36.0304	0.854424785860942
36.0464	0.853996027867765
36.0624	0.853522841810559
36.0784	0.853013897763617
36.0944	0.852477952859886
36.1104	0.851923824577966
36.1264	0.851360335778622
36.1424	0.850796237980944
36.1584	0.85024004130662
36.1744	0.849699699468033
36.1904	0.849182319795432
36.2064	0.848693891376911
36.2224	0.848239070100249
36.2384	0.847821089724107
36.2544	0.847441906512472
36.2704	0.847102446645863
36.2864	0.84680296795807
36.3024	0.846543331896896
36.3184	0.846323273576786
36.3344	0.84614255394456
36.3504	0.84658025223132
36.3664	0.84727852433241
36.3824	0.848215185544973
36.3984	0.849364845360583
36.4144	0.850700065840442
36.4304	0.852192314161471
36.4464	0.853812809134638
36.4624	0.855533276102392
36.4784	0.857326592690356
36.4944	0.859167305557889
36.5104	0.861032017895582
36.5264	0.862899644047843
36.5424	0.864751542346426
36.5584	0.866571545554166
36.5744	0.868345905732781
36.5904	0.870063164362477
36.6064	0.871713968917106
36.6224	0.873290853622734
36.6384	0.874788003714798
36.6544	0.876201026320928
36.6704	0.877526751711116
36.6864	0.878763069259207
36.7024	0.879908796550694
36.7184	0.880963578105479
36.7344	0.881927802145015
36.7504	0.882802518996527
36.7664	0.883589354892479
36.7824	0.884290421304172
36.7984	0.884908222353374
36.8144	0.885445564586803
36.8304	0.885905475195955
36.8464	0.886291131778648
36.8624	0.886605804786655
36.8784	0.886852811542326
36.8944	0.887035479162364
36.9104	0.887157112928094
36.9264	0.887220968724364
36.9424	0.887230228718522
36.9584	0.887187979270607
36.9744	0.887097190547934
36.9904	0.886960698026883
37.0064	0.886781186416442
37.0224	0.886561175852307
37.0384	0.886303010662346
37.0544	0.88600885122753
37.0704	0.885680669520866
37.0864	0.885320248023731
37.1024	0.884929183529835
37.1184	0.884508896905913
37.1344	0.884060649279832
37.1504	0.883585563012161
37.1664	0.883084645489475
37.1824	0.88255881243515
37.1984	0.882008909784304
37.2144	0.881435731004444
37.2304	0.880840029187652
37.2464	0.880222525490694
37.2624	0.879583916663819
37.2784	0.878924879711008
37.2944	0.878246075440188
37.3104	0.877548152283566
37.3264	0.876831747920846
37.3424	0.876097490654161
37.3584	0.875346003381196
37.3744	0.874577910019866
37.3904	0.873793843693306
37.4064	0.872994456949641
37.4224	0.872180430668891
37.4384	0.871352478193899
37.4544	0.870511345782802
37.4704	0.86965781002516
37.4864	0.868792674480915
37.5024	0.867916768814098
37.5184	0.867030954525148
37.5344	0.866136137388708
37.5504	0.86523328238593
37.5664	0.864323430034915
37.5824	0.863407711412606
37.5984	0.862487359129432
37.6144	0.861563708713334
37.6304	0.860638195580918
37.6464	0.859712351853773
37.6624	0.858787804476947
37.6784	0.857866276823302
37.6944	0.856949595347601
37.7104	0.856039699074813
37.7264	0.855138651803486
37.7424	0.854248656602181
37.7584	0.853372070318187
37.7744	0.852511412694753
37.7904	0.851669372324864
37.8064	0.850848809090053
37.8224	0.850052752676561
37.8384	0.849284389335594
37.8544	0.848547040988365
37.8704	0.847844142277268
37.8864	0.847179218405358
37.9024	0.846555857299222
37.9184	0.845977684177228
37.9344	0.845448343076328
37.9504	0.844971479455012
37.9664	0.844550724527949
37.9824	0.844189683945729
37.9984	0.84389191916091
38.0144	0.843660914816496
38.0304	0.843500036339606
38.0464	0.843412465455117
38.0624	0.843401114965786
38.0784	0.843468539846867
38.0944	0.843616858264909
38.1104	0.843847690060215
38.1264	0.844162120837723
38.1424	0.844560697850397
38.1584	0.845043454442362
38.1744	0.845609946721083
38.1904	0.846259290318471
38.2064	0.846990187992674
38.2224	0.8478009518916
38.2384	0.848689507731137
38.2544	0.849653388711317
