0.0144	0.0329826160728448
0.0304	0.0319200137588869
0.0464	0.0308794689758844
0.0624	0.0298614184751518
0.0784	0.0288663814471466
0.0944	0.0278949471991101
0.1104	0.0269477628863743
0.1264	0.0260255218668224
0.1424	0.0251289543514535
0.1584	0.0242588177393603
0.1744	0.0234158826555078
0.1904	0.0226009139107664
0.2064	0.0218146469834597
0.2224	0.0210577567014969
0.2384	0.0203308241768045
0.2544	0.019634310037242
0.2704	0.0189685373946293
0.2864	0.0183336866288588
0.3024	0.0177298053604193
0.3184	0.0171568290799247
0.3344	0.0166146072409976
0.3504	0.0161029285362222
0.3664	0.0156215396378077
0.3824	0.0151701549207974
0.3984	0.0147484598664551
0.4144	0.0143561095410991
0.4304	0.0139927251022502
0.4464	0.0136578930747806
0.4624	0.0133511686454586
0.4784	0.0130720816686694
0.4944	0.0128201445801484
0.5104	0.0125948590152607
0.5264	0.0123957198210949
0.5424	0.0122222178048421
0.5584	0.0120738409220511
0.5744	0.011950073911736
0.5904	0.0118503979435065
0.6064	0.0117742916878516
0.6224	0.0117212328297018
0.6384	0.0116906988031094
0.6544	0.0116821664854658
0.6704	0.0116951111379624
0.6864	0.0117290051216248
0.7024	0.0117833177582316
0.7184	0.0118575166947767
0.7344	0.0119510708128647
0.7504	0.0120634547444798
0.7664	0.0121941545939581
0.7824	0.0123426730621876
0.7984	0.0125085338623254
0.8144	0.0126912860228376
0.8304	0.0128905078866257
0.8464	0.0131058105469766
0.8624	0.0133368405336487
0.8784	0.0135832811608356
0.8944	0.0138448525603909
0.9104	0.0141213120686547
0.9264	0.0144124527794336
0.9424	0.0147181014172748
0.9584	0.0150381176122512
0.9744	0.0153723942654711
0.9904	0.0157208574255723
1.0064	0.0160834684890023
1.0224	0.0164602285963245
1.0384	0.0168511843334773
1.0544	0.017256433705791
1.0704	0.0176761313390177
1.0864	0.0181104895370243
1.1024	0.0185597764070966
1.1184	0.0190243120351159
1.1344	0.0195044641532025
1.1504	0.0200006466467517
1.1664	0.0205133243305387
1.1824	0.0210430209196648
1.1984	0.0215903247510756
1.2144	0.0221558905746324
1.2304	0.0227404348255948
1.2464	0.0233447242763507
1.2624	0.0239695608585766
1.2784	0.0246157684204125
1.2944	0.025284183418032
1.3104	0.0259756513218381
1.3264	0.0266910287234996
1.3424	0.0274311901352124
1.3584	0.028197037550628
1.3744	0.0289895112936396
1.3904	0.0298095998390639
1.4064	0.0306583468165389
1.4224	0.0315368566514156
1.4384	0.0324462991773391
1.4544	0.0333879142193627
1.4704	0.0343630170677063
1.4864	0.0353730093260598
1.5024	0.0364193972933453
1.5184	0.0375038195165889
1.5344	0.0386280795218372
1.5504	0.0397941800486752
1.5664	0.0410043551641426
1.5824	0.0422610990287584
1.5984	0.0435671905058062
1.6144	0.0449257191362467
1.6304	0.0463401142362603
1.6464	0.0478141752038983
1.6624	0.0493520997893331
1.6784	0.0509585075336094
1.6944	0.0526384469565802
1.7104	0.0543973753025657
1.7264	0.0562410991438771
1.7424	0.0581756514361533
1.7584	0.0602070746441772
1.7744	0.0623410662815491
1.7904	0.0645824251822251
1.8064	0.0669342232844787
1.8224	0.0693966283858192
1.8384	0.0719653016094473
1.8544	0.0746293285798902
1.8704	0.0773687390808977
1.8864	0.0801518298810411
1.9024	0.08293274622085
1.9184	0.0856501023326732
1.9344	0.0882277029864316
1.9504	0.0893104332710539
1.9664	0.0902078228685514
1.9824	0.0909116132544856
1.9984	0.0914165825248805
2.0144	0.0917206572414191
2.0304	0.0918248825550894
2.0464	0.0917333658628241
2.0624	0.0914532920768014
2.0784	0.0909949335363169
2.0944	0.0903715447078657
2.1104	0.089599160059139
2.1264	0.0886961779425963
2.1424	0.0876826016240049
2.1584	0.0865790586009343
2.1744	0.0854057922756954
2.1904	0.0841817528915403
2.2064	0.0829239886013671
2.2224	0.0816474896016377
2.2384	0.080365402782677
2.2544	0.0790895154708782
2.2704	0.0778308290726688
2.2864	0.0766000113843806
2.3024	0.0754076015440877
2.3184	0.0742639754987966
2.3344	0.0731790916508306
2.3504	0.072162121411667
2.3664	0.0712211763982769
2.3824	0.0703631583306947
2.3984	0.0695937086840122
2.4144	0.0689173116671942
2.4304	0.0683374596001816
2.4464	0.0678568314712269
2.4624	0.0674775010870707
2.4784	0.0672011487171194
2.4944	0.0670292368032523
2.5104	0.0669631801197017
2.5264	0.0670045436860125
2.5424	0.0671552129096273
2.5584	0.0674174983561375
2.5744	0.0677941804584865
2.5904	0.0682884359156208
2.6064	0.0689035651818148
2.6224	0.0696426125920073
2.6384	0.0705079943175608
2.6544	0.0715011129259526
2.6704	0.0726220658435057
2.6864	0.0738695564028848
2.7024	0.0752409841534831
2.7184	0.076732651673078
2.7344	0.0783401169306064
2.7504	0.0800585814088439
2.7664	0.0818832130089948
2.7824	0.0838094052410785
2.7984	0.0858329224547223
2.8144	0.0879498560940934
2.8304	0.090156566231089
2.8464	0.0924495541994421
2.8624	0.094825256339151
2.8784	0.097279746475353
2.8944	0.0998084497535547
2.9104	0.102405818989796
2.9264	0.105065099146275
2.9424	0.107778161463132
2.9584	0.110535517852627
2.9744	0.113326520312073
2.9904	0.116139718654944
3.0064	0.118963197444737
3.0224	0.121784936035903
3.0384	0.124593100787758
3.0544	0.127376266279763
3.0704	0.130123632170497
3.0864	0.132825383398641
3.1024	0.135473053505367
3.1184	0.13805977452038
3.1344	0.140580287760089
3.1504	0.143030712498744
3.1664	0.145408055056473
3.1824	0.147709586049858
3.1984	0.149932280403364
3.2144	0.152072468476357
3.2304	0.15412569204309
3.2464	0.15608682362909
3.2624	0.157950368692591
3.2784	0.159710883848158
3.2944	0.161363375553352
3.3104	0.16290369135446
3.3264	0.164328721018999
3.3424	0.165636432653772
3.3584	0.166825706128913
3.3744	0.16789612657683
3.3904	0.168847676824067
3.4064	0.169680430792086
3.4224	0.170394391389971
3.4384	0.17098959122155
3.4544	0.17146620566117
3.4704	0.171824612649845
3.4864	0.172065382808542
3.5024	0.172189097978768
3.5184	0.172195973675388
3.5344	0.172085610123142
3.5504	0.171856968799093
3.5664	0.171508514360307
3.5824	0.171038569716183
3.5984	0.170445827312522
3.6144	0.169729712078551
3.6304	0.168890491976365
3.6464	0.167929322496606
3.6624	0.166848211198841
3.6784	0.165650035178794
3.6944	0.164338668586959
3.7104	0.162919202332157
3.7264	0.161398089207681
3.7424	0.159783133490743
3.7584	0.15808325508217
3.7744	0.156308023558134
3.7904	0.154467101039822
3.8064	0.152569855213594
3.8224	0.150625232082271
3.8384	0.148641844964873
3.8544	0.14662821661719
3.8704	0.144593072757901
3.8864	0.142545408716169
3.9024	0.140494297534355
3.9184	0.138448548360381
3.9344	0.136416226904439
3.9504	0.134404151792092
3.9664	0.132417543664973
3.9824	0.130459904042761
3.9984	0.128533052801538
4.0144	0.126637368906112
4.0304	0.124772159684101
4.0464	0.122936088773089
4.0624	0.121127595429089
4.0784	0.119345205218673
4.0944	0.117587694351331
4.1104	0.115854111899809
4.1264	0.114143689539391
4.1424	0.112455664758153
4.1584	0.110789080710008
4.1744	0.109142679778758
4.1904	0.107515051180259
4.2064	0.105904946301367
4.2224	0.1043116320135
4.2384	0.102735270846845
4.2544	0.101177191343185
4.2704	0.0996399259972751
4.2864	0.0981271138477897
4.3024	0.0966432661210863
4.3184	0.0951933946711012
4.3344	0.0937827011473207
4.3504	0.0924162133907078
4.3664	0.0910982982179736
4.3824	0.0898322498286834
4.3984	0.0886200398866084
4.4144	0.0874621198540755
4.4304	0.0863574764501411
4.4464	0.0853040358592825
4.4624	0.0842991947877483
4.4784	0.0833403600116061
4.4944	0.0824254796144377
4.5104	0.0815533271948485
4.5264	0.0807235542541154
4.5424	0.0799366360912632
4.5584	0.0791937754119534
4.5744	0.0784967528433871
4.5904	0.0778478804511895
4.6064	0.0772499553421344
4.6224	0.0767061581373358
4.6384	0.0762198643033489
4.6544	0.0757944177902861
4.6704	0.0754328871087839
4.6864	0.0751378898791035
4.7024	0.0749115309323702
4.7184	0.0747554927938001
4.7344	0.0746711680058159
4.7504	0.0746597640539637
4.7664	0.0747222646921362
4.7824	0.0748593127844419
4.7984	0.0750710059329354
4.8144	0.0753567425779895
4.8304	0.0757151964738814
4.8464	0.0761445071201425
4.8624	0.0766426362830064
4.8784	0.0772079174850209
4.8944	0.0778396285405041
4.9104	0.0785383993933966
4.9264	0.0793062994919485
4.9424	0.0801466271103255
4.9584	0.0810634436828241
4.9744	0.0820609999420316
4.9904	0.0831431098928395
5.0064	0.0843126316872631
5.0224	0.0855711265523684
5.0384	0.086918718180728
5.0544	0.0883540970900771
5.0704	0.0898747592707156
5.0864	0.0914774286073783
5.1024	0.0931585871378804
5.1184	0.0949149836120231
5.1344	0.0967440634513483
5.1504	0.0986441319606701
5.1664	0.10061419264232
5.1824	0.102653465842524
5.1984	0.104760630081879
5.2144	0.106932867383813
5.2304	0.109165044677889
5.2464	0.111449254912623
5.2624	0.113774689929679
5.2784	0.116127835114293
5.2944	0.11849308546512
5.3104	0.120853572375816
5.3264	0.123192005777023
5.3424	0.125491473167516
5.3584	0.12773604811971
5.3744	0.129911087733086
5.3904	0.132003355624244
5.4064	0.134001076090572
5.4224	0.135893771780156
5.4384	0.137672013342909
5.4544	0.139327300924807
5.4704	0.140852089754043
5.4864	0.142239839363024
5.5024	0.143485246861795
5.5184	0.144584661833415
5.5344	0.145536500129959
5.5504	0.146341512147268
5.5664	0.147002857522802
5.5824	0.147525873198527
5.5984	0.147917671449031
5.6144	0.148186674518294
5.6304	0.148342087913401
5.6464	0.148393341697224
5.6624	0.148349752070539
5.6784	0.148220368350843
5.6944	0.148013855893447
5.7104	0.147738426857282
5.7264	0.147401955558871
5.7424	0.147012144319826
5.7584	0.146576669754419
5.7744	0.146103302074531
5.7904	0.145599929444353
5.8064	0.145074420127495
5.8224	0.144534363987782
5.8384	0.143986793239828
5.8544	0.143437991538741
5.8704	0.142893378435796
5.8864	0.142357496697125
5.9024	0.141833938504606
5.9184	0.141325229623158
5.9344	0.140832710561435
5.9504	0.14035651685977
5.9664	0.139895577440457
5.9824	0.139447866816861
5.9984	0.139010845682586
6.0144	0.138581844120113
6.0304	0.138158302175642
6.0464	0.137737988092676
6.0624	0.137318988547934
6.0784	0.136899592878082
6.0944	0.136478271552308
6.1104	0.136053735502346
6.1264	0.13562501040535
6.1424	0.135191762927287
6.1584	0.134754631657417
6.1744	0.134315392901977
6.1904	0.133877128742407
6.2064	0.133444428941219
6.2224	0.133023411235259
6.2384	0.132621533467537
6.2544	0.132247325441712
6.2704	0.131909888780443
6.2864	0.131618333115776
6.3024	0.131381221195513
6.3184	0.131206090717834
6.3344	0.131099128271659
6.3504	0.131065116499515
6.3664	0.131107516662761
6.3824	0.131228685234619
6.3984	0.131430225146518
6.4144	0.131713510068979
6.4304	0.132080250722597
6.4464	0.132532953851824
6.4624	0.133075077906847
6.4784	0.133710930786892
6.4944	0.134445242459202
6.5104	0.135282501220937
6.5264	0.136226215955178
6.5424	0.137278415963147
6.5584	0.138439494288983
6.5744	0.13970840078156
6.5904	0.141083107507805
6.6064	0.14256121887342
6.6224	0.144140569924518
6.6384	0.145819514855768
6.6544	0.147596839778432
6.6704	0.14947143747481
6.6864	0.15144186764743
6.7024	0.153505943597851
6.7184	0.15566044864447
6.7344	0.157901069113075
6.7504	0.160222500674076
6.7664	0.162618611115017
6.7824	0.165082441091529
6.7984	0.167605999988732
6.8144	0.170179976932056
6.8304	0.172793453238365
6.8464	0.175433647639744
6.8624	0.178085890876227
6.8784	0.180733902880656
6.8944	0.183360250327434
6.9104	0.185946807536562
6.9264	0.188475148975607
6.9424	0.190926763967207
6.9584	0.193283108460401
6.9744	0.195525469868665
6.9904	0.197634751691277
7.0064	0.199591261007024
7.0224	0.201374591506715
7.0384	0.202963686918929
7.0544	0.204337140799433
7.0704	0.205473748170556
7.0864	0.206353357179845
7.1024	0.206957963301486
7.1184	0.207272950048202
7.1344	0.207288393960321
7.1504	0.207000325390448
7.1664	0.20641174465184
7.1824	0.205533220275038
7.1984	0.204382977639336
7.2144	0.202986426138532
7.2304	0.201375140789972
7.2464	0.199585443737968
7.2624	0.197656773786031
7.2784	0.195629985684855
7.2944	0.19354586123057
7.3104	0.191443971599861
7.3264	0.189361913439848
7.3424	0.187334974509378
7.3584	0.18539619899
7.3744	0.183576397359923
7.3904	0.181903957273159
7.4064	0.180404458430042
7.4224	0.179099999837314
7.4384	0.178008231589198
7.4544	0.17714156425111
7.4704	0.17650689422832
7.4864	0.176105752259042
7.5024	0.175934836650137
7.5184	0.175986849808945
7.5344	0.176251546660803
7.5504	0.176716676685965
7.5664	0.177368649445222
7.5824	0.178193156724328
7.5984	0.179175541887995
7.6144	0.180301016635733
7.6304	0.181554907403575
7.6464	0.18292282958897
7.6624	0.184390503796999
7.6784	0.185943425839335
7.6944	0.187566255024715
7.7104	0.189241856147925
7.7264	0.19095063260516
7.7424	0.192670581712457
7.7584	0.19437780079185
7.7744	0.19604763271675
7.7904	0.197656329757672
7.8064	0.199182564357566
7.8224	0.200608254520924
7.8384	0.201918808516576
7.8544	0.203102762416288
7.8704	0.204151106361616
7.8864	0.205056724822606
7.9024	0.205814101147348
7.9184	0.206419234987118
7.9344	0.206869722905646
7.9504	0.207164839548634
7.9664	0.207305445174606
7.9824	0.207293763862546
7.9984	0.20713310366501
8.0144	0.206827575513111
8.0304	0.206381926854386
8.0464	0.205801527498233
8.0624	0.205092476800155
8.0784	0.204261792355945
8.0944	0.203317571675308
8.1104	0.20226901475939
8.1264	0.201126356271184
8.1424	0.199900703955317
8.1584	0.198603839229628
8.1744	0.197248169314628
8.1904	0.195846802367777
8.2064	0.194413548573488
8.2224	0.192962876162847
8.2384	0.191509697649346
8.2544	0.190068834297245
8.2704	0.188654391343897
8.2864	0.187279294161181
8.3024	0.18595499156512
8.3184	0.184691405375228
8.3344	0.183497162582208
8.3504	0.182379839234182
8.3664	0.181346092292381
8.3824	0.180401737917075
8.3984	0.179551701111871
8.4144	0.178799913170176
8.4304	0.178149339850728
8.4464	0.177602087460949
8.4624	0.177159483908392
8.4784	0.176822139261569
8.4944	0.17658990414146
8.5104	0.176461679548092
8.5264	0.176435250106701
8.5424	0.176507229870845
8.5584	0.176673076781393
8.5744	0.176927193013549
8.5904	0.177263127332177
8.6064	0.177673701571459
8.6224	0.178151025888846
8.6384	0.178686510095782
8.6544	0.17927080346565
8.6704	0.179893696565182
8.6864	0.180544235128687
8.7024	0.18121105689958
8.7184	0.181882836803846
8.7344	0.182548794379352
8.7504	0.183199203593569
8.7664	0.183825688080882
8.7824	0.184421249187048
8.7984	0.184980157566949
8.8144	0.185497757301983
8.8304	0.185970191635798
8.8464	0.186394124829997
8.8624	0.186766460828489
8.8784	0.187084058023297
8.8944	0.187343459411801
8.9104	0.187540743821723
8.9264	0.187671480201141
8.9424	0.187730859610861
8.9584	0.187714026640743
8.9744	0.187616507816353
8.9904	0.187434627431353
9.0064	0.187165827666215
9.0224	0.18680881452965
9.0384	0.186363513232985
9.0544	0.185830906498689
9.0704	0.185212796978186
9.0864	0.184511563386218
9.1024	0.183729985394288
9.1184	0.182871099537985
9.1344	0.181938130255498
9.1504	0.180934527769844
9.1664	0.17986410992682
9.1824	0.178731193653883
9.1984	0.177540680248095
9.2144	0.176298063676976
9.2304	0.175009336249255
9.2464	0.173680872864105
9.2624	0.17231924648153
9.2784	0.170931059271931
9.2944	0.169522820711963
9.3104	0.168100839826616
9.3264	0.166671004524668
9.3424	0.165238491579567
9.3584	0.163807484305773
9.3744	0.16238098585759
9.3904	0.160960684036221
9.4064	0.159546972185632
9.4224	0.158139083505114
9.4384	0.156735264047962
9.4544	0.155332859619032
9.4704	0.153928336793138
9.4864	0.152517133065439
9.5024	0.151093594030991
9.5184	0.149651065154325
9.5344	0.148182138078505
9.5504	0.146678969301954
9.5664	0.328073991565567
9.5824	0.326287526407633
9.5984	0.324435456227341
9.6144	0.3225134511436
9.6304	0.320519352387741
9.6464	0.318453165006567
9.6624	0.316316969735119
9.6784	0.314114773352067
9.6944	0.311852346192659
9.7104	0.30953713519019
9.7264	0.307178277437238
9.7424	0.304786411302167
9.7584	0.302373286010514
9.7744	0.299951274021772
9.7904	0.297532856892396
9.8064	0.295130105173008
9.8224	0.292754498933427
9.8384	0.290416992613793
9.8544	0.288128134251743
9.8704	0.285898134278277
9.8864	0.283736922382154
9.9024	0.28165398264948
9.9184	0.27965808425197
9.9344	0.277757116246114
9.9504	0.275958021371004
9.9664	0.274266784782832
9.9824	0.272688667005447
9.9984	0.271228562180106
10.0144	0.269891313585667
10.0304	0.268682111834458
10.0464	0.267606890177909
10.0624	0.266672548317409
10.0784	0.265886989225343
10.0944	0.265258995358728
10.1104	0.264797838186674
10.1264	0.264512712472758
10.1424	0.264412062779577
10.1584	0.264502864080107
10.1744	0.264789897895348
10.1904	0.26527504230895
10.2064	0.265956589988356
10.2224	0.26682864993186
10.2384	0.26788069471403
10.2544	0.269097232721428
10.2704	0.270457685962519
10.2864	0.271936438710803
10.3024	0.273503171527842
10.3184	0.275123522208851
10.3344	0.276760102904525
10.3504	0.278373778703902
10.3664	0.279925248535257
10.3824	0.281376705490779
10.3984	0.282693366640977
10.4144	0.283844763751596
10.4304	0.284805698933958
10.4464	0.285556642155406
10.4624	0.286083559792367
10.4784	0.286377631005372
10.4944	0.286435017825433
10.5104	0.286256752532289
10.5264	0.285848884150205
10.5424	0.285222934806178
10.5584	0.284396113803489
10.5744	0.283391046711792
10.5904	0.282234987390673
10.6064	0.28095859632969
10.6224	0.279594440190017
10.6384	0.278175609723554
10.6544	0.27673451475497
10.6704	0.275301802483916
10.6864	0.273905530708568
10.7024	0.272570544245802
10.7184	0.271317797788051
10.7344	0.270163732189367
10.7504	0.26911991229634
10.7664	0.268192992135603
10.7824	0.267385012342892
10.7984	0.266693984725443
10.8144	0.266114680353446
10.8304	0.265639486532159
10.8464	0.26525923801578
10.8624	0.264963917220818
10.8784	0.264743225537764
10.8944	0.264587027289544
10.9104	0.264485656418948
10.9264	0.264430091236413
10.9424	0.26441203153113
10.9584	0.26442388037713
10.9744	0.264458650941229
10.9904	0.264509835573556
11.0064	0.264571279775573
11.0224	0.26463712953268
11.0384	0.264701875592827
11.0544	0.264760477533891
11.0704	0.264808555105141
11.0864	0.264842619719978
11.1024	0.264860275634383
11.1184	0.264860364192877
11.1344	0.264843005652189
11.1504	0.264809525138027
11.1664	0.264762298204296
11.1824	0.264704591428988
11.1984	0.264640417701806
11.2144	0.264574465396528
11.2304	0.264512104255552
11.2464	0.26445945761936
11.2624	0.264423507075442
11.2784	0.264412203921474
11.2944	0.264434545997979
11.3104	0.264500601963256
11.3264	0.264621448880014
11.3424	0.264808987932234
11.3584	0.265075650293589
11.3744	0.265434024731171
11.3904	0.26589647052041
11.4064	0.266474776809964
11.4224	0.267179933566759
11.4384	0.268021893020624
11.4544	0.269009265474502
11.4704	0.27014889970075
11.4864	0.271445366602627
11.5024	0.272900400638996
11.5184	0.274512543725116
11.5344	0.276277019381787
11.5504	0.278185706607395
11.5664	0.280227185188515
11.5824	0.282386891947915
11.5984	0.284647048674366
11.6144	0.28698652049335
11.6304	0.289381091770828
11.6464	0.29180429706863
11.6624	0.294228370447037
11.6784	0.296625371493583
11.6944	0.298968152903704
11.7104	0.301230621329957
11.7264	0.303387528866317
11.7424	0.305414491218166
11.7584	0.307288301339661
11.7744	0.308987669686353
11.7904	0.310494861815961
11.8064	0.311797708488122
11.8224	0.312891121276898
11.8384	0.313777832929979
11.8544	0.314468162947911
11.8704	0.314978356500141
11.8864	0.315328352053434
11.9024	0.315539458865395
11.9184	0.315632343073382
11.9344	0.315625709446785
11.9504	0.315535969714098
11.9664	0.315377412271197
11.9824	0.315162621397356
11.9984	0.314902972532785
12.0144	0.314608743692226
12.0304	0.314288644538841
12.0464	0.313949199641563
12.0624	0.313594183528274
12.0784	0.313224569415063
12.0944	0.312839152286138
12.1104	0.31243554109907
12.1264	0.312011106514227
12.1424	0.311563831540191
12.1584	0.311092719552128
12.1744	0.310597404923307
12.1904	0.310077485487362
12.2064	0.30953176149189
12.2224	0.30895768271845
12.2384	0.308351234072781
12.2544	0.307707195746069
12.2704	0.307019593738211
12.2864	0.306282303979764
12.3024	0.305489428839202
12.3184	0.304635123644481
12.3344	0.303713342639448
12.3504	0.302717842055436
12.3664	0.301642272600041
12.3824	0.300480500319289
12.3984	0.299227270964984
12.4144	0.297878973981121
12.4304	0.296434308116027
12.4464	0.294894741048246
12.4624	0.293264633682263
12.4784	0.291551193665519
12.4944	0.289764508008439
12.5104	0.287917489644023
12.5264	0.286025554602709
12.5424	0.284105982712425
12.5584	0.282177140602023
12.5744	0.280257711317738
12.5904	0.27836599933331
12.6064	0.276519576663283
12.6224	0.274735521272838
12.6384	0.273030971601905
12.6544	0.271423676686716
12.6704	0.269932349648066
12.6864	0.268576684841044
12.7024	0.267377077586168
12.7184	0.266354145676068
12.7344	0.265528093909886
12.7504	0.264917991448009
12.7664	0.264541059554254
12.7824	0.2644119732334
12.7984	0.264542218288049
12.8144	0.26493965698274
12.8304	0.265608379060403
12.8464	0.266548828590579
12.8624	0.267758129477251
12.8784	0.269230531202844
12.8944	0.270957898998439
12.9104	0.272930128592741
12.9264	0.275135451659061
12.9424	0.277560638690439
12.9584	0.280191071412453
12.9744	0.283010791696988
12.9904	0.286002632678326
13.0064	0.289148379247656
13.0224	0.292428995913916
13.0384	0.295824928740593
13.0544	0.299316285025419
13.0704	0.302882730446832
13.0864	0.306503273833052
13.1024	0.310156111744881
13.1184	0.313818592175529
13.1344	0.317467498009613
13.1504	0.321079660465607
13.1664	0.324632812459221
13.1824	0.328106505786586
13.1984	0.331482980884182
13.2144	0.33474782839091
13.2304	0.337890386941744
13.2464	0.340903998991031
13.2624	0.343786069809703
13.2784	0.346537730172905
13.2944	0.349163147779514
13.3104	0.351668672335471
13.3264	0.354061837339977
13.3424	0.356350387356862
13.3584	0.358541600893297
13.3744	0.360642039532287
13.3904	0.36265749138105
13.4064	0.364593106273553
13.4224	0.366453541596577
13.4384	0.368243009935689
13.4544	0.369965184510995
13.4704	0.371623103880019
13.4864	0.3732190510325
13.5024	0.374754518694211
13.5184	0.376230360363856
13.5344	0.377647105756161
13.5504	0.379005222871122
13.5664	0.380305335424033
13.5824	0.381548413301182
13.5984	0.382735857752444
13.6144	0.383869479305424
13.6304	0.384951510549833
13.6464	0.385984641964917
13.6624	0.38697201841979
13.6784	0.387917183601225
13.6944	0.388823963530122
13.7104	0.389696259964502
13.7264	0.390537758707588
13.7424	0.391351714843076
13.7584	0.39214081020129
13.7744	0.392907092596069
13.7904	0.393651968902397
13.8064	0.394376243568452
13.8224	0.395080144911852
13.8384	0.395763379789862
13.8544	0.396425185753436
13.8704	0.397064405075305
13.8864	0.397679563714867
13.9024	0.398268957798685
13.9184	0.398830713401203
13.9344	0.399362839717703
13.9504	0.399863289822044
13.9664	0.400330067468452
13.9824	0.400761357288737
13.9984	0.401155669321618
14.0144	0.401511970881309
14.0304	0.401829809681523
14.0464	0.402109402867218
14.0624	0.402351673208933
14.0784	0.402558224341
14.0944	0.402731275508764
14.1104	0.40287355298188
14.1264	0.402988153600241
14.1424	0.403078400934454
14.1584	0.403147718599293
14.1744	0.403199531159181
14.1904	0.403237197095656
14.2064	0.403263962392778
14.2224	0.403282926994514
14.2384	0.403297018131589
14.2544	0.403308968417271
14.2704	0.403321295501804
14.2864	0.403336281969679
14.3024	0.403355953333012
14.3184	0.403382054543933
14.3344	0.40341602721913
14.3504	0.403458995726375
14.3664	0.403511771452692
14.3824	0.403574878205241
14.3984	0.403648598719691
14.4144	0.403733042735304
14.4304	0.403828220504529
14.4464	0.403934104443273
14.4624	0.404050660428403
14.4784	0.404177836170909
14.4944	0.404315502919168
14.5104	0.404463371725917
14.5264	0.404620899718914
14.5424	0.404787191028994
14.5584	0.40496091968172
14.5744	0.405140300293006
14.5904	0.405323111292297
14.6064	0.405506777899468
14.6224	0.405688520210511
14.6384	0.405865557143279
14.6544	0.40603531971508
14.6704	0.406195657044897
14.6864	0.406344977463569
14.7024	0.406482332430251
14.7184	0.406607432190988
14.7344	0.406720583668211
14.7504	0.406822558063602
14.7664	0.406914459277523
14.7824	0.406997587934093
14.7984	0.40707330035125
14.8144	0.407142906767525
14.8304	0.407207620075731
14.8464	0.407268505210716
14.8624	0.407326487814693
14.8784	0.407382394110023
14.8944	0.407436967541749
14.9104	0.407490863970686
14.9264	0.407544696110541
14.9424	0.40759906574548
14.9584	0.407654593784123
14.9744	0.407711956099668
14.9904	0.40777187586756
15.0064	0.407835026309421
15.0224	0.407901908496207
15.0384	0.407972716181384
15.0544	0.408047213488153
15.0704	0.408124664216707
15.0864	0.408203871836413
15.1024	0.408283310507535
15.1184	0.408361321071489
15.1344	0.408436327424518
15.1504	0.408507031261031
15.1664	0.408572520469711
15.1824	0.408632281048604
15.1984	0.408686108227478
15.2144	0.408733952818586
15.2304	0.408775744891678
15.2464	0.408811182602484
15.2624	0.408839494711266
15.2784	0.40885926718412
15.2944	0.408868339754555
15.3104	0.408863753207307
15.3264	0.40884184624003
15.3424	0.408798528033692
15.3584	0.408729631792603
15.3744	0.408631331067291
15.3904	0.408500614355468
15.4064	0.408335668579078
15.4224	0.408136081337894
15.4384	0.407902927911586
15.4544	0.407638742866972
15.4704	0.407347345634044
15.4864	0.407033612034475
15.5024	0.406703245877658
15.5184	0.40636254470386
15.5344	0.406018156303652
15.5504	0.405676853537223
15.5664	0.405345300921262
15.5824	0.405029790381867
15.5984	0.404735914802195
15.6144	0.404468244451557
15.6304	0.404230063701881
15.6464	0.404023218031377
15.6624	0.403848112298284
15.6784	0.403703856808171
15.6944	0.403588486072927
15.7104	0.403499205179919
15.7264	0.40343261601874
15.7424	0.40338489982981
15.7584	0.4033519658689
15.7744	0.403329594486713
15.7904	0.403313577494124
15.8064	0.403299850640089
15.8224	0.403284605706268
15.8384	0.403264365339716
15.8544	0.40323601413548
15.8704	0.403196797383096
15.8864	0.403144312733509
15.9024	0.403076518528515
15.9184	0.402991771115872
15.9344	0.402888889757897
15.9504	0.402767223261073
15.9664	0.402626690228864
15.9824	0.402467780992602
15.9984	0.402291526560283
16.0144	0.402099457612316
16.0304	0.401893574998532
16.0464	0.40167635109507
16.0624	0.401450734218919
16.0784	0.401220121384206
16.0944	0.400988272722124
16.1104	0.400759165548585
16.1264	0.400536791323965
16.1424	0.400324939728058
16.1584	0.400127040714558
16.1744	0.399946085928811
16.1904	0.399784596253177
16.2064	0.399644649733496
16.2224	0.399527951352731
16.2384	0.39943589442877
16.2544	0.399369588737223
16.2704	0.399329867489122
16.2864	0.399317260837798
16.3024	0.399331960250016
16.3184	0.399373773710643
16.3344	0.399442061346271
16.3504	0.399535659533946
16.3664	0.399652846745518
16.3824	0.399791369948083
16.3984	0.399948517012753
16.4144	0.400121253645189
16.4304	0.400306404792794
16.4464	0.400500819208681
16.4624	0.400701461043703
16.4784	0.400905431718151
16.4944	0.401109930780457
16.5104	0.401312199856712
16.5264	0.401509517849014
16.5424	0.401699261759553
16.5584	0.401879023188066
16.5744	0.402046755225321
16.5904	0.402200904025371
16.6064	0.402340482291358
16.6224	0.402465069337161
16.6384	0.402574762107783
16.6544	0.402670087788671
16.6704	0.402751898332703
16.6864	0.402821262121144
16.7024	0.402879367092318
16.7184	0.402927438118589
16.7344	0.40296666834076
16.7504	0.402998168007095
16.7664	0.403022930319743
16.7824	0.403041810175786
16.7984	0.403055518922663
16.8144	0.403064633615919
16.8304	0.403069616967606
16.8464	0.403070844069084
16.8624	0.403068640892378
16.8784	0.403063327749301
16.8944	0.403055263820086
16.9104	0.403044888845052
16.9264	0.403032757011239
16.9424	0.403019555237371
16.9584	0.403006101045527
16.9744	0.402993319195936
16.9904	0.40298219505636
17.0064	0.402973711447096
17.0224	0.402968780716016
17.0384	0.402968174316619
17.0544	0.402972454199478
17.0704	0.40298192088995
17.0864	0.402996578805137
17.1024	0.403016120410406
17.1184	0.403039937279466
17.1344	0.403067159749021
17.1504	0.403096717392323
17.1664	0.403127419623907
17.1824	0.403158046059453
17.1984	0.40318743680681
17.2144	0.403214581685837
17.2304	0.403238706761307
17.2464	0.403259359861018
17.2624	0.403276507348188
17.2784	0.403290649314194
17.2944	0.403302955428678
17.3104	0.403315420228616
17.3264	0.403331029320931
17.3424	0.403353922177367
17.3584	0.403389535611986
17.3744	0.403444712457976
17.3904	0.403527760037186
17.4064	0.40364843811836
17.4224	0.403817856857309
17.4384	0.404048259157129
17.4544	0.404352665944238
17.4704	0.404744389457257
17.4864	0.405236447134037
17.5024	0.405840909825777
17.5184	0.406568262921475
17.5344	0.407426829196147
17.5504	0.408422280944286
17.5664	0.409557177202153
17.5824	0.410830581296928
17.5984	0.412237756479449
17.6144	0.413769999167563
17.6304	0.415414597612944
17.6464	0.417155034422969
17.6624	0.418971397710642
17.6784	0.420841059006456
17.6944	0.422739538100394
17.7104	0.4246414291053
17.7264	0.426521298215967
17.7424	0.428354631236779
17.7584	0.430118615746672
17.7744	0.431792643140319
17.7904	0.43335864069315
17.8064	0.434801461622477
17.8224	0.436109139504971
17.8384	0.437272925733659
17.8544	0.438287114854639
17.8704	0.43914857079853
17.8864	0.439855969370008
17.9024	0.440409033256294
17.9184	0.440807761461805
17.9344	0.441051755670038
17.9504	0.441139796210287
17.9664	0.441069810055389
17.9824	0.440839104336057
17.9984	0.440444826437478
18.0144	0.439884348960568
18.0304	0.4391557818197
18.0464	0.438258465821839
18.0624	0.437193453991291
18.0784	0.435963959700707
18.0944	0.434576072930192
18.1104	0.433039257323777
18.1264	0.431366561315635
18.1424	0.429574575682246
18.1584	0.427683170456795
18.1744	0.425714821424329
18.1904	0.423694121741399
18.2064	0.421647534990974
18.2224	0.419603227325702
18.2384	0.417590802467551
18.2544	0.415640862989768
18.2704	0.413783911950112
18.2864	0.412048556020132
18.3024	0.410459388624567
18.3184	0.409035099259604
18.3344	0.407787238208279
18.3504	0.406719859750332
18.3664	0.405830016913008
18.3824	0.405108774581301
18.3984	0.404542459962649
18.4144	0.404113948164856
18.4304	0.403803835867059
18.4464	0.403591459745492
18.4624	0.403455783959664
18.4784	0.403376153253056
18.4944	0.403332907588442
18.5104	0.403307866269792
18.5264	0.403284683126806
18.5424	0.403249086936576
18.5584	0.403189033093334
18.5744	0.403094792387897
18.5904	0.402958987649932
18.6064	0.402776563075868
18.6224	0.402544673625961
18.6384	0.402262461250338
18.6544	0.401930706728116
18.6704	0.401551398508737
18.6864	0.401127288302781
18.7024	0.400661511123793
18.7184	0.400157358191599
18.7344	0.399618219593727
18.7504	0.399047673224608
18.7664	0.398449668783748
18.7824	0.397828727798988
18.7984	0.397190055466616
18.8144	0.396539575611918
18.8304	0.395883877113455
18.8464	0.395230080277379
18.8624	0.394585581959667
18.8784	0.393957735401791
18.8944	0.393353505485585
18.9104	0.392779156404181
18.9264	0.392240036833023
18.9424	0.39174048843396
18.9584	0.391283846388127
18.9744	0.390872556330301
18.9904	0.390508345003731
19.0064	0.390192326452002
19.0224	0.389925001389095
19.0384	0.389706258474213
19.0544	0.389535372335736
19.0704	0.389411121096067
19.0864	0.389332024331061
19.1024	0.389296554689231
19.1184	0.389303250844257
19.1344	0.595156910541263
19.1504	0.595129842073376
19.1664	0.59509170856704
19.1824	0.595043926831707
19.1984	0.594988238815418
19.2144	0.594926615141148
19.2304	0.594861087361025
19.2464	0.594793565423473
19.2624	0.594725704586764
19.2784	0.594658821227156
19.2944	0.594593872299683
19.3104	0.594531508810931
19.3264	0.594472157929133
19.3424	0.594416097025473
19.3584	0.594363524660153
19.3744	0.594314605834299
19.3904	0.594269475515048
19.4064	0.594228212583189
19.4224	0.594190801143966
19.4384	0.594157117415946
19.4544	0.594126956868095
19.4704	0.594100104720084
19.4864	0.594076432803703
19.5024	0.594056000754293
19.5184	0.594039134817692
19.5344	0.594026481717165
19.5504	0.594019045705224
19.5664	0.594018227683549
19.5824	0.594025887735839
19.5984	0.594044436654016
19.6144	0.594076942188607
19.6304	0.594127224862447
19.6464	0.594199898096221
19.6624	0.594300309743787
19.6784	0.594434369789681
19.6944	0.594608256311759
19.7104	0.594828016574141
19.7264	0.595099110131045
19.7424	0.595425921000285
19.7584	0.595811274346161
19.7744	0.596255995651418
19.7904	0.596758517815502
19.8064	0.59731453083127
19.8224	0.59791672009213
19.8384	0.598554618084435
19.8544	0.59921460424583
19.8704	0.599880116687942
19.8864	0.600532100181297
19.9024	0.601149639129304
19.9184	0.601710732576223
19.9344	0.602193170413457
19.9504	0.602575464113485
19.9664	0.602837794164898
19.9824	0.602962932467747
19.9984	0.602937081318075
20.0144	0.602750543152567
20.0304	0.602398144424441
20.0464	0.601879381537074
20.0624	0.601198296791225
20.0784	0.600363152982922
20.0944	0.599386018684626
20.1104	0.598282332042189
20.1264	0.597070453616752
20.1424	0.595771163515522
20.1584	0.594407017270001
20.1744	0.593001539492846
20.1904	0.59157830450259
20.2064	0.590159979815482
20.2224	0.588767470441823
20.2384	0.587419276190346
20.2544	0.586131063745242
20.2704	0.584915457742213
20.2864	0.583782047641208
20.3024	0.582737542008019
20.3184	0.581786015271646
20.3344	0.580929210629066
20.3504	0.58016687699795
20.3664	0.579497095380063
20.3824	0.578916549842276
20.3984	0.578420724187296
20.4144	0.578004044805354
20.4304	0.577660025419945
20.4464	0.577381451015029
20.4624	0.577160654418364
20.4784	0.576989869926919
20.4944	0.576861626784208
20.5104	0.576769123632587
20.5264	0.57670651965249
20.5424	0.576669095251688
20.5584	0.57665328161751
20.5744	0.576656576273919
20.5904	0.576677362569868
20.6064	0.576714681753899
20.6224	0.576768029347747
20.6384	0.5768372013667
20.6544	0.576922195570049
20.6704	0.577023170678459
20.6864	0.577140453165057
20.7024	0.577274521240994
20.7184	0.577425953061905
20.7344	0.577595357109843
20.7504	0.577783268509464
20.7664	0.577990025520265
20.7824	0.578215699632054
20.7984	0.578460058487551
20.8144	0.578722528571902
20.8304	0.579002199294123
20.8464	0.579297843670204
20.8624	0.579607858574477
20.8784	0.579930177160051
20.8944	0.580262209312806
20.9104	0.580600771872199
20.9264	0.580942084233399
20.9424	0.581281899221736
20.9584	0.581615701445585
20.9744	0.581938928426595
20.9904	0.582247218839726
21.0064	0.582536580629423
21.0224	0.582803424630512
21.0384	0.583044501956081
21.0544	0.583256778956596
21.0704	0.583437274442119
21.0864	0.583582978383319
21.1024	0.583690851628759
21.1184	0.583757929933725
21.1344	0.583781480462292
21.1504	0.5837591661532
21.1664	0.583689153084023
21.1824	0.583570186165545
21.1984	0.583401607527875
21.2144	0.583183378075418
21.2304	0.582916105101745
21.2464	0.582601109321033
21.2624	0.582240558818469
21.2784	0.581837670852153
21.2944	0.581396867688724
21.3104	0.580923864020988
21.3264	0.58042568372251
21.3424	0.579910566676446
21.3584	0.579387770502152
21.3744	0.578867364674821
21.3904	0.578360050090239
21.4064	0.577877044442275
21.4224	0.577430061717976
21.4384	0.577031331507285
21.4544	0.576693585784298
21.4704	0.576430012509022
21.4864	0.576254135393285
21.5024	0.576179607815291
21.5184	0.576219976216819
21.5344	0.576388458799542
21.5504	0.57669772050933
21.5664	0.57715960226956
21.5824	0.577784759527802
21.5984	0.578582168788145
21.6144	0.579558525441641
21.6304	0.580717614856937
21.6464	0.582059824432278
21.6624	0.58358194201476
21.6784	0.585277341127878
21.6944	0.587136556675475
21.7104	0.589148196261519
21.7264	0.591299963015658
21.7424	0.593579630299857
21.7584	0.595975792118949
21.7744	0.598478322695243
21.7904	0.601078370276511
21.8064	0.603768059142951
21.8224	0.60654000959282
21.8384	0.609386808114536
21.8544	0.612300328113221
21.8704	0.615271263860436
21.8864	0.61828892428467
21.9024	0.621341186257766
21.9184	0.62441441717867
21.9344	0.627493675040043
21.9504	0.630562798595278
21.9664	0.63360420432808
21.9824	0.636598341758699
21.9984	0.639523007205398
22.0144	0.642352233840015
22.0304	0.645055461155877
22.0464	0.647596940574019
22.0624	0.649935592756762
22.0784	0.652025334528773
22.0944	0.653816622050542
22.1104	0.655258803977389
22.1264	0.656302877467439
22.1424	0.656904231731048
22.1584	0.657025180219236
22.1744	0.656636524758298
22.1904	0.655717987828822
22.2064	0.654257939935107
22.2224	0.652253098834578
22.2384	0.649708652602882
22.2544	0.646639156376565
22.2704	0.643070025981203
22.2864	0.639039400161991
22.3024	0.634599471950295
22.3184	0.629816569668364
22.3344	0.624769896683389
22.3504	0.619549440248292
22.3664	0.614252978014903
22.3824	0.608982591706067
22.3984	0.603841305305011
22.4144	0.598929539944024
22.4304	0.594341445232359
22.4464	0.590161432703368
22.4624	0.586460999153857
22.4784	0.583295855682749
22.4944	0.58070388072413
22.5104	0.57870413875564
22.5264	0.577297066966608
22.5424	0.576465865318639
22.5584	0.576178818870019
22.5744	0.576392117098024
22.5904	0.577052746244433
22.6064	0.578101196764621
22.6224	0.579473939820403
22.6384	0.581105715711729
22.6544	0.582931671588838
22.6704	0.584889298979292
22.6864	0.58691993957207
22.7024	0.58896978087536
22.7184	0.590990380738461
22.7344	0.592938806044017
22.7504	0.594777592392902
22.7664	0.596474738928592
22.7824	0.59800376732538
22.7984	0.599343829025784
22.8144	0.600479829979847
22.8304	0.601402483766051
22.8464	0.602108255361301
22.8624	0.602599227483282
22.8784	0.602882863321057
22.8944	0.602971629676901
22.9104	0.602882445678247
22.9264	0.602635964137207
22.9424	0.602255701440825
22.9584	0.601767043225564
22.9744	0.601196187273175
22.9904	0.600569080952582
23.0064	0.599910413080877
23.0224	0.599242771010879
23.0384	0.598586026720014
23.0544	0.597956918676076
23.0704	0.597368814583447
23.0864	0.596831637576727
23.1024	0.59635192507595
23.1184	0.595933024757883
23.1344	0.595575435056347
23.1504	0.595277247589436
23.1664	0.595034668465971
23.1824	0.594842605887791
23.1984	0.59469527224995
23.2144	0.594586762349351
23.2304	0.594511592044555
23.2464	0.594465172789583
23.2624	0.594444179451941
23.2784	0.594446771324883
23.2944	0.594472668199003
23.3104	0.594523080890625
23.3264	0.594600511135909
23.3424	0.594708431159162
23.3584	0.594850874625493
23.3744	0.595031973037138
23.3904	0.595255487414974
23.4064	0.595524381246648
23.4224	0.595840475169737
23.4384	0.596204182111492
23.4544	0.59661430446765
23.4704	0.597067888599824
23.4864	0.597560132417883
23.5024	0.598084351328353
23.5184	0.598632066486473
23.5344	0.5991932265119
23.5504	0.599756540791802
23.5664	0.600309899006803
23.5824	0.600840836176971
23.5984	0.601336964448919
23.6144	0.601786345359827
23.6304	0.60217777598946
23.6464	0.602500940809946
23.6624	0.602746422801189
23.6784	0.602905605437073
23.6944	0.602970520904464
23.7104	0.602933730132222
23.7264	0.602788300705598
23.7424	0.602527913223369
23.7584	0.602147095484966
23.7744	0.601641547301895
23.7904	0.601008514429751
23.8064	0.600247172007968
23.8224	0.599358986829387
23.8384	0.598348010041676
23.8544	0.597221040187193
23.8704	0.595987624514819
23.8864	0.594659906225374
23.9024	0.593252354869108
23.9184	0.591781470444417
23.9344	0.590265550279256
23.9504	0.588724536864973
23.9664	0.587179881908312
23.9824	0.585654324942752
23.9984	0.584171490337567
24.0144	0.582755293217716
24.0304	0.581429230181882
24.0464	0.580215618178997
24.0624	0.579134875728343
24.0784	0.578204853944456
24.0944	0.577440201821631
24.1104	0.576851752018555
24.1264	0.576445990291759
24.1424	0.576224677253137
24.1584	0.576184724556256
24.1744	0.576318384230134
24.1904	0.576613728984924
24.2064	0.577055272921442
24.2224	0.577624548575827
24.2384	0.578300469516748
24.2544	0.579059415701366
24.2704	0.579875141288383
24.2864	0.580718683841795
24.3024	0.581558461201624
24.3184	0.58236080886708
24.3344	0.583091055690588
24.3504	0.58371511807006
24.3664	0.584201547067536
24.3824	0.584523800755264
24.3984	0.584662372165369
24.4144	0.58460653785896
24.4304	0.584355534103608
24.4464	0.583918974471558
24.4624	0.583316398334361
24.4784	0.582576075280471
24.4944	0.581733235723092
24.5104	0.580827988631157
24.5264	0.579903096263948
24.5424	0.579001896433297
24.5584	0.578166537690024
24.5744	0.577436496892872
24.5904	0.576847360236528
24.6064	0.57642982419172
24.6224	0.576208832554229
24.6384	0.576202883277759
24.6544	0.576423566248806
24.6704	0.576875415566533
24.6864	0.577556131830178
24.7024	0.57845710877082
24.7184	0.579564158559251
24.7344	0.580858321866046
24.7504	0.582316671064987
24.7664	0.583913053168104
24.7824	0.585618761199683
24.7984	0.587403094612867
24.8144	0.58923388619813
24.8304	0.591077957219468
24.8464	0.592901467802605
24.8624	0.594670202480543
24.8784	0.596349852444732
24.8944	0.597906327321667
24.9104	0.599306242948231
24.9264	0.600517684474752
24.9424	0.601511293477571
24.9584	0.602261708886928
24.9744	0.602749289663464
24.9904	0.602961964965587
25.0064	0.602897031502394
25.0224	0.60256270022019
25.0384	0.601979207282497
25.0544	0.601179297883832
25.0704	0.600207930242661
25.0864	0.599121119706822
25.1024	0.597983880103655
25.1184	0.59686736489779
25.1344	0.59584547506843
25.1504	0.594991217901722
25.1664	0.59437309231707
25.1824	0.594051742292507
25.1984	0.594076961064317
25.2144	0.594485084337279
25.2304	0.595296830226559
25.2464	0.596515675742197
25.2624	0.598126991517105
25.2784	0.600098135257795
25.2944	0.602379555318194
25.3104	0.604906922888361
25.3264	0.607604188172431
25.3424	0.610387110448755
25.3584	0.613166970436353
25.3744	0.615854388350485
25.3904	0.618363108896673
25.4064	0.620613743719431
25.4224	0.62253743607792
25.4384	0.624079165069162
25.4544	0.625200289128074
25.4704	0.625880126500775
25.4864	0.626116187748238
25.5024	0.625922975257581
25.5184	0.6253295813151
25.5344	0.624376535483208
25.5504	0.623112216174079
25.5664	0.621589426254928
25.5824	0.619862539689862
25.5984	0.617985298049305
25.6144	0.616009146129784
25.6304	0.613982133862478
25.6464	0.611948119156196
25.6624	0.6099461707214
25.6784	0.608010169458225
25.6944	0.606168531243526
25.7104	0.604443924719092
25.7264	0.602853079242848
25.7424	0.601406827373765
25.7584	0.600110478307172
25.7744	0.598964506690677
25.7904	0.59796547552402
25.8064	0.597107001501783
25.8224	0.596380642745302
25.8384	0.595776608259698
25.8544	0.595284230117201
25.8704	0.594892251855342
25.8864	0.594589114337069
25.9024	0.594363264250674
25.9184	0.594203470264929
25.9344	0.594099103550704
25.9504	0.594040356640804
25.9664	0.594018361382226
25.9824	0.59402523190947
25.9984	0.594054073756936
26.0144	0.594098983562887
26.0304	0.5941550406868
26.0464	0.594218262031561
26.0624	0.594285501884897
26.0784	0.594354318318537
26.0944	0.594422828219209
26.1104	0.594489565458744
26.1264	0.594553392731271
26.1424	0.594613470237775
26.1584	0.594669245551685
26.1744	0.594720445188855
26.1904	0.594767068726483
26.2064	0.594809345022455
26.2224	0.594847666620282
26.2384	0.594882523965722
26.2544	0.59491442949529
26.2704	0.594943839347607
26.2864	0.594971125981616
26.3024	0.594996579227356
26.3184	0.595020421730183
26.3344	0.595042854540665
26.3504	0.595064124154888
26.3664	0.595084567168541
26.3824	0.595104646627973
26.3984	0.595124976526634
26.4144	0.595146343794241
26.4304	0.595169731276187
26.4464	0.59519633691049
26.4624	0.595227559605561
26.4784	0.595264963160858
26.4944	0.595310197755438
26.5104	0.595364885479583
26.5264	0.595430507578655
26.5424	0.595508330862359
26.5584	0.595599381900954
26.5744	0.595704486237949
26.5904	0.595824327554155
26.6064	0.595959481034285
26.6224	0.596110412404713
26.6384	0.596277447063684
26.6544	0.596460693957184
26.6704	0.596659972769984
26.6864	0.596874797066064
26.7024	0.597104412075552
26.7184	0.597347868849354
26.7344	0.597604108120478
26.7504	0.597872024156729
26.7664	0.598150485054745
26.7824	0.598438294381069
26.7984	0.598734113162593
26.8144	0.599036400003584
26.8304	0.599343367536434
26.8464	0.599652947076763
26.8624	0.599962776557234
26.8784	0.600270232256079
26.8944	0.600572468163435
26.9104	0.600866485023843
26.9264	0.601149239811136
26.9424	0.601417780631451
26.9584	0.601669381782344
26.9744	0.601901689135232
26.9904	0.602112835118831
27.0064	0.602301483428661
27.0224	0.602466806810568
27.0384	0.602608420791753
27.0544	0.602726278695442
27.0704	0.602820566173008
27.0864	0.602891635026921
27.1024	0.602939968256848
27.1184	0.602966152763528
27.1344	0.602970851529747
27.1504	0.602954762391718
27.1664	0.602918560193487
27.1824	0.602862836308006
27.1984	0.602788040955645
27.2144	0.602694423990485
27.2304	0.60258196382533
27.2464	0.602450265119856
27.2624	0.602298417652534
27.2784	0.602124845264385
27.2944	0.601927193975584
27.3104	0.601702291993107
27.3264	0.601446193946074
27.3424	0.601154324866613
27.3584	0.60082168554446
27.3744	0.600443063246772
27.3904	0.600013215781175
27.4064	0.599527045177254
27.4224	0.598979745128148
27.4384	0.598366958436301
27.4544	0.597684957786882
27.4704	0.59693084182156
27.4864	0.596102717046946
27.5024	0.595199874137862
27.5184	0.594222920202881
27.5344	0.593173887046007
27.5504	0.592056396530253
27.5664	0.590875932346549
27.5824	0.589640168521484
27.5984	0.588359332040184
27.6144	0.58704650105868
27.6304	0.58571776450087
27.6464	0.584392119609092
27.6624	0.583091077001328
27.6784	0.581837970828317
27.6944	0.580657023206626
27.7104	0.579572254467436
27.7264	0.578606395761582
27.7424	0.577779970521348
27.7584	0.577110708799822
27.7744	0.57661335158717
27.7904	0.576299751447962
27.8064	0.576179157446987
27.8224	0.576258580597298
27.8384	0.57654315186052
27.8544	0.577036461563878
27.8704	0.577740913987881
27.8864	0.578658091854734
27.9024	0.579789043808248
27.9184	0.581134330724424
27.9344	0.582693639777219
27.9504	0.584464999226824
27.9664	0.586443675882535
27.9824	0.588621069632822
27.9984	0.590983975061405
28.0144	0.593514632222295
28.0304	0.596191550374996
28.0464	0.598990979961272
28.0624	0.601888660740528
28.0784	0.604861425085502
28.0944	0.607888255433963
28.1104	0.610950769962969
28.1264	0.61403288912912
28.1424	0.617120021521927
28.1584	0.620197969842351
28.1744	0.623251751134418
28.1904	0.626264199183581
28.2064	0.629214744694522
28.2224	0.632078396952451
28.2384	0.634825195065943
28.2544	0.637420441461515
28.2704	0.639825997672276
28.2864	0.642002302512864
28.3024	0.643911004181163
28.3184	0.645517552542046
28.3344	0.646793287279522
28.3504	0.647716787111833
28.3664	0.648274285539671
28.3824	0.648458893358892
28.3984	0.648269300292199
28.4144	0.647708425094535
28.4304	0.646782116989002
28.4464	0.645498193106718
28.4624	0.643865956954855
28.4784	0.641896312274795
28.4944	0.63960222941499
28.5104	0.636999612754082
28.5264	0.634108707822165
28.5424	0.630955829869592
28.5584	0.627574897151518
28.5744	0.624008062851587
28.5904	0.620304891287944
28.6064	0.61652028536956
28.6224	0.612711612510608
28.6384	0.608935685622882
28.6544	0.60524589398652
28.6704	0.601690151868226
28.6864	0.598309780375288
28.7024	0.840465215588321
28.7184	0.839821213666834
28.7344	0.83913651126154
28.7504	0.83841752050348
28.7664	0.837671312249721
28.7824	0.836905308169914
28.7984	0.836126987036689
28.8144	0.835343658808579
28.8304	0.834562309441548
28.8464	0.833789462762692
28.8624	0.833031111577736
28.8784	0.832292680502658
28.8944	0.831579033565117
28.9104	0.830894507978567
28.9264	0.830242977440133
28.9424	0.829627858575545
28.9584	0.829052104466765
28.9744	0.828518184723617
28.9904	0.828028057488819
29.0064	0.827583150385191
29.0224	0.827184422663489
29.0384	0.826832462629024
29.0544	0.826527597842155
29.0704	0.826270022018701
29.0864	0.826059920308463
29.1024	0.825897558908064
29.1184	0.825783365495379
29.1344	0.825717994672981
29.1504	0.825702381550311
29.1664	0.825737792499677
29.1824	0.825825891932862
29.1984	0.825968801907973
29.2144	0.826169122197935
29.2304	0.826429910311031
29.2464	0.826754585408661
29.2624	0.82714676506944
29.2784	0.827610019471432
29.2944	0.828147571462917
29.3104	0.828761943735454
29.3264	0.82945458339017
29.3424	0.830225449014602
29.3584	0.831072613517687
29.3744	0.831991886080967
29.3904	0.83297650976807
29.4064	0.834016946325757
29.4224	0.835100782438925
29.4384	0.836212787287248
29.4544	0.837335174618072
29.4704	0.838448015564946
29.4864	0.83952978168254
29.5024	0.840557985401613
29.5184	0.841509862111959
29.5344	0.842363034399323
29.5504	0.843096157754655
29.5664	0.843689511272711
29.5824	0.844125475385933
29.5984	0.844388859380697
29.6144	0.844467032311226
29.6304	0.844349850722292
29.6464	0.844029429922141
29.6624	0.843499796681595
29.6784	0.84275650829019
29.6944	0.841796343046692
29.7104	0.840617077927714
29.7264	0.83921734109698
29.7424	0.837596606179883
29.7584	0.835755311629523
29.7744	0.833695044538867
29.7904	0.831418814268229
29.8064	0.828931383521404
29.8224	0.826239500403897
29.8384	0.823352067250038
29.8544	0.820280357378603
29.8704	0.817038246715011
29.8864	0.813642602189287
29.9024	0.810113995758552
29.9184	0.806477413343909
29.9344	0.802762585227025
29.9504	0.79900384190692
29.9664	0.795239397382996
29.9824	0.791509868893865
29.9984	0.787856251690695
30.0144	0.784317883608434
30.0304	0.780930736785503
30.0464	0.777726301305687
30.0624	0.77473110049301
30.0784	0.771966738679279
30.0944	0.76945027656998
30.1104	0.767194844944068
30.1264	0.765210123134164
30.1424	0.763502729798628
30.1584	0.762076664427223
30.1744	0.760933963916354
30.1904	0.760075398891356
30.2064	0.759501107176259
30.2224	0.75921085099797
30.2384	0.759203903215219
30.2544	0.759478514346039
30.2704	0.760030942031431
30.2864	0.760854389089911
30.3024	0.761938600546241
30.3184	0.763270031842762
30.3344	0.764832506626203
30.3504	0.766608477542501
30.3664	0.768580553554624
30.3824	0.770732625656205
30.3984	0.773050384119113
30.4144	0.775521099916755
30.4304	0.778132862031338
30.4464	0.780873743172673
30.4624	0.783731018042527
30.4784	0.78669045571851
30.4944	0.789735960475905
30.5104	0.792849683158959
30.5264	0.796012293824287
30.5424	0.799203384437558
30.5584	0.802402019262342
30.5744	0.805587272418546
30.5904	0.80873867599308
30.6064	0.81183659698095
30.6224	0.814862497222318
30.6384	0.817799018802244
30.6544	0.820629874766791
30.6704	0.823339712792514
30.6864	0.825914233477672
30.7024	0.828340621015595
30.7184	0.830608169076267
30.7344	0.832708858594469
30.7504	0.834637648568243
30.7664	0.836392334112727
30.7824	0.837972950477589
30.7984	0.839380846891242
30.8144	0.840617697572323
30.8304	0.84168465970809
30.8464	0.842581827870102
30.8624	0.843308081743441
30.8784	0.843861240956397
30.8944	0.844238403764162
30.9104	0.844436370627758
30.9264	0.844452084040793
30.9424	0.844283103346552
30.9584	0.843928158432444
30.9744	0.843387751898472
30.9904	0.842664762108011
31.0064	0.841764975764374
31.0224	0.840697425930326
31.0384	0.839474519094065
31.0544	0.838112006022069
31.0704	0.836628892868358
31.0864	0.835047362635475
31.1024	0.833392741279223
31.1184	0.831693415060283
31.1344	0.829980567043844
31.1504	0.82828762206989
31.1664	0.826649437479414
31.1824	0.82510136464462
31.1984	0.823678295945239
31.2144	0.822413818633958
31.2304	0.821339512551912
31.2464	0.820484308286037
31.2624	0.819873848384372
31.2784	0.819529817168817
31.2944	0.819469239859739
31.3104	0.819703832860828
31.3264	0.820239498115921
31.3424	0.821076001966585
31.3584	0.822206825156815
31.3744	0.823619124441304
31.3904	0.825293792356074
31.4064	0.827205648601801
31.4224	0.829323866443634
31.4384	0.831612728321407
31.4544	0.834032764039176
31.4704	0.836542273118315
31.4864	0.839099137607366
31.5024	0.841662687689468
31.5184	0.844195413589301
31.5344	0.846664324817947
31.5504	0.849041810913857
31.5664	0.851305900690608
31.5824	0.853439993177535
31.5984	0.855432189870125
31.6144	0.857274484090812
31.6304	0.8589619724366
31.6464	0.860492196822587
31.6624	0.861864671488508
31.6784	0.863080672879651
31.6944	0.864143120543954
31.7104	0.865056419522755
31.7264	0.865826199100514
31.7424	0.866458951988992
31.7584	0.866961583258156
31.7744	0.867340986746608
31.7904	0.867603664251799
31.8064	0.867755455764549
31.8224	0.867801379520518
31.8384	0.867745616782283
31.8544	0.867591545856282
31.8704	0.867341818806697
31.8864	0.866998486815699
31.9024	0.866563178975479
31.9184	0.866037235301338
31.9344	0.865421828357267
31.9504	0.864718043011248
31.9664	0.86392695880976
31.9824	0.86304968218219
31.9984	0.862087443868749
32.0144	0.861041749518566
32.0304	0.859914664863023
32.0464	0.858709198441769
32.0624	0.85742974672517
32.0784	0.856082404936036
32.0944	0.854675071100527
32.1104	0.853217315910737
32.1264	0.85171999506046
32.1424	0.850194660845784
32.1584	0.848652988764979
32.1744	0.847106257078078
32.1904	0.845564870917148
32.2064	0.844037981555498
32.2224	0.842533291906843
32.2384	0.841057000070588
32.2544	0.839613857376431
32.2704	0.838207366499926
32.2864	0.836840041826182
32.3024	0.835513730455791
32.3184	0.834229929972476
32.3344	0.832990063081116
32.3504	0.831795626789056
32.3664	0.830648238060203
32.3824	0.82954955325177
32.3984	0.828501064426423
32.4144	0.827503907580311
32.4304	0.826558795558437
32.4464	0.825666097333414
32.4624	0.824826037607419
32.4784	0.824038987593848
32.4944	0.823305743698651
32.5104	0.822627693017633
32.5264	0.822006831004789
32.5424	0.821445656079799
32.5584	0.820947016195593
32.5744	0.820514002326856
32.5904	0.820149911313717
32.6064	0.819858259293124
32.6224	0.819642824893311
32.6384	0.819507669161805
32.6544	0.819457092051177
32.6704	0.819495540153422
32.6864	0.819627480322392
32.7024	0.819857237460223
32.7184	0.820188798917581
32.7344	0.820625580519231
32.7504	0.821170150436142
32.7664	0.821823930602644
32.7824	0.822586881077836
32.7984	0.823457212949275
32.8144	0.824431149598791
32.8304	0.825502739588199
32.8464	0.826663716655343
32.8624	0.827903449686925
32.8784	0.829208974469477
32.8944	0.830565091953769
32.9104	0.831954552745724
32.9264	0.833358337569759
32.9424	0.834756027465328
32.9584	0.836126282274375
32.9744	0.837447423314654
32.9904	0.838698113448
33.0064	0.839858125683204
33.0224	0.840909189702398
33.0384	0.84183588698944
33.0544	0.84262651362344
33.0704	0.843273813705121
33.0864	0.843775479253932
33.1024	0.84413432594199
33.1184	0.844358060571221
33.1344	0.84445868965383
33.1504	0.844451657844171
33.1664	0.844354833276437
33.1824	0.844187474587169
33.1984	0.843969285316444
33.2144	0.843719608088957
33.2304	0.843456771039438
33.2464	0.843197564466163
33.2624	0.842956829235117
33.2784	0.842747169015208
33.2944	0.842578739408889
33.3104	0.842459100363993
33.3264	0.84239314406538
33.3424	0.842383098741049
33.3584	0.842428572326337
33.3744	0.842526659368414
33.3904	0.842672115633203
33.4064	0.842857594447135
33.4224	0.843073936783451
33.4384	0.843310497236043
33.4544	0.843555467677231
33.4704	0.843796180334845
33.4864	0.844019385728497
33.5024	0.844211486124461
33.5184	0.844358750543247
33.5344	0.84444755925308
33.5504	0.844464700821444
33.5664	0.844397721790212
33.5824	0.844235316562543
33.5984	0.843967694490967
33.6144	0.843586857597696
33.6304	0.843086766149039
33.6464	0.842463393491538
33.6624	0.841714745987655
33.6784	0.840840941040153
33.6944	0.839844380441516
33.7104	0.838730002005118
33.7264	0.837505600513719
33.7424	0.836182100995057
33.7584	0.834773718044399
33.7744	0.833297963493049
33.7904	0.831775515106667
33.8064	0.830229918478633
33.8224	0.828687155400115
33.8384	0.827175087194586
33.8544	0.825722768717281
33.8704	0.824359640850528
33.8864	0.823114645450016
33.9024	0.822015295633715
33.9184	0.821086781423343
33.9344	0.820351172227543
33.9504	0.81982676154411
33.9664	0.819527582444952
33.9824	0.819463114438346
33.9984	0.819638177257769
34.0144	0.820053006316659
34.0304	0.820703485091695
34.0464	0.821581493269971
34.0624	0.822675318302867
34.0784	0.823970057655853
34.0944	0.825447971120692
34.1104	0.827088802527189
34.1264	0.828870132871732
34.1424	0.830767828984602
34.1584	0.832756675196965
34.1744	0.834811142029597
34.1904	0.836906216199086
34.2064	0.839018196808855
34.2224	0.841125351885868
34.2384	0.843208334900734
34.2544	0.845250417132004
34.2704	0.847237584886738
34.2864	0.849158507615346
34.3024	0.851004404413541
34.3184	0.852768841957836
34.3344	0.854447505274276
34.3504	0.856037982680721
34.3664	0.857539576476373
34.3824	0.858953158011342
34.3984	0.8602810672587
34.4144	0.861526954729445
34.4304	0.862695472639597
34.4464	0.863791869515527
34.4624	0.864821548602183
34.4784	0.865789630873696
34.4944	0.866700652306694
34.5104	0.867558454562289
34.5264	0.868366213759327
34.5424	0.869126568711781
34.5584	0.869841823457545
34.5744	0.870514061597415
34.5904	0.871145127008422
34.6064	0.871736555953891
34.6224	0.872289484319484
34.6384	0.872804521879043
34.6544	0.873281725994712
34.6704	0.873720712624181
34.6864	0.874120840611955
34.7024	0.874481489525888
34.7184	0.874802393797015
34.7344	0.875083887399359
34.7504	0.875327017993644
34.7664	0.87553355072043
34.7824	0.875705859113264
34.7984	0.875846773685073
34.8144	0.875959449773067
34.8304	0.876047250756759
34.8464	0.876113639970267
34.8624	0.876162082759524
34.8784	0.876195938635998
34.8944	0.876218353088159
34.9104	0.87623216694934
34.9264	0.876239859134902
34.9424	0.876243518625909
34.9584	0.876244832948448
34.9744	0.876245071631988
34.9904	0.876245050148338
35.0064	0.876245072025885
35.0224	0.876244860701352
35.0384	0.876243493695572
35.0544	0.876239346575549
35.0704	0.876230047014477
35.0864	0.876212436743611
35.1024	0.876182540477505
35.1184	0.876135538431985
35.1344	0.876065743873585
35.1504	0.875966593030125
35.1664	0.875830650204289
35.1824	0.875649633999256
35.1984	0.875414475647741
35.2144	0.875115417069491
35.2304	0.874742151781877
35.2464	0.874283980729945
35.2624	0.873730016407055
35.2784	0.873069437748267
35.2944	0.872291752580811
35.3104	0.87138707634416
35.3264	0.870346501957524
35.3424	0.869162506158961
35.3584	0.867829404048198
35.3744	0.866343845297184
35.3904	0.864705297491749
35.4064	0.862916430583414
35.4224	0.860983441346068
35.4384	0.858916146922514
35.4544	0.856727780221309
35.4704	0.854434598312903
35.4864	0.852055382774655
35.5024	0.849610775179524
35.5184	0.847122668975924
35.5344	0.844613767346356
35.5504	0.842107285468995
35.5664	0.839626797451455
35.5824	0.837196147043063
35.5984	0.83483927334348
35.6144	0.832579935015222
35.6304	0.830441336033584
35.6464	0.82844564021406
35.6624	0.826613428526525
35.6784	0.824963197660065
35.6944	0.823510916017224
35.7104	0.82226965138182
35.7264	0.821249296873145
35.7424	0.820456398939097
35.7584	0.81989408145142
35.7744	0.81956208464182
35.7904	0.81945692287248
35.8064	0.819572177315177
35.8224	0.819898885542838
35.8384	0.820425957540319
35.8544	0.821140526393929
35.8704	0.822028140013582
35.8864	0.823072788420628
35.9024	0.824256820798592
35.9184	0.825560837119195
35.9344	0.826963686379084
35.9504	0.8284426165452
35.9664	0.829973552704697
35.9824	0.831531477089012
35.9984	0.833090877899348
36.0144	0.834626221204413
36.0304	0.836112528376031
36.0464	0.837526110477722
36.0624	0.838845370860195
36.0784	0.840051516259361
36.0944	0.841129084912776
36.1104	0.842066159583464
36.1264	0.842854253218501
36.1424	0.843487944524266
36.1584	0.843964418461479
36.1744	0.844283006479696
36.1904	0.844444813118553
36.2064	0.844452425754863
36.2224	0.844309672118921
36.2384	0.844021403444597
36.2544	0.843593283430504
36.2704	0.843031572921998
36.2864	0.842342933391347
36.3024	0.841534251909334
36.3184	0.840612473124732
36.3344	0.839584452361404
36.3504	0.838849443787279
36.3664	0.838138932666507
36.3824	0.837456553937255
36.3984	0.836803748736681
36.4144	0.836180501023986
36.4304	0.835585982070054
36.4464	0.835019052662059
36.4624	0.834478620306992
36.4784	0.833963873093833
36.4944	0.833474406852158
36.5104	0.833010264628793
36.5264	0.832571918028432
36.5424	0.832160212659513
36.5584	0.831776290122701
36.5744	0.831421503328027
36.5904	0.831097337184669
36.6064	0.830805339589897
36.6224	0.830547068357529
36.6384	0.830324057694551
36.6544	0.830137794286426
36.6704	0.829989696682954
36.6864	0.82988109587124
36.7024	0.829813214213612
36.7184	0.829787143978262
36.7344	0.829803831769976
36.7504	0.829864068172579
36.7664	0.829968481985144
36.7824	0.830117530803701
36.7984	0.830311480830556
36.8144	0.830550374739072
36.8304	0.830833989552712
36.8464	0.831161790213155
36.8624	0.831532886206002
36.8784	0.831945998685651
36.8944	0.832399440013614
36.9104	0.832891105847974
36.9264	0.833418471531399
36.9424	0.833978590413889
36.9584	0.83456809353974
36.9744	0.835183191573901
36.9904	0.835819679358249
37.0064	0.836472948720878
37.0224	0.837138008585566
37.0384	0.837809511522988
37.0544	0.838481787331528
37.0704	0.839148883985626
37.0864	0.839804613599281
37.1024	0.840442604150038
37.1184	0.841056356203207
37.1344	0.841639303805163
37.1504	0.842184878219808
37.1664	0.842686573253825
37.1824	0.843138012139047
37.1984	0.843533014900768
37.2144	0.843865664470226
37.2304	0.844130371557537
37.2464	0.844321938308095
37.2624	0.844435620328365
37.2784	0.844467187420857
37.2944	0.844412983189951
37.3104	0.844269983358213
37.3264	0.844035852647149
37.3424	0.843708999342365
37.3584	0.843288626848359
37.3744	0.842774782222602
37.3904	0.842168401076446
37.4064	0.841471348007627
37.4224	0.840686452876934
37.4384	0.839817542661347
37.4544	0.838869467709795
37.4704	0.837848121944855
37.4864	0.836760456023622
37.5024	0.835614482576428
37.5184	0.834419272927999
37.5344	0.833184944531606
37.5504	0.831922637863325
37.5664	0.830644482133319
37.5824	0.829363549362309
37.5984	0.828093795946156
37.6144	0.826849991278745
37.6304	0.82564763329118
37.6464	0.824502850816312
37.6624	0.823432292261028
37.6784	0.822452999904936
37.6944	0.821582269166992
37.7104	0.820837492334174
37.7264	0.820235985666439
37.7424	0.819794799321269
37.7584	0.819530510042878
37.7744	0.819458996442602
37.7904	0.819595197380803
37.8064	0.819952854335828
37.8224	0.820544237982805
37.8384	0.821379859241812
37.8544	0.822468164656872
37.8704	0.823815215612488
37.8864	0.825424351500171
37.9024	0.827295836416727
37.9184	0.82942648836335
37.9344	0.831809290721548
37.9504	0.834432983723982
37.9664	0.837281631602163
37.9824	0.840334161837735
37.9984	0.843563875074462
38.0144	0.846937923238951
38.0304	0.850416756969576
38.0464	0.853953545443314
38.0624	0.857493572140964
38.0784	0.860973607857677
38.0944	0.864321262502248
38.1104	0.867454314223107
38.1264	0.870280014406791
38.1424	0.872694368505787
38.1584	0.874581392339731
38.1744	0.875812341183543
38.1904	0.876244909253021
38.2064	0.875722395936489
38.2224	0.874072834225306
38.2384	0.871108081006785
38.2544	0.866622873903577
