0.072	0.0622868149910527
0.152	0.0641724162035953
0.232	0.0660079405207892
0.312	0.0677905362607643
0.392	0.0695176998235407
0.472	0.0711872547299475
0.552	0.0727973311445336
0.632	0.074346347202896
0.712	0.0758329940222762
0.792	0.0772562157218868
0.872	0.0786151905274775
0.952	0.0799093110789553
1.032	0.0811381635283066
1.112	0.0823015087782277
1.192	0.0833992647403914
1.272	0.0844314865537452
1.352	0.0853983464966088
1.432	0.0863001154171581
1.512	0.0871371470409184
1.592	0.0879098647033398
1.672	0.0886187512535539
1.752	0.0892643413378931
1.832	0.0898472140057134
1.912	0.0903679854446917
1.992	0.0908273017947945
2.072	0.091225832753592
2.152	0.0915642643903478
2.232	0.0918432934308964
2.312	0.0920636218624065
2.392	0.0922259504613816
2.472	0.0923309733798572
2.552	0.0923793759299354
2.632	0.0923718335181416
2.712	0.0923090140366494
2.792	0.0921915860824054
2.872	0.0920202309010261
2.952	0.0917956534015527
3.032	0.0915185925640838
3.112	0.0911898271755671
3.192	0.0908101753371877
3.272	0.0903804893133735
3.352	0.0899016478041172
3.432	0.0893745468581866
3.512	0.0888000945432648
3.592	0.0881792104425951
3.672	0.0875128276487853
3.752	0.0868018959611785
3.832	0.0860473864689535
3.912	0.0852502934662649
3.992	0.0844116330797089
4.072	0.0835324399972119
4.152	0.0826137632545123
4.232	0.0816566622861412
4.312	0.08066220535712
4.392	0.0796314701259728
4.472	0.0785655452847518
4.552	0.0774655345083044
4.632	0.0763325605643015
4.712	0.0751677684178613
4.792	0.0739723269889421
4.872	0.072747429644151
4.952	0.07149429138728
5.032	0.0702141429871528
5.112	0.0689082227811664
5.192	0.067577768497328
5.272	0.0662240112754002
5.352	0.0648481736171629
5.432	0.0634514725329378
5.512	0.0620351290518553
5.592	0.0606003806362505
5.672	0.0591484939617413
5.752	0.0576807753509438
5.832	0.0561985773260556
5.912	0.0547033020783996
5.992	0.0531964036580543
6.072	0.0516793879106014
6.152	0.0501538130590315
6.232	0.0486212942993216
6.312	0.0470835112739163
6.392	0.045542217164515
6.472	0.0439992516675769
6.552	0.0424565584958767
6.632	0.040916206705786
6.712	0.0393804135309903
6.792	0.0378515662266405
6.872	0.0363322446021908
6.952	0.0348252486682963
7.032	0.0333336300174789
7.112	0.0318607285670662
7.192	0.0304102185485231
7.272	0.0289861644031841
7.352	0.0275930838436746
7.432	0.0262360173883902
7.512	0.0249206042739498
7.592	0.0236531665380308
7.672	0.022440803514078
7.752	0.021291499942782
7.832	0.0202142507091079
7.912	0.0192192056026936
7.992	0.0183178342691743
8.072	0.0175231072359505
8.152	0.0168496855998637
8.232	0.0163141120623376
8.312	0.0159349889753724
8.392	0.0157331225023523
8.472	0.0157315993568528
8.552	0.015955745208073
8.632	0.0164328872418604
8.712	0.0171918109929248
8.792	0.01826176823438
8.872	0.0196708710547551
8.952	0.0214437223683799
9.032	0.0235982224599578
9.112	0.0261417203610517
9.192	0.0290671161688589
9.272	0.0323502539362064
9.352	0.0359509871152692
9.432	0.0398215617069493
9.512	0.0426942651950721
9.592	0.0455873813263121
9.672	0.0484791226478105
9.752	0.0513482988059319
9.832	0.0541739138886879
9.912	0.0569349443244658
9.992	0.0596102157531799
10.072	0.0621783733574102
10.152	0.0646181548420426
10.232	0.0669086546749167
10.312	0.0690295959384155
10.392	0.0709617010996464
10.472	0.0726869715345781
10.552	0.0741888703939306
10.632	0.0754525665480923
10.712	0.0764651478331171
10.792	0.0772156764979979
10.872	0.0776950428987657
10.952	0.0778958074916485
11.032	0.0778120620179958
11.112	0.0774393404062632
11.192	0.0767747728731205
11.272	0.0758174989723823
11.352	0.0745691446982359
11.432	0.0730342823023715
11.512	0.0712209696443988
11.592	0.0691411664824368
11.672	0.0668110267460715
11.752	0.0642512295833324
11.832	0.0614871129704948
11.912	0.0585484027534573
11.992	0.0554686803009172
12.072	0.0522844194985037
12.152	0.0490336078810625
12.232	0.045754381337856
12.312	0.0424840420836841
12.392	0.0392583800766442
12.472	0.03611156461759
12.552	0.0330764700569102
12.632	0.0301851304391629
12.712	0.027469146032173
12.792	0.024959955678197
12.872	0.0226887862808365
12.952	0.0206863930480932
13.032	0.0189827212875766
13.112	0.0176065579058697
13.192	0.0165851789900895
13.272	0.0159440737522072
13.352	0.0157067065309473
13.432	0.01589428447115
13.512	0.0165254870397415
13.592	0.0176161363387219
13.672	0.0191787871327929
13.752	0.0212222649348046
13.832	0.0237512312816701
13.912	0.0267658731256457
13.992	0.0302617873456281
14.072	0.0342300635736077
14.152	0.0386574558454509
14.232	0.0435265429194427
14.312	0.0488157971944982
14.392	0.0544994602181799
14.472	0.0605472190167315
14.552	0.0669238403648631
14.632	0.0735888873822343
14.712	0.0804965613501718
14.792	0.0875957939177194
14.872	0.0948307031813496
14.952	0.10214129384075
15.032	0.109464349130546
15.112	0.116734442234387
15.192	0.123884959319488
15.272	0.130849073278766
15.352	0.137560713511425
15.432	0.143955410341517
15.512	0.149970992965413
15.592	0.155548373524629
15.672	0.160632366881705
15.752	0.165172434428461
15.832	0.169123465228443
15.912	0.172446657562054
15.992	0.175110313016665
16.072	0.17709042050299
16.152	0.178370965460195
16.232	0.178943991294721
16.312	0.178809531350714
16.392	0.177975510011249
16.472	0.176457732458703
16.552	0.174279965374941
16.632	0.171473925658963
16.712	0.168078991220566
16.792	0.164141575717343
16.872	0.159714205826353
16.952	0.154854374875578
17.032	0.149623382117744
17.112	0.144085311489965
17.192	0.13830620300441
17.272	0.132353131006051
17.352	0.126293039224338
17.432	0.120191327735027
17.512	0.114110557665859
17.592	0.108109286093947
17.672	0.102241284025842
17.752	0.096555139198168
17.832	0.0910944360888291
17.912	0.0858982690242041
17.992	0.0810018803724422
18.072	0.0764371032467164
18.152	0.0722326032753511
18.232	0.0684135488861042
18.312	0.0650006909986782
18.392	0.0620091848085718
18.472	0.0594478244202516
18.552	0.0573187163951072
18.632	0.0556177294854177
18.712	0.0543357675692047
18.792	0.0534605842764382
18.872	0.052978974179565
18.952	0.0528790035006796
19.032	0.0531510612197774
19.112	0.0537876303660294
19.192	0.054782187886671
19.272	0.0561270378913203
19.352	0.0578105225563856
19.432	0.0598148089965651
19.512	0.0621146636713075
19.592	0.0646769846899371
19.672	0.0674614958666719
19.752	0.0704224312460031
19.832	0.0735107150308263
19.912	0.0766764907691186
19.992	0.0798718944019949
20.072	0.0830533110028622
20.152	0.0861828853373634
20.232	0.0892293764896994
20.312	0.0921682197082507
20.392	0.0949806860287108
20.472	0.0976525784238991
20.552	0.100173143803998
20.632	0.102534482621836
20.712	0.104731479027278
20.792	0.10676235612693
20.872	0.108629563023277
20.952	0.110340332942338
21.032	0.111906627936898
21.112	0.113344386480923
21.192	0.114671982015986
21.272	0.115908218020953
21.352	0.117070429812303
21.432	0.118172862612527
21.512	0.119225445294747
21.592	0.120233244902549
21.672	0.121196722109856
21.752	0.122112433371571
21.832	0.122974167434398
21.912	0.123774273429619
21.992	0.124504833474314
22.072	0.125158631642988
22.152	0.125729901137353
22.232	0.126214548633788
22.312	0.126609957992775
22.392	0.126914650703354
22.472	0.127128122029037
22.552	0.12725077420888
22.632	0.127284046480126
22.712	0.127230620915986
22.792	0.127094566302466
22.872	0.126881212549703
22.952	0.12659684695697
23.032	0.126248374589371
23.112	0.125843035523458
23.192	0.12538845857326
23.272	0.124892952570358
23.352	0.124365870538588
23.432	0.123818058107949
23.512	0.123262052883218
23.592	0.122711791369545
23.672	0.122182024545287
23.752	0.121687507967186
23.832	0.121242002937832
23.912	0.120857373559309
23.992	0.120543094582166
24.072	0.120305885713536
24.152	0.120149641044085
24.232	0.120075548975182
24.312	0.120082316514965
24.392	0.12016645812062
24.472	0.120322660589538
24.552	0.120544037353296
24.632	0.120822505931367
24.712	0.121149298264799
24.792	0.121515336194589
24.872	0.121911609635381
24.952	0.122329528413454
25.032	0.122760977658116
25.112	0.123198523030043
25.192	0.123635698539525
25.272	0.124067064599183
25.352	0.124488318807719
25.432	0.124896617960749
25.512	0.125290585326502
25.592	0.125670132299069
25.672	0.12603648863657
25.752	0.126392437323345
25.832	0.126742467513948
25.912	0.127093109270669
25.992	0.127453187595632
26.072	0.127833648997759
26.152	0.128246960469744
26.232	0.128706296161345
26.312	0.129224443955968
26.392	0.129812892599565
26.472	0.130481154243432
26.552	0.131236335537716
26.632	0.13208285195172
26.712	0.133022479980772
26.792	0.13405448739975
26.872	0.135175952493567
26.952	0.136382149223548
27.032	0.137666981061576
27.112	0.139023358387822
27.192	0.140443604029771
27.272	0.14191964857322
27.352	0.143443131270592
27.432	0.145005475005354
27.512	0.146597988301659
27.592	0.148211893671165
27.672	0.149838489994158
27.752	0.151469237698285
27.832	0.153095784613702
27.912	0.154709931080431
27.992	0.156303726705366
28.072	0.157869734813373
28.152	0.159401323312037
28.232	0.160892885877617
28.312	0.162339987941573
28.392	0.163739221385478
28.472	0.165087815516623
28.552	0.166383244053256
28.632	0.167622951454986
28.712	0.168804195901393
28.792	0.169924148800098
28.872	0.170980178968138
28.952	0.17197004286272
29.032	0.172892002378271
29.112	0.173744915060636
29.192	0.174528242296857
29.272	0.175241978003475
29.352	0.1758866265462
29.432	0.176463184147584
29.512	0.176973103555605
29.592	0.177418245219391
29.672	0.177800836933942
29.752	0.178123423579871
29.832	0.178388828738411
29.912	0.178600146350965
29.992	0.178760739132416
30.072	0.178874219804813
30.152	0.178944425837342
30.232	0.17897539971729
30.312	0.178971383461471
30.392	0.178936833127876
30.472	0.178876433834501
30.552	0.178795089066911
30.632	0.178697869763424
30.712	0.178589921326916
30.792	0.178476355873586
30.872	0.178362154326129
30.952	0.178252063100151
31.032	0.178150471113822
31.112	0.178061284878885
31.192	0.177987786543026
31.272	0.177932528757912
31.352	0.177897301295856
31.432	0.177883149320669
31.512	0.177890429874024
31.592	0.177918885493325
31.672	0.177967653131679
31.752	0.178035197151962
31.832	0.178119228159842
31.912	0.178216659248418
31.992	0.178323649576823
32.072	0.178435769785819
32.152	0.178548242402075
32.232	0.178656204620529
32.312	0.178754935082727
32.392	0.178840016240573
32.472	0.178907447919249
32.552	0.1789537491911
32.632	0.178976049466291
32.712	0.178972169130772
32.792	0.178940683602493
32.872	0.178880959117061
32.952	0.178793172231865
33.032	0.178678323215051
33.112	0.178538239691699
33.192	0.17837557080477
33.272	0.178193746817302
33.352	0.177996878958252
33.432	0.177789611401158
33.512	0.177576940743796
33.592	0.177364007610302
33.672	0.177155904537292
33.752	0.176957541977471
33.832	0.176773552318108
33.912	0.176608230495196
33.992	0.176465537010907
34.072	0.176349112440837
34.152	0.176262267373618
34.232	0.176207985127236
34.312	0.176188863467425
34.392	0.176206962687347
34.472	0.176263639074305
34.552	0.17635939280718
34.632	0.176493658808868
34.712	0.176664604820148
34.792	0.176868971642334
34.872	0.177101949972291
34.952	0.177357093695766
35.032	0.17762634252208
35.112	0.177900155460458
35.192	0.178167723914514
35.272	0.1784172343423
35.352	0.1786361330236
35.432	0.178811357508126
35.512	0.178929564196666
35.592	0.178977362844238
35.672	0.178941559773742
35.752	0.178809416403658
35.832	0.178568907410115
35.912	0.178208941900492
35.992	0.177719546761798
36.072	0.177092037518106
36.152	0.176319190941717
36.232	0.175395393677951
36.312	0.174316798383819
36.392	0.173081494087262
36.472	0.171689680134952
36.552	0.17014381788602
36.632	0.168448805013439
36.712	0.166612112924851
36.792	0.164643837231834
36.872	0.162556602989822
36.952	0.160365312501609
37.032	0.158086753427304
37.112	0.155739237744497
37.192	0.153342262901978
37.272	0.150916181585243
37.352	0.148481846966964
37.432	0.146060166500389
37.512	0.143671509598681
37.592	0.141335003901053
37.672	0.13906778715708
37.752	0.136884416057638
37.832	0.134796577967839
37.912	0.13281295762229
37.992	0.130939319008133
38.072	0.12917882414237
38.152	0.127532317475653
38.232	0.125998448253162
38.312	0.124573941993715
38.392	0.123254021630443
38.472	0.12203285552099
38.552	0.12090411011487
38.632	0.119861664530474
38.712	0.118900162213299
38.792	0.118015425373484
38.872	0.117204825353104
38.952	0.116467435201654
39.032	0.115803965728537
39.112	0.115216714700301
39.192	0.11470942236746
39.272	0.11428688548242
39.352	0.113954528206014
39.432	0.113717964946728
39.512	0.113582440767741
39.592	0.113552189600872
39.672	0.113629917889815
39.752	0.113816343644208
39.832	0.114109929991157
39.912	0.114506942908468
39.992	0.115001828924276
40.072	0.115587862813092
40.152	0.116258022034343
40.232	0.117005784940011
40.312	0.117825679917557
40.392	0.118713458646445
40.472	0.119665836299047
40.552	0.120679929542154
40.632	0.121752714319646
40.712	0.122880682556859
40.792	0.12405977093337
40.872	0.125285604769301
40.952	0.126553954831357
41.032	0.127861189894544
41.112	0.129204642016481
41.192	0.130582731089872
41.272	0.131994823310029
41.352	0.13344104862046
41.432	0.134922111718167
41.512	0.136439100671927
41.592	0.137993377970146
41.672	0.139586546539332
41.752	0.141220293416984
41.832	0.142896129662246
41.912	0.144614986906126
41.992	0.146376634225538
42.072	0.148179087436445
42.152	0.150018172286179
42.232	0.151887247160905
42.312	0.153777107844595
42.392	0.155676250781353
42.472	0.157571400427939
42.552	0.15944813868512
42.632	0.161291626406564
42.712	0.163087259634308
42.792	0.164821186976253
42.872	0.166480678196448
42.952	0.168054372180015
43.032	0.169532379454557
43.112	0.170906366897347
43.192	0.172169686908601
43.272	0.173317502371367
43.352	0.174346900897858
43.432	0.175257026309621
43.512	0.176049125089035
43.592	0.176726476569298
43.672	0.177294268109142
43.752	0.177759432325862
43.832	0.178130399506534
43.912	0.178416841771435
43.992	0.178629388791192
44.072	0.178779291294935
44.152	0.178878039144449
44.232	0.178936951550606
44.312	0.178966746608319
44.392	0.178977124924314
44.472	0.178976405715796
44.552	0.178971241046371
44.632	0.178966424317816
44.712	0.178964786298236
44.792	0.178967150413031
44.872	0.178972318418714
44.952	0.178977072012545
45.032	0.17897619644466
45.112	0.178962545940029
45.192	0.178927171287574
45.272	0.178859513650236
45.352	0.178747650313062
45.432	0.178578574354928
45.512	0.178338480383315
45.592	0.1780130456641
45.672	0.177587701932728
45.752	0.177047913218273
45.832	0.176379436616747
45.912	0.175568570565622
45.992	0.174602391932003
46.072	0.173468967320131
46.152	0.172157522600804
46.232	0.170658643870672
46.312	0.168964489118656
46.392	0.167068939539361
46.472	0.164967697622563
46.552	0.162658362593659
46.632	0.160140430643365
46.712	0.157415263877771
46.792	0.336682435014566
46.872	0.337237555100145
46.952	0.33780643945407
47.032	0.338363642996256
47.112	0.338879566596901
47.192	0.339320449671888
47.272	0.339648491168276
47.352	0.339822137787166
47.432	0.339796562116703
47.512	0.339524337173543
47.592	0.33895627458952
47.672	0.338042393552143
47.752	0.336733039251669
47.832	0.334980180582733
47.912	0.332738922812069
47.992	0.329969327220567
48.072	0.326638524603084
48.152	0.322723048955623
48.232	0.318211247931941
48.312	0.313105579553508
48.392	0.307424479324965
48.472	0.301203608123956
48.552	0.294496493079293
48.632	0.287374255325091
48.712	0.279924316738658
48.792	0.272248196258829
48.872	0.264458663397534
48.952	0.256676294611822
49.032	0.249025873634679
49.112	0.241632958472536
49.192	0.234620778264087
49.272	0.228107667703739
49.352	0.222205258748318
49.432	0.217017269560159
49.512	0.212638503548391
49.592	0.209153673321225
49.672	0.206635455218674
49.752	0.205141165185978
49.832	0.204708433333707
49.912	0.205350966627464
49.992	0.207055916545357
50.072	0.209783479268054
50.152	0.21346893032981
50.232	0.218027241954275
50.312	0.223359110634675
50.392	0.229356783478863
50.472	0.235908430794865
50.552	0.242900735809314
50.632	0.250219743576849
50.712	0.257751015679759
50.792	0.265380020515181
50.872	0.272993446414688
50.952	0.280481735745127
51.032	0.287742513120463
51.112	0.294684023520972
51.192	0.301227938280618
51.272	0.307311207752917
51.352	0.31288664107268
51.432	0.317922259824115
51.512	0.322399955768589
51.592	0.326314039267032
51.672	0.329669914109843
51.752	0.332482927537171
51.832	0.334777362238327
51.912	0.336585352123905
51.992	0.337945574587849
52.072	0.338901702916843
52.152	0.339500753042472
52.232	0.339791474545905
52.312	0.339822925630642
52.392	0.339643273312618
52.472	0.33929880963916
52.552	0.338833165896148
52.632	0.338286705366869
52.712	0.337696105326273
52.792	0.337094138896518
52.872	0.336509624186746
52.952	0.335967487317163
53.032	0.335488855265197
53.112	0.335091119385197
53.192	0.33478797869671
53.272	0.334589496859408
53.352	0.334502204252459
53.432	0.334529299415237
53.512	0.334670955039698
53.592	0.334924694847345
53.672	0.335285825065725
53.752	0.33574789802843
53.832	0.336303184656344
53.912	0.336943124170062
53.992	0.337658720997297
54.072	0.338440827930143
54.152	0.339280363230245
54.232	0.340168476448284
54.312	0.341096687597584
54.392	0.342057025588105
54.472	0.343042231823219
54.552	0.34404591555078
54.632	0.345062595193497
54.712	0.34608762785416
54.792	0.347117084157887
54.872	0.348147520070043
54.952	0.349175725948797
55.032	0.350198591151951
55.112	0.351213071502571
55.192	0.352216147091212
55.272	0.353204806780383
55.352	0.354176025470579
55.432	0.355126617507267
55.512	0.356053114590509
55.592	0.356951753531192
55.672	0.357818487613116
55.752	0.358649032879669
55.832	0.359439095415539
55.912	0.360184606667985
55.992	0.360881848170067
56.072	0.361527513764926
56.152	0.362118701545725
56.232	0.362652802364707
56.312	0.363127426716744
56.392	0.363540442317216
56.472	0.363890102408817
56.552	0.36417529585917
56.632	0.3643957663039
56.712	0.364552216956866
56.792	0.364646331060101
56.872	0.364680638224954
56.952	0.364658240291135
57.032	0.364582472126614
57.112	0.364456586899365
57.192	0.364283439217971
57.272	0.364065211594351
57.352	0.363803221480467
57.432	0.363497809623397
57.512	0.363148384811069
57.592	0.362753672691568
57.672	0.362312066379715
57.752	0.361822020436037
57.832	0.361282498090887
57.912	0.360693346650706
57.992	0.360055427410046
58.072	0.359370629947009
58.152	0.358641788749011
58.232	0.357872493474133
58.312	0.357066854615411
58.392	0.356229364152682
58.472	0.355364773857517
58.552	0.354477960584163
58.632	0.353573869344046
58.712	0.352657486623727
58.792	0.351733882043447
58.872	0.350808353870335
58.952	0.349886582481076
59.032	0.348974657281559
59.112	0.348078977330232
59.192	0.347205938670157
59.272	0.346361433979325
59.352	0.345550324412727
59.432	0.344776056799788
59.512	0.34404048555551
59.592	0.343343941835926
59.672	0.342685499674943
59.752	0.342063368486123
59.832	0.341475323488268
59.912	0.340919067551397
59.992	0.340392459317925
60.072	0.339893674374935
60.152	0.339421313852355
60.232	0.338974448838187
60.312	0.33855261830972
60.392	0.338155788568343
60.472	0.337784245832736
60.552	0.337438436066122
60.632	0.337118789962858
60.712	0.336825548552625
60.792	0.336558627093595
60.872	0.336317537064389
60.952	0.336101362972272
61.032	0.335908779409209
61.112	0.335738133908208
61.192	0.335587573062185
61.272	0.335455181350099
61.352	0.3353391073518
61.432	0.335237663489906
61.512	0.33514937664745
61.592	0.335072990258269
61.672	0.335007427203678
61.752	0.334951736571412
61.832	0.334905042340964
61.912	0.334866512821137
61.992	0.334835348616579
62.072	0.33481079565793
62.152	0.334792177166491
62.232	0.334778927130188
62.312	0.334770613361812
62.392	0.334766954166128
62.472	0.334767824106251
62.552	0.33477324174757
62.632	0.334783348492778
62.712	0.334798374703283
62.792	0.334818601962525
62.872	0.33484433313437
62.952	0.334875876893534
63.032	0.334913543942974
63.112	0.334957665299669
63.192	0.33500862625246
63.272	0.335066887707498
63.352	0.335132973715758
63.432	0.335207410727904
63.512	0.335290619640332
63.592	0.335382807733211
63.672	0.335483902352976
63.752	0.335593545774159
63.832	0.335711170167215
63.912	0.335836133100102
63.992	0.335967856639314
64.072	0.336105912704568
64.152	0.336250042705075
64.232	0.336400103783447
64.312	0.336555999625162
64.392	0.336717625132479
64.472	0.336884843253614
64.552	0.337057490413741
64.632	0.337235418818508
64.712	0.337418516139735
64.792	0.33760666253886
64.872	0.337799641455973
64.952	0.337997058545213
65.032	0.338198276501629
65.112	0.338402398595875
65.192	0.338608298607824
65.272	0.338814672200016
65.352	0.339020102185657
65.432	0.339223159458825
65.512	0.339422518593011
65.592	0.339617059158243
65.672	0.339805967081404
65.752	0.339988830236891
65.832	0.340165681080194
65.912	0.340336995882325
65.992	0.340503657875388
66.072	0.340666833553982
66.152	0.340827798114191
66.232	0.340987785633843
66.312	0.341147859118522
66.392	0.34130878020747
66.472	0.341470952665475
66.552	0.341634438539174
66.632	0.341798993754367
66.712	0.341964128275308
66.792	0.342129214556365
66.872	0.342293620518674
66.952	0.342456827113097
67.032	0.342618510926897
67.112	0.342778521814182
67.192	0.342936734705987
67.272	0.343092884283891
67.352	0.343246411265838
67.432	0.343396354832592
67.512	0.343541353167481
67.592	0.343679791457049
67.672	0.343809989741573
67.752	0.343930322343624
67.832	0.344039261870492
67.912	0.344135333498912
67.992	0.344217014630004
68.072	0.344282673731144
68.152	0.344330630709564
68.232	0.344359297320452
68.312	0.344367363073758
68.392	0.34435398615021
68.472	0.344318899905062
68.552	0.344262350011576
68.632	0.344184982720265
68.712	0.344087715419789
68.792	0.343971576763067
68.872	0.343837534666932
68.952	0.343686416211952
69.032	0.34351889246085
69.112	0.343335523255035
69.192	0.343136872450842
69.272	0.342923695238881
69.352	0.342697112202146
69.432	0.342458744111426
69.512	0.342210753235392
69.592	0.341955768059407
69.672	0.341696716660081
69.752	0.341436678345048
69.832	0.341178750257285
69.912	0.340925929735945
69.992	0.340681057614944
70.072	0.340446818012637
70.152	0.340225709293023
70.232	0.340019961691937
70.312	0.339831477935959
70.392	0.339661797148509
70.472	0.339512059553101
70.552	0.339383044912978
70.632	0.339275247786063
70.712	0.339188981928146
70.792	0.339124520131321
70.872	0.339082233292004
70.952	0.339062647674467
71.032	0.33906646223474
71.112	0.339094549174732
71.192	0.339147943458343
71.272	0.339227840556873
71.352	0.339335646024026
71.432	0.339473038892351
71.512	0.339642034511556
71.592	0.339845011485224
71.672	0.340084647002115
71.752	0.340363760476293
71.832	0.34068511607677
71.912	0.341051216574783
71.992	0.341464131550666
72.072	0.34192544340641
72.152	0.342436298840724
72.232	0.342997507767251
72.312	0.343609606500664
72.392	0.344272872463762
72.472	0.34498724516655
72.552	0.345752202453369
72.632	0.34656660629345
72.712	0.347428581297748
72.792	0.348335386122002
72.872	0.349283344763819
72.952	0.350267786309644
73.032	0.351282987996072
73.112	0.352322077592618
73.192	0.353376980008704
73.272	0.354438388359796
73.352	0.355495757891731
73.432	0.356537389772072
73.512	0.357550746680445
73.592	0.358522887801954
73.672	0.359441010720118
73.752	0.360293066889412
73.832	0.361068374831689
73.912	0.361757970493073
73.992	0.362354750620781
74.072	0.362853333861239
74.152	0.363249693429509
74.232	0.363540740032633
74.312	0.363724084738323
74.392	0.363797915032208
74.472	0.363761050817729
74.552	0.363613161828496
74.632	0.363354989103854
74.712	0.362988405513562
74.792	0.362516397361659
74.872	0.361942931857755
74.952	0.361272772528963
75.032	0.360511233124527
75.112	0.359663937365966
75.192	0.358736653716662
75.272	0.357735270827817
75.352	0.356665811604699
75.432	0.355534543645462
75.512	0.354348227173475
75.592	0.353114374012151
75.672	0.351841479144412
75.752	0.35053919534225
75.832	0.349218367175055
75.912	0.347890909600608
75.992	0.34656959229595
76.072	0.345267725707757
76.152	0.343998730825177
76.232	0.342775715908417
76.312	0.341611060176419
76.392	0.340515993580809
76.472	0.33950021997525
76.552	0.338571666927976
76.632	0.337736351508866
76.712	0.336998329193094
76.792	0.336359730130468
76.872	0.335820847279692
76.952	0.335380235868271
77.032	0.33503484084126
77.112	0.334780180896118
77.192	0.334610583280138
77.272	0.334519449715032
77.352	0.334499541270389
77.432	0.334543237823596
77.512	0.334642754737729
77.592	0.334790317260826
77.672	0.334978296257674
77.752	0.335199320222515
77.832	0.335446371370253
77.912	0.33571286124203
77.992	0.33599269775479
78.072	0.336280329013903
78.152	0.336570756190241
78.232	0.336859530184569
78.312	0.337142754293751
78.392	0.33741708315037
78.472	0.337679729133328
78.552	0.337928467641035
78.632	0.338161635537986
78.712	0.338378112073158
78.792	0.33857727851688
78.872	0.338758944195959
78.952	0.338923265123185
79.032	0.339070657249096
79.112	0.339201717250972
79.192	0.339317163252787
79.272	0.33941780848815
79.352	0.339504547112682
79.432	0.339578343095923
79.512	0.339640219873672
79.592	0.339691249683199
79.672	0.339732539390241
79.752	0.339765210745298
79.832	0.339790373492406
79.912	0.339809095701014
79.992	0.339822378333707
80.072	0.339831136555802
80.152	0.339836191789118
80.232	0.339838275293403
80.312	0.339838040897035
80.392	0.339836080099502
80.472	0.339832933708038
80.552	0.339829100028851
80.632	0.339825039144813
80.712	0.33982117301926
80.792	0.339817883427344
80.872	0.339815506228348
80.952	0.339814316963611
81.032	0.339814507293681
81.112	0.339816153511379
81.192	0.339819181576559
81.272	0.339823335092973
81.352	0.339828150292135
81.432	0.339832935531689
81.512	0.339836756737469
81.592	0.339838423831253
81.672	0.339836474225137
81.752	0.33982915170742
81.832	0.33981438045646
81.912	0.3397897363879
81.992	0.339752422271545
82.072	0.339699262839417
82.152	0.339626745386596
82.232	0.33953113467868
82.312	0.339408665768275
82.392	0.339255806923319
82.472	0.339069562712211
82.552	0.33884778831046
82.632	0.338589479565002
82.712	0.338295022859569
82.792	0.337966393093865
82.872	0.337607302333453
82.952	0.337223297730645
83.032	0.33682180404476
83.112	0.336412122331495
83.192	0.336005420600074
83.272	0.335614748691256
83.352	0.335255094060159
83.432	0.33494347971002
83.512	0.334699080628653
83.592	0.334543309034245
83.672	0.334499810222312
83.752	0.334594308654161
83.832	0.334854250719374
83.912	0.335308207031744
83.992	0.335985013303798
84.072	0.336912666571536
84.152	0.338117080821974
84.232	0.339620840048028
84.312	0.341442069610167
84.392	0.34359355718253
84.472	0.346082174191977
84.552	0.348908575390851
84.632	0.352067148279261
84.712	0.355546198880802
84.792	0.359328244346955
84.872	0.363390383611829
84.952	0.367704732310571
85.032	0.372238842612134
85.112	0.376955958945928
85.192	0.381815222806111
85.272	0.386771970751099
85.352	0.391778221559704
85.432	0.396783461583823
85.512	0.401735934679522
85.592	0.406584363184379
85.672	0.411279886494398
85.752	0.415777865432034
85.832	0.420039349819433
85.912	0.424031898431565
85.992	0.42772980174243
86.072	0.43111390091191
86.152	0.434171282836388
86.232	0.436894949318358
86.312	0.439283653863228
86.392	0.441341783590659
86.472	0.443079109732153
86.552	0.444510269789504
86.632	0.4456540607421
86.712	0.4465325600734
86.792	0.447170216248679
86.872	0.447593009164564
86.952	0.447827721252111
87.032	0.447901266386438
87.112	0.447840108297576
87.192	0.447669789852391
87.272	0.447414590521852
87.352	0.447097321336841
87.432	0.446739189941439
87.512	0.446359662412291
87.592	0.445976288242314
87.672	0.445604483851483
87.752	0.445257316822669
87.832	0.44494544054379
87.912	0.444677259371019
87.992	0.444459265530767
88.072	0.444296477267642
88.152	0.44419282883824
88.232	0.44415138142832
88.312	0.444174294090118
88.392	0.444262595273344
88.472	0.444415760790818
88.552	0.444631257325682
88.632	0.444904163933742
88.712	0.44522688963
88.792	0.445589038866963
88.872	0.445977509373648
88.952	0.446376729215999
89.032	0.44676895165005
89.112	0.447134597321913
89.192	0.447452659255767
89.272	0.447701128783663
89.352	0.447857509561551
89.432	0.44789936337115
89.512	0.447804875577582
89.592	0.44755347304276
89.672	0.447126466856531
89.752	0.446507684902876
89.832	0.445684065007853
89.912	0.444646134557033
89.992	0.443388291236715
90.072	0.441908912249801
90.152	0.440210257811543
90.232	0.438298213091187
90.312	0.436181956160155
90.392	0.433873552764894
90.472	0.431387396872751
90.552	0.428739657948157
90.632	0.425947853923503
90.712	0.423030532243786
90.792	0.420007158035048
90.872	0.416898306464162
90.952	0.413725853189746
91.032	0.410512792839071
91.112	0.407282666274511
91.192	0.404058653039314
91.272	0.400862494050344
91.352	0.397713617255462
91.432	0.394628722125177
91.512	0.391621753143411
91.592	0.388704200200578
91.672	0.385885463938322
91.752	0.383173100105111
91.832	0.380572829214188
91.912	0.378088334174478
91.992	0.375721015433328
92.072	0.373469782370023
92.152	0.371330934624027
92.232	0.369298420508613
92.312	0.367364437465582
92.392	0.365520189644812
92.472	0.363756694388783
92.552	0.362065595745989
92.632	0.360439691487898
92.712	0.358873140196849
92.792	0.357361353198542
92.872	0.355900725431525
92.952	0.354488322404151
93.032	0.353121717841233
93.112	0.351798913875328
93.192	0.350518378842509
93.272	0.349279119463844
93.352	0.348080713292219
93.432	0.346923236263535
93.512	0.345807173663516
93.592	0.592173968559905
93.672	0.596495623417695
93.752	0.600272848621103
93.832	0.603519491706834
93.912	0.606248961103915
93.992	0.608474513557553
94.072	0.610209681031506
94.152	0.611468767360748
94.232	0.612267334964145
94.312	0.612622806343325
94.392	0.612555162175227
94.472	0.612087530474355
94.552	0.611246477729878
94.632	0.610061838885372
94.712	0.608566098501683
94.792	0.606793526407273
94.872	0.604779292100829
94.952	0.602558796350081
95.032	0.60016738262118
95.112	0.597640326870192
95.192	0.595012867546188
95.272	0.592320184850109
95.352	0.589597171081891
95.432	0.586878099476849
95.512	0.584196257999224
95.592	0.581583583117322
95.672	0.5790702676926
95.752	0.576684238172106
95.832	0.574450435436233
95.912	0.572390024461924
95.992	0.570519655951443
96.072	0.568850898561436
96.152	0.567389932449146
96.232	0.566137542929368
96.312	0.565089322428889
96.392	0.564236002881785
96.472	0.563563975147758
96.552	0.563056036920557
96.632	0.562692343477124
96.712	0.56245150753341
96.792	0.562311762060858
96.872	0.562251983373585
96.952	0.562252472273599
97.032	0.562295459133225
97.112	0.562365375269678
97.192	0.562448972118659
97.272	0.562535329332491
97.352	0.562615767538659
97.432	0.562683704211736
97.512	0.562734478695916
97.592	0.562765145056915
97.672	0.562774319754794
97.752	0.562762085629743
97.832	0.562729922259109
97.912	0.562680619846446
97.992	0.562618132801504
98.072	0.562547307493446
98.152	0.562473533560592
98.232	0.562402384961729
98.312	0.562339293763785
98.392	0.562289297646316
98.472	0.56225687637459
98.552	0.562245851705825
98.632	0.562259347913709
98.712	0.562299820725798
98.792	0.562369138399504
98.872	0.562468691576555
98.952	0.562599490680554
99.032	0.562762188276224
99.112	0.562956994671254
99.192	0.563183488682057
99.272	0.563440411086845
99.352	0.563725525991572
99.432	0.564035640776297
99.512	0.56436678440889
99.592	0.564714524119495
99.672	0.565074306247311
99.752	0.565441710916389
99.832	0.565812513078185
99.912	0.566182587860226
99.992	0.566547711075032
100.072	0.566903331295748
100.152	0.567244374129245
100.232	0.567565197214094
100.312	0.567859682355788
100.392	0.568121458871815
100.472	0.568344225030046
100.552	0.568522096509355
100.632	0.568649941142098
100.712	0.568723758695
100.792	0.568740972301953
100.872	0.568700541950761
100.952	0.568602959604618
101.032	0.568450188351903
101.112	0.56824548790371
101.192	0.567993199797115
101.272	0.5676984934654
101.352	0.567367095492614
101.432	0.567005031627446
101.512	0.56661843451559
101.592	0.566213422045053
101.672	0.56579608439381
101.752	0.565372563368896
101.832	0.564949192219615
101.912	0.564532594430716
101.992	0.564129692141137
102.072	0.56374764735267
102.152	0.563393762093142
102.232	0.563075334781274
102.312	0.562799501689028
102.392	0.562573052198218
102.472	0.562402172051293
102.552	0.562292120871803
102.632	0.56224688602731
102.712	0.562268865507463
102.792	0.562358653109072
102.872	0.562514975382669
102.952	0.562734785949829
103.032	0.563013505517688
103.112	0.563345347240215
103.192	0.563723645417554
103.272	0.564141098870891
103.352	0.564589857707119
103.432	0.565061465386975
103.512	0.565546708581337
103.592	0.566035436217703
103.672	0.566516512809017
103.752	0.566978005209762
103.832	0.567407593882649
103.912	0.567793192068052
103.992	0.568123615942454
104.072	0.56838914290131
104.152	0.568581963172278
104.232	0.568696506784931
104.312	0.568729590563294
104.392	0.568680468098478
104.472	0.568550898579929
104.552	0.568345081577377
104.632	0.568069482635906
104.712	0.567732605325659
104.792	0.5673446562663
104.872	0.56691708930714
104.952	0.566462114075762
105.032	0.565992152718195
105.112	0.565519290548195
105.192	0.56505481585566
105.272	0.56460889400239
105.352	0.564190323722983
105.432	0.563806345799662
105.512	0.563462506242672
105.592	0.56316256980142
105.672	0.562908456422861
105.752	0.562700261284022
105.832	0.562536413782141
105.912	0.562413937975521
105.992	0.562328771194302
106.072	0.56227608830261
106.152	0.56225056199321
106.232	0.562246554159287
106.312	0.56225827706146
106.392	0.562279972309511
106.472	0.562306155172905
106.552	0.562331921311511
106.632	0.562353256556321
106.712	0.562367283092158
106.792	0.562372377924362
106.872	0.562368160999881
106.952	0.562355390298649
107.032	0.5623358032841
107.112	0.562311958660416
107.192	0.562287104215216
107.272	0.562265041781643
107.352	0.562249959420683
107.432	0.562246204529515
107.512	0.562257977199238
107.592	0.562288964727372
107.672	0.562341967801672
107.752	0.562418580998042
107.832	0.562518978928551
107.912	0.562641830800999
107.992	0.562784345642854
108.072	0.562942454262725
108.152	0.563111074341919
108.232	0.563284422241281
108.312	0.563456341371079
108.392	0.563620604297398
108.472	0.563771160501915
108.552	0.563902329084954
108.632	0.564008899349915
108.712	0.564086211902008
108.792	0.564130253542658
108.872	0.56413780538594
108.952	0.564106680253076
109.032	0.564036058085662
109.112	0.5639268463691
109.192	0.563782013109289
109.272	0.563606754666921
109.352	0.563408404789811
109.432	0.563196102408824
109.512	0.562980294365957
109.592	0.562772170856647
109.672	0.562583258457039
109.752	0.56242528954192
109.832	0.562310320501297
109.912	0.562251003877577
109.992	0.562260884945886
110.072	0.562354557233334
110.152	0.56254762704441
110.232	0.562856505906552
110.312	0.563298081605922
110.392	0.563889386728647
110.472	0.56464731496169
110.552	0.565588342293609
110.632	0.566728200621924
110.712	0.568081429471135
110.792	0.56966065749782
110.872	0.571475524935181
110.952	0.57353138662495
111.032	0.575827875025766
111.112	0.578357470607784
111.192	0.581104224964633
111.272	0.584042738081394
111.352	0.58713734120704
111.432	0.590341561493574
111.512	0.593598051133085
111.592	0.596839281760708
111.672	0.599989210982017
111.752	0.602965960408142
111.832	0.605685099267021
111.912	0.608062914663719
111.992	0.610019083857878
112.072	0.611478634562332
112.152	0.612373402540811
112.232	0.612643563119832
112.312	0.612239829133728
112.392	0.611126486311264
112.472	0.609284948830123
112.552	0.606717259259881
112.632	0.603448689019501
112.712	0.599528681584275
112.792	0.595029742811676
112.872	0.590044136227789
112.952	0.584678539695346
113.032	0.57904749512852
113.112	0.573266732407433
113.192	0.567447361209474
113.272	0.56169194117183
113.352	0.55609282389014
113.432	0.55073208456372
113.512	0.545682595555718
113.592	0.541009670107201
113.672	0.536772581718651
113.752	0.533025588113105
113.832	0.529818515587181
113.912	0.527196634362213
113.992	0.525199841503195
114.072	0.523862047928446
114.152	0.523210129163203
114.232	0.523262534760306
114.312	0.524027936146467
114.392	0.525503816723813
114.472	0.527675014576971
114.552	0.530512836850107
114.632	0.533974598871055
114.712	0.538003495900057
114.792	0.542529363549193
114.872	0.547470588633132
114.952	0.552736437933959
115.032	0.558229948558733
115.112	0.563851521780293
115.192	0.569502268178098
115.272	0.575086386837143
115.352	0.580513278278659
115.432	0.585699217761885
115.512	0.590568328000813
115.592	0.595053491248905
115.672	0.599097339482455
115.752	0.602653226856773
115.832	0.605686177374082
115.912	0.60817367335801
115.992	0.610105698326947
116.072	0.611484087541612
116.152	0.612321627373717
116.232	0.612641097475034
116.312	0.612474405605894
116.392	0.611861807833407
116.472	0.610850870372246
116.552	0.609494874561278
116.632	0.607850539716992
116.712	0.605975202511104
116.792	0.603923961855003
116.872	0.601747305088224
116.952	0.599489476243093
117.032	0.597187602436748
117.112	0.594871507045013
117.192	0.592563974970176
117.272	0.590281336586372
117.352	0.588034441231912
117.432	0.585829950415359
117.512	0.583671866021291
117.592	0.581563142405798
117.672	0.579507075044035
117.752	0.577508195858741
117.832	0.575572779401114
117.912	0.573709056788744
117.992	0.571927300428911
118.072	0.570239899118747
118.152	0.56866153694034
118.232	0.56720920499572
118.312	0.565901994763749
118.392	0.564760629030957
118.472	0.563806733105025
118.552	0.563061916052789
118.632	0.562546873673341
118.712	0.562280528165388
118.792	0.562279226292162
118.872	0.562556041194171
118.952	0.563120246576659
119.032	0.563977022189306
119.112	0.565127386833296
119.192	0.566568298231573
119.272	0.56829282788533
119.352	0.570290313058081
119.432	0.572546378137645
119.512	0.575042927593699
119.592	0.577758345493862
119.672	0.580668060559788
119.752	0.583745318971182
119.832	0.586961958298957
119.912	0.590289001606266
119.992	0.593696956964436
120.072	0.597155702851865
120.152	0.600634070020192
120.232	0.604099338276114
120.312	0.607516909345691
120.392	0.610850295908108
120.472	0.614061448605639
120.552	0.617111399547525
120.632	0.619961233115305
120.712	0.622573105371771
120.792	0.624911159449425
120.872	0.626942365718037
120.952	0.628637318150481
121.032	0.629971102922468
121.112	0.630924425557509
121.192	0.63148505290053
121.272	0.63164944565176
121.352	0.631424311047681
121.432	0.630827650748529
121.512	0.62988893416798
121.592	0.628648226533528
121.672	0.627154319105443
121.752	0.625462131014615
121.832	0.623629672789662
121.912	0.621714976523776
121.992	0.619773499672306
122.072	0.617856434667488
122.152	0.616009940502977
122.232	0.61427510254623
122.312	0.612688341453918
122.392	0.611281776317469
122.472	0.610083262998501
122.552	0.609116002155702
122.632	0.608398007978735
122.712	0.607941749102906
122.792	0.607754243163413
122.872	0.607837315143456
122.952	0.608187703438375
123.032	0.608796824879505
123.112	0.609650303500416
123.192	0.610727542928657
123.272	0.612001768457844
123.352	0.613440732018603
123.432	0.615008102825755
123.512	0.616665107432141
123.592	0.618371929943919
123.672	0.620088876582145
123.752	0.621777480403239
123.832	0.623401570363853
123.912	0.624928414818328
123.992	0.626329966071694
124.072	0.62758382136019
124.152	0.628673873017192
124.232	0.629590526260131
124.312	0.630330504620474
124.392	0.630896307359421
124.472	0.631295510157884
124.552	0.631539861017359
124.632	0.631644229641893
124.712	0.631625467624076
124.792	0.631501333331357
124.872	0.631289636936913
124.952	0.631007630103682
125.032	0.630671601143263
125.112	0.630296574281488
125.192	0.629895994571257
125.272	0.629481398850771
125.352	0.629062195021902
125.432	0.628645606983696
125.512	0.62823692040422
125.592	0.627839936701434
125.672	0.627457440248804
125.752	0.627091647139309
125.832	0.626744522802369
125.912	0.626417836544647
125.992	0.626113022696359
126.072	0.625831073685617
126.152	0.625572508647451
126.232	0.625337429106253
126.312	0.625125634656229
126.392	0.624936704350034
126.472	0.624770011992155
126.552	0.624624666706154
126.632	0.62449935340203
126.712	0.624392207385313
126.792	0.624300840616229
126.872	0.624222468282483
126.952	0.624154035913193
127.032	0.624092341310984
127.112	0.624034069053664
127.192	0.623975771046048
127.272	0.62391374833112
127.352	0.623843832329044
127.432	0.623761164278108
127.512	0.623660023595789
127.592	0.623533662069008
127.672	0.623374134265873
127.752	0.623172146994762
127.832	0.622917006881039
127.912	0.622596707438447
127.992	0.622198205596419
128.072	0.621707915136199
128.152	0.621112401845153
128.232	0.620399142628571
128.312	0.61955719531295
128.392	0.61857757970995
128.472	0.61745327595861
128.552	0.616178890301967
128.632	0.614750178121653
128.712	0.613163729373014
128.792	0.611417086450388
128.872	0.609509363765142
128.952	0.607442262475047
129.032	0.605221209281922
129.112	0.602856141318512
129.192	0.600361706155468
129.272	0.597757030108937
129.352	0.595065169915529
129.432	0.592312437829946
129.512	0.58952782351605
129.592	0.586742539545753
129.672	0.583989390649208
129.752	0.581301810277068
129.832	0.578712574318956
129.912	0.576252360196008
129.992	0.57394847638318
130.072	0.57182397942222
130.152	0.569897305001973
130.232	0.568182178188977
130.312	0.566687618164792
130.392	0.565417953520296
130.472	0.564372911361374
130.552	0.563547892855809
130.632	0.562934625981484
130.712	0.562522179347411
130.792	0.562298117718115
130.872	0.562249576835825
130.952	0.562364015920707
131.032	0.562629500388653
131.112	0.563034571338108
131.192	0.563567821653919
131.272	0.564217325896038
131.352	0.56497017258414
131.432	0.565812202687425
131.512	0.566728013311717
131.592	0.567701303343142
131.672	0.568715527680411
131.752	0.569754673728653
131.832	0.570803980610776
131.912	0.571850487729193
131.992	0.572883232707341
132.072	0.573893239903214
132.152	0.574873481825193
132.232	0.57581884982153
132.312	0.576726149780711
132.392	0.577594150668915
132.472	0.578423501044767
132.552	0.579216348205478
132.632	0.579975773593446
132.712	0.580705267544431
132.792	0.581408368787493
132.872	0.582088523521293
132.952	0.582749161082916
133.032	0.583393953571772
133.112	0.584026973151254
133.192	0.584652679828764
133.272	0.585275797119607
133.352	0.585901134783512
133.432	0.586533425948232
133.512	0.587177280737819
133.592	0.587837125981309
133.672	0.588516968119507
133.752	0.589220017487719
133.832	0.589948139048715
133.912	0.590701354598991
133.992	0.591477652539197
134.072	0.592273204748494
134.152	0.593082914426532
134.232	0.593901198807885
134.312	0.594722619722347
134.392	0.595542211784618
134.472	0.596355416351457
134.552	0.597157628390164
134.632	0.597943622307753
134.712	0.598707269972238
134.792	0.599441603360788
134.872	0.600139226248189
134.952	0.600793037110975
135.032	0.601397001000919
135.112	0.601946701505653
135.192	0.602439629870901
135.272	0.602875111500111
135.352	0.603253957409947
135.432	0.603578055759158
135.512	0.603849894147061
135.592	0.604072172909923
135.672	0.604247647623197
135.752	0.604379103086217
135.832	0.604469303404471
135.912	0.604520919711945
135.992	0.604536275861506
136.072	0.604517067005759
136.152	0.604464152787614
136.232	0.604377430204408
136.312	0.604255737580957
136.392	0.604096902378501
136.472	0.60389782113964
136.552	0.603654500874768
136.632	0.603362073604217
136.712	0.603014877229839
136.792	0.602606583523198
136.872	0.602130495977235
136.952	0.601579906384018
137.032	0.600948448600661
137.112	0.60023041175134
137.192	0.599420978878129
137.272	0.598516226941911
137.352	0.597513036334135
137.432	0.596409053747152
137.512	0.595202775475741
137.592	0.593893690186405
137.672	0.592482372901372
137.752	0.590970593064526
137.832	0.589361516044733
137.912	0.587660022775026
137.992	0.585873203624374
138.072	0.584011034164973
138.152	0.582087065821611
138.232	0.58011892232355
138.312	0.578128402628067
138.392	0.576141026779737
138.472	0.574185119341678
138.552	0.572290643512702
138.632	0.570487928676471
138.712	0.568806387339805
138.792	0.567273418004902
138.872	0.565913528713168
138.952	0.564747660506441
139.032	0.563792678741152
139.112	0.563061009723128
139.192	0.562560414346194
139.272	0.562293964402329
139.352	0.562260261417009
139.432	0.562453929035541
139.512	0.562866329277199
139.592	0.563486399114367
139.672	0.564301448308811
139.752	0.565297735452418
139.832	0.566460781769479
139.912	0.567775443871483
139.992	0.5692258155226
140.072	0.570795137639948
140.152	0.572465856900976
140.232	0.574219797390356
140.312	0.576038445684048
140.392	0.847170750920789
140.472	0.848589472086772
140.552	0.84993945324311
140.632	0.85121953279949
140.712	0.852429201140389
140.792	0.853568568904436
140.872	0.854638264371417
140.952	0.855639271022255
141.032	0.856572747218465
141.112	0.857439897185124
141.192	0.858241869242676
141.272	0.858979777097232
141.352	0.85965471739906
141.432	0.86026775782171
141.512	0.860819907330431
141.592	0.861312085999096
141.672	0.861745036909461
141.752	0.862119302937387
141.832	0.862435294426732
141.912	0.862693344759322
141.992	0.86289373934703
142.072	0.863036683920491
142.152	0.863122147439732
142.232	0.863149688159105
142.312	0.863118337691652
142.392	0.863026569819155
142.472	0.862872310091092
142.552	0.862653063750123
142.632	0.862366019370562
142.712	0.862008060716832
142.792	0.861575722059939
142.872	0.861065122412683
142.952	0.860471866063072
143.032	0.859790977373265
143.112	0.859016930792912
143.192	0.858143745184712
143.272	0.85716515372026
143.352	0.856074835287323
143.432	0.854866624312592
143.512	0.853534751662757
143.592	0.85207407691933
143.672	0.850480303095111
143.752	0.848750159196143
143.832	0.846881582776795
143.912	0.844873868040175
143.992	0.842727800028975
144.072	0.840445834011462
144.152	0.838032260898821
144.232	0.835493366250176
144.312	0.832837479194581
144.392	0.830074821771547
144.472	0.82721721806098
144.552	0.824277677392942
144.632	0.821269870948207
144.712	0.818207691399294
144.792	0.81510501075168
144.872	0.811975507298321
144.952	0.808832621552966
145.032	0.805689653669333
145.112	0.802559861786371
145.192	0.799456555274055
145.272	0.796393273419703
145.352	0.793383920550674
145.432	0.790442918973618
145.512	0.787585435428234
145.592	0.784827536986271
145.672	0.78218607694496
145.752	0.779678407349671
145.832	0.777321880450728
145.912	0.775133173973487
145.992	0.773127549022163
146.072	0.771318184213065
146.152	0.769715629775682
146.232	0.768327446378152
146.312	0.767157994861758
146.392	0.76620835406559
146.472	0.765476351439666
146.552	0.764956736511024
146.632	0.76464146449532
146.712	0.764520124812272
146.792	0.764580488184066
146.872	0.764809077997217
146.952	0.765191658302221
147.032	0.76571353802882
147.112	0.766359657556844
147.192	0.767114533454002
147.272	0.767962168047191
147.352	0.768886036674992
147.432	0.769869300594916
147.512	0.770895200358456
147.592	0.771947528363082
147.672	0.773011124415316
147.752	0.774072329966859
147.832	0.775119242099201
147.912	0.77614184466514
147.992	0.777132044496611
148.072	0.778083593749148
148.152	0.778991897211608
148.232	0.779853765756307
148.312	0.780667053138977
148.392	0.781430258493035
148.472	0.782142182472032
148.552	0.782801709927124
148.632	0.783407699080037
148.712	0.783959016462699
148.792	0.784454652633123
148.872	0.784893828453338
148.952	0.785276021361312
149.032	0.785600962348273
149.112	0.785868583235839
149.192	0.786078947517705
149.272	0.78623217790819
149.352	0.786328428044179
149.432	0.786367864995796
149.512	0.786350720493346
149.592	0.786277349426161
149.672	0.786148268704594
149.752	0.78596414879933
149.832	0.785725792735153
149.912	0.785434098656218
149.992	0.785090002664372
150.072	0.78469445123779
150.152	0.784248406749711
150.232	0.783752920121099
150.312	0.783209211640379
150.392	0.782618729348549
150.472	0.781983212102364
150.552	0.781304739468073
150.632	0.780585778150673
150.712	0.779829228351897
150.792	0.77903848976532
150.872	0.778217538327532
150.952	0.777370968774321
151.032	0.776503985559064
151.112	0.775622345380278
151.192	0.774732267459722
151.272	0.773840266878761
151.352	0.772952934860477
151.432	0.772076751440554
151.512	0.771217999764044
151.592	0.770382769282449
151.672	0.769577042565146
151.752	0.768806855435969
151.832	0.768078458257765
151.912	0.767398426656769
151.992	0.766773679208004
152.072	0.766211372231449
152.152	0.765718690927006
152.232	0.765302581273172
152.312	0.76496944560979
152.392	0.764724847384201
152.472	0.764573291080527
152.552	0.76451810398526
152.632	0.764561429188344
152.712	0.764704305512822
152.792	0.764946780301322
152.872	0.765287984563088
152.952	0.765726116708557
153.032	0.76625834945218
153.112	0.766880713617716
153.192	0.767588038067853
153.272	0.768374029775664
153.352	0.769231492783124
153.432	0.770152584973157
153.512	0.771129041272275
153.592	0.772152300265496
153.672	0.773213506268945
153.752	0.774303440638725
153.832	0.775412490856539
153.912	0.776530706064953
153.992	0.777648008117531
154.072	0.778754522191747
154.152	0.779840877729647
154.232	0.780898453530114
154.312	0.781919496242345
154.392	0.78289705775083
154.472	0.783824782890278
154.552	0.784696668994229
154.632	0.785506884432309
154.712	0.786249759147779
154.792	0.786919836355359
154.872	0.787511923212897
154.952	0.788021173232515
155.032	0.788443196463035
155.112	0.788774050516004
155.192	0.789010129483266
155.272	0.789148048367153
155.352	0.789184582979679
155.432	0.789116654034466
155.512	0.788941422918398
155.592	0.788656515879602
155.672	0.788260356398808
155.752	0.787752496054246
155.832	0.787133896963518
155.912	0.786407102370042
155.992	0.785576315862166
156.072	0.784647389348471
156.152	0.783627751016169
156.232	0.782526259785165
156.312	0.781353130374633
156.392	0.780120018609487
156.472	0.778840102068337
156.552	0.777528035307782
156.632	0.776199827823767
156.712	0.774872537571213
156.792	0.773563761605871
156.872	0.77229108086209
156.952	0.771071556490995
157.032	0.769921272059317
157.112	0.768855000597117
157.192	0.767885975635934
157.272	0.767025671576803
157.352	0.766283597884513
157.432	0.765667122671672
157.512	0.76518128331977
157.592	0.764828630916799
157.672	0.764609165873374
157.752	0.764520375594202
157.832	0.764557413125967
157.912	0.764713434654787
157.992	0.764980075123091
158.072	0.765348035897741
158.152	0.765807707161912
158.232	0.766349731687409
158.312	0.766965448821693
158.392	0.767647182800854
158.472	0.76838836600372
158.552	0.769183524083811
158.632	0.770028153918933
158.712	0.770918516532696
158.792	0.771851355761772
158.872	0.77282357916846
158.952	0.773831937406293
159.032	0.774872764755298
159.112	0.775941791056912
159.192	0.777034098105783
159.272	0.778144160317215
159.352	0.779265982284596
159.432	0.7803933266838
159.512	0.781520000664173
159.592	0.782640059020707
159.672	0.783747997113757
159.752	0.784838929124223
159.832	0.785908712486819
159.912	0.786954004141034
159.992	0.787972329285427
160.072	0.78896206249669
160.152	0.789922352977069
160.232	0.790853000884663
160.312	0.791754295422127
160.392	0.792626827100573
160.472	0.793471458114908
160.552	0.794289383529147
160.632	0.795082241699927
160.712	0.795852252462989
160.792	0.796602348552614
160.872	0.797336117869349
160.952	0.798057527775622
161.032	0.798770465048982
161.112	0.799478133294599
161.192	0.800182500815385
161.272	0.800883878410254
161.352	0.801580672973166
161.432	0.80226935135568
161.512	0.802944663777971
161.592	0.803599952741543
161.672	0.804227547187029
161.752	0.804819209443369
161.832	0.805366576155933
161.912	0.805861576698589
161.992	0.806296792211462
162.072	0.806665674568272
162.152	0.806962727924997
162.232	0.807183615792972
162.312	0.807325204563618
162.392	0.807385490881131
162.472	0.807363462258177
162.552	0.807258822842002
162.632	0.807071657726134
162.712	0.806802097699588
162.792	0.806450022734403
162.872	0.806014881492001
162.952	0.805495644628575
163.032	0.804890907712828
163.112	0.804199104108086
163.192	0.803418797495574
163.272	0.802548968464169
163.352	0.801589288483999
163.432	0.800540253705076
163.512	0.799403234111956
163.592	0.798180570015539
163.672	0.79687566286136
163.752	0.795492979926344
163.832	0.794038112432961
163.912	0.792517764189245
163.992	0.790939626273097
164.072	0.789312273688601
164.152	0.787645061897223
164.232	0.785947947328005
164.312	0.784231430613826
164.392	0.782506666965798
164.472	0.780785541063771
164.552	0.779080718942854
164.632	0.777405708950411
164.712	0.77577476022941
164.792	0.774202576503328
164.872	0.772703965777211
164.952	0.771293442143861
165.032	0.769984843598898
165.112	0.768791094132794
165.192	0.767724096669983
165.272	0.766794682337192
165.352	0.766012653003358
165.432	0.765386837992668
165.512	0.764925079184369
165.592	0.76463414639786
165.672	0.764519610728797
165.752	0.764585701365604
165.832	0.764835188803165
165.912	0.765269312615857
165.992	0.765887768716091
166.072	0.766688725189269
166.152	0.767668804295262
166.232	0.768823052333367
166.312	0.770144917115566
166.392	0.771626254304653
166.472	0.773257433680278
166.552	0.775027614507351
166.632	0.776925093980239
166.712	0.778937713865943
166.792	0.781053258026724
166.872	0.783259736857161
166.952	0.78554550833298
167.032	0.787899322535544
167.112	0.790310263909852
167.192	0.792767716716028
167.272	0.795261343501515
167.352	0.797781121746127
167.432	0.800317329685413
167.512	0.80286049009316
167.592	0.805401263764587
167.672	0.807930392921271
167.752	0.810438586812857
167.832	0.812916538268652
167.912	0.815355143198616
167.992	0.817745814138377
168.072	0.820080737727956
168.152	0.822353186201596
168.232	0.824557708393222
168.312	0.826690100484939
168.392	0.828747215340535
168.472	0.830726782186638
168.552	0.832627217307213
168.632	0.834447513805209
168.712	0.836187244233962
168.792	0.837846563379991
168.872	0.839426126453496
168.952	0.840926944523332
169.032	0.842350201092337
169.112	0.843696993073607
169.192	0.844968083888233
169.272	0.84616379177244
169.352	0.847283977167642
169.432	0.848328095124451
169.512	0.849295382359784
169.592	0.850185073346992
169.672	0.850996581342393
169.752	0.851729716459857
169.832	0.852384895920792
169.912	0.85296320376591
169.992	0.853466367827238
170.072	0.853896710112586
170.152	0.854257054262163
170.232	0.854550583882329
170.312	0.854780746859454
170.392	0.854951210523303
170.472	0.85506592842188
170.552	0.855129219941958
170.632	0.855145811710052
170.712	0.855120801973285
170.792	0.855059575464608
170.872	0.854967633758825
170.952	0.854850415479071
171.032	0.854713130160967
171.112	0.854560710411391
171.192	0.854397909686327
171.272	0.854229477601933
171.352	0.854060244501163
171.432	0.853895185233931
171.512	0.853739333413792
171.592	0.853597581754229
171.672	0.853474411308234
171.752	0.853373709587437
171.832	0.853298664476938
171.912	0.85325188240715
171.992	0.853235555389944
172.072	0.853251560561446
172.152	0.853301435743425
172.232	0.853386254717094
172.312	0.853506343179312
172.392	0.853661023636846
172.472	0.853848470317267
172.552	0.854065763465712
172.632	0.854309135956846
172.712	0.854574380756226
172.792	0.854857238901211
172.872	0.855153768765888
172.952	0.85546062486474
173.032	0.855775175285828
173.112	0.856095495308011
173.192	0.85642033848255
173.272	0.856749044885603
173.352	0.857081506063111
173.432	0.857418175115441
173.512	0.85776003613649
173.592	0.858108541862542
173.672	0.85846552688335
173.752	0.858833016485931
173.832	0.859212941310282
173.912	0.859606804506654
173.992	0.860015404746136
174.072	0.860438668943196
174.152	0.860875602225725
174.232	0.861324373525349
174.312	0.861782566399185
174.392	0.862247466577784
174.472	0.862716266297106
174.552	0.863186183205244
174.632	0.863654509676394
174.712	0.864118569815645
174.792	0.864575654555452
174.872	0.86502301372056
174.952	0.865457841537747
175.032	0.865877308857137
175.112	0.866278707345124
175.192	0.86665960104115
175.272	0.867017882748584
175.352	0.867351790407291
175.432	0.867659850413716
175.512	0.867940718085698
175.592	0.868193000334074
175.672	0.86841511847247
175.752	0.868605209597568
175.832	0.868761091135511
175.912	0.868880313315699
175.992	0.868960227396606
176.072	0.868998073136744
176.152	0.868991078014353
176.232	0.868936546788994
176.312	0.86883193170047
176.392	0.868674934085107
176.472	0.868463615712912
176.552	0.868196532750737
176.632	0.867872879969433
176.712	0.86749260452212
176.792	0.867056437308342
176.872	0.866565915536768
176.952	0.866023381933559
177.032	0.865431939597713
177.112	0.864795369219294
177.192	0.86411803323854
177.272	0.863404732245655
177.352	0.862660501136212
177.432	0.861890409046779
177.512	0.861099417625063
177.592	0.860292282675481
177.672	0.859473564744604
177.752	0.858647784834893
177.832	0.857819707051128
177.912	0.856994639142989
177.992	0.85596852554189
178.072	0.855058263404608
178.152	0.854274806422389
178.232	0.853620763333808
178.312	0.853092400286442
178.392	0.85268171129124
178.472	0.852378193348102
178.552	0.852170197737919
178.632	0.852045871668025
178.712	0.851993759992069
178.792	0.85200315743274
178.872	0.852064293753457
178.952	0.852168406862837
179.032	0.85230774118795
179.112	0.852475504509158
179.192	0.852665798133067
179.272	0.852873529152461
179.352	0.8530943171478
179.432	0.853324407153096
179.512	0.853560588320377
179.592	0.853800119292252
179.672	0.854040664028389
179.752	0.854280236608638
179.832	0.85451715463121
179.912	0.854750000330043
179.992	0.854977588176055
180.072	0.855198935300209
180.152	0.855413234226241
180.232	0.855619826378629
180.312	0.855818176463565
180.392	0.856007847137093
180.472	0.856188478253841
180.552	0.856359773481309
180.632	0.856521492922809
180.712	0.856673448236926
180.792	0.856815501861533
180.872	0.856947565656945
180.952	0.85706959815991
181.032	0.857181599747193
181.112	0.857283607514667
181.192	0.857375688156289
181.272	0.857457934631455
181.352	0.857530463605102
181.432	0.85759341209716
181.512	0.857646933262288
181.592	0.857691192957518
181.672	0.857726364779701
181.752	0.857752626383196
181.832	0.857770157603674
181.912	0.857779141308008
181.992	0.857779766225562
182.072	0.857772231759043
182.152	0.857756751270344
182.232	0.85773355483979
182.312	0.857702890738594
182.392	0.857665025007165
182.472	0.857620239543053
182.552	0.857568830677678
182.632	0.857511107171916
182.712	0.857447388805269
182.792	0.857378005130101
182.872	0.857303293690791
182.952	0.857223597345595
183.032	0.857139260237666
183.112	0.857050621561314
183.192	0.856958008364224
183.272	0.856861728548125
183.352	0.856762066100018
183.432	0.856659279852892
183.512	0.856553605843601
183.592	0.856445262327298
183.672	0.856334456544182
183.752	0.85622139020137
183.832	0.856106262336354
183.912	0.855989269352357
183.992	0.855870603481399
184.072	0.855750449901464
184.152	0.85562898458258
184.232	0.855506373739765
184.312	0.855382774207506
184.392	0.855258333652493
184.472	0.855133190880181
184.552	0.855007476126232
184.632	0.854881310537152
184.712	0.85475480478356
184.792	0.854628057936068
184.872	0.854501156417015
184.952	0.854374173123659
185.032	0.854247166680828
185.112	0.854120181389149
185.192	0.853993246574348
185.272	0.853866375537621
185.352	0.853739564374855
185.432	0.85361279067655
185.512	0.853486011235603
185.592	0.853359160654328
185.672	0.853232150921578
185.752	0.853104870994869
185.832	0.852977187366349
185.912	0.852848946312932
185.992	0.852719976359907
186.072	0.852590090554706
186.152	0.852459088693713
186.232	0.852326760200526
186.312	0.852192887435749
186.392	0.852057249386732
186.472	0.851919625710778
186.552	0.851779800069977
186.632	0.851637563168964
186.712	0.851492713811041
186.792	0.851345058696197
186.872	0.851194410866825
186.952	0.851040587060353
187.032	0.850883404172833
187.112	0.850722679009401
187.192	0.85055823024846
187.272	0.850389885076162
