0.072	0.0591757806772648
0.152	0.0584757664963718
0.232	0.0577964519237639
0.312	0.057138063645084
0.392	0.056500785161802
0.472	0.0558847564656162
0.552	0.0552900767310121
0.632	0.0547168084957548
0.712	0.0541649810887748
0.792	0.0536345961794495
0.872	0.0531256360230827
0.952	0.0526380740260493
1.032	0.052171884635186
1.112	0.0517270469598543
1.192	0.0513035420389087
1.272	0.0509013464987902
1.352	0.050520423148896
1.432	0.0501607116678997
1.512	0.0498221195388169
1.592	0.049504512321505
1.672	0.0492077030411338
1.752	0.0489314421578229
1.832	0.0486754080824312
1.912	0.0484391999151512
1.992	0.048222333985791
2.072	0.0480242459524334
2.152	0.0478442972256516
2.232	0.0476817840439026
2.312	0.0475359478485871
2.392	0.0474059867382266
2.472	0.0472910666579764
2.552	0.0471903310952939
2.632	0.0471029094081814
2.712	0.0470279240220179
2.792	0.0469644959547395
2.872	0.0469117493415752
2.952	0.046868815526409
3.032	0.0468348370867488
3.112	0.0468089722165814
3.192	0.046790399692668
3.272	0.0467783241123243
3.352	0.046771980796052
3.432	0.0467706399934968
3.512	0.0467736100648608
3.592	0.0467802395386343
3.672	0.0467899181725215
3.752	0.0468020772740374
3.832	0.046816189319884
3.912	0.0468317671505929
3.992	0.0468483630578476
4.072	0.0468655677417473
4.152	0.0468830092212329
4.232	0.0469003520555589
4.312	0.04691729656804
4.392	0.0469335778824416
4.472	0.0469489655037023
4.552	0.0469632633570427
4.632	0.0469763101535818
4.712	0.046987980107474
4.792	0.0469981834279452
4.872	0.047006865859089
4.952	0.0470140071041669
5.032	0.0470196177897151
5.112	0.047023735113612
5.192	0.0470264185559017
5.272	0.047027746433173
5.352	0.0470278132919475
5.432	0.0470267275376273
5.512	0.0470246088519843
5.592	0.0470215850608611
5.672	0.0470177889600336
5.752	0.0470133547727301
5.832	0.0470084152306072
5.912	0.0470031000367044
5.992	0.0469975352651772
6.072	0.0469918422085129
6.152	0.0469861357513537
6.232	0.046980522145418
6.312	0.046975096957226
6.392	0.046969943891213
6.472	0.0469651350148297
6.552	0.0469607324906747
6.632	0.0469567925614456
6.712	0.0469533709496091
6.792	0.0469505286595222
6.872	0.0469483367941166
6.952	0.0469468803279369
7.032	0.0469462607201194
7.112	0.0469465967624956
7.192	0.0469480235855144
7.272	0.046950691349025
7.352	0.0469547641504278
7.432	0.0469604195321836
7.512	0.0469678492121375
7.592	0.0469772615864485
7.672	0.0469888848246001
7.752	0.0470029699689576
7.832	0.0470197908892942
7.912	0.0470396378563009
7.992	0.0470628011092913
8.072	0.0470895429183429
8.152	0.0471200548603292
8.232	0.0471543986922143
8.312	0.0471924293927941
8.392	0.0472337003287748
8.472	0.047277347310569
8.552	0.0473219516273957
8.632	0.0473653801681166
8.712	0.0474046145581042
8.792	0.0474355967734255
8.872	0.0474531572571095
8.952	0.047451138626343
9.032	0.0474229034688278
9.112	0.0473624865302327
9.192	0.0472666860899835
9.272	0.0471383271222976
9.352	0.0469906958777528
9.432	0.0468937611061619
9.512	0.046815529659284
9.592	0.0467732877754088
9.672	0.0467868973322538
9.752	0.0468784043558799
9.832	0.0470715575660279
9.912	0.0473911483135225
9.992	0.0478621165001414
10.072	0.048508362149164
10.152	0.0493513062054944
10.232	0.0504084067314352
10.312	0.0516918578035757
10.392	0.0532076865287081
10.472	0.0549553446843447
10.552	0.0569277616135651
10.632	0.0591118653504736
10.712	0.0614896487962824
10.792	0.0640398073149981
10.872	0.0667396177067303
10.952	0.069566733577517
11.032	0.0725006303381406
11.112	0.075523396652784
11.192	0.0786195683907636
11.272	0.0817751855992128
11.352	0.0849764355710931
11.432	0.0882084661374165
11.512	0.0914548495628651
11.592	0.0946978660975901
11.672	0.0979193838855963
11.752	0.101102199396678
11.832	0.104231348571261
11.912	0.107294764134508
11.992	0.110283148928261
12.072	0.113189297599433
12.152	0.116007000600234
12.232	0.118730038460285
12.312	0.121351612181002
12.392	0.12386423052692
12.472	0.126260008515942
12.552	0.128531286542852
12.632	0.130671372341453
12.712	0.132675135055138
12.792	0.134539396164996
12.872	0.136263089308045
12.952	0.137847211783424
13.032	0.139294557599783
13.112	0.14060931970414
13.192	0.14179668988379
13.272	0.14286247376765
13.352	0.143812841778868
13.432	0.144654254651755
13.512	0.145393498772478
13.592	0.146037708994641
13.672	0.146594381932914
13.752	0.147071257881976
13.832	0.147476020526824
13.912	0.147815917383809
13.992	0.14809744560614
14.072	0.148326186513145
14.152	0.148506826439075
14.232	0.148643316939228
14.312	0.1487391274635
14.392	0.148797511524549
14.472	0.148821706879403
14.552	0.148815028594413
14.632	0.148780888461602
14.712	0.148722785260247
14.792	0.148644288847549
14.872	0.14854902299237
14.952	0.148440644380457
15.032	0.148322816104496
15.112	0.148199158903367
15.192	0.148073205191736
15.272	0.147948366794367
15.352	0.147827899972413
15.432	0.147714827249615
15.512	0.147611816178028
15.592	0.147521029012182
15.672	0.147443993213869
15.752	0.147381534810734
15.832	0.147333801598847
15.912	0.147300380757656
15.992	0.147280483906684
16.072	0.147273132800706
16.152	0.147277296966308
16.232	0.147291963617931
16.312	0.147316143005241
16.392	0.147348833263891
16.472	0.147388987612317
16.552	0.147435518859652
16.632	0.147487361776598
16.712	0.147543597177787
16.792	0.147603599997979
16.872	0.147667165013786
16.952	0.147734572467812
17.032	0.147806546994502
17.112	0.147884090158527
17.192	0.147968254785951
17.272	0.148059898812676
17.352	0.148159474957879
17.432	0.148266945724004
17.512	0.148381877540828
17.592	0.148503638826128
17.672	0.14863166015391
17.752	0.148765654354861
17.832	0.148905657502723
17.912	0.149051842615677
17.992	0.149204211330812
18.072	0.149362168904986
18.152	0.149524125857965
18.232	0.149687238745514
18.312	0.149847344304249
18.392	0.149999033274412
18.472	0.150135844851661
18.552	0.150250591448071
18.632	0.150335871718994
18.712	0.150384733518763
18.792	0.15039140135184
18.872	0.150352007900779
18.952	0.150265111801104
19.032	0.150131838720768
19.112	0.149955764008041
19.192	0.149742609470991
19.272	0.149499780504698
19.352	0.1492359520538
19.432	0.148960732361388
19.512	0.14868417108471
19.592	0.148416093099399
19.672	0.14816546642794
19.752	0.147939792037391
19.832	0.147744620919525
19.912	0.14758334137548
19.992	0.147457242262476
20.072	0.147365766300368
20.152	0.147306916783123
20.232	0.14727773625998
20.312	0.147274793523479
20.392	0.147294627962197
20.472	0.147334078746439
20.552	0.14739045596923
20.632	0.147461567006189
20.712	0.147545628105831
20.792	0.147641105949219
20.872	0.14774654768587
20.952	0.147860443774221
21.032	0.147981126167338
21.112	0.148106677859118
21.192	0.148234807366748
21.272	0.148362673456973
21.352	0.148486613954333
21.432	0.14860177746948
21.512	0.148701683064132
21.592	0.148777775080703
21.672	0.148819032334245
21.752	0.148811689670197
21.832	0.148739076433571
21.912	0.148581536483448
21.992	0.148316381374457
22.072	0.147917855407172
22.152	0.147357190291018
22.232	0.146602903607231
22.312	0.145621522622491
22.392	0.144378812207265
22.472	0.142841544109046
22.552	0.14097962743233
22.632	0.138768382041576
22.712	0.136190721738672
22.792	0.133238985467301
22.872	0.12991619294769
22.952	0.126236627919639
23.032	0.122225661404059
23.112	0.117918654476739
23.192	0.113359125705188
23.272	0.108596524659674
23.352	0.103683841528323
23.432	0.098675488951244
23.512	0.0936257508827794
23.592	0.088587667157185
23.672	0.0836122629169722
23.752	0.0787483312536779
23.832	0.074042677027478
23.912	0.0695408658242513
23.992	0.0652886496390011
24.072	0.0613336535674307
24.152	0.0577268050541306
24.232	0.0545233841552317
24.312	0.0517834782511954
24.392	0.0495717123793611
24.472	0.0479561418864023
24.552	0.0470061168138045
24.632	0.0467888450815508
24.712	0.0473647165034663
24.792	0.0487818076165922
24.872	0.0510704174802186
24.952	0.054238728022824
25.032	0.0582704919410162
25.112	0.0631250694217442
25.192	0.0687393449856017
25.272	0.0750309682197212
25.352	0.081901989890298
25.432	0.0892419615573772
25.512	0.0969301486128415
25.592	0.104837082876543
25.672	0.112825067475001
25.752	0.120748568775412
25.832	0.128455584329799
25.912	0.135790105901719
25.992	0.14259607968404
26.072	0.14872285861918
26.152	0.15403061998984
26.232	0.158393829220017
26.312	0.161704083537984
26.392	0.163872585570402
26.472	0.164832918818206
26.552	0.164544071881551
26.632	0.162993860873826
26.712	0.16020084188483
26.792	0.156215214676081
26.872	0.151117925404719
26.952	0.145018453621901
27.032	0.138052261795451
27.112	0.13037856321796
27.192	0.122176645783725
27.272	0.113640918974284
27.352	0.104974495883994
27.432	0.0963813532174527
27.512	0.0880577346555356
27.592	0.0801845480303882
27.672	0.0729210159328204
27.752	0.0664004774674822
27.832	0.0607283654552475
27.912	0.0559815514992579
27.992	0.0522087125376629
28.072	0.0494317770161388
28.152	0.0476481758390719
28.232	0.0468339594393683
28.312	0.0469475791704781
28.392	0.0479336737934091
28.472	0.0497263655009874
28.552	0.0522517204616406
28.632	0.0554293374715371
28.712	0.0591735026395099
28.792	0.0633944755321636
28.872	0.0680001886665877
28.952	0.0728984539845214
29.032	0.0779993502545722
29.112	0.0832173952625226
29.192	0.0884732103735359
29.272	0.0936945478296138
29.352	0.0988168179554805
29.432	0.10378353211388
29.512	0.108546934748006
29.592	0.113068600372912
29.672	0.117319759384259
29.752	0.121281219060961
29.832	0.124942728428209
29.912	0.128301560431169
29.992	0.131360532121448
30.072	0.134126008042017
30.152	0.13660633782581
30.232	0.138811004691775
30.312	0.140750479090798
30.392	0.142436555326981
30.472	0.143882780820036
30.552	0.145104586349476
30.632	0.14611889723335
30.712	0.146943366439586
30.792	0.147595507207711
30.872	0.148092020095987
30.952	0.148448480137517
31.032	0.148679401310233
31.112	0.148798578760193
31.192	0.148819575807806
31.272	0.148756240492617
31.352	0.148623193824619
31.432	0.148436258912966
31.512	0.148212795158884
31.592	0.147971907971055
31.672	0.147734526753879
31.752	0.14752337970765
31.832	0.147362913834399
31.912	0.147279186652099
31.992	0.147299671742417
32.072	0.147452845405383
32.152	0.147767418857143
32.232	0.148271178164464
32.312	0.148989576979943
32.392	0.14994437957273
32.472	0.151152654713655
32.552	0.152626319062961
32.632	0.154372011358532
32.712	0.156390926937434
32.792	0.15867843396552
32.872	0.161223395939828
32.952	0.164007068228671
33.032	0.167002015089452
33.112	0.170171379022008
33.192	0.173468665735868
33.272	0.17683817826935
33.352	0.180216185396034
33.432	0.183532326031923
33.512	0.186711979791994
33.592	0.189679754304848
33.672	0.192363489077593
33.752	0.19469827653063
33.832	0.196630323009117
33.912	0.198119392007698
33.992	0.199139617536616
34.072	0.199678891873532
34.152	0.199737220564543
34.232	0.199324898936425
34.312	0.198461208268213
34.392	0.19717317018592
34.472	0.195494390486033
34.552	0.193464275535348
34.632	0.191126930287169
34.712	0.188529292673024
34.792	0.185719215148652
34.872	0.182743930098127
34.952	0.179649071265317
35.032	0.176478601656868
35.112	0.173275507712219
35.192	0.170082834814252
35.272	0.166944502107867
35.352	0.163905815693738
35.432	0.161013235486166
35.512	0.158313090349907
35.592	0.155849559016474
35.672	0.153662210990547
35.752	0.151783145458808
35.832	0.150234168323891
35.912	0.149024640421317
35.992	0.148150115286512
36.072	0.147592017794409
36.152	0.147318470706409
36.232	0.147285924754556
36.312	0.147441218160452
36.392	0.147723899464722
36.472	0.148068755433883
36.552	0.148408664858266
36.632	0.148677842003849
36.712	0.148815331760829
36.792	0.148768495307991
36.872	0.148496083207078
36.952	0.147970544236955
37.032	0.147179373842732
37.112	0.146125368841126
37.192	0.144825813325838
37.272	0.143310779596391
37.352	0.141620816252612
37.432	0.139804342965249
37.512	0.13791504552762
37.592	0.136009387593617
37.672	0.134144240123419
37.752	0.132374461549603
37.832	0.130750431150204
37.912	0.129315774768997
37.992	0.128105595738703
38.072	0.127145660789552
38.152	0.12645288659121
38.232	0.126036605620698
38.312	0.125899986672607
38.392	0.126041343198153
38.472	0.126455012746987
38.552	0.127131476190584
38.632	0.12805700621027
38.712	0.129213176316966
38.792	0.13057625679528
38.872	0.132116678077523
38.952	0.133798809676932
39.032	0.135581009128032
39.112	0.137416174589703
39.192	0.139253172696385
39.272	0.141039083222381
39.352	0.142721984420746
39.432	0.144254138906376
39.512	0.145595196804948
39.592	0.146714873206633
39.672	0.147594804829055
39.752	0.148229526845967
39.832	0.148626543921068
39.912	0.148805577522467
39.992	0.14879710010598
40.072	0.148640346964271
40.152	0.148380988127769
40.232	0.148068626288818
40.312	0.147754258785767
40.392	0.147487785859425
40.472	0.147315604581195
40.552	0.147278305660052
40.632	0.147408509680986
40.712	0.147728948163035
40.792	0.148250987299775
40.872	0.148973805324999
40.952	0.149884375187753
41.032	0.150958355409216
41.112	0.152161754395706
41.192	0.153453151847657
41.272	0.15478620432566
41.352	0.156112248638124
41.432	0.157382781139745
41.512	0.158551819818854
41.592	0.159578154757924
41.672	0.160427453164516
41.752	0.161074095893014
41.832	0.161502580210595
41.912	0.161708187228555
41.992	0.161696809940054
42.072	0.161483846285023
42.152	0.161092345699103
42.232	0.160550534965637
42.312	0.159889199954137
42.392	0.159139378943905
42.472	0.158330667752466
42.552	0.15748995090587
42.632	0.156640534435496
42.712	0.155801747211058
42.792	0.154988819407549
42.872	0.154212907787837
42.952	0.153481346222975
43.032	0.152798111887819
43.112	0.152164515716208
43.192	0.151580063026699
43.272	0.151043291179008
43.352	0.150552435692475
43.432	0.150105848990165
43.512	0.149702091908125
43.592	0.149339804651731
43.672	0.149017490132223
43.752	0.148733315657296
43.832	0.148485013993991
43.912	0.148269908451198
43.992	0.148084992227155
44.072	0.147927036194119
44.152	0.147792748086772
44.232	0.147678948232056
44.312	0.147582731796206
44.392	0.147501627061388
44.472	0.147433728246028
44.552	0.147377786546144
44.632	0.147333259805578
44.712	0.14730031577335
44.792	0.147279782583496
44.872	0.147273064106116
44.952	0.147282027175493
45.032	0.147308847677209
45.112	0.147355805669918
45.192	0.147425018920217
45.272	0.147518101434684
45.352	0.147635746265109
45.432	0.147777223723892
45.512	0.147939825885146
45.592	0.148118288234741
45.672	0.148304224897288
45.752	0.148485627911555
45.832	0.148646500451264
45.912	0.148766667460563
45.992	0.148821826965445
46.072	0.148783903550225
46.152	0.148621717852507
46.232	0.148301895734107
46.312	0.147789842151155
46.392	0.147050560607454
46.472	0.146049136201214
46.552	0.14475085651236
46.632	0.143121125871289
46.712	0.317304434136872
46.792	0.3153878645698
46.872	0.313673835528732
46.952	0.312184805179356
47.032	0.310944378874922
47.112	0.309976356699224
47.192	0.309303329763111
47.272	0.308945197832202
47.352	0.308917924759783
47.432	0.309232658711949
47.512	0.309895162953524
47.592	0.310905362454093
47.672	0.312256866406926
47.752	0.313936524113103
47.832	0.315924216056203
47.912	0.318193096646951
47.992	0.320710384874701
48.072	0.323438625246752
48.152	0.326337151736254
48.232	0.329363392802748
48.312	0.332473904839901
48.392	0.335625232577684
48.472	0.338774742135854
48.552	0.341881586249258
48.632	0.344907900607211
48.712	0.347820075992161
48.792	0.350589878203607
48.872	0.353195175435019
48.952	0.355620138946108
49.032	0.357855022774686
49.112	0.359895649643306
49.192	0.361742722343422
49.272	0.363400938463144
49.352	0.364878119511275
49.432	0.366184402460419
49.512	0.367331527907311
49.592	0.36833212979974
49.672	0.369199091685516
49.752	0.369944941414076
49.832	0.370581297543424
49.912	0.371118380926134
49.992	0.371564660038246
50.072	0.371926669062589
50.152	0.372209011475945
50.232	0.372414497782586
50.312	0.372544346168468
50.392	0.37259838749543
50.472	0.372575307874797
50.552	0.372472913605918
50.632	0.372288413136005
50.712	0.372018778320523
50.792	0.371661269955951
50.872	0.371214089163743
50.952	0.370676880697204
51.032	0.370050964310678
51.112	0.369339257127706
51.192	0.368545811799038
51.272	0.36767510676458
51.352	0.366731429573917
51.432	0.365718581997555
51.512	0.364639881108076
51.592	0.36349854012991
51.672	0.362298222104016
51.752	0.361043413502273
51.832	0.359739533405161
51.912	0.358392912668421
51.992	0.357010519975745
52.072	0.355599640833418
52.152	0.3541677804796
52.232	0.35272272626213
52.312	0.351272543885386
52.392	0.349825559567023
52.472	0.348390134269209
52.552	0.346974226424379
52.632	0.345584875802217
52.712	0.344227754863425
52.792	0.342906870159311
52.872	0.341624657267346
52.952	0.340382339572614
53.032	0.339180456128076
53.112	0.338019501500355
53.192	0.336900418510652
53.272	0.335824667297231
53.352	0.334794074537228
53.432	0.33381054646901
53.512	0.332875725814915
53.592	0.331990754594642
53.672	0.331156148044613
53.752	0.330371637377027
53.832	0.329636054134653
53.912	0.328947255979585
53.992	0.328302110679545
54.072	0.327696578668281
54.152	0.327125947244213
54.232	0.326585217391539
54.312	0.326069523995159
54.392	0.325574449521639
54.472	0.325096051399157
54.552	0.32463067075048
54.632	0.324174480483236
54.712	0.323723010469223
54.792	0.323270868559177
54.872	0.322811844243972
54.952	0.322339330960915
55.032	0.321847051710904
55.112	0.321329788262801
55.192	0.320784002625317
55.272	0.320208273882656
55.352	0.319603478421413
55.432	0.318972589737427
55.512	0.318320313379616
55.592	0.317652575865623
55.672	0.316975982582278
55.752	0.316297366700212
55.832	0.315623506693726
55.912	0.31496090125404
55.992	0.314315673067824
56.072	0.313693551432323
56.152	0.313099825909887
56.232	0.312539249510849
56.312	0.312015969064191
56.392	0.311533383018912
56.472	0.311094003110554
56.552	0.310699412784686
56.632	0.31035030881327
56.712	0.310046534579271
56.792	0.309787108989042
56.872	0.309570219884392
56.952	0.3093932042039
57.032	0.309252577824168
57.112	0.309144157454
57.192	0.309063266298438
57.272	0.309005019006406
57.352	0.308964636864459
57.432	0.30893773550531
57.512	0.308920540868655
57.592	0.308910017400024
57.672	0.308903892835644
57.752	0.308900589524853
57.832	0.30889908584453
57.912	0.308898741267853
57.992	0.308899124447464
58.072	0.308899881391028
58.152	0.308900665983117
58.232	0.308901135475651
58.312	0.3089009958058
58.392	0.308900065054956
58.472	0.308898322620564
58.552	0.308895927945457
58.632	0.308893206707353
58.712	0.30889062196718
58.792	0.30888875532213
58.872	0.308888316180457
58.952	0.308890181152435
59.032	0.308895454875142
59.112	0.308905532282097
59.192	0.308922141832056
59.272	0.308947357105467
59.352	0.308983576437583
59.432	0.309033488418152
59.512	0.309100046255367
59.592	0.30918646605619
59.672	0.309296254830826
59.752	0.309433278546578
59.832	0.30960184173324
59.912	0.309806745634887
59.992	0.310053296157719
60.072	0.310347267197812
60.152	0.310694785721296
60.232	0.311102126312164
60.312	0.311575423732336
60.392	0.312120374096651
60.472	0.312741962323628
60.552	0.313444278568113
60.632	0.314230447236639
60.712	0.315102691769823
60.792	0.316062444202885
60.872	0.317110470500609
60.952	0.318246861843363
61.032	0.319470927408418
61.112	0.320781082589349
61.192	0.322174888811389
61.272	0.32364908137248
61.352	0.325199596065886
61.432	0.326821653496722
61.512	0.328509767519677
61.592	0.330257503069049
61.672	0.332057209715629
61.752	0.333899735469288
61.832	0.335774219689426
61.912	0.337668116603652
61.992	0.339567516006753
62.072	0.341457499523642
62.152	0.343322630624698
62.232	0.345147445509667
62.312	0.346916807421337
62.392	0.34861611417557
62.472	0.350231609516186
62.552	0.351750765947031
62.632	0.353162687784277
62.712	0.354458452839197
62.792	0.355631232422468
62.872	0.356676020593966
62.952	0.357589124680374
63.032	0.358367611128244
63.112	0.359008856645403
63.192	0.359510370358691
63.272	0.359870081104418
63.352	0.360086889322929
63.432	0.360161107929969
63.512	0.360094585690433
63.592	0.35989034180966
63.672	0.359551716399267
63.752	0.359081326409239
63.832	0.35848043375222
63.912	0.357748856799844
63.992	0.356885603898775
64.072	0.355890050501898
64.152	0.354763318120263
64.232	0.353509176543582
64.312	0.352134265413895
64.392	0.350647784992248
64.472	0.349060744681992
64.552	0.347385054674533
64.632	0.345632945845807
64.712	0.343816987662251
64.792	0.341950388729856
64.872	0.340047342398748
64.952	0.338123125624577
65.032	0.336193669695433
65.112	0.334274615627237
65.192	0.332380238698136
65.272	0.330522626874483
65.352	0.328711403232546
65.432	0.326953990422737
65.512	0.325256308474195
65.592	0.323623518796978
65.672	0.322060611447853
65.752	0.320572655156354
65.832	0.319164643380134
65.912	0.317841009154961
65.992	0.316605140022205
66.072	0.315459208676714
66.152	0.314404330640798
66.232	0.313440955269755
66.312	0.312569355445078
66.392	0.311789982305243
66.472	0.3111034751376
66.552	0.310510363262267
66.632	0.310010710005258
66.712	0.309603964435098
66.792	0.309289118941422
66.872	0.309065129577164
66.952	0.308931428941719
67.032	0.308888279870189
67.112	0.308936757562378
67.192	0.30907833524742
67.272	0.309314216943733
67.352	0.30964463462584
67.432	0.310068276135041
67.512	0.310581907698804
67.592	0.311180185078683
67.672	0.311855623483154
67.752	0.312598647253253
67.832	0.313397745349107
67.912	0.314239880158595
67.992	0.315111115979505
68.072	0.315997270310447
68.152	0.316884497866397
68.232	0.317759770727037
68.312	0.318611186146711
68.392	0.319428150585338
68.472	0.320201631811017
68.552	0.320924540174531
68.632	0.321592242497957
68.712	0.322202976953861
68.792	0.322757983115878
68.872	0.323261170811577
68.952	0.323718377515604
69.032	0.324136312973394
69.112	0.324521439834086
69.192	0.324879011811845
69.272	0.325212547597687
69.352	0.325523805887144
69.432	0.32581316518008
69.512	0.326080190035839
69.592	0.326324353801965
69.672	0.326545679347589
69.752	0.326745160750477
69.832	0.326924878930072
69.912	0.327087887017967
69.992	0.327237871712612
70.072	0.327378719978185
70.152	0.327514136812681
70.232	0.327647430566287
70.312	0.327781527536445
70.392	0.327919163928584
70.472	0.32806320813512
70.552	0.328216930766814
70.632	0.328384047491454
70.712	0.328568566677461
70.792	0.328774479482774
70.872	0.329005364788543
70.952	0.329264138212068
71.032	0.329553060322098
71.112	0.329873924922879
71.192	0.33022826145276
71.272	0.33061749762868
71.352	0.331042817219952
71.432	0.33150474661835
71.512	0.332002698545921
71.592	0.332534639465791
71.672	0.333096984558551
71.752	0.333684972526214
71.832	0.334293504108189
71.912	0.334918118974826
71.992	0.335555814140264
72.072	0.336205613911545
72.152	0.336868737549082
72.232	0.337548365244231
72.312	0.338249067079289
72.392	0.338976039391071
72.472	0.339734279728475
72.552	0.340527766079674
72.632	0.341358753659335
72.712	0.342227406558038
72.792	0.343131863666315
72.872	0.34406867340266
72.952	0.345033573667422
73.032	0.34602245027969
73.112	0.347032228972182
73.192	0.348061505575004
73.272	0.349110762055545
73.352	0.350182070422591
73.432	0.351278416440266
73.512	0.35240288361905
73.592	0.35355797215783
73.672	0.354745064677616
73.752	0.355964251045918
73.832	0.357214286729402
73.912	0.358492615549665
73.992	0.359795387986708
74.072	0.361117512434987
74.152	0.362452660666293
74.232	0.363793339723713
74.312	0.365130984809923
74.392	0.366456221939472
74.472	0.367759271633247
74.552	0.369030359062947
74.632	0.370259980455728
74.712	0.371439167611413
74.792	0.372559713328485
74.872	0.373614355654411
74.952	0.374596952728496
75.032	0.375502744699418
75.112	0.376328494303436
75.192	0.377072553263872
75.272	0.377734835321974
75.352	0.378316679326815
75.432	0.378820598006826
75.512	0.379249974796892
75.592	0.37960870084413
75.672	0.379900850468118
75.752	0.380130429851249
75.832	0.380301254064136
75.912	0.380416929738715
75.992	0.380480949495507
76.072	0.380496810615284
76.152	0.380468184321956
76.232	0.380399003653167
76.312	0.380293481055617
76.392	0.38015602565207
76.472	0.379991120935358
76.552	0.37980315830174
76.632	0.379596328697346
76.712	0.379374532902204
76.792	0.379141339992259
76.872	0.378899979657547
76.952	0.378653394382525
77.032	0.378404293251322
77.112	0.378155244827724
77.192	0.377908729051171
77.272	0.377667140191249
77.352	0.377432771894348
77.432	0.377207748737135
77.512	0.376993855521107
77.592	0.37679242594146
77.672	0.376604257603105
77.752	0.376429475821908
77.832	0.376267473415112
77.912	0.376117016962269
77.992	0.375976322459849
78.072	0.375843104588
78.152	0.375714685929154
78.232	0.375588091679504
78.312	0.375460095491519
78.392	0.375327294546253
78.472	0.375186174106886
78.552	0.375033076441298
78.632	0.374864191621612
78.712	0.374675590532149
78.792	0.374463210766692
78.872	0.374222847053886
78.952	0.373950214015906
79.032	0.373641118205057
79.112	0.373291678251633
79.192	0.372898640514506
79.272	0.372459824120085
79.352	0.371974556733846
79.432	0.371443904786872
79.512	0.370870761766525
79.592	0.370259776627506
79.672	0.369616988616883
79.752	0.368949137805146
79.832	0.368262918256335
79.912	0.367564167431453
79.992	0.366857154439742
80.072	0.366144227951793
80.152	0.36542586179047
80.232	0.364700966292901
80.312	0.363967627162026
80.392	0.363224015607727
80.472	0.362469120508479
80.552	0.361703234591744
80.632	0.360928325877978
80.712	0.360148070533626
80.792	0.35936764224715
80.872	0.358593449411558
80.952	0.357832834963176
81.032	0.357093744094925
81.112	0.356384451976339
81.192	0.355713297893601
81.272	0.355088409912412
81.352	0.354517536981746
81.432	0.35400795332356
81.512	0.353566422450115
81.592	0.353199264433385
81.672	0.352912461459539
81.752	0.352711688021884
81.832	0.352602156874411
81.912	0.35258822484758
81.992	0.352672805712757
82.072	0.352856751335764
82.152	0.353138406826758
82.232	0.353513538237678
82.312	0.35397570712388
82.392	0.354517071138559
82.472	0.355129371124519
82.552	0.355804819638422
82.632	0.356536583412719
82.712	0.357318849201022
82.792	0.358146469604605
82.872	0.359014414806154
82.952	0.359917273230337
83.032	0.360849067712081
83.112	0.361803251285608
83.192	0.362772831067161
83.272	0.363750482016542
83.352	0.364728623408212
83.432	0.365699323611295
83.512	0.366654231284826
83.592	0.367584556140343
83.672	0.368481255335098
83.752	0.369335415635362
83.832	0.370138834278634
83.912	0.370884556318799
83.992	0.37156729418831
84.072	0.372183552793842
84.152	0.372731498095561
84.232	0.373210610210265
84.312	0.373621290508424
84.392	0.373964454039481
84.472	0.37424123110867
84.552	0.374452846428142
84.632	0.374600633642501
84.712	0.374686070454288
84.792	0.374710790987422
84.872	0.37467646500312
84.952	0.374584525308649
85.032	0.374435825231274
85.112	0.374230309071606
85.192	0.373966741199126
85.272	0.373642655592391
85.352	0.373254616640622
85.432	0.372798607706102
85.512	0.372270418617006
85.592	0.371666073020094
85.672	0.370982239310081
85.752	0.370216423442969
85.832	0.3693670099629
85.912	0.368433295560578
85.992	0.367415500012555
86.072	0.366314747537842
86.152	0.365132995139277
86.232	0.363872828750516
86.312	0.362537126989366
86.392	0.361128757305153
86.472	0.359650229228635
86.552	0.35810333038188
86.632	0.356488989609431
86.712	0.354807487461073
86.792	0.353058761771024
86.872	0.351242741516955
86.952	0.349359735615565
87.032	0.347410791508139
87.112	0.345397858666331
87.192	0.343323859321401
87.272	0.341192757169949
87.352	0.339009818246438
87.432	0.336782000021287
87.512	0.334518416929143
87.592	0.332230692944847
87.672	0.329933170008474
87.752	0.327642870781972
87.832	0.325379230787291
87.912	0.323163595696712
87.992	0.321018691166159
88.072	0.318968214333154
88.152	0.317036543936524
88.232	0.315248420248793
88.312	0.313628781122873
88.392	0.312202808185759
88.472	0.310996163354162
88.552	0.310035310009255
88.632	0.309347849437984
88.712	0.308962589949829
88.792	0.308909170082586
88.872	0.309217177539722
88.952	0.309914869920192
89.032	0.311027729848831
89.112	0.312577107210814
89.192	0.31457907218271
89.272	0.317043501035698
89.352	0.319973515133995
89.432	0.323365172154638
89.512	0.327207347807473
89.592	0.331481875437191
89.672	0.336164019105126
89.752	0.34122308210118
89.832	0.346623203754064
89.912	0.352324346482078
89.992	0.358283289303586
90.072	0.36445463999047
90.152	0.370792016436724
90.232	0.377249029632139
90.312	0.383779933229107
90.392	0.39034002977678
90.472	0.396885742162738
90.552	0.403374311347761
90.632	0.409763399677615
90.712	0.416010731296865
90.792	0.422073898964697
90.872	0.427910665938441
90.952	0.433479740919211
91.032	0.438742106802238
91.112	0.443662814522895
91.192	0.448212943558246
91.272	0.452371359177278
91.352	0.45612589151699
91.432	0.459473470303578
91.512	0.462419136295864
91.592	0.46497422154755
91.672	0.467154103152097
91.752	0.468975939545146
91.832	0.470456984735733
91.912	0.471613574111188
91.992	0.472460648018853
92.072	0.473011578545822
92.152	0.473278090013878
92.232	0.473270121994403
92.312	0.472995751567225
92.392	0.472461387234262
92.472	0.471672413050385
92.552	0.470634308273475
92.632	0.469353986143346
92.712	0.467840993620769
92.792	0.466108353883442
92.872	0.464172946682481
92.952	0.46205541796644
93.032	0.459779867029283
93.112	0.457373591801172
93.192	0.454866897825127
93.272	0.452292947520505
93.352	0.449687489687278
93.432	0.466205484995285
93.512	0.463858232615671
93.592	0.461682477627988
93.672	0.459690050732675
93.752	0.45789099308999
93.832	0.456293657187878
93.912	0.454905115587337
93.992	0.453731704642607
94.072	0.452779628494355
94.152	0.452055534900083
94.232	0.451566695386461
94.312	0.451320619295714
94.392	0.451324198682713
94.472	0.451582394245811
94.552	0.452096931247581
94.632	0.452865218056822
94.712	0.453879603560281
94.792	0.455126966015456
94.872	0.456588857762554
94.952	0.458241893250502
95.032	0.460058343103391
95.112	0.462007011270828
95.192	0.464054449101681
95.272	0.466166313806617
95.352	0.468309026709278
95.432	0.470451425592699
95.512	0.472566206742663
95.592	0.474630960533617
95.672	0.476628517608361
95.752	0.478546395550524
95.832	0.480375960988582
95.912	0.482111426503089
95.992	0.483748852843277
96.072	0.485285710171667
96.152	0.486721001618989
96.232	0.488055545406198
96.312	0.489292617743573
96.392	0.490438580781841
96.472	0.491502874779357
96.552	0.49249754104909
96.632	0.493436624652631
96.712	0.494335059104898
96.792	0.495207497201207
96.872	0.496067619026846
96.952	0.496927756926723
97.032	0.497798718218014
97.112	0.498690080972196
97.192	0.499610689015611
97.272	0.500568972776435
97.352	0.501573271028413
97.432	0.502631902994594
97.512	0.5037528741248
97.592	0.504943375562505
97.672	0.506209183088785
97.752	0.507554160764997
97.832	0.508980022149622
97.912	0.510486430490232
97.992	0.51207164415068
98.072	0.513733544835596
98.152	0.515470675939866
98.232	0.517283119968241
98.312	0.519173226926029
98.392	0.52114564090445
98.472	0.523206541091639
98.552	0.52536245496249
98.632	0.527618831483665
98.712	0.529978467092633
98.792	0.532440373072774
98.872	0.534999282179143
98.952	0.537645531323307
99.032	0.540365491052157
99.112	0.54314244835895
99.192	0.545957386000978
99.272	0.548789673464668
99.352	0.551617936121133
99.432	0.554420944435876
99.512	0.55717833955579
99.592	0.559871320195185
99.672	0.562483177188341
99.752	0.564999489957245
99.832	0.567408094229648
99.912	0.569698962270479
99.992	0.571864079838903
100.072	0.573897445449205
100.152	0.575795229754092
100.232	0.57755596192581
100.312	0.579180572291079
100.392	0.580672256178161
100.472	0.582036186499153
100.552	0.583279054807377
100.632	0.584408517503917
100.712	0.585432669273217
100.792	0.586359652596258
100.872	0.587197355659796
100.952	0.587953249449072
101.032	0.588634321158949
101.112	0.589247073737766
101.192	0.589797530841508
101.272	0.590291248941
101.352	0.590733318210226
101.432	0.591128381260006
101.512	0.591480656303403
101.592	0.59179399055445
101.672	0.592071917892042
101.752	0.592317733148462
101.832	0.592534570508661
101.912	0.592725467535516
101.992	0.592893348204228
102.072	0.593040975164911
102.152	0.593170899837531
102.232	0.593285417208378
102.312	0.59338652175461
102.392	0.593475922273726
102.472	0.593555087625461
102.552	0.593625306844459
102.632	0.593687747103388
102.712	0.593743504076755
102.792	0.59379361492546
102.872	0.593839074486709
102.952	0.59388084593914
103.032	0.593919866880199
103.112	0.593957059698866
103.192	0.593993360888945
103.272	0.594029739846988
103.352	0.594067190217203
103.432	0.594106690571905
103.512	0.594149154478458
103.592	0.594195379023787
103.672	0.594246009968941
103.752	0.594301527597494
103.832	0.594362259927706
103.912	0.594428412629654
103.992	0.594500107382629
104.072	0.594577415105078
104.152	0.594660368109999
104.232	0.594748953890573
104.312	0.594843102438404
104.392	0.594942680550005
104.472	0.595047495904012
104.552	0.59515732611483
104.632	0.595271960238719
104.712	0.595391242892575
104.792	0.595515115001703
104.872	0.595643638835583
104.952	0.595776993849384
105.032	0.595915452985921
105.112	0.596059342593435
105.192	0.596208984048545
105.272	0.596364613220203
105.352	0.596526297274806
105.432	0.596693841813746
105.512	0.596866702290228
105.592	0.597043918354686
105.672	0.597224102954144
105.752	0.59740548801085
105.832	0.597586039797591
105.912	0.597763605075542
105.992	0.597936038949655
106.072	0.598101271444591
106.152	0.598257308731164
106.232	0.598402165530345
106.312	0.598533783409707
106.392	0.598649992429586
106.472	0.598748565548348
106.552	0.598827368956051
106.632	0.598884588208861
106.712	0.598918953761611
106.792	0.59892991677485
106.872	0.598917747029148
106.952	0.598883500100214
107.032	0.598828857938173
107.112	0.598755920183351
107.192	0.598666970619902
107.272	0.598564249370853
107.352	0.598449811833163
107.432	0.598325507417073
107.512	0.598193023878665
107.592	0.59805397102366
107.672	0.59790997789932
107.752	0.597762734984173
107.832	0.597613964461459
107.912	0.597465350199343
107.992	0.597318445377965
108.072	0.597174571881695
108.152	0.597034767390412
108.232	0.596899786253672
108.312	0.596770124249232
108.392	0.596646060052365
108.472	0.596527709754568
108.552	0.596415070074016
108.632	0.596308046805262
108.712	0.596206472610291
108.792	0.596110123966795
108.872	0.596018727955212
108.952	0.595931966019933
109.032	0.595849474817896
109.112	0.595770853737179
109.192	0.59569567956099
109.272	0.595623532975551
109.352	0.595554039791068
109.432	0.59548692146096
109.512	0.595422046139717
109.592	0.59535946173601
109.672	0.595299410714091
109.752	0.595242313892527
109.832	0.595188728666486
109.912	0.595139287863148
109.992	0.595094637621258
110.072	0.595055381898405
110.152	0.595022043475666
110.232	0.594995043478534
110.312	0.594974698943545
110.392	0.594961225563054
110.472	0.594954757846125
110.552	0.594955372837134
110.632	0.594963112869323
110.712	0.594978009372923
110.792	0.595000102741167
110.872	0.595029438043127
110.952	0.59506604576012
111.032	0.595109913686528
111.112	0.595160951512696
111.192	0.595218968900426
111.272	0.595283676549641
111.352	0.595354700259264
111.432	0.595431604133822
111.512	0.595513929711601
111.592	0.595601226122042
111.672	0.595693049477873
111.752	0.595788951315868
111.832	0.595888455316356
111.912	0.595991014934626
111.992	0.596095971836959
112.072	0.596202531631064
112.152	0.596309743507192
112.232	0.596416492304257
112.312	0.5965215118988
112.392	0.596623409401502
112.472	0.596720692242457
112.552	0.59681181587824
112.632	0.596895244306651
112.712	0.596969502548561
112.792	0.59703323423652
112.872	0.597085272827371
112.952	0.597124706676027
113.032	0.5971509469164
113.112	0.597163785523136
113.192	0.597163423912633
113.272	0.597150477583838
113.352	0.597125958385391
113.432	0.597091210331811
113.512	0.597047814424258
113.592	0.596997488289347
113.672	0.596941982902422
113.752	0.596882982173895
113.832	0.596822029460412
113.912	0.59676048793618
113.992	0.596699519590686
114.072	0.596640083824056
114.152	0.596582955768611
114.232	0.596528750777097
114.312	0.596477961945808
114.392	0.596430994340722
114.472	0.596388186674517
114.552	0.596349825283497
114.632	0.59631615606321
114.712	0.596287393282964
114.792	0.596263732569142
114.872	0.596245367333651
114.952	0.596232509941174
115.032	0.596225429649976
115.112	0.59622449392181
115.192	0.596230195614126
115.272	0.59624315969802
115.352	0.596264131036705
115.432	0.596293925941055
115.512	0.59633335673783
115.592	0.59638316424514
115.672	0.596443971712816
115.752	0.596516265084489
115.832	0.596600412843046
115.912	0.596696719632234
115.992	0.596805489552423
116.072	0.596927086343953
116.152	0.597061979156877
116.232	0.597210766577476
116.312	0.597374180267295
116.392	0.597553084435646
116.472	0.597748479085112
116.552	0.597961499775082
116.632	0.598193391033348
116.712	0.598445450550599
116.792	0.598718931890346
116.872	0.599014917594317
116.952	0.599334175596681
117.032	0.59967704184352
117.112	0.600043327682897
117.192	0.600432247703267
117.272	0.600842367802869
117.352	0.601271580337226
117.432	0.601717093709311
117.512	0.602175454162477
117.592	0.602642631742938
117.672	0.603114157939785
117.752	0.603585280125259
117.832	0.604051096321811
117.912	0.604506611934454
117.992	0.604946722664437
118.072	0.605366152762926
118.152	0.60575938483457
118.232	0.606120655834246
118.312	0.606444065480005
118.392	0.606723781149995
118.472	0.606954230571873
118.552	0.607130237020755
118.632	0.607247097386036
118.712	0.607300675296813
118.792	0.607287535751297
118.872	0.607205125555907
118.952	0.607052038602575
119.032	0.60682829605841
119.112	0.606535556131092
119.192	0.606177187816115
119.272	0.605758236643979
119.352	0.605285312612722
119.432	0.60476641490132
119.512	0.60421071154127
119.592	0.603628237577368
119.672	0.603029495291636
119.752	0.602424981416462
119.832	0.601824686579036
119.912	0.601237580196809
119.992	0.600671197623726
120.072	0.600131439193945
120.152	0.599622552231139
120.232	0.599147220753778
120.312	0.598706751999742
120.392	0.598301289159295
120.472	0.597930012409293
120.552	0.597591341081142
120.632	0.597283142200808
120.712	0.597002894363257
120.792	0.596747841288703
120.872	0.596515138364424
120.952	0.596301967936043
121.032	0.596105613622299
121.112	0.595923528633008
121.192	0.595753378832086
121.272	0.595593067437534
121.352	0.595440751774873
121.432	0.595294849455641
121.512	0.595154029417856
121.592	0.595017207674189
121.672	0.594883530768072
121.752	0.59475234131132
121.832	0.594623142900005
121.912	0.594495575581618
121.992	0.59436938959233
122.072	0.594244429556866
122.152	0.594120625894618
122.232	0.593997980144977
122.312	0.593876535933092
122.392	0.593756347924355
122.472	0.593637427675873
122.552	0.593519678503483
122.632	0.593402838710418
122.712	0.593286456317685
122.792	0.593169886768848
122.872	0.593052306148707
122.952	0.592932733804986
123.032	0.592810059654127
123.112	0.592683059050643
123.192	0.592550412780881
123.272	0.592410740992449
123.352	0.592262631313403
123.432	0.592104653222805
123.512	0.591935384822463
123.592	0.59175341089508
123.672	0.591557282950745
123.752	0.591345470079446
123.832	0.591116314712352
123.912	0.590867989265007
123.992	0.590598487201518
124.072	0.590305676138229
124.152	0.58998738806126
124.232	0.589641541553362
124.312	0.58926628946881
124.392	0.588860155715196
124.472	0.588422140314023
124.552	0.587951805170107
124.632	0.587449314625104
124.712	0.586915417926591
124.792	0.586351417856619
124.872	0.58575915716861
124.952	0.585141039601723
125.032	0.58450009900676
125.112	0.583840073692457
125.192	0.58316543475263
125.272	0.582481346476115
125.352	0.58179353315613
125.432	0.581107986100704
125.512	0.580430606682313
125.592	0.579766936383592
125.672	0.579122041822416
125.752	0.578500536356515
125.832	0.577906814272637
125.912	0.577345338981303
125.992	0.576820781773151
126.072	0.57633796485932
126.152	0.575901684221776
126.232	0.575516334513566
126.312	0.575185484791831
126.392	0.574911674824136
126.472	0.574696433720575
126.552	0.57454039372584
126.632	0.57444361206575
126.712	0.574405920461658
126.792	0.574427072224651
126.872	0.57450680360725
126.952	0.574644812229295
127.032	0.57484056400672
127.112	0.575093136068361
127.192	0.575401172117552
127.272	0.575762814765312
127.352	0.576175677433383
127.432	0.576636912497023
127.512	0.57714325581513
127.592	0.577691008292973
127.672	0.578275996710374
127.752	0.578893481111777
127.832	0.579538094451465
127.912	0.580203905325646
127.992	0.580884619525904
128.072	0.581573924443177
128.152	0.582265932902857
128.232	0.582955595392107
128.312	0.583638950737424
128.392	0.584313166602016
128.472	0.584976331099355
128.552	0.585627081573975
128.632	0.586264181283397
128.712	0.586886179745235
128.792	0.587491279705972
128.872	0.588077378922549
128.952	0.588642249432084
129.032	0.58918377315635
129.112	0.589700138470661
129.192	0.590189935298767
129.272	0.590652172780906
129.352	0.591086268018017
129.432	0.591492052437474
129.512	0.591869794958299
129.592	0.592220223961476
129.672	0.592544515932715
129.752	0.592844243989802
129.832	0.593121269551062
129.912	0.593377605012236
129.992	0.593615286707148
130.072	0.593836299549636
130.152	0.594042534825149
130.232	0.594235785258661
130.312	0.594417762040791
130.392	0.594590102729256
130.472	0.594754359254395
130.552	0.594911980283726
130.632	0.59506428007883
130.712	0.595212396247419
130.792	0.595357261252502
130.872	0.595499589679747
130.952	0.595639868812043
131.032	0.59577836329575
131.112	0.595915133009996
131.192	0.596050047769069
131.272	0.596182800501253
131.352	0.59631293709505
131.432	0.596439878558314
131.512	0.596562940441146
131.592	0.596681362734031
131.672	0.596794336911103
131.752	0.596901029859211
131.832	0.597000617159196
131.912	0.597092317166485
131.992	0.597175420928465
132.072	0.597249338946824
132.152	0.597313639667576
132.232	0.597368066901311
132.312	0.597412548887633
132.392	0.597447207187656
132.472	0.597472340608022
132.552	0.59748838501352
132.632	0.597495875255902
132.712	0.597495410242104
132.792	0.597487607622966
132.872	0.597473060305248
132.952	0.597452287622716
133.032	0.597425695078542
133.112	0.597393546205097
133.192	0.59735596173978
133.272	0.597312930484918
133.352	0.597264339211961
133.432	0.597210020645079
133.512	0.597149805481749
133.592	0.597083565868203
133.672	0.597011260910818
133.752	0.596932983613542
133.832	0.596849002155409
133.912	0.596759792932261
133.992	0.596666037536124
134.072	0.59656858171671
134.152	0.596468363520785
134.232	0.596366312480029
134.312	0.596263250461632
134.392	0.596159829764744
134.472	0.596056515999024
134.552	0.595953607604088
134.632	0.595851291052043
134.712	0.595749708982453
134.792	0.595649007860061
134.872	0.595549365335287
134.952	0.595451003201617
135.032	0.595354189662459
135.112	0.595259245336024
135.192	0.595166558433078
135.272	0.595076614803531
135.352	0.594990035084422
135.432	0.594907610213852
135.512	0.594830314973208
135.592	0.59475930223833
135.672	0.594695873894551
135.752	0.594641434665263
135.832	0.594597428545995
135.912	0.594565262397538
135.992	0.594546224330784
136.072	0.594541418349451
136.152	0.594551719118954
136.232	0.594577744834396
136.312	0.594619854368545
136.392	0.594678178435558
136.472	0.594752667281142
136.552	0.594843156016523
136.632	0.594949452520154
136.712	0.595071461248665
136.792	0.595209347272757
136.872	0.595363743709385
136.952	0.595535998159235
137.032	0.595728456060158
137.112	0.595944769960113
137.192	0.596190209872077
137.272	0.5964719388395
137.352	0.596799240210402
137.432	0.597183687749038
137.512	0.59763924532632
137.592	0.598182288077652
137.672	0.598831560120303
137.752	0.599608060836545
137.832	0.600534858513299
137.912	0.601636792252378
137.992	0.602940029557715
138.072	0.60447148437521
138.152	0.60625817272151
138.232	0.608326550346163
138.312	0.610701891231756
138.392	0.613407795985836
138.472	0.616465790420435
138.552	0.61989496911194
138.632	0.623711565430909
138.712	0.627928406334249
138.792	0.632554378556151
138.872	0.637594260848701
138.952	0.643048973432116
139.032	0.64891640531809
139.112	0.655192785714618
139.192	0.661874110649265
139.272	0.668956974984852
139.352	0.676438515171867
139.432	0.684315218820927
139.512	0.692580909950905
139.592	0.701224551044888
139.672	0.710228338327283
139.752	0.719566589136591
139.832	0.729206038142365
139.912	0.739107096045004
139.992	0.749225448411138
140.072	0.759514070899002
140.152	0.762160207271513
140.232	0.758713349054965
140.312	0.755225924549755
140.392	0.751717377702612
140.472	0.748209387144435
140.552	0.744726902026095
140.632	0.741298857804388
140.712	0.737958469299251
140.792	0.734742758187629
140.872	0.731691007834506
140.952	0.728842522946344
141.032	0.726234419834547
141.112	0.72389964954322
141.192	0.721865666292878
141.272	0.720153908804598
141.352	0.71877983480173
141.432	0.717752994297946
141.512	0.717077189774962
141.592	0.71675087986069
141.672	0.716767668498072
141.752	0.717116798264321
141.832	0.717783837866044
141.912	0.718751125718661
141.992	0.719997770887112
142.072	0.721499530294174
142.152	0.723229113069358
142.232	0.72515681028775
142.312	0.727251830013692
142.392	0.729484262540133
142.472	0.731827137504233
142.552	0.734258025220505
142.632	0.736759956290904
142.712	0.73932121445403
142.792	0.741934126482697
142.872	0.744593278378538
142.952	0.747293634496067
143.032	0.750028861467108
143.112	0.75279043237493
143.192	0.755567431499522
143.272	0.758347000785839
143.352	0.761115244105376
143.432	0.763858423454273
143.512	0.76656398398854
143.592	0.769221262194741
143.672	0.771821672897438
143.752	0.774358441714462
143.832	0.776826029162287
143.912	0.779219500175849
143.992	0.781533981585262
144.072	0.78376441933117
144.152	0.785905696894211
144.232	0.78795298283972
144.312	0.789902162531781
144.392	0.791750126569788
144.472	0.793494831541629
144.552	0.79513512043021
144.632	0.796670390033363
144.712	0.798100278934591
144.792	0.799424551320278
144.872	0.800643215823065
144.952	0.801756820972422
145.032	0.802766826113803
145.112	0.80367586721129
145.192	0.804487818488745
145.272	0.805207685518532
145.352	0.805841353010656
145.432	0.806395294808759
145.512	0.806876360066489
145.592	0.807291649063522
145.672	0.807648472545687
145.752	0.807954375061904
145.832	0.808217177081069
145.912	0.808445004641463
145.992	0.808646309288854
146.072	0.808829871992451
146.152	0.809004784841925
146.232	0.809180408732111
146.312	0.809366302325778
146.392	0.809572115605327
146.472	0.809807453781211
146.552	0.810081725368228
146.632	0.810403985281518
146.712	0.81078277205274
146.792	0.811225931669036
146.872	0.811740404810742
146.952	0.812331966132071
147.032	0.813004919993794
147.112	0.813761778109772
147.192	0.814602955278083
147.272	0.815526537131056
147.352	0.816528148629935
147.432	0.817600935029041
147.512	0.818735632391835
147.592	0.819920749561923
147.672	0.821142814912967
147.752	0.822386690129171
147.832	0.823635950893809
147.912	0.82487334848981
147.992	0.826081334267336
148.072	0.827242651258942
148.152	0.828340942272781
148.232	0.829361331767643
148.312	0.830290935296375
148.392	0.83111926025753
148.472	0.831838432553404
148.552	0.832443246644296
148.632	0.83293103573849
148.712	0.833301388727442
148.792	0.833555707740516
148.872	0.833696749618838
148.952	0.833728231645672
149.032	0.83365449071718
149.112	0.833480187506801
149.192	0.833210124050566
149.272	0.832849153699414
149.352	0.832402197926093
149.432	0.831874400088132
149.512	0.831271361991618
149.592	0.830599403855906
149.672	0.829865806192537
149.752	0.829078893600979
149.832	0.828247967691873
149.912	0.827383089827514
149.992	0.82649473291373
150.072	0.825593358298526
150.152	0.824689049978055
150.232	0.823791176159155
150.312	0.822908143791146
150.392	0.822047318123786
150.472	0.821215005717882
150.552	0.820416462103381
150.632	0.81965599745088
150.712	0.818937091545443
150.792	0.818262428982877
150.872	0.817633908081369
150.952	0.817052650494169
151.032	0.816518982207988
151.112	0.816032437853913
151.192	0.815591824922144
151.272	0.815195330444432
151.352	0.814840649383093
151.432	0.814525133562817
151.512	0.814245935591195
151.592	0.814000120201563
151.672	0.813784740576388
151.752	0.81359690127622
151.832	0.813433796730514
151.912	0.813292724383366
151.992	0.813171090692684
152.072	0.813066429891869
152.152	0.812976424105891
152.232	0.812898931895113
152.312	0.812832006143459
152.392	0.812773897328078
152.472	0.812723051723133
152.552	0.812678088856039
152.632	0.812637740228062
152.712	0.812600788667631
152.792	0.812566023255762
152.872	0.812532221881874
152.952	0.812498169358811
153.032	0.812462708209786
153.112	0.812424793324233
153.192	0.812383546663348
153.272	0.812338294301533
153.352	0.812288548991141
153.432	0.812233948887659
153.512	0.812174203339914
153.592	0.812109061053057
153.672	0.812038303460035
153.752	0.81196178019713
153.832	0.811879473460458
153.912	0.811791570247046
153.992	0.811698502691236
154.072	0.811600940331807
154.152	0.811499733867699
154.232	0.811395832463852
154.312	0.811290195214902
154.392	0.811183724122493
154.472	0.811077223883935
154.552	0.810971393890249
154.632	0.810866835266189
154.712	0.810764071782735
154.792	0.810663566974561
154.872	0.81056574075172
154.952	0.810470976981343
155.032	0.810379622985899
155.112	0.81029197725254
155.192	0.81020827477078
155.272	0.810128661456524
155.352	0.81005316889074
155.432	0.809981699414386
155.512	0.80991402565801
155.592	0.809849805861653
155.672	0.809788620915917
155.752	0.809730022182229
155.832	0.80967357751954
155.912	0.809618906551243
155.992	0.809565701756348
156.072	0.80951372911067
156.152	0.809462815046707
156.232	0.809412827947419
156.312	0.80936365656536
156.392	0.809315191920867
156.472	0.809267315382279
156.552	0.809219895375996
156.632	0.809172790037572
156.712	0.809125854354839
156.792	0.809078946459344
156.872	0.809031930050089
156.952	0.808984671472267
157.032	0.808937037505807
157.112	0.808888890577855
157.192	0.808840089351968
157.272	0.808790496593936
157.352	0.808739995503863
157.432	0.808688509827611
157.512	0.808636026981056
157.592	0.808582613393646
157.672	0.808528420365271
157.752	0.808473675963988
157.832	0.808418661587233
157.912	0.808363679297507
157.992	0.808309028101867
158.072	0.80825499573762
158.152	0.808201869834498
158.232	0.808149970790446
158.312	0.808099693032467
158.392	0.808051534531437
158.472	0.808006100506624
158.552	0.807964067533199
158.632	0.80792610820432
158.712	0.807892807505731
158.792	0.807864579858339
158.872	0.807841600162199
158.952	0.807823774586389
159.032	0.80781075826976
159.112	0.807802001571027
159.192	0.807796821081162
159.272	0.807794485471696
159.352	0.807794292938006
159.432	0.807795631654763
159.512	0.807798021304627
159.592	0.807801118145044
159.672	0.807804687404662
159.752	0.807808567462097
159.832	0.8078126370715
159.912	0.807816790921272
159.992	0.807820932474932
160.072	0.807824984344627
160.152	0.807828901200345
160.232	0.807832674365038
160.312	0.807836329888296
160.392	0.807839924132814
160.472	0.807843532594553
160.552	0.807847232601723
160.632	0.807851089782254
160.712	0.807855141992668
160.792	0.80785937613819
160.872	0.807863712344677
160.952	0.807868000516088
161.032	0.807872026503183
161.112	0.80787553325154
161.192	0.807878260225117
161.272	0.807879982538431
161.352	0.807880544294456
161.432	0.807879880781776
161.512	0.807878022649042
161.592	0.807875082613542
161.672	0.807871252957092
161.752	0.807866811403848
161.832	0.807862133025033
161.912	0.807857705678579
161.992	0.807854141566303
162.072	0.807852161874912
162.152	0.807852557487941
162.232	0.80785613109375
162.312	0.807863635109108
162.392	0.807875719352431
162.472	0.807892905621806
162.552	0.807915582171056
162.632	0.807944008887084
162.712	0.807978321258709
162.792	0.808018523942771
162.872	0.80806447683262
162.952	0.808115889592322
163.032	0.808172338937929
163.112	0.808233304414294
163.192	0.808298214255593
163.272	0.808366491163547
163.352	0.808437587947061
163.432	0.808511014074263
163.512	0.808586358474663
163.592	0.808663314838505
163.672	0.808741714224006
163.752	0.808821567338974
163.832	0.808903102656124
163.912	0.808986790604003
163.992	0.809073351617933
164.072	0.809163739411538
164.152	0.809259098233788
164.232	0.80936070536729
164.312	0.80946989553258
164.392	0.809587966385344
164.472	0.809716078519777
164.552	0.809855164051704
164.632	0.810005840959484
164.712	0.810168343099114
164.792	0.810342475534178
164.872	0.810527592967581
164.952	0.810722597849299
165.032	0.810925964609631
165.112	0.81113579322021
165.192	0.811349898150659
165.272	0.811565935600036
165.352	0.811781553914976
165.432	0.811994539870618
165.512	0.812202941151249
165.592	0.812405144373336
165.672	0.812599903333656
165.752	0.812786323333818
165.832	0.812963827960381
165.912	0.813132133718774
165.992	0.813291260259398
166.072	0.813441563869908
166.152	0.813583767960218
166.232	0.813718976056528
166.312	0.813848647531039
166.392	0.813974489465927
166.472	0.814098291562253
166.552	0.814221749578117
166.632	0.814346294509512
166.712	0.814472953838425
166.792	0.814602306745307
166.872	0.814734507488417
166.952	0.814869356024808
167.032	0.815006419854264
167.112	0.815145163881304
167.192	0.81528503586032
167.272	0.815425520210248
167.352	0.815566134373086
167.432	0.815706371402818
167.512	0.815845645157459
167.592	0.815983276712096
167.672	0.816118491195731
167.752	0.816250444363483
167.832	0.816378247475612
167.912	0.816500927424123
167.992	0.816617329306389
168.072	0.816725994977368
168.152	0.816825035127756
168.232	0.816912041761064
168.312	0.816984111567869
168.392	0.817037976706004
168.472	0.817070207064624
168.552	0.817077475082094
168.632	0.817056794046749
168.712	0.8170056576405
168.792	0.816922115491835
168.872	0.816804816518903
168.952	0.816653017146109
169.032	0.816466602833493
169.112	0.816246170200053
169.192	0.815993095431018
169.272	0.815709589371956
169.352	0.815398737361299
169.432	0.81506446289503
169.512	0.814711382379194
169.592	0.814344588043546
169.672	0.813969376664055
169.752	0.813590968157577
169.832	0.813214292104739
169.912	0.81284385472005
169.992	0.812483651735583
170.072	0.812137140421946
170.152	0.811807236529525
170.232	0.811496292853015
170.312	0.811206059265778
170.392	0.810937649118522
170.472	0.810691514710946
170.552	0.810467464191994
170.632	0.810264729167962
170.712	0.810082065034344
170.792	0.809917867937337
170.872	0.809770305606484
170.952	0.809637436819621
171.032	0.809517309149292
171.112	0.809408040759813
171.192	0.809307891327073
171.272	0.809215314071459
171.352	0.809128995015932
171.432	0.809047881611512
171.512	0.808971197733776
171.592	0.808898446594391
171.672	0.808829404817097
171.752	0.808764102740646
171.832	0.808702791282094
171.912	0.80864590349298
171.992	0.808594016223374
172.072	0.808547804505203
172.152	0.808507987662331
172.232	0.808475272034521
172.312	0.808450292911154
172.392	0.808433555376432
172.472	0.808425383056893
172.552	0.80842588578016
172.632	0.808434950300231
172.712	0.808452257660228
172.792	0.808477322495115
172.872	0.808509541949526
172.952	0.808548245853608
173.032	0.808592748995189
173.112	0.808642398694481
173.192	0.80869661308315
173.272	0.80875491721411
173.352	0.80881697389308
173.432	0.808882609401657
173.512	0.808951836908072
173.592	0.809024880282031
173.672	0.809102196078861
173.752	0.809184494694769
173.832	0.809272761425227
173.912	0.809368276358448
173.992	0.809472632254888
174.072	0.809587753023514
174.152	0.80971591017822
174.232	0.809859730039527
174.312	0.810022186017399
174.392	0.810206580605204
174.472	0.810416523335853
174.552	0.810655914783702
174.632	0.810928945994497
174.712	0.811240122963348
174.792	0.811594304121407
174.872	0.811996726497007
174.952	0.812452993533064
175.032	0.812968990977275
175.112	0.81355072578932
175.192	0.814204117832254
175.272	0.814934808035055
175.352	0.815748037333542
175.432	0.816648642461779
175.512	0.817641172609115
175.592	0.818730069124804
175.672	0.819919799100724
175.752	0.821214885531425
175.832	0.82261980001622
175.912	0.824138738089253
175.992	0.825775325189639
176.072	0.827532335632007
176.152	0.829411461738346
176.232	0.831413177701798
176.312	0.833536703261537
176.392	0.835779983499911
176.472	0.838139620732555
176.552	0.840610776494422
176.632	0.843187084694215
176.712	0.845860629123699
176.792	0.848622109493142
176.872	0.851461177202417
176.952	0.85436684732084
177.032	0.857327911431163
177.112	0.860333269093509
177.192	0.863371994726265
177.272	0.866433173780585
177.352	0.869505605363543
177.432	0.872577506665365
177.512	0.875343100488998
177.592	0.878061143208441
177.672	0.880707284224435
177.752	0.883260308623854
177.832	0.885703646737326
177.912	0.88802563331474
177.992	0.890219063109214
178.072	0.892280431119296
178.152	0.894209105418639
178.232	0.896006566955009
178.312	0.897675774898765
178.392	0.899220671509013
178.472	0.900645814528374
178.552	0.901956110874423
178.632	0.903156629626999
178.712	0.904252467741024
178.792	0.905248648235428
178.872	0.906150038404988
178.952	0.906961282668931
179.032	0.907686743990027
179.112	0.908330457231457
179.192	0.908896098932132
179.272	0.909386972277517
179.352	0.909806004040128
179.432	0.910155755877071
179.512	0.910438440968051
179.592	0.910655939382664
179.672	0.910809811337565
179.752	0.910901309406405
179.832	0.910931383517465
179.912	0.910900685768304
179.992	0.910809577655883
180.072	0.910658139000091
180.152	0.91044617748436
180.232	0.910173243251585
180.312	0.909838643710785
180.392	0.909441458868955
180.472	0.908980558893418
180.552	0.908454624815967
180.632	0.907862170579612
180.712	0.907201570101599
180.792	0.906471087971163
180.872	0.905668911874777
180.952	0.904793186535791
181.032	0.903842050252074
181.112	0.902813671475641
181.192	0.90170628493054
181.272	0.900518227469256
181.352	0.899247975408528
181.432	0.89789418342589
181.512	0.896455725368305
181.592	0.894931736581924
181.672	0.893321656995369
181.752	0.891625272351654
181.832	0.889842750686775
181.912	0.887974674560439
181.992	0.886022069504435
182.072	0.88398643216415
182.152	0.881869759821065
182.232	0.879674581081055
182.312	0.877403987050805
182.392	0.875061662951985
182.472	0.872651916005523
182.552	0.87017969564122
182.632	0.867650606193891
182.712	0.865070912221846
182.792	0.862447535995308
182.872	0.859788047944008
182.952	0.857100649725012
183.032	0.854394149530769
183.112	0.851677929285714
183.192	0.848961903549728
183.272	0.84625646879752
183.352	0.843572443562927
183.432	0.840920999882805
183.512	0.83831358357741
183.592	0.835761821010699
183.672	0.833277410779509
183.752	0.830872000225966
183.832	0.82855704589587
183.912	0.826343657370735
183.992	0.8242424234925
184.072	0.822263220341135
184.152	0.820414998959912
184.232	0.818705550742756
184.312	0.817141249402056
184.392	0.815726769004208
184.472	0.814464778055005
184.552	0.813355610248841
184.632	0.812396910876963
184.712	0.811583256378945
184.792	0.810905743962955
184.872	0.810351548221782
184.952	0.809903442112748
185.032	0.809539281202881
185.112	0.809231451441086
185.192	0.808946280898049
185.272	0.808643415525076
185.352	0.808275158161699
185.432	0.807785769166237
185.512	0.807110726340348
185.592	0.806175941751668
185.672	0.804896933389621
185.752	0.803177949569069
185.832	0.80091104374771
185.912	0.797975097674446
185.992	0.794234791947467
186.072	0.789539523633046
186.152	0.78372227345475
186.232	0.776598425073921
186.312	0.767964536021161
186.392	0.757597058637081
186.472	0.745251009351229
186.552	0.730658571289077
186.632	0.713527620617775
186.712	0.693540171033895
