0.072	-0.0415343214165169
0.152	-0.0366301584499009
0.232	-0.0319602302934268
0.312	-0.0275150065599536
0.392	-0.0232852447832972
0.472	-0.0192619960306128
0.552	-0.0154366026593902
0.632	-0.0118006887737803
0.712	-0.00834614187816918
0.792	-0.00506509955598311
0.872	-0.00194994331457998
0.952	0.00100670428011718
1.032	0.00381198066059873
1.112	0.00647278627585557
1.192	0.00899579160592445
1.272	0.0113874470266655
1.352	0.0136539922409771
1.432	0.0158014642545528
1.512	0.0178357014652182
1.592	0.0197623447953266
1.672	0.0215868374938371
1.752	0.0233144255837647
1.832	0.0249501587172265
1.912	0.0264988931783794
1.992	0.0279652969511783
2.072	0.0293538560104505
2.152	0.0306688803940407
2.232	0.031914510136664
2.312	0.0330947206687906
2.392	0.034213327718847
2.472	0.0352739918210236
2.552	0.0362802230006611
2.632	0.0372353850276443
2.712	0.038142699518728
2.792	0.0390052496479338
2.872	0.0398259835326922
2.952	0.0406077170913886
3.032	0.0413531369316491
3.112	0.0420648032348137
3.192	0.042745152752163
3.272	0.0433965018208671
3.352	0.0440210494341446
3.432	0.0446208802839276
3.512	0.0451979679245742
3.592	0.0457541778130111
3.672	0.0462912704016514
3.752	0.0468109044425216
3.832	0.0473146405830303
3.912	0.0478039450736087
3.992	0.048280193843885
4.072	0.0487446767505464
4.152	0.0491986019554158
4.232	0.0496431004243707
4.312	0.0500792299943651
4.392	0.0505079787194287
4.472	0.0509302675623342
4.552	0.0513469527183812
4.632	0.0517588274752807
4.712	0.0521666241385343
4.792	0.0525710166801847
4.872	0.0529726240603754
4.952	0.0533720138087457
5.032	0.0537697058527815
5.112	0.0541661759397929
5.192	0.0545618583668048
5.272	0.0549571482132105
5.352	0.0553524031228481
5.432	0.0557479443007249
5.512	0.0561440575678471
5.592	0.0565409948259354
5.672	0.0569389756816872
5.752	0.05733818899167
5.832	0.0577387950301063
5.912	0.0581409282957406
5.992	0.058544700452563
6.072	0.0589502033338167
6.152	0.0593575118560334
6.232	0.0597666863527184
6.312	0.0601777745866752
6.392	0.0605908134383046
6.472	0.0610058306557075
6.552	0.0614228469291032
6.632	0.0618418783475203
6.712	0.0622629383615578
6.792	0.0626860386324832
6.872	0.0631111885409918
6.952	0.0635383938026006
7.032	0.0639676550775281
7.112	0.0643989668884313
7.192	0.0648323175745507
7.272	0.0652676907746805
7.352	0.0657050682310736
7.432	0.0661444318880253
7.512	0.0665857647509771
7.592	0.0670290495929944
7.672	0.0674742645453303
7.752	0.0679213752762333
7.832	0.0683703260208564
7.912	0.0688210286541686
7.992	0.0692733512160313
8.072	0.0697271055876438
8.152	0.0701820333837855
8.232	0.0706377881456515
8.312	0.0710939151291345
8.392	0.0715498257109726
8.472	0.0720047666222907
8.552	0.072457784693059
8.632	0.0729076878203312
8.712	0.0733530017933273
8.792	0.0737919246222507
8.872	0.0742222767834999
8.952	0.074641449049194
9.032	0.0750463494739488
9.112	0.0754333511577538
9.192	0.0757982379621271
9.272	0.076136136923088
9.352	0.0764413953610639
9.432	0.0767073103688514
9.512	0.0766787851417927
9.592	0.0766775192964513
9.672	0.0767066398321052
9.752	0.0767689854956952
9.832	0.0768670398019804
9.912	0.0770028998351986
9.992	0.0771782733636375
10.072	0.0773945830039704
10.152	0.0776530544283514
10.232	0.0779547385144124
10.312	0.0783005044603851
10.392	0.0786910189214165
10.472	0.0791266999790192
10.552	0.0796077140348554
10.632	0.0801340462313131
10.712	0.0807056048524242
10.792	0.0813223292292395
10.872	0.0819842860789546
10.952	0.082691705403354
11.032	0.0834449246117845
11.112	0.0842442775675085
11.192	0.0850899152980329
11.272	0.0859816237730531
11.352	0.0869187041280259
11.432	0.0878999442102906
11.512	0.0889236288866098
11.592	0.0899876030471045
11.672	0.0910893407428883
11.752	0.0922260083108295
11.832	0.09339450209586
11.912	0.094591488391357
11.992	0.0958133935791405
12.072	0.0970564319597909
12.152	0.0983165999975011
12.232	0.0995896568584396
12.312	0.100871084824503
12.392	0.102156108522925
12.472	0.103439674877846
12.552	0.10471652130544
12.632	0.105981333971398
12.712	0.107228924294679
12.792	0.108454326495055
12.872	0.109652905875981
12.952	0.11082035214798
13.032	0.111952613841046
13.112	0.113045854989066
13.192	0.114096504299054
13.272	0.115101324424691
13.352	0.116057581596626
13.432	0.116963214460133
13.512	0.117816932139354
13.592	0.118618245673202
13.672	0.119367425904619
13.752	0.120065354555321
13.832	0.120713342926853
13.912	0.121312983899172
13.992	0.121866030137957
14.072	0.122374309132779
14.152	0.122839715674138
14.232	0.123264207555641
14.312	0.123649794719801
14.392	0.123998547052656
14.472	0.124312590308802
14.552	0.124594106084301
14.632	0.124845416174891
14.712	0.125069092244301
14.792	0.125267987259766
14.872	0.125445207850637
14.952	0.125604080338425
15.032	0.125748000258211
15.112	0.125880182192764
15.192	0.126003437924529
15.272	0.126120063731276
15.352	0.126231758762456
15.432	0.126339641418296
15.512	0.126444354392495
15.592	0.126546138448928
15.672	0.126644870335978
15.752	0.126740114034034
15.832	0.12683113640677
15.912	0.126916924744419
15.992	0.126996253020272
16.072	0.127067758799766
16.152	0.127129946593724
16.232	0.127181149482082
16.312	0.127219450416737
16.392	0.127242595678267
16.472	0.127247933735267
16.552	0.12723245766014
16.632	0.127192916373614
16.712	0.127125998724216
16.792	0.127028500797286
16.872	0.126897434266146
16.952	0.12673003412822
17.032	0.126523698475138
17.112	0.126275901847299
17.192	0.125984207016272
17.272	0.125646347577975
17.352	0.12526042049616
17.432	0.124825053540219
17.512	0.124339473540465
17.592	0.123803417260062
17.672	0.123216971637502
17.752	0.12258026716656
17.832	0.121893208682954
17.912	0.121155336088441
17.992	0.120365848602935
18.072	0.11952376855511
18.152	0.118628271551705
18.232	0.117678995916163
18.312	0.116676244431153
18.392	0.115621066860376
18.472	0.114515212001427
18.552	0.113360889242804
18.632	0.112160519644119
18.712	0.110916504333963
18.792	0.109631053069881
18.872	0.10830612061641
18.952	0.106943472336772
19.032	0.105544773545175
19.112	0.104111720893398
19.192	0.102646181016878
19.272	0.101150264200546
19.352	0.0996264012522854
19.432	0.0980774833156826
19.512	0.0965070236622747
19.592	0.0949192584913998
19.672	0.0933191444898238
19.752	0.0917122443690044
19.832	0.0901045223974588
19.912	0.0885020978708422
19.992	0.0869110242841824
20.072	0.0853371442583732
20.152	0.0837860533574624
20.232	0.0822631358977279
20.312	0.0807736286811096
20.392	0.0793226238416533
20.472	0.077915034780295
20.552	0.0765555196230405
20.632	0.0752483741197221
20.712	0.0739973806859862
20.792	0.0728057146911087
20.872	0.0716758920870983
20.952	0.0706097177216893
21.032	0.0696082473444175
21.112	0.0686718260238575
21.192	0.0678001976205334
21.272	0.0669926655351656
21.352	0.0662482694168975
21.432	0.0655659624404468
21.512	0.0649447276915023
21.592	0.0643836304609895
21.672	0.0638818030658452
21.752	0.0634383970981123
21.832	0.0630525317919517
21.912	0.062723292114006
21.992	0.0624497628816645
22.072	0.0622310501434153
22.152	0.0620662807610461
22.232	0.0619545757432842
22.312	0.0618949522136258
22.392	0.0618861742399428
22.472	0.0619266444877322
22.552	0.0620143586972883
22.632	0.0621469175033429
22.712	0.0623216205317814
22.792	0.0625355914850285
22.872	0.0627858512974537
22.952	0.0630693459796614
23.032	0.0633829270304158
23.112	0.0637232699494898
23.192	0.0640867779404584
23.272	0.064469558148728
23.352	0.0648674342715072
23.432	0.0652760044730147
23.512	0.0656907436246374
23.592	0.0661071141502401
23.672	0.0665206211432103
23.752	0.066926859637368
23.832	0.0673215413680932
23.912	0.0677005047416568
23.992	0.0680597591967196
24.072	0.0683956093044582
24.152	0.0687047971345596
24.232	0.0689846405011298
24.312	0.0692331662173569
24.392	0.0694491876377779
24.472	0.0696322616988052
24.552	0.0697825751929582
24.632	0.0699007854849949
24.712	0.0699878456757954
24.792	0.0700448785550183
24.872	0.0700731593824582
24.952	0.0700741841724142
25.032	0.0700497991241757
25.112	0.0700023647407502
25.192	0.0699348789640641
25.272	0.0698510156296859
25.352	0.069755093605961
25.432	0.0696520054730936
25.512	0.0695471141919253
25.592	0.0694461031313178
25.672	0.069354826082245
25.752	0.0692791875877585
25.832	0.069225029689596
25.912	0.0691980154524057
25.992	0.0692035598236753
26.072	0.0692467968839932
26.152	0.0693325628048935
26.232	0.0694654167328377
26.312	0.0696496914606453
26.392	0.0698895195917988
26.472	0.0701888621091822
26.552	0.0705515353788062
26.632	0.0709811770021442
26.712	0.0714811967547373
26.792	0.0720547712207154
26.872	0.0727048564020034
26.952	0.0734341821738962
27.032	0.0742452561456997
27.112	0.0751403599108986
27.192	0.0761215165724547
27.272	0.077190461367513
27.352	0.0783486115792282
27.432	0.0795970162474529
27.512	0.0809363040375342
27.592	0.0823666528948106
27.672	0.0838877531335509
27.752	0.0854987821735254
27.832	0.087198427205605
27.912	0.0889848940235911
27.992	0.0908559053523295
28.072	0.0928086879738697
28.152	0.0948399066145935
28.232	0.0969455438063829
28.312	0.0991208006395379
28.392	0.101360020125609
28.472	0.103656634305258
28.552	0.106003227552405
28.632	0.108391744216311
28.712	0.110813767416309
28.792	0.113260846065428
28.872	0.115724745153328
28.952	0.118197493502185
29.032	0.120671311075581
29.112	0.123138549166155
29.192	0.125591603367267
29.272	0.128022918691064
29.352	0.130425237825248
29.432	0.132791990187867
29.512	0.135117668528975
29.592	0.137398185726303
29.672	0.139631043233932
29.752	0.141815146357613
29.832	0.14395038213736
29.912	0.146037077865079
29.992	0.148075425142329
30.072	0.150065091997055
30.152	0.152005179796559
30.232	0.153894421236009
30.312	0.155731578304701
30.392	0.157515993352382
30.472	0.159248075441054
30.552	0.160929558957653
30.632	0.162563507526725
30.712	0.164154010954901
30.792	0.165705656664029
30.872	0.167222909665844
30.952	0.168709543823175
31.032	0.170168248892734
31.112	0.171600504167762
31.192	0.173006615419594
31.272	0.174385904430926
31.352	0.175737046619536
31.432	0.177058394838047
31.512	0.1783481245914
31.592	0.179604283371601
31.672	0.180824758782654
31.752	0.182007223460628
31.832	0.183149140669803
31.912	0.184247891377188
31.992	0.185300979606458
32.072	0.186306286952286
32.152	0.187262289011207
32.232	0.188168117673603
32.312	0.189023481465595
32.392	0.18982852121435
32.472	0.190583629817914
32.552	0.19128929115382
32.632	0.191945994143856
32.712	0.192554223071523
32.792	0.193114481406914
32.872	0.193627321203456
32.952	0.194093342350675
33.032	0.194513187899025
33.112	0.194887569594526
33.192	0.195217316202401
33.272	0.195503446839281
33.352	0.195747274798846
33.432	0.195950516842208
33.512	0.196115360004773
33.592	0.196244477435782
33.672	0.196341002130309
33.752	0.196408434735728
33.832	0.196450502572267
33.912	0.1964710066552
33.992	0.196473684180246
34.072	0.196462110031829
34.152	0.196439655705509
34.232	0.196409492952347
34.312	0.19637462147463
34.392	0.196337894619971
34.472	0.196302008115799
34.552	0.19626944694272
34.632	0.196242398510242
34.712	0.1962226432163
34.792	0.196211447055374
34.872	0.196209490815958
34.952	0.196216842924612
35.032	0.196232976358081
35.112	0.196256823361642
35.192	0.196286849160662
35.272	0.196321124232204
35.352	0.196357391196583
35.432	0.196393125267461
35.512	0.196425594990876
35.592	0.196451930690939
35.672	0.196469195960011
35.752	0.196474446723512
35.832	0.196464762786198
35.912	0.196437249546113
35.992	0.196389022986194
36.072	0.196317204852226
36.152	0.196218950765134
36.232	0.196091510651071
36.312	0.195932308279344
36.392	0.195739021011773
36.472	0.195509623431041
36.552	0.195242395354034
36.632	0.194935910191338
36.712	0.194589024286328
36.792	0.194200883838674
36.872	0.193770983359157
36.952	0.193299248762377
37.032	0.192786102108661
37.112	0.192232509625553
37.192	0.191640024097245
37.272	0.19101076345668
37.352	0.190347400989571
37.432	0.189653206011675
37.512	0.188932109360357
37.592	0.188188746955488
37.672	0.187428512275707
37.752	0.18665752890468
37.832	0.185882512791009
37.912	0.18511056119562
37.992	0.184348888123031
38.072	0.183604545713754
38.152	0.182884238404176
38.232	0.182194245799741
38.312	0.181540368857226
38.392	0.18092788816689
38.472	0.18036148835837
38.552	0.17984510937861
38.632	0.17938177026805
38.712	0.178973434186622
38.792	0.178620947856144
38.872	0.178324117796526
38.952	0.178081898370179
39.032	0.177892645213815
39.112	0.17775436824884
39.192	0.177664963630027
39.272	0.177622352191788
39.352	0.177624535613559
39.432	0.177669527408765
39.512	0.177755198210724
39.592	0.177879045089538
39.672	0.178037932537704
39.752	0.178227885670692
39.832	0.178444006770681
39.912	0.178680538673481
39.992	0.178931073265302
40.072	0.17918889763404
40.152	0.179447347878201
40.232	0.17970012202167
40.312	0.179941522970934
40.392	0.180166582838238
40.472	0.180371037410785
40.552	0.180551223083475
40.632	0.180703949374857
40.712	0.180826424832487
40.792	0.180916229181646
40.872	0.180971327945469
40.952	0.180990104493423
41.032	0.180971401949952
41.112	0.180914523542389
41.192	0.180819226573666
41.272	0.180685694367879
41.352	0.180514502056338
41.432	0.180306624332827
41.512	0.180063525290207
41.592	0.179787187670952
41.672	0.179480092740937
41.752	0.179145220471694
41.832	0.178786001917258
41.912	0.178406223035777
41.992	0.178010006813976
42.072	0.177601841847297
42.152	0.177186624824385
42.232	0.176769700399019
42.312	0.176356830261915
42.392	0.17595400203418
42.472	0.175567164192335
42.552	0.175201957294211
42.632	0.174863492039739
42.712	0.174556233147177
42.792	0.174284057026275
42.872	0.174050433311583
42.952	0.173858660761608
43.032	0.173712101035497
43.112	0.173614292694777
43.192	0.173568905168706
43.272	0.173579558829216
43.352	0.173649523177103
43.432	0.173781368159906
43.512	0.173976654458633
43.592	0.174235750021465
43.672	0.174557767251342
43.752	0.174940609278272
43.832	0.175381113986729
43.912	0.175875202743446
43.992	0.176418030660498
44.072	0.17700418824065
44.152	0.177627906213699
44.232	0.178283262988975
44.312	0.17896441729018
44.392	0.179665823300082
44.472	0.180382353984298
44.552	0.181109347929988
44.632	0.18184255436435
44.712	0.182578021575038
44.792	0.183311965727475
44.872	0.184040691623073
44.952	0.184760554446575
45.032	0.185467962758208
45.112	0.18615941722288
45.192	0.186831586351486
45.272	0.187481387061956
45.352	0.188106024056117
45.432	0.188703019199592
45.512	0.189270258991732
45.592	0.189806041046152
45.672	0.190309125324204
45.752	0.190778786407085
45.832	0.191214832414806
45.912	0.191617602595135
45.992	0.191987917298794
46.072	0.192326961284484
46.152	0.192636130497247
46.232	0.192916887773519
46.312	0.193170620856121
46.392	0.193398532301968
46.472	0.193601593232712
46.552	0.193780572945895
46.632	0.193936097434557
46.712	0.194068727433438
46.792	0.194179029930686
46.872	0.280639845561102
46.952	0.280622631293547
47.032	0.280610606567255
47.112	0.280603514099931
47.192	0.280601111704681
47.272	0.280603180811164
47.352	0.280609532382706
47.432	0.280620008604051
47.512	0.280634475832803
47.592	0.280652809166074
47.672	0.280674878875122
47.752	0.280700541531432
47.832	0.280729638449338
47.912	0.280762008742065
47.992	0.280797514868339
48.072	0.280836063792749
48.152	0.280877618112378
48.232	0.280922195729937
48.312	0.280969857404149
48.392	0.28102068725705
48.472	0.281074781038414
48.552	0.281132248748976
48.632	0.281193223960869
48.712	0.281257883501371
48.792	0.281326467529287
48.872	0.281399287884573
48.952	0.281476726431594
49.032	0.28155923241911
49.112	0.281647301440061
49.192	0.281741431633253
49.272	0.281842067492032
49.352	0.281949539731319
49.432	0.282063997094263
49.512	0.282185357858936
49.592	0.282313290834559
49.672	0.282447242904827
49.752	0.28258648797278
49.832	0.282730187290203
49.912	0.282877438343415
49.992	0.283027313316155
50.072	0.283178869810791
50.152	0.283331156387745
50.232	0.283483225847365
50.312	0.283634144184252
50.392	0.283782993559961
50.472	0.283928872872989
50.552	0.284070875351907
50.632	0.284208049318059
50.712	0.284339361879876
50.792	0.284463677608588
50.872	0.284579740064214
50.952	0.284686180134998
51.032	0.284781541273262
51.112	0.284864300440769
51.192	0.284932890815347
51.272	0.284985726253518
51.352	0.28502123321583
51.432	0.285037896294539
51.512	0.28503433006042
51.592	0.285009357897589
51.672	0.284962093726585
51.752	0.28489201165208
51.832	0.284798993304915
51.912	0.284683353748265
51.992	0.284545850750013
52.072	0.2843876746797
52.152	0.284210414364353
52.232	0.284016007154592
52.312	0.283806672392545
52.392	0.283584797223132
52.472	0.283352814320367
52.552	0.283113107198349
52.632	0.282867956518374
52.712	0.282619529506619
52.792	0.282369935853585
52.872	0.282121320299919
52.952	0.281875945510456
53.032	0.281636249353828
53.112	0.281404862490169
53.192	0.281184572982503
53.272	0.280978257978609
53.352	0.280788804803927
53.432	0.280619029846453
53.512	0.280471611679306
53.592	0.280349051451258
53.672	0.280253657034067
53.752	0.280187539524062
53.832	0.280152618042712
53.912	0.280150620100982
53.992	0.280183070590085
54.072	0.280251272111838
54.152	0.280356284725532
54.232	0.28049891457846
54.312	0.280679718639505
54.392	0.280899023153963
54.472	0.281156938788404
54.552	0.281453363973958
54.632	0.281787970012172
54.712	0.282160172532824
54.792	0.282569108707352
54.872	0.283013632491042
54.952	0.28349232594728
55.032	0.284003531180617
55.112	0.284545384123654
55.192	0.285115837559135
55.272	0.285712679288069
55.352	0.286333548664714
55.432	0.286975961298151
55.512	0.287637350442885
55.592	0.288315123227464
55.672	0.28900670794338
55.752	0.289709590842441
55.832	0.290421325117458
55.912	0.291139518369774
55.992	0.291861806765996
56.072	0.292585830289739
56.152	0.293309219063471
56.232	0.294029601659072
56.312	0.294744618417533
56.392	0.29545193535552
56.472	0.296149255914558
56.552	0.296834314937819
56.632	0.297504843910866
56.712	0.298158537757772
56.792	0.298793038398387
56.872	0.299405963950249
56.952	0.299994995818522
57.032	0.300557983500517
57.112	0.301093014554097
57.192	0.301598405064492
57.272	0.302072610643832
57.352	0.302514082000607
57.432	0.302921110786298
57.512	0.303291702541958
57.592	0.303623523065295
57.672	0.303913927937843
57.752	0.304160051221587
57.832	0.304358923782456
57.912	0.304507620065711
57.992	0.304603417027415
58.072	0.304643963798509
58.152	0.304627439828926
58.232	0.30455268546515
58.312	0.304419258996014
58.392	0.304227401444712
58.472	0.303977907908348
58.552	0.303671927653224
58.632	0.303310746419212
58.712	0.302895621953437
58.792	0.302427714183097
58.872	0.30190809785269
58.952	0.30133786986815
59.032	0.30071834401812
59.112	0.300051281836756
59.192	0.299339079248772
59.272	0.298584857845118
59.352	0.297792446137751
59.432	0.296966254419911
59.512	0.296111069202266
59.592	0.295231837897115
59.672	0.294333517683437
59.752	0.293421008401109
59.832	0.292499171161148
59.912	0.291572915838944
59.992	0.290647299906882
60.072	0.289727571868023
60.152	0.288819146040436
60.232	0.28792752916728
60.312	0.287058219510478
60.392	0.286216616591816
60.472	0.285407995927007
60.552	0.284637540815049
60.632	0.283910417312435
60.712	0.28323185499658
60.792	0.282607193520355
60.872	0.282041848343586
60.952	0.281541200750618
61.032	0.281110428232398
61.112	0.280754309286313
61.192	0.280477045999791
61.272	0.280282157579211
61.352	0.280172444519446
61.432	0.280150000914529
61.512	0.280216245336276
61.592	0.280371937317992
61.672	0.280617148580405
61.752	0.280951180373219
61.832	0.281372453476771
61.912	0.28187841129182
61.992	0.282465476237369
62.072	0.283129074418082
62.152	0.283863733032537
62.232	0.284663209279103
62.312	0.285520590378209
62.392	0.286428320106704
62.472	0.287378165502541
62.552	0.288361135304645
62.632	0.289367429357047
62.712	0.290386476233938
62.792	0.29140707705242
62.872	0.29241765327279
62.952	0.293406552368727
63.032	0.294362295584382
63.112	0.295273736958969
63.192	0.296130182710097
63.272	0.29692147504946
63.352	0.297638056122278
63.432	0.29827110197759
63.512	0.298812736799074
63.592	0.299256246591935
63.672	0.299596248772137
63.752	0.299828849702604
63.832	0.299951705411005
63.912	0.299964000864827
63.992	0.299866395989359
64.072	0.299660979903412
64.152	0.299351189966404
64.232	0.298941734718661
64.312	0.298438483035246
64.392	0.297848270137675
64.472	0.297178661170531
64.552	0.296437784546691
64.632	0.295634136025439
64.712	0.294776434371276
64.792	0.293873578655423
64.872	0.292934677604202
64.952	0.291969028084041
65.032	0.290986121155425
65.112	0.289995646111923
65.192	0.289007454749439
65.272	0.288031466506795
65.352	0.287077559734764
65.432	0.286155413749653
65.512	0.285274315550052
65.592	0.284442948514273
65.672	0.283669205688725
65.752	0.282960053964156
65.832	0.282321485980741
65.912	0.281758538705549
65.992	0.281275355278091
66.072	0.280875257737311
66.152	0.280560822036708
66.232	0.280333942402344
66.312	0.280195893445549
66.392	0.280147411204163
66.472	0.280188800563084
66.552	0.28032006552101
66.632	0.280541049093647
66.712	0.280851564553745
66.792	0.281251501109447
66.872	0.281740895770121
66.952	0.282319962077456
67.032	0.282989060801415
67.112	0.2837486057743
67.192	0.284598913176628
67.272	0.285539999208329
67.352	0.286571362986002
67.432	0.287691800328308
67.512	0.288899297721451
67.592	0.290191017177695
67.672	0.291563389976107
67.752	0.293012271344803
67.832	0.294533108257638
67.912	0.296121086740837
67.992	0.297771250246677
68.072	0.299478532618724
68.152	0.3012377704147
68.232	0.303043757788369
68.312	0.304891366027616
68.392	0.306775675248006
68.472	0.30869216218101
68.552	0.31063686703789
68.632	0.312606458346404
68.712	0.314598145179853
68.792	0.316609479997086
68.872	0.318638000452435
68.952	0.320680835783471
69.032	0.322734419725561
69.112	0.32479437333413
69.192	0.326855557378566
69.272	0.328912342119939
69.352	0.330958975378484
69.432	0.332989922615089
69.512	0.335000101959939
69.592	0.336984985090205
69.672	0.338940555716062
69.752	0.340863207969137
69.832	0.342749631295324
69.912	0.344596701385975
69.992	0.346401432038378
70.072	0.348160964014064
70.152	0.349872555774351
70.232	0.351533562581534
70.312	0.353141442629394
70.392	0.354693782091062
70.472	0.356188347954537
70.552	0.35762314079079
70.632	0.358996461110793
70.712	0.360306953170235
70.792	0.361553613226602
70.872	0.362735749773837
70.952	0.363852942572856
71.032	0.364904996827986
71.112	0.365891944139759
71.192	0.3668140705575
71.272	0.367671951791643
71.352	0.368466470128639
71.432	0.369198833844341
71.512	0.369870547644443
71.592	0.370483331403009
71.672	0.371039038318469
71.752	0.371539591843118
71.832	0.371986899918441
71.912	0.372382764016575
71.992	0.372728825261729
72.072	0.373026538796609
72.152	0.373277181098396
72.232	0.373481913120053
72.312	0.37364187574967
72.392	0.373758267984596
72.472	0.373832416853845
72.552	0.373865811528561
72.632	0.373860086001746
72.712	0.37381697139713
72.792	0.373738283465312
72.872	0.373625906330628
72.952	0.37348178932826
73.032	0.373307990178884
73.112	0.373106736692873
73.192	0.372880428754478
73.272	0.372631615032302
73.352	0.372362952258421
73.432	0.372077148925137
73.512	0.371776923393889
73.592	0.37146502270484
73.672	0.371144263045911
73.752	0.370817596437754
73.832	0.370488194895064
73.912	0.370159520341695
73.992	0.369835339809797
74.072	0.369519699718194
74.152	0.369216867183696
74.232	0.36893122934065
74.312	0.368667163945198
74.392	0.368428920382155
74.472	0.368220528667327
74.552	0.368045704050417
74.632	0.367907734998959
74.712	0.367809385496746
74.792	0.367752806392358
74.872	0.367739487111266
74.952	0.367770271452707
75.032	0.367845429413067
75.112	0.367964758331998
75.192	0.368127715426401
75.272	0.368333560107801
75.352	0.368581441402037
75.432	0.36887044905932
75.512	0.369199650796163
75.592	0.369568117276835
75.672	0.36997495059919
75.752	0.370419327402421
75.832	0.370900519708433
75.912	0.371417866483118
75.992	0.371970706096058
76.072	0.372558281944898
76.152	0.373179641133775
76.232	0.37383357476724
76.312	0.374518600227039
76.392	0.375232968185533
76.472	0.375974679283364
76.552	0.376741506235018
76.632	0.377531014400682
76.712	0.378340592217953
76.792	0.379167505769339
76.872	0.380008958609364
76.952	0.380862169726147
77.032	0.381724453781307
77.112	0.382593278886241
77.192	0.383466283097747
77.272	0.384341252188542
77.352	0.385216066898487
77.432	0.38608864419021
77.512	0.386956881822621
77.592	0.387818614383247
77.672	0.388671596357626
77.752	0.389513532479843
77.832	0.390342139935961
77.912	0.391155236291646
77.992	0.391950832886011
78.072	0.39272722066674
78.152	0.393483025180349
78.232	0.39421721304375
78.312	0.394929066460944
78.392	0.395618145598498
78.472	0.396284245464959
78.552	0.396927353471306
78.632	0.397547622369246
78.712	0.398145359263521
78.792	0.398721023145002
78.872	0.399275225127671
78.952	0.399808723200462
79.032	0.400322414886806
79.112	0.400817330021138
79.192	0.401294619248376
79.272	0.401755535523919
79.352	0.402201421890184
79.432	0.402633701995073
79.512	0.403053870688194
79.592	0.403463480745789
79.672	0.403864133118781
79.752	0.404257464855037
79.832	0.404645138171056
79.912	0.405028821862353
79.992	0.405410173001223
80.072	0.405790816834863
80.152	0.406172331555521
80.232	0.406556227334808
80.312	0.406943930235347
80.392	0.407336778274183
80.472	0.407736035034195
80.552	0.408142904607556
80.632	0.408558548765982
80.712	0.408984096233064
80.792	0.409420638365369
80.872	0.409869203298748
80.952	0.410330717807246
81.032	0.410805965593203
81.112	0.411295560335074
81.192	0.411799939419148
81.272	0.412319377963354
81.352	0.412854016145578
81.432	0.413403898673036
81.512	0.413969011507743
81.592	0.414549314981376
81.672	0.415144781102161
81.752	0.415755431681167
81.832	0.416381371141232
81.912	0.417022806352581
81.992	0.417680020435431
82.072	0.418353292157566
82.152	0.419042769224288
82.232	0.419748314333522
82.312	0.42046934993805
82.392	0.421204746111141
82.472	0.4219527376215
82.552	0.422710890511635
82.632	0.42347611644274
82.712	0.424244722415712
82.792	0.425012470120298
82.872	0.425774664674695
82.952	0.42652627456867
83.032	0.427262077441822
83.112	0.427976852728766
83.192	0.428665587870715
83.272	0.4293236212113
83.352	0.429946735797164
83.432	0.430531192856709
83.512	0.43107369721334
83.592	0.431571356806214
83.672	0.4320217114492
83.752	0.43242279019707
83.832	0.432773161957127
83.912	0.433071996448274
83.992	0.43331907915594
84.072	0.433514730034251
84.152	0.43365965460458
84.232	0.433754802176414
84.312	0.433801238068757
84.392	0.433800082020224
84.472	0.433752534204818
84.552	0.433659907507594
84.632	0.433523646851403
84.712	0.433345357490144
84.792	0.433126813776124
84.872	0.432869950402766
84.952	0.432576884129969
85.032	0.432249949858734
85.112	0.431891669914063
85.192	0.431504698025468
85.272	0.431091781432454
85.352	0.430655730250689
85.432	0.430199416149319
85.512	0.429725816498594
85.592	0.429238075920854
85.672	0.428739552785477
85.752	0.42823383222638
85.832	0.4277246796531
85.912	0.427215926623508
85.992	0.426711320344272
86.072	0.426214363709865
86.152	0.425728174392344
86.232	0.425255396983535
86.312	0.424798177376528
86.392	0.424358206608507
86.472	0.423936811047587
86.552	0.423535088296792
86.632	0.423154033888172
86.712	0.422794636383206
86.792	0.422457889543819
86.872	0.422144734085006
86.952	0.421855963379234
87.032	0.421592159920299
87.112	0.421353693324389
87.192	0.421140810311297
87.272	0.42095379565063
87.352	0.420793159778076
87.432	0.420659756964651
87.512	0.420554810509612
87.592	0.420479833556908
87.672	0.420436481869548
87.752	0.420426371937698
87.832	0.420450946155538
87.912	0.420511414099896
87.992	0.420608770589806
88.072	0.420743872895625
88.152	0.420917550404607
88.232	0.421130697898758
88.312	0.42138430938854
88.392	0.421679481693016
88.472	0.422017397970767
88.552	0.422399299607894
88.632	0.422826448803865
88.712	0.423300103462037
88.792	0.423821482739624
88.872	0.424391742387574
88.952	0.425011923055838
89.032	0.425682881721788
89.112	0.426405212076649
89.192	0.427179170518518
89.272	0.428004581388085
89.352	0.428880765424144
89.432	0.429806487630775
89.512	0.430779917690306
89.592	0.431798595290286
89.672	0.432859401125239
89.752	0.433958513243231
89.832	0.435091416116333
89.912	0.436252973413557
89.992	0.437437557040721
90.072	0.438639225535387
90.152	0.439851975279038
90.232	0.441070003224358
90.312	0.442287946740419
90.392	0.443501066717137
90.472	0.444705323609296
90.552	0.4458973387809
90.632	0.447074251822269
90.712	0.448233529525067
90.792	0.449372815400484
90.872	0.45048989272743
90.952	0.451582769886198
91.032	0.452649878320085
91.112	0.453690299350005
91.192	0.454703904415926
91.272	0.455691350353807
91.352	0.456653885337102
91.432	0.457592996590852
91.512	0.458510056026594
91.592	0.459406025982749
91.672	0.460281285611875
91.752	0.461135611870103
91.832	0.461968283002837
91.912	0.462778124971199
91.992	0.463563519572074
92.072	0.464322396690247
92.152	0.465052245358952
92.232	0.465750161273324
92.312	0.466413075701088
92.392	0.467038028555554
92.472	0.467622443517418
92.552	0.468164381591724
92.632	0.468662735680316
92.712	0.469117243317403
92.792	0.469528399632414
92.872	0.469897321406163
92.952	0.470225643757371
93.032	0.470515435975703
93.112	0.470769257615577
93.192	0.470990292542713
93.272	0.471182519194419
93.352	0.471350718610805
93.432	0.471500272098308
93.512	0.471636722070397
93.592	0.47176525450443
93.672	0.471890144003415
93.752	0.486111302080758
93.832	0.485969852902258
93.912	0.485828360243545
93.992	0.485687770097798
94.072	0.485549454924808
94.152	0.485414645708829
94.232	0.485283967058535
94.312	0.485157107141163
94.392	0.485032718995285
94.472	0.484908587429913
94.552	0.484781879323123
94.632	0.484649483620956
94.712	0.484508429388484
94.792	0.484356221210078
94.872	0.484191039306893
94.952	0.484011740397932
95.032	0.48381759148026
95.112	0.483607944683968
95.192	0.483382075591521
95.272	0.483139148052601
95.352	0.482878289727182
95.432	0.482598839203206
95.512	0.482300604487705
95.592	0.481984056242823
95.672	0.481650399107934
95.752	0.481301512723235
95.832	0.480939806858146
95.912	0.480568054148193
95.992	0.480189156860092
96.072	0.479805903151714
96.152	0.479420775748508
96.232	0.479035810106666
96.312	0.478652514095643
96.392	0.478271931271024
96.472	0.477894756948103
96.552	0.477521540777275
96.632	0.477152918511933
96.712	0.476789743045288
96.792	0.476433072563509
96.872	0.476084092365568
96.952	0.475743995526386
97.032	0.475413858155321
97.112	0.475094607326923
97.192	0.474787067102284
97.272	0.474492031797922
97.352	0.474210368393074
97.432	0.473943130188559
97.512	0.473691625418155
97.592	0.473457448381737
97.672	0.473242508853104
97.752	0.473049067359739
97.832	0.472879784445581
97.912	0.472737811589809
97.992	0.47262692085053
98.072	0.472551638536174
98.152	0.472517353117041
98.232	0.472530379417663
98.312	0.472597957425592
98.392	0.472728176125543
98.472	0.472929814955819
98.552	0.473212091139544
98.632	0.473584337665557
98.712	0.474055652390575
98.792	0.474634549219104
98.872	0.475328679771224
98.952	0.476144673871772
99.032	0.477088092545614
99.112	0.478163504137797
99.192	0.479374667923025
99.272	0.480724705461739
99.352	0.482216193413592
99.432	0.483851167358011
99.512	0.485630989066635
99.592	0.487556108816193
99.672	0.489625768950305
99.752	0.491837700355177
99.832	0.494187873374699
99.912	0.496670391216526
99.992	0.499277454997468
100.072	0.501999454680231
100.152	0.504825152099215
100.232	0.507741878648972
100.312	0.510735728027271
100.392	0.513791891668347
100.472	0.51689509433993
100.552	0.520030114743918
100.632	0.523182336383229
100.712	0.526338188662862
100.792	0.529485350264963
100.872	0.532612752671525
100.952	0.535710436244813
101.032	0.538769390421862
101.112	0.541781471580066
101.192	0.544739378380996
101.272	0.547636686311421
101.352	0.550467872067316
101.432	0.553228223284464
101.512	0.555913656845746
101.592	0.558520486019574
101.672	0.561045216647585
101.752	0.563484519694725
101.832	0.565835422699934
101.912	0.568095522889621
101.992	0.570263123256041
102.072	0.572337284729542
102.152	0.574317730275766
102.232	0.576204585620076
102.312	0.577998175049856
102.392	0.579698935779675
102.472	0.581307402744301
102.552	0.582824246155383
102.632	0.584250403638521
102.712	0.585587175960541
102.792	0.586836282979789
102.872	0.587999897099849
102.952	0.589080630000012
103.032	0.590081438598531
103.112	0.591005541825439
103.192	0.591856343153381
103.272	0.592637310029545
103.352	0.593351864675356
103.432	0.594003330874443
103.512	0.59459489708604
103.592	0.595129594942932
103.672	0.59561030810562
103.752	0.596039778835916
103.832	0.596420598718964
103.912	0.596755205442264
103.992	0.597045901057413
104.072	0.597294885286033
104.152	0.59750430215729
104.232	0.597676282928774
104.312	0.597812971807457
104.392	0.597916530102452
104.472	0.597989126800826
104.552	0.598032921011168
104.632	0.598050043180706
104.712	0.59804258347242
104.792	0.598012590469921
104.872	0.597962078509795
104.952	0.597893041500924
105.032	0.597807466986637
105.112	0.597707343081424
105.192	0.59759465593163
105.272	0.597471370866174
105.352	0.597339400099941
105.432	0.597200571096096
105.512	0.597056609438937
105.592	0.596909141341825
105.672	0.596759719782426
105.752	0.596609861388629
105.832	0.596461066921734
105.912	0.596314814206494
105.992	0.596172523122391
106.072	0.596035493815748
106.152	0.595904844874099
106.232	0.59578147723289
106.312	0.595666058354823
106.392	0.59555902161776
106.472	0.595460585090336
106.552	0.595370774102889
106.632	0.595289438415534
106.712	0.595216276638098
106.792	0.595150865338951
106.872	0.595092688129284
106.952	0.595041168346711
107.032	0.594995705485985
107.112	0.594955701681215
107.192	0.594920582506461
107.272	0.594889813676332
107.352	0.594862910132747
107.432	0.594839438900749
107.512	0.594819020768796
107.592	0.594801325012327
107.672	0.594786064155983
107.752	0.5947729943274
107.832	0.59476191997976
107.912	0.594752701541097
107.992	0.594745267288204
108.072	0.594739624103227
108.152	0.594735862836956
108.232	0.594734157847711
108.312	0.594734760285178
108.392	0.594737986364748
108.472	0.594744202173956
108.552	0.594753807453003
108.632	0.594767222152427
108.712	0.594784877465031
108.792	0.594807208138377
108.872	0.594834642594492
108.952	0.59486758668811
109.032	0.594906400557306
109.112	0.594951366170449
109.192	0.595002644835063
109.272	0.59506023400138
109.352	0.595123936881578
109.432	0.595193343064352
109.512	0.595267827113844
109.592	0.595346578040903
109.672	0.595428657078742
109.752	0.595513072980452
109.832	0.595598883119806
109.912	0.595685293168685
109.992	0.595771730982619
110.072	0.595857877936055
110.152	0.595943651473704
110.232	0.59602913666879
110.312	0.596114500201224
110.392	0.596199917863146
110.472	0.596285517757792
110.552	0.596371339360871
110.632	0.596457305778245
110.712	0.596543198368749
110.792	0.596628619948319
110.872	0.596712971199509
110.952	0.59679545295387
111.032	0.596875119604306
111.112	0.596950969437898
111.192	0.597022068901083
111.272	0.597087676566503
111.352	0.59714734087413
111.432	0.597200914117479
111.512	0.597248500877981
111.592	0.597290354641814
111.672	0.597326771475878
111.752	0.597357991361264
111.832	0.597384162115873
111.912	0.597405359379195
111.992	0.597421666213563
112.072	0.597433262783511
112.152	0.597440496061722
112.232	0.597443887993563
112.312	0.597444096776712
112.392	0.597441836901567
112.472	0.597437791201742
112.552	0.597432530869469
112.632	0.59742648197755
112.712	0.597419943092632
112.792	0.597413145728865
112.872	0.597406322323536
112.952	0.597399767349657
113.032	0.597393892979312
113.112	0.597389266629875
113.192	0.597386608669808
113.272	0.597386767227476
113.352	0.597390665982516
113.432	0.597399202581641
113.512	0.597413135830379
113.592	0.597432978720576
113.672	0.597458910417231
113.752	0.597490760397818
113.832	0.59752806949075
113.912	0.597570188094892
113.992	0.597616394608508
114.072	0.597666014178344
114.152	0.597718477546664
114.232	0.597773321903446
114.312	0.597830152239226
114.392	0.597888576783703
114.472	0.597948139794994
114.552	0.598008286992467
114.632	0.598068344379612
114.712	0.59812751642869
114.792	0.598184912581132
114.872	0.598239571194085
114.952	0.598290466051481
115.032	0.598336526003663
115.112	0.598376643536199
115.192	0.598409690278118
115.272	0.598434534688863
115.352	0.598450045523919
115.432	0.598455091663368
115.512	0.598448557633787
115.592	0.598429362921365
115.672	0.598396495961083
115.752	0.598349067917411
115.832	0.59828634255166
115.912	0.59820774556249
115.992	0.598112875432093
116.072	0.59800153411345
116.152	0.59787377347277
116.232	0.597729987891057
116.312	0.597571017288033
116.392	0.597398232927048
116.472	0.597213568260599
116.552	0.597019487147577
116.632	0.596818876897146
116.712	0.596614886184966
116.792	0.596410738100644
116.872	0.596209586821374
116.952	0.596014413436137
117.032	0.595827944932921
117.112	0.595652592168904
117.192	0.595490394409921
117.272	0.595342949393057
117.352	0.595211372172457
117.432	0.595096299989223
117.512	0.594997938949859
117.592	0.594916138362464
117.672	0.594850479071852
117.752	0.594800341638916
117.832	0.594764943627183
117.912	0.594743348806446
117.992	0.594734461367011
118.072	0.594737028181157
118.152	0.594749668865575
118.232	0.594770933120458
118.312	0.594799371521844
118.392	0.594833601135747
118.472	0.594872349710954
118.552	0.594914471355537
118.632	0.594958935201817
118.712	0.595004800503943
118.792	0.59505118663958
118.872	0.595097249631749
118.952	0.595142171912471
119.032	0.59518517043
119.112	0.59522551706425
119.192	0.595262563281835
119.272	0.595295759960777
119.352	0.59532467052361
119.432	0.595348971632234
119.512	0.595368443831035
119.592	0.595382957703919
119.672	0.59539245733697
119.752	0.59539694207399
119.832	0.595396456712137
119.912	0.595391085896267
119.992	0.595380942287306
120.072	0.5953661523655
120.152	0.595346849212206
120.232	0.595323165537707
120.312	0.595295236955849
120.392	0.595263221996561
120.472	0.595227327301131
120.552	0.595187834006651
120.632	0.595145131173581
120.712	0.595099746956862
120.792	0.595052369253722
120.872	0.595003860777638
120.952	0.594955265117846
121.032	0.594907800370606
121.112	0.594862847639547
121.192	0.594821939546023
121.272	0.594786748724459
121.352	0.594759077836557
121.432	0.594740849075265
121.512	0.594734084967172
121.592	0.594740876150013
121.672	0.594763335266293
121.752	0.594803536668792
121.832	0.594863449750051
121.912	0.594944875999431
121.992	0.595049394151488
122.072	0.595178321472872
122.152	0.59533269740507
122.232	0.595513295762998
122.312	0.59572067401507
122.392	0.595955254689329
122.472	0.596217416292461
122.552	0.596507580496223
122.632	0.596826271414216
122.712	0.597174126428513
122.792	0.597551844918712
122.872	0.597960106291453
122.952	0.598399478612578
123.032	0.598870334391108
123.112	0.599372764517852
123.192	0.599906504542673
123.272	0.600470867109493
123.352	0.601064660546058
123.432	0.601686112902939
123.512	0.60233285507968
123.592	0.603001958563823
123.672	0.603690037585807
123.752	0.604393441116486
123.832	0.605108482518176
123.912	0.605831610922564
123.992	0.606559601192771
124.072	0.60728969368904
124.152	0.608019596175041
124.232	0.608747364845499
124.312	0.60947124616871
124.392	0.610189425614521
124.472	0.610899722290128
124.552	0.611599347328706
124.632	0.612284791776005
124.712	0.612951855297183
124.792	0.613595884518986
124.872	0.614212123116999
124.952	0.614796035557561
125.032	0.615343564364707
125.112	0.615851329514157
125.192	0.616316593328179
125.272	0.616737016154389
125.352	0.617110281549344
125.432	0.617433681415719
125.512	0.617703714162531
125.592	0.617915883548108
125.672	0.618064826485465
125.752	0.618144713732477
125.832	0.618149804265727
125.912	0.618074978246227
125.992	0.61791600189747
126.072	0.61766955295991
126.152	0.61733302884943
126.232	0.616904307604386
126.312	0.616381669659972
126.392	0.615764033022629
126.472	0.615051354811499
126.552	0.614245157538903
126.632	0.613349008469527
126.712	0.612368743713546
126.792	0.611312404740261
126.872	0.610190060695118
126.952	0.609013525764226
127.032	0.607796102097495
127.112	0.606552361215222
127.192	0.605297935378644
127.272	0.604049281411449
127.352	0.602823431202637
127.432	0.601637581002819
127.512	0.600508534028563
127.592	0.599452092242359
127.672	0.59848246151671
127.752	0.597611717938548
127.832	0.596849404128193
127.912	0.596202290689803
127.992	0.595674292139051
128.072	0.595266501428455
128.152	0.5949772900791
128.232	0.594802450677548
128.312	0.594735373307799
128.392	0.594767236007215
128.472	0.594887222206694
128.552	0.595082782628765
128.632	0.595339949975937
128.712	0.595643714259609
128.792	0.595978451856013
128.872	0.596328383736477
128.952	0.596678034187903
129.032	0.597012645629661
129.112	0.597318533407019
129.192	0.597583380014953
129.272	0.597796477812722
129.352	0.597948931861652
129.432	0.598033834139983
129.512	0.598046401082797
129.592	0.597984060699105
129.672	0.597846478630913
129.752	0.597635515978595
129.832	0.597355119434383
129.912	0.597011148499973
129.992	0.596611159023837
130.072	0.596164155748852
130.152	0.595680298195589
130.232	0.595170558165705
130.312	0.594646344164516
130.392	0.594119103842445
130.472	0.593599911207207
130.552	0.593099100821178
130.632	0.59262598054454
130.712	0.592188637906588
130.792	0.591793852706246
130.872	0.591447100699156
130.952	0.591152575982164
131.032	0.590913216565355
131.112	0.590730740836648
131.192	0.590605647497455
131.272	0.590537199475989
131.352	0.590523488752865
131.432	0.590561585811088
131.512	0.590647739796282
131.592	0.590777640655801
131.672	0.590946698408175
131.752	0.591150286559127
131.832	0.591383942943708
131.912	0.591643492488288
131.992	0.591925062915493
132.072	0.592225074470321
132.152	0.592540184571476
132.232	0.592867208942039
132.312	0.593203066063893
132.392	0.593544762560555
132.472	0.59388938156701
132.552	0.594234104421616
132.632	0.594576247134114
132.712	0.594913283429719
132.792	0.595242840789638
132.872	0.595562686488961
132.952	0.595870688472246
133.032	0.596164786622126
133.112	0.596442982477697
133.192	0.596703351223482
133.272	0.596944075217039
133.352	0.597163505597678
133.432	0.597360221467966
133.512	0.597533083486837
133.592	0.597681270552926
133.672	0.59780430244507
133.752	0.597902043745421
133.832	0.597974691361401
133.912	0.598022744401646
133.992	0.598046958994132
134.072	0.598048284459423
134.152	0.598027782729673
134.232	0.597986534327561
134.312	0.59792554553826
134.392	0.597845676600286
134.472	0.59774760571338
134.552	0.597631845654746
134.632	0.597498816478605
134.712	0.59734896309476
134.792	0.597182896883282
134.872	0.597001542808925
134.952	0.596806263128315
135.032	0.596598952868248
135.112	0.596382105022371
135.192	0.596158849449353
135.272	0.595932975614346
135.352	0.595708962292633
135.432	0.595492015890272
135.512	0.595288122439001
135.592	0.595104104127245
135.672	0.594947681920644
135.752	0.594827531222222
135.832	0.594753306998996
135.912	0.594735608151609
135.992	0.594785860062643
136.072	0.594916087440765
136.152	0.595138567858271
136.232	0.595465399276804
136.312	0.595908051041192
136.392	0.596477008876832
136.472	0.597181613077396
136.552	0.598030146936367
136.632	0.599030138084913
136.712	0.60018876535662
136.792	0.601513159421415
136.872	0.60301043190168
136.952	0.604687379382653
137.032	0.606549951871443
137.112	0.608602658209406
137.192	0.610848121728054
137.272	0.613286901548804
137.352	0.615917586290038
137.432	0.618737033042748
137.512	0.621740609995982
137.592	0.624922316690686
137.672	0.628274880007325
137.752	0.631789904396214
137.832	0.63545803516547
137.912	0.639269076552068
137.992	0.643211972956237
138.072	0.647274511900946
138.152	0.651442799668189
138.232	0.655700625515806
138.312	0.660028910216738
138.392	0.664405630426359
138.472	0.668806454894025
138.552	0.673205601447194
138.632	0.677576726592292
138.712	0.681893729053741
138.792	0.686131293464882
138.872	0.690265057973306
138.952	0.694271840444912
139.032	0.698129907206862
139.112	0.701819398669272
139.192	0.705322949999413
139.272	0.708626228212438
139.352	0.711717909697768
139.432	0.714589439431734
139.512	0.717234589981331
139.592	0.719648605055795
139.672	0.721827303234591
139.752	0.723766668631129
139.832	0.725462495625493
139.912	0.726910220209561
139.992	0.728105148568034
140.072	0.729042862520714
140.152	0.729719692701678
140.232	0.730133372247678
140.312	0.730283753964727
140.392	0.730173160391701
140.472	0.72980646712233
140.552	0.729190857533126
140.632	0.691328165817868
140.712	0.691675561248662
140.792	0.692095418569505
140.872	0.69258590451609
140.952	0.69314549009211
141.032	0.693772717899531
141.112	0.694465840340047
141.192	0.695222500933458
141.272	0.696039583474505
141.352	0.696913162268682
141.432	0.697838600432046
141.512	0.698810797957659
141.592	0.69982440107351
141.672	0.700873830501354
141.752	0.701953303318366
141.832	0.703056847529293
141.912	0.704178333282247
141.992	0.705311595652599
142.072	0.706450725106802
142.152	0.707590347947988
142.232	0.708725851661814
142.312	0.709853516583674
142.392	0.710970474642085
142.472	0.712074493300367
142.552	0.713163747732342
142.632	0.71423669410407
142.712	0.715291934519509
142.792	0.716328156691713
142.872	0.717344281678134
142.952	0.718339671705873
143.032	0.719314263323572
143.112	0.720268736366169
143.192	0.721204683815333
143.272	0.722124654990029
143.352	0.723032091423978
143.432	0.723931181484755
143.512	0.724826522443767
143.592	0.725722634903061
143.672	0.726623457284337
143.752	0.727531830635261
143.832	0.728448997037713
143.912	0.72937436250054
143.992	0.73030558937425
144.072	0.731238964567265
144.152	0.732169959401237
144.232	0.733093948425182
144.312	0.734006860482292
144.392	0.734905547184727
144.472	0.735787888571085
144.552	0.736652707603728
144.632	0.737499504875171
144.712	0.738328145204559
144.792	0.739138608366456
144.872	0.739930833201779
144.952	0.740704627160493
145.032	0.741459696679517
145.112	0.742195747992408
145.192	0.742912638367518
145.272	0.743610499432638
145.352	0.744289803919781
145.432	0.744951387700841
145.512	0.745596411153972
145.592	0.746226222565806
145.672	0.746842173482737
145.752	0.74744539561102
145.832	0.748036554043562
145.912	0.748615669397804
145.992	0.749182050492909
146.072	0.749734239757917
146.152	0.750270073114987
146.232	0.75078687412913
146.312	0.751281676970482
146.392	0.751751425248454
146.472	0.752193194706454
146.552	0.752604377439663
146.632	0.752982783852932
146.712	0.753326685513894
146.792	0.753634847965156
146.872	0.75390653206178
146.952	0.754141466039972
147.032	0.754339735388616
147.112	0.754501606945563
147.192	0.754627325479216
147.272	0.754716942920798
147.352	0.754770270354658
147.432	0.754786950483616
147.512	0.754766660978664
147.592	0.754709397767396
147.672	0.754615741383272
147.752	0.75448699756662
147.832	0.754325204527543
147.912	0.754132963649521
147.992	0.75391315090339
148.072	0.753668652642251
148.152	0.75340219059164
148.232	0.753116190171436
148.312	0.752812784118237
148.392	0.752493919046568
148.472	0.75216147741806
148.552	0.751817383559473
148.632	0.751463714062528
148.712	0.751102684562756
148.792	0.750736541803835
148.872	0.75036746115963
148.952	0.749997400511855
149.032	0.749627931165524
149.112	0.749260154755998
149.192	0.748894742233528
149.272	0.748531962115162
149.352	0.748171772888039
149.432	0.747813992721913
149.512	0.747458476151319
149.592	0.747105258756878
149.672	0.746754745634465
149.752	0.746407858278662
149.832	0.746066092611787
149.912	0.745731542131534
149.992	0.74540691075379
150.072	0.745095370542092
150.152	0.744800345362723
150.232	0.744525312272774
150.312	0.744273639978349
150.392	0.744048410937541
150.472	0.74385231727948
150.552	0.743687584601052
150.632	0.743555897415337
150.712	0.743458364651556
150.792	0.743395530587701
150.872	0.743367402096222
150.952	0.743373541530158
151.032	0.743413237451026
151.112	0.743485670457243
151.192	0.743590048335495
151.272	0.743725732913585
151.352	0.743892302104381
151.432	0.74408951155576
151.512	0.744317182573408
151.592	0.744575003721291
151.672	0.744862271408056
151.752	0.745177608487008
151.832	0.745518728195375
151.912	0.745882323850889
151.992	0.746264151555213
152.072	0.746659298167739
152.152	0.747062608203482
152.232	0.747469240492389
152.312	0.74787525925279
152.392	0.748278042743369
152.472	0.74867649375447
152.552	0.749071070980779
152.632	0.749463616622396
152.712	0.749857033076264
152.792	0.750254940271976
152.872	0.750661298151154
152.952	0.751079999582981
153.032	0.751514551917492
153.112	0.751967828206912
153.192	0.752441820366723
153.272	0.752937510601281
153.352	0.753454880092324
153.432	0.753992952926001
153.512	0.754549911717081
153.592	0.755123372959265
153.672	0.755710703098334
153.752	0.756309350716283
153.832	0.756917210243653
153.912	0.757532912739261
153.992	0.758155930903097
154.072	0.758786529871063
154.152	0.759425542218207
154.232	0.760073988328518
154.312	0.760732631704851
154.392	0.761401645967599
154.472	0.762080459496982
154.552	0.762767794276972
154.632	0.763461834916438
154.712	0.764160455262573
154.792	0.764861445379854
154.872	0.765562713702177
154.952	0.766262414293106
155.032	0.76695900568922
155.112	0.767651254293948
155.192	0.768338186916903
155.272	0.769018999777135
155.352	0.76969292283162
155.432	0.770359065492297
155.512	0.771016305131976
155.592	0.771663283594695
155.672	0.772298498860064
155.752	0.772920477190066
155.832	0.773527974484356
155.912	0.774120132468585
155.992	0.774696512346448
156.072	0.77525703393302
156.152	0.775801863408343
156.232	0.776331293086347
156.312	0.776845643036605
156.392	0.777345199615784
156.472	0.777830158766466
156.552	0.778300598469396
156.632	0.778756483370582
156.712	0.779197706820884
156.792	0.779624165937353
156.872	0.780035863913024
156.952	0.780432987387872
157.032	0.780815960553337
157.112	0.781185442783791
157.192	0.78154226488061
157.272	0.781887343532471
157.352	0.782221617821424
157.432	0.782546005569127
157.512	0.782861396481383
157.592	0.783168674325534
157.672	0.783468742439343
157.752	0.783762544243995
157.832	0.784051075991993
157.912	0.78433539599018
157.992	0.784616650683045
158.072	0.784896128261263
158.152	0.785175297578039
158.232	0.785455804398428
158.312	0.785739428671018
158.392	0.786027999716996
158.472	0.786323273859058
158.552	0.786626833256054
158.632	0.786940029670301
158.712	0.787263972477884
158.792	0.787599578607736
158.872	0.787947664736006
158.952	0.788309044290106
159.032	0.788684594585281
159.112	0.789075294302688
159.192	0.789482226530719
159.272	0.789906559838276
159.352	0.790349536000026
159.432	0.790812465153511
159.512	0.791296707003159
159.592	0.791803624700375
159.672	0.792334510487319
159.752	0.792890471845123
159.832	0.793472298107343
159.912	0.794080388772944
159.992	0.794714767425116
160.072	0.795375134561294
160.152	0.796060973651205
160.232	0.796771689698719
160.312	0.797506708092389
160.392	0.798265477178706
160.472	0.799047447059895
160.552	0.799852016185792
160.632	0.80067846025214
160.712	0.801525874063454
160.792	0.802393140328032
160.872	0.803278887979847
160.952	0.804181488364787
161.032	0.805099090751629
161.112	0.806029660942773
161.192	0.806971027569841
161.272	0.807920970208894
161.352	0.808877300598137
161.432	0.809837916772789
161.512	0.810800828718296
161.592	0.811764193885725
161.672	0.812726331298546
161.752	0.813685724365126
161.832	0.814641040962787
161.912	0.815591178519764
161.992	0.816535290923436
162.072	0.817472802320292
162.152	0.818403413334398
162.232	0.819327090030011
162.312	0.820244020176556
162.392	0.821154556184059
162.472	0.822059132249873
162.552	0.822958153160773
162.632	0.823851878440454
162.712	0.824740323786504
162.792	0.825623181734048
162.872	0.826499779365196
162.952	0.827369096257758
163.032	0.828229822559852
163.112	0.829080442412359
163.192	0.829919338237648
163.272	0.83074491467104
163.352	0.831555698433309
163.432	0.83235039978975
163.512	0.83312793446763
163.592	0.833887397940071
163.672	0.834627996774504
163.752	0.835348975013535
163.832	0.83604956653549
163.912	0.836728994369931
163.992	0.837386514426729
164.072	0.838021486923044
164.152	0.838633456266546
164.232	0.839222208987831
164.312	0.839787787112311
164.392	0.840330461718697
164.472	0.840850689021256
164.552	0.841349044090915
164.632	0.841826168249295
164.712	0.842282733506476
164.792	0.842719411565366
164.872	0.843136837640269
164.952	0.843535591257503
165.032	0.843916166035168
165.112	0.84427894298484
165.192	0.844624186875858
165.272	0.844952063678338
165.352	0.845262660921552
165.432	0.845556026268152
165.512	0.845832215851463
165.592	0.846091348159792
165.672	0.846333638256052
165.752	0.846559414599117
165.832	0.84676908918394
165.912	0.846963094524245
165.992	0.847141808022844
166.072	0.84730550854783
166.152	0.847454370831844
166.232	0.847588503893984
166.312	0.847708018931311
166.392	0.847813104548276
166.472	0.84790407122043
166.552	0.847981354444837
166.632	0.848045474854064
166.712	0.848096983346384
166.792	0.848136427664866
166.872	0.848164349874356
166.952	0.84818129790099
167.032	0.848187849866601
167.112	0.848184643125382
167.192	0.848172370559741
167.272	0.848151756299419
167.352	0.848123533918358
167.432	0.848088439920364
167.512	0.848047209816787
167.592	0.848000599992037
167.672	0.847949382656918
167.752	0.847894291121722
167.832	0.847835944737344
167.912	0.847774777936078
167.992	0.847710941246749
168.072	0.847644234745108
168.152	0.847574099223099
168.232	0.847499654155211
168.312	0.847419770358396
168.392	0.847333200997273
168.472	0.84723871945047
168.552	0.847135237608352
168.632	0.847021896238214
168.712	0.846898121577627
168.792	0.846763624698763
168.872	0.846618379005118
168.952	0.84646258046838
169.032	0.846296607850999
169.112	0.846120988756876
169.192	0.845936375766524
169.272	0.845743519028478
169.352	0.845543229143505
169.432	0.845336301611521
169.512	0.845123430131661
169.592	0.844905118327947
169.672	0.844681616263376
169.752	0.844452894935312
169.832	0.844218690663926
169.912	0.84397858725082
169.992	0.843732140089454
170.072	0.843479019008303
170.152	0.843219137838648
170.232	0.84295273176436
170.312	0.84268039395705
170.392	0.842403057570973
170.472	0.842121927339502
170.552	0.841838386686515
170.632	0.841553910364414
170.712	0.841269979303743
170.792	0.840988036550225
170.872	0.840709478914814
170.952	0.840435690793466
171.032	0.840168120231549
171.112	0.839908367155676
171.192	0.839658245206675
171.272	0.839419823508369
171.352	0.839195420314301
171.432	0.838987534115557
171.512	0.838798749360695
171.592	0.838631648865348
171.672	0.838488737346299
171.752	0.838372405335893
171.832	0.838284932772023
171.912	0.838228496089304
171.992	0.838205164717348
172.072	0.838216887987461
172.152	0.838265439138386
172.232	0.838352340410449
172.312	0.838478815177037
172.392	0.838645765967701
172.472	0.838853773905594
172.552	0.839103146556074
172.632	0.839393995352335
172.712	0.839726309808707
172.792	0.840100011052019
172.872	0.840514981313394
172.952	0.840971070997309
173.032	0.841468095365304
173.112	0.842005841864836
173.192	0.842584093231348
173.272	0.843202672250026
173.352	0.843861494720503
173.432	0.84456059332523
173.512	0.84530010147731
173.592	0.846080205765748
173.672	0.846901088395146
173.752	0.847762861293564
173.832	0.848665510083958
173.912	0.849608856537838
173.992	0.850592536968289
174.072	0.851615953893468
174.152	0.852678193736903
174.232	0.853777924453698
174.312	0.854913304682373
174.392	0.856081945726313
174.472	0.857280964288204
174.552	0.858507125918567
174.632	0.859757066868443
174.712	0.861027520548287
174.792	0.862315493943573
174.872	0.863618341959654
174.952	0.864933746954403
175.032	0.866259609888797
175.112	0.867593886331168
175.192	0.86893441821675
175.272	0.870278847330166
175.352	0.871624622165317
175.432	0.872969094506086
175.512	0.874309676316987
175.592	0.875643994756505
175.672	0.876969947169695
175.752	0.878285665382688
175.832	0.879589396694687
175.912	0.880879334162888
175.992	0.882153459659659
176.072	0.883409492274016
176.152	0.884644920066069
176.232	0.885857096166212
176.312	0.887043380811949
176.392	0.888201280005838
176.472	0.889328518232819
176.552	0.890423073678125
176.632	0.89148321509791
176.712	0.89250754669207
176.792	0.893495061094296
176.872	0.894445217433852
176.952	0.895358000060522
177.032	0.896233911165627
177.112	0.897073897352836
177.192	0.897879235985361
177.272	0.898651389298102
177.352	0.899391869809069
177.432	0.900102141799334
177.512	0.900783573551735
177.592	0.901437436468086
177.672	0.902064940863252
177.752	0.902667282096122
177.832	0.903245672110813
177.912	0.903801333191314
177.992	0.904335458556428
178.072	0.904849158737377
178.152	0.90525921075745
178.232	0.905646872443722
178.312	0.906013095105468
178.392	0.906360014148952
178.472	0.906690237709508
178.552	0.90700640221365
178.632	0.907310922585989
178.712	0.907605876367892
178.792	0.907892970388037
178.872	0.90817355293105
178.952	0.908448649298613
179.032	0.908719007469681
179.112	0.908985143722973
179.192	0.909247386377803
179.272	0.909505915799137
179.352	0.909760798692567
179.432	0.910012016435655
179.512	0.910259488262078
179.592	0.910503087993039
179.672	0.910742655605226
179.752	0.91097800588831
179.832	0.911208934975374
179.912	0.911435226363842
179.992	0.911656657292472
180.072	0.911873004899601
180.152	0.912084052013494
180.232	0.912289591871282
180.312	0.912489431232185
180.392	0.912683392670544
180.472	0.912871316686779
180.552	0.913053063096633
180.632	0.913228512250633
180.712	0.913397565960473
180.792	0.913560146473593
180.872	0.913716194028904
180.952	0.913865663412455
181.032	0.914008519895663
181.112	0.914144735276693
181.192	0.914274285192494
181.272	0.914397147585685
181.352	0.91451330216719
181.432	0.91462273096456
181.512	0.914725418974175
181.592	0.914821354786159
181.672	0.914910531174737
181.752	0.914992945337747
181.832	0.915068598310455
181.912	0.915137493888217
181.992	0.915199637027314
182.072	0.915255031943765
182.152	0.915303680215839
182.232	0.915345579158956
182.312	0.915380720970877
182.392	0.915409092935981
182.472	0.915430678464514
182.552	0.915445458401493
182.632	0.915453412513337
182.712	0.915454520906319
182.792	0.915448764933128
182.872	0.915436127496495
182.952	0.91541659313787
183.032	0.915390148080451
183.112	0.915356780209994
183.192	0.915316478918172
183.272	0.915269234740823
183.352	0.915215038537983
183.432	0.915153880271586
183.512	0.915085747371251
183.592	0.915010623042118
183.672	0.914928484891153
183.752	0.914839304575228
183.832	0.914743048565235
183.912	0.914639679694488
183.992	0.914529159280779
184.072	0.914411449390411
184.152	0.914286514672845
184.232	0.914154323273113
184.312	0.914014846984333
184.392	0.913868060842109
184.472	0.913713942112192
184.552	0.913552469049836
184.632	0.913383620127778
184.712	0.913207373824083
184.792	0.913023709066806
184.872	0.912832606458931
184.952	0.912634049762001
185.032	0.912428026738166
185.112	0.912214529335138
185.192	0.911993553164951
185.272	0.911765096057938
185.352	0.911529156063185
185.432	0.911285729848508
185.512	0.911034811640121
185.592	0.910776392592933
185.672	0.910510460749801
185.752	0.910237001525612
185.832	0.909955998062753
185.912	0.90966743174889
185.992	0.9093712835239
186.072	0.909067535708378
186.152	0.908756173971696
186.232	0.908437189610616
186.312	0.90811058164817
186.392	0.907776357507561
186.472	0.907434532372108
186.552	0.907085127868562
186.632	0.90672817023556
186.712	0.906363688573592
186.792	0.905991713861187
186.872	0.905612278740801
186.952	0.905225417973401
187.032	0.904831169606194
187.112	0.904429576537193
187.192	0.904020687617841
187.272	0.903604557757578
187.352	0.903181246384804
187.432	0.902750813778589
