0.072	0.0163043006795216
0.152	0.0160595093399984
0.232	0.0158257700787563
0.312	0.0156030438696244
0.392	0.0153912697567811
0.472	0.0151903742213872
0.552	0.0150002785283285
0.632	0.0148209037727747
0.712	0.0146521729990909
0.792	0.0144940135684988
0.872	0.0143463588543482
0.952	0.0142091491127379
1.032	0.0140823309081877
1.112	0.0139658557817266
1.192	0.0138596789326475
1.272	0.0137637581393588
1.352	0.0136780526905453
1.432	0.0136025228665457
1.512	0.0135371293318731
1.592	0.0134818319323498
1.672	0.0134365884245704
1.752	0.0134013534589363
1.832	0.0133760780801748
1.912	0.0133607103191582
1.992	0.0133551968680163
2.072	0.0133594857185586
2.152	0.0133735295917021
2.232	0.0133972897791304
2.312	0.0134307391612478
2.392	0.0134738635278446
2.472	0.0135266610539611
2.552	0.0135891400636106
2.632	0.0136613155832017
2.712	0.0137432058962594
2.792	0.0138348295214015
2.872	0.0139362031789081
2.952	0.0140473407441521
3.032	0.0141682524274196
3.112	0.0142989437188867
3.192	0.0144394141614366
3.272	0.0145896558811018
3.352	0.014749651744062
3.432	0.0149193739850424
3.512	0.0150987836982748
3.592	0.0152878306516961
3.672	0.0154864538386321
3.752	0.0156945828618835
3.832	0.015912139958536
3.912	0.0161390428940202
3.992	0.0163752081774189
4.072	0.0166205532615042
4.152	0.0168749977356843
4.232	0.0171384639420613
4.312	0.0174108758250093
4.392	0.0176921569604596
4.472	0.0179822297542764
4.552	0.0182810156303934
4.632	0.0185884355285073
4.712	0.0189044112533705
4.792	0.0192288669734695
4.872	0.0195617294445776
4.952	0.0199029273912985
5.032	0.0202523895324309
5.112	0.0206100410855847
5.192	0.0209758006039746
5.272	0.0213495781610669
5.352	0.0217312744812692
5.432	0.0221207805637822
5.512	0.0225179779906006
5.592	0.0229227400878442
5.672	0.0233349333477579
5.752	0.0237544191795958
5.832	0.024181056457794
5.912	0.0246147054480441
5.992	0.0250552311918759
6.072	0.0255025062684457
6.152	0.0259564124811447
6.232	0.0264168406747758
6.312	0.0268836871514888
6.392	0.0273568486368307
6.472	0.0278362154239704
6.552	0.0283216636252273
6.632	0.0288130491906213
6.712	0.0293102050620058
6.792	0.0298129388078006
6.872	0.0303210324893688
6.952	0.0308342453990602
7.032	0.0313523175574777
7.112	0.0318749704971677
7.192	0.032401907454044
7.272	0.0329328106366114
7.352	0.0334673348647283
7.432	0.0340051001028772
7.512	0.0345456855805177
7.592	0.0350886246503905
7.672	0.0356334023932603
7.752	0.0361794568463281
7.832	0.0367261799376899
7.912	0.0372729159895235
7.992	0.0378189582402544
8.072	0.0383635416279122
8.152	0.0389058299356528
8.232	0.0394449007101838
8.312	0.0399797301362397
8.392	0.0405091787048382
8.472	0.0410319794013607
8.552	0.0415467306349444
8.632	0.0420518943205015
8.712	0.0425458034048201
8.792	0.0430266852357879
8.872	0.043492711994499
8.952	0.0439420951333465
9.032	0.0443732506073844
9.112	0.0447850663127274
9.192	0.0451773054208231
9.272	0.0455511777561362
9.352	0.0459101020561534
9.432	0.0462606622484087
9.512	0.046717031278757
9.592	0.047182389693988
9.672	0.0476555927410733
9.752	0.0481347195898629
9.832	0.0486172657876609
9.912	0.0491003861367143
9.992	0.0495811622549414
10.072	0.0500568302596087
10.152	0.0505249725291779
10.232	0.0509836433005657
10.312	0.0514314338257376
10.392	0.0518674777418391
10.472	0.0522914043658127
10.552	0.0527032447032281
10.632	0.0531033140961079
10.712	0.0534920666486909
10.792	0.0538699514112468
10.872	0.0542372761791579
10.952	0.0545941036402717
11.032	0.0549402062103179
11.112	0.0552751130278462
11.192	0.0555982096980077
11.272	0.0559088596184441
11.352	0.0562065296891832
11.432	0.0564908878931987
11.512	0.0567618435976223
11.592	0.0570195609323831
11.672	0.0572644578223396
11.752	0.0574972129328493
11.832	0.057718767007501
11.912	0.057930321932623
11.992	0.0581333140330842
12.072	0.0583293725059408
12.152	0.058520262860879
12.232	0.0587078567082453
12.312	0.0588941083129977
12.392	0.0590810484799182
12.472	0.0592707847565781
12.552	0.0594654925522229
12.632	0.0596673738970108
12.712	0.0598786153520785
12.792	0.0601013393350782
12.872	0.0603375557461079
12.952	0.0605891101120339
13.032	0.060857650128566
13.112	0.0611445853026757
13.192	0.0614510418398706
13.272	0.0617778168574392
13.352	0.0621253333909313
13.432	0.0624935883695561
13.512	0.0628821292887936
13.592	0.0632900852931679
13.672	0.063716222740076
13.752	0.0641590166731167
13.832	0.0646167719530246
13.912	0.0650877674973764
13.992	0.0655703730231045
14.072	0.0660631428720797
14.152	0.0665648829350398
14.232	0.0670746541681049
14.312	0.0675917348554278
14.392	0.0681155600228576
14.472	0.0686456306539136
14.552	0.0691814291689519
14.632	0.0697223759908163
14.712	0.0702678123283254
14.792	0.0708169997152326
14.872	0.0713691514266608
14.952	0.0719234877119317
15.032	0.0724792763928765
15.112	0.0730358629568202
15.192	0.0735926989591857
15.272	0.0741493795459953
15.352	0.0747056623711253
15.432	0.0752614775697986
15.512	0.0758169298981763
15.592	0.0763722877693689
15.672	0.0769279429638297
15.752	0.0774843632799933
15.832	0.0780420220684683
15.912	0.078601322182879
15.992	0.0791625437538888
16.072	0.0797258323784491
16.152	0.0802911946997118
16.232	0.0808585107610313
16.312	0.0814275708472469
16.392	0.081998108847666
16.472	0.0825698114579105
16.552	0.0831423362509001
16.632	0.0837153367363936
16.712	0.0842884738533187
16.792	0.0848614284367231
16.872	0.0854339235334067
16.952	0.0860057328754498
17.032	0.0865766716494289
17.112	0.087146594205779
17.192	0.0877153830863855
17.272	0.0882829322523855
17.352	0.0888491496188455
17.432	0.0894139933546332
17.512	0.0899775076516378
17.592	0.0905398692465718
17.672	0.0911014307718365
17.752	0.0916627432884298
17.832	0.0922245562563497
17.912	0.0927878028352294
17.992	0.0933535676745945
18.072	0.0939230441770111
18.152	0.0944974818170157
18.232	0.0950781216985992
18.312	0.095666125343199
18.392	0.0962625047068593
18.472	0.0968680677274549
18.552	0.0974833996212312
18.632	0.0981088801635708
18.712	0.0987447212417831
18.792	0.0993910226900305
18.872	0.100047827651748
18.952	0.100715150323709
19.032	0.101392974735788
19.112	0.102081255263278
19.192	0.102779926129284
19.272	0.103488934324235
19.352	0.104208289092908
19.432	0.104938098366056
19.512	0.105678585517069
19.592	0.106430061978509
19.672	0.107192853828217
19.752	0.107967210651085
19.832	0.108753242471864
19.912	0.109550893493575
19.992	0.110359955043006
20.072	0.111180091261322
20.152	0.112010862415705
20.232	0.112851714648289
20.312	0.113701914488546
20.392	0.114560424985897
20.472	0.115425776019745
20.552	0.116295949121785
20.632	0.117168327195755
20.712	0.118039715088706
20.792	0.118906436332666
20.872	0.119764459048549
20.952	0.12060955352928
21.032	0.1214374512004
21.112	0.122243966205922
21.192	0.123025083129928
21.272	0.123777035464725
21.352	0.124496346385005
21.432	0.125179848750668
21.512	0.125824689092955
21.592	0.126428316506243
21.672	0.126988445060395
21.752	0.127503045749747
21.832	0.127970369843802
21.912	0.128389002332864
21.992	0.128757954482094
22.072	0.129076767106812
22.152	0.129345554260077
22.232	0.129564972471645
22.312	0.129736133545628
22.392	0.12986046886844
22.472	0.129939604425339
22.552	0.129975309930434
22.632	0.12996951740734
22.712	0.129924387864268
22.792	0.129842424923997
22.872	0.129726561043535
22.952	0.129580157148294
23.032	0.12940691265305
23.112	0.129210714169357
23.192	0.128995408722585
23.272	0.128764581766632
23.352	0.12852139212097
23.432	0.128268452645252
23.512	0.128007753073524
23.592	0.127740674987269
23.672	0.12746807863735
23.752	0.127190414225798
23.832	0.1269078832343
23.912	0.126620641099454
23.992	0.126328963693908
24.072	0.126033382290084
24.152	0.125734793707839
24.232	0.125434496107254
24.312	0.12513416867116
24.392	0.12483582117082
24.472	0.124541695372903
24.552	0.124254135796262
24.632	0.123975501694908
24.712	0.123708097903819
24.792	0.123454112000829
24.872	0.123215596671244
24.952	0.122994491759146
25.032	0.122792661989447
25.112	0.122611955222063
25.192	0.122454259238085
25.272	0.122321508984623
25.352	0.122215660943031
25.432	0.122138634157351
25.512	0.12209222513112
25.592	0.12207801237048
25.672	0.122097279776654
25.752	0.122150953030151
25.832	0.122239554511339
25.912	0.122363160879678
25.992	0.122521390647706
26.072	0.122713417624551
26.152	0.122938007716377
26.232	0.123193572941084
26.312	0.123478260345986
26.392	0.123790047574222
26.472	0.1241268176053
26.552	0.124486417026619
26.632	0.124866689985176
26.712	0.125265481725205
26.792	0.125680637761322
26.872	0.126110022876411
26.952	0.126551539139108
27.032	0.127003140537056
27.112	0.127462832001499
27.192	0.127928639323802
27.272	0.128398545416346
27.352	0.128870450745748
27.432	0.1293421584096
27.512	0.129811405225535
27.592	0.130275952406109
27.672	0.130733746299918
27.752	0.131183073159907
27.832	0.131622681400107
27.912	0.13205183100042
27.992	0.132470267714539
28.072	0.132878106241379
28.152	0.133275661037729
28.232	0.133663237293245
28.312	0.134040937732298
28.392	0.134408534845051
28.472	0.134765418426657
28.552	0.135110601891102
28.632	0.135442793873136
28.712	0.135760529082284
28.792	0.136062319559806
28.872	0.136346783960337
28.952	0.136612742515679
29.032	0.136859283566939
29.112	0.137085818569905
29.192	0.13729213992253
29.272	0.137478457773338
29.352	0.137645436225921
29.432	0.137794206367069
29.512	0.137926339377
29.592	0.138043729060592
29.672	0.138148451463854
29.752	0.138242618986752
29.832	0.138328285335533
29.912	0.138407416148582
29.992	0.138481936985603
30.072	0.138553815788729
30.152	0.138625165149238
30.232	0.138698302049401
30.312	0.138775734750418
30.392	0.138860069004093
30.472	0.1389539063393
30.552	0.139059713941617
30.632	0.13917970402634
30.712	0.139315735202939
30.792	0.139469264247945
30.872	0.139641312665809
30.952	0.139832495740248
31.032	0.140043076600286
31.112	0.140273039131423
31.192	0.140522165255693
31.272	0.140790133108471
31.352	0.141076580059949
31.432	0.141381162554423
31.512	0.141703601932829
31.592	0.142043720032117
31.672	0.142401460234897
31.752	0.142776941188908
31.832	0.143170495400041
31.912	0.143582704909907
31.992	0.14401442210674
32.072	0.144466772534255
32.152	0.144941116384679
32.232	0.14543898726163
32.312	0.145962023954855
32.392	0.146511891230191
32.472	0.147090177660005
32.552	0.14769829468591
32.632	0.148337401022087
32.712	0.149008352532846
32.792	0.149711693729451
32.872	0.150447685657337
32.952	0.151216344926727
33.032	0.152017495536189
33.112	0.152850830570746
33.192	0.153715923683031
33.272	0.154612206852449
33.352	0.155538947417526
33.432	0.156495196143152
33.512	0.157479709563412
33.592	0.158490921269014
33.672	0.159526959861698
33.752	0.160585673686751
33.832	0.161664713246485
33.912	0.162761635645801
33.992	0.163874001989627
34.072	0.164999467229095
34.152	0.166135842486821
34.232	0.167281077869664
34.312	0.168433226692593
34.392	0.169590421498576
34.472	0.170750866167623
34.552	0.171912851114304
34.632	0.173074821231868
34.712	0.174235451482172
34.792	0.175393735597119
34.872	0.176549069027442
34.952	0.177701286836364
35.032	0.178850654475096
35.112	0.179997809021235
35.192	0.181143642543639
35.272	0.182289155723197
35.352	0.183435342653397
35.432	0.184583091743747
35.512	0.185733130593473
35.592	0.186886020362494
35.672	0.188042170636426
35.752	0.189201814724733
35.832	0.190364974577499
35.912	0.191531376628177
35.992	0.192700327984128
36.072	0.19387057562598
36.152	0.195040206627408
36.232	0.196206600322498
36.312	0.197366497037852
36.392	0.198516147659725
36.472	0.199651502548175
36.552	0.200768404954364
36.632	0.20186275861164
36.712	0.202930613834735
36.792	0.203968169491219
36.872	0.204971701063564
36.952	0.20593744003557
37.032	0.206861461895276
37.112	0.207739610382224
37.192	0.208567472179734
37.272	0.209340420938532
37.352	0.210053731005051
37.432	0.210702724011214
37.512	0.211282941257697
37.592	0.211790326540986
37.672	0.212221393309197
37.752	0.212573367793063
37.832	0.212844313822842
37.912	0.213033238502633
37.992	0.213140190743836
38.072	0.213166340279173
38.152	0.213113999618596
38.232	0.21298656414821
38.312	0.212788360731576
38.392	0.212524425587774
38.472	0.212200263666969
38.552	0.211821632942681
38.632	0.211394381406809
38.712	0.210924347161523
38.792	0.210417298640249
38.872	0.209878876864654
38.952	0.209314540933111
39.032	0.208729511060735
39.112	0.208128721627127
39.192	0.20751680378049
39.272	0.206898126139489
39.352	0.206276846807672
39.432	0.205656979423825
39.512	0.205042462314094
39.592	0.2044372224813
39.672	0.20384520452841
39.752	0.203270357732017
39.832	0.202716605027714
39.912	0.202187783274276
39.992	0.201687553270439
40.072	0.201219306343163
40.152	0.200786114491809
40.232	0.200390735365702
40.312	0.20003565633397
40.392	0.199723182353357
40.472	0.199455550720888
40.552	0.199235004880425
40.632	0.199063832498464
40.712	0.198944308456192
40.792	0.198878534934213
40.872	0.198868238018151
40.952	0.198914623009948
41.032	0.19901825163672
41.112	0.199178988797599
41.192	0.199396048265343
41.272	0.1996680997662
41.352	0.199993328068971
41.432	0.200369464927672
41.512	0.200793751692988
41.592	0.201262862198231
41.672	0.201772827493024
41.752	0.202319024857719
41.832	0.202896207126479
41.912	0.203498620837682
41.992	0.204120167348571
42.072	0.204754555429876
42.152	0.205395439156217
42.232	0.206036578073068
42.312	0.206671971110716
42.392	0.207295966305573
42.472	0.207903365978887
42.552	0.208489519833567
42.632	0.209050353815166
42.712	0.209582366051397
42.792	0.2100825808215
42.872	0.210548475917169
42.952	0.210977911841884
43.032	0.211369108730747
43.112	0.211720678172668
43.192	0.212031709373531
43.272	0.212301883745873
43.352	0.212531567722881
43.432	0.212721845309897
43.512	0.212874482335029
43.592	0.212991823205759
43.672	0.21307664334222
43.752	0.213131990109837
43.832	0.213161041522092
43.912	0.213167003087368
43.992	0.213153050360429
44.072	0.213122309484671
44.152	0.213077861142374
44.232	0.213022750977452
44.312	0.212959990917988
44.392	0.212892538587245
44.472	0.212823251154898
44.552	0.212754817417288
44.632	0.212689679798431
44.712	0.212629964212276
44.792	0.212577428099241
44.872	0.212533432295519
44.952	0.212498941247724
45.032	0.212474548615081
45.112	0.212460516635805
45.192	0.212456816314675
45.272	0.212463169331933
45.352	0.212479082603573
45.432	0.212503869110286
45.512	0.212536659139076
45.592	0.212576410989915
45.672	0.212621926129394
45.752	0.212671880667689
45.832	0.212724868029018
45.912	0.21277945166964
45.992	0.212834222459869
46.072	0.212887853839441
46.152	0.212939140863636
46.232	0.212987022648879
46.312	0.213030589672684
46.392	0.213069082136176
46.472	0.213101878198732
46.552	0.213128474815563
46.632	0.213148460863235
46.712	0.213161488773608
46.792	0.213167243601689
46.872	0.277523551072903
46.952	0.275248911893385
47.032	0.273005942320736
47.112	0.270792919362606
47.192	0.268607656925695
47.272	0.266447380257631
47.352	0.264308614091959
47.432	0.262187233546427
47.512	0.260078699299896
47.592	0.257978619761133
47.672	0.255883526756833
47.752	0.253791650928264
47.832	0.251703608566544
47.912	0.24962284313014
47.992	0.247555787060577
48.072	0.245511672186893
48.152	0.243502072245604
48.232	0.241540218269819
48.312	0.239640365788631
48.392	0.237817125162536
48.472	0.23608482371921
48.552	0.23445688126489
48.632	0.232945197228759
48.712	0.231559547746514
48.792	0.230307182545147
48.872	0.229192565060288
48.952	0.228217345984689
49.032	0.227380585332384
49.112	0.226679157694747
49.192	0.226108230708036
49.272	0.225661782586002
49.352	0.225333057599499
49.432	0.225114922417873
49.512	0.225000110922878
49.592	0.224981370654604
49.672	0.225051538995075
49.752	0.225203588522703
49.832	0.225430651951314
49.912	0.225726044868992
49.992	0.226083318497302
50.072	0.226496346473454
50.152	0.22695943091432
50.232	0.2274674059083
50.312	0.228015685667714
50.392	0.228600214690772
50.472	0.229217348792162
50.552	0.229863661243115
50.632	0.23053571218199
50.712	0.23122987338499
50.792	0.231942304796092
50.872	0.232669076506085
50.952	0.233406418693534
51.032	0.234151045172979
51.112	0.234900398835947
51.192	0.23565273361541
51.272	0.236407040640387
51.352	0.237162822711383
51.432	0.237919772230697
51.512	0.238677485260126
51.592	0.239435275535328
51.672	0.240192089870419
51.752	0.240946604293043
51.832	0.241697457085337
51.912	0.242443483541223
51.992	0.243183966037435
52.072	0.243918861611945
52.152	0.244648895390782
52.232	0.245375532987481
52.312	0.246100978399426
52.392	0.24682814132629
52.472	0.247560551820442
52.552	0.24830237389935
52.632	0.249058501191683
52.712	0.249834637363136
52.792	0.250637390311084
52.872	0.251474273225398
52.952	0.252353499202485
53.032	0.253283700736887
53.112	0.254273641155891
53.192	0.255331834698922
53.272	0.256466234561884
53.352	0.257684085254454
53.432	0.258991858561529
53.512	0.260395235660297
53.592	0.261899175882235
53.672	0.263508016251393
53.752	0.265225555587079
53.832	0.267055104870991
53.912	0.268999472806598
53.992	0.271060880066756
54.072	0.273240878650512
54.152	0.275540248848159
54.232	0.277958908070303
54.312	0.280495859380466
54.392	0.283149191317392
54.472	0.285916090251675
54.552	0.288792952401849
54.632	0.291775539054669
54.712	0.294859125459851
54.792	0.29803858796592
54.872	0.301308372221655
54.952	0.304662366925498
55.032	0.308093757077444
55.112	0.311594934162798
55.192	0.315157493198257
55.272	0.318772339875039
55.352	0.322429934349969
55.432	0.326120555207893
55.512	0.329834463814649
55.592	0.333561906877293
55.672	0.337292984479603
55.752	0.341017446358791
55.832	0.344724428250373
55.912	0.348402254713818
55.992	0.352038331384477
56.072	0.355619044356075
56.152	0.359129635295488
56.232	0.362554157693211
56.312	0.365875525860332
56.392	0.369075694055226
56.472	0.372135990407486
56.552	0.375037561802827
56.632	0.37776183557466
56.712	0.380291035087083
56.792	0.382608763828188
56.872	0.384700615776609
56.952	0.386554768809873
57.032	0.388162548532222
57.112	0.389518850402709
57.192	0.390622359394655
57.272	0.391475543298583
57.352	0.392084412084927
57.432	0.392458057510652
57.512	0.392608059474668
57.592	0.392547824466277
57.672	0.392291944719631
57.752	0.39185566668661
57.832	0.391254501611314
57.912	0.390503980964326
57.992	0.3896195364824
58.072	0.388616437941749
58.152	0.387509740277409
58.232	0.386314237098958
58.312	0.385044410256199
58.392	0.38371439258421
58.472	0.382337957771
58.552	0.38092853395321
58.632	0.379499188943413
58.712	0.378062583048148
58.792	0.376630861894085
58.872	0.37521551286963
58.952	0.373827191799222
59.032	0.372475538652083
59.112	0.371169010932675
59.192	0.369914772442002
59.272	0.368718622137607
59.352	0.367585015658136
59.432	0.366517129473067
59.512	0.365516929384938
59.592	0.364585224834826
59.672	0.363721740863951
59.752	0.36292518018476
59.832	0.362193289366445
59.912	0.361522974852818
59.992	0.360910492789884
60.072	0.360351648772365
60.152	0.359842004928026
60.232	0.359377100397381
60.312	0.358952651679459
60.392	0.358564711677076
60.472	0.358209795605234
60.552	0.357884956799666
60.632	0.357587799135985
60.712	0.357316435547176
60.792	0.357069397722256
60.872	0.356845504849247
60.952	0.356643728565899
61.032	0.356463091272616
61.112	0.35630259817205
61.192	0.356161206241353
61.272	0.356037832154556
61.352	0.355931361245069
61.432	0.355840645697612
61.512	0.355764490527548
61.592	0.355701627976799
61.672	0.355650696348988
61.752	0.355610245622387
61.832	0.355578775172802
61.912	0.355554796273594
61.992	0.355536905904813
62.072	0.355523853398921
62.152	0.355514583697044
62.232	0.35550825709069
62.312	0.355504250796315
62.392	0.355502152092726
62.472	0.355501753075117
62.552	0.355503053017941
62.632	0.355506266892775
62.712	0.355511836091949
62.792	0.355520436089677
62.872	0.355532972731311
62.952	0.355550560379555
63.032	0.35557448172321
63.112	0.355606136115597
63.192	0.355646985712696
63.272	0.355698513119791
63.352	0.355762206123558
63.432	0.35583956312766
63.512	0.355932108730116
63.592	0.356041409483936
63.672	0.356169068942648
63.752	0.35631668298501
63.832	0.35648577339029
63.912	0.356677723589058
63.992	0.35689370901693
64.072	0.357134644534057
64.152	0.357401175862236
64.232	0.357693677284232
64.312	0.35801223809753
64.392	0.358356664247907
64.472	0.358726477809654
64.552	0.359120893118273
64.632	0.359538799504293
64.712	0.359978762042459
64.792	0.360438998915782
64.872	0.360917344671492
64.952	0.361411235882628
65.032	0.361917713080715
65.112	0.362433418952463
65.192	0.362954647437704
65.272	0.363477436502393
65.352	0.363997684051895
65.432	0.36451127088273
65.512	0.365014200195873
65.592	0.3655027380224
65.672	0.365973541795341
65.752	0.366423775816287
65.832	0.366851219937502
65.912	0.367254303523936
65.992	0.367632068680535
66.072	0.367984078488547
66.152	0.368310266493012
66.232	0.368610761687336
66.312	0.368885763674342
66.392	0.36913546606408
66.472	0.36936000071384
66.552	0.369559414306963
66.632	0.369733654525447
66.712	0.369882547069295
66.792	0.370005781477943
66.872	0.370102929001376
66.952	0.370173457278014
67.032	0.370216803026864
67.112	0.370232501711456
67.192	0.370220327265969
67.272	0.370180423327696
67.352	0.370113423583774
67.432	0.370020504049847
67.512	0.369903390740063
67.592	0.369764309580518
67.672	0.369605896220691
67.752	0.369431068760235
67.832	0.369242886345177
67.912	0.369044401534751
67.992	0.368838542248426
68.072	0.36862802561788
68.152	0.368415340868381
68.232	0.368202794801249
68.312	0.36799257480115
68.392	0.367786804294923
68.472	0.367587610062941
68.552	0.367397166118025
68.632	0.367217681656342
68.712	0.367051339832841
68.792	0.366900185606568
68.872	0.366766004543337
68.952	0.366650244012448
69.032	0.366554001524804
69.112	0.366478079537586
69.192	0.366423104303493
69.272	0.366389651196954
69.352	0.3663783345838
69.432	0.36638983582472
69.512	0.366424843885937
69.592	0.366483908055756
69.672	0.366567268717375
69.752	0.3666747106125
69.832	0.366805512341756
69.912	0.366958532828988
69.992	0.36713239158459
70.072	0.36732565692941
70.152	0.367536997344786
70.232	0.367765246298376
70.312	0.368009347776791
70.392	0.368268224372258
70.472	0.368540609534506
70.552	0.368824912171789
70.632	0.3691191660225
70.712	0.369421063765998
70.792	0.369728080418412
70.872	0.370037675351881
70.952	0.370347496034668
71.032	0.370655510527371
71.112	0.370960056827329
71.192	0.371259812029251
71.272	0.371553688364173
71.352	0.37184068199403
71.432	0.372119707032056
71.512	0.372389456501054
71.592	0.372648378828757
71.672	0.372894736682923
71.752	0.373126698549498
71.832	0.373342431191844
71.912	0.373540204593468
71.992	0.37371841544504
72.072	0.373875551560644
72.152	0.374010114957827
72.232	0.374120534665366
72.312	0.374205076121683
72.392	0.374261773865641
72.472	0.374288378097361
72.552	0.374282366198003
72.632	0.374241020695393
72.712	0.374161566426977
72.792	0.374041314590585
72.872	0.373877831620661
72.952	0.373669084575653
73.032	0.37341353772203
73.112	0.373110185624768
73.192	0.37275854277388
73.272	0.372358590834864
73.352	0.37191072500363
73.432	0.371415730304619
73.512	0.370874790521242
73.592	0.370289527999233
73.672	0.369662070994735
73.752	0.368995148580865
73.832	0.368292159385049
73.912	0.36755719417269
73.992	0.366795013384007
74.072	0.366010977746413
74.152	0.365210919549071
74.232	0.364401004458358
74.312	0.363587614246711
74.392	0.362777262245771
74.472	0.36197653212534
74.552	0.361192061554306
74.632	0.360430519786718
74.712	0.359698576149043
74.792	0.359002883529087
74.872	0.358350086333161
74.952	0.357746820083861
75.032	0.357199734377986
75.112	0.356715533437722
75.192	0.356301028653974
75.272	0.355963179864005
75.352	0.355709128756274
75.432	0.355546214323653
75.512	0.355481948322989
75.592	0.355523945422732
75.672	0.355679795647205
75.752	0.355956844451242
75.832	0.356361876224895
75.912	0.356900710933672
75.992	0.357577742819188
76.072	0.358395505706625
76.152	0.359354329241199
76.232	0.360452134021074
76.312	0.361684416139582
76.392	0.363044400016264
76.472	0.364523255676062
76.552	0.366110364847231
76.632	0.367793622003177
76.712	0.369559711075993
76.792	0.371394376921074
76.872	0.373282722883545
76.952	0.375209495838675
77.032	0.3771593561099
77.112	0.379117154544105
77.192	0.381068213339034
77.272	0.382998640253248
77.352	0.384895610401685
77.432	0.386747544424992
77.512	0.388544197001096
77.592	0.390276599746443
77.672	0.391936820991162
77.752	0.39351770603102
77.832	0.395012569201384
77.912	0.396414858923748
77.992	0.397717855526338
78.072	0.39891449588194
78.152	0.399997230012872
78.232	0.400957979421122
78.312	0.401788204851158
78.392	0.402479161083505
78.472	0.403022221612304
78.552	0.403409369184914
78.632	0.403633726216043
78.712	0.403690030643332
78.792	0.403575134274291
78.872	0.403288702250251
78.952	0.40283388916518
79.032	0.402217807224218
79.112	0.401451606815812
79.192	0.400550186473396
79.272	0.399531294185039
79.352	0.398414195672416
79.432	0.397218183249691
79.512	0.395961297809293
79.592	0.394659381896957
79.672	0.393325666174945
79.752	0.391970718210217
79.832	0.390602673422421
79.912	0.38922759936608
79.992	0.38784980253385
80.072	0.386472016922511
80.152	0.385095575728059
80.232	0.383720658983378
80.312	0.382346709644793
80.392	0.380972854907299
80.472	0.379598373461334
80.552	0.378223126269944
80.632	0.376847870237128
80.712	0.375474327135493
80.792	0.37410505492025
80.872	0.372743217951296
80.952	0.371392351899516
81.032	0.370056267423109
81.112	0.368739106559445
81.192	0.367445460739503
81.272	0.366180506110908
81.352	0.364950135126122
81.432	0.363760975052941
81.512	0.362620269111488
81.592	0.361535744127735
81.672	0.360515470351487
81.752	0.359567703517399
81.832	0.358700720432665
81.912	0.357922640254941
81.992	0.357241195722139
82.072	0.35666345748686
82.152	0.356195562902116
82.232	0.35584246289099
82.312	0.355607709932968
82.392	0.355493299945095
82.472	0.355499551336692
82.552	0.355625003805784
82.632	0.355866361954753
82.712	0.356218519468115
82.792	0.356674686473838
82.872	0.357226643367738
82.952	0.357865100659041
83.032	0.358580109900203
83.112	0.35936147827951
83.192	0.360199141401239
83.272	0.361083407820701
83.352	0.362005072739606
83.432	0.362955452235809
83.512	0.363926362340038
83.592	0.36491005681907
83.672	0.365899245380859
83.752	0.36688719970445
83.832	0.367867887476535
83.912	0.368836127015896
83.992	0.369787726093222
84.072	0.37071951076959
84.152	0.37162923661603
84.232	0.372515412255524
84.312	0.373377058024147
84.392	0.374213467101839
84.472	0.375024061130802
84.552	0.375808338584505
84.632	0.376565888252657
84.712	0.377296461953023
84.792	0.378000072679896
84.872	0.378677040079282
84.952	0.379327982052217
85.032	0.379953788920233
85.112	0.380555581359744
85.192	0.381134664642644
85.272	0.381692481386693
85.352	0.38223056967658
85.432	0.38275051532159
85.512	0.383253897518529
85.592	0.38374222914203
85.672	0.384216884877418
85.752	0.38467903764203
85.832	0.385129618661352
85.912	0.38556927841168
85.992	0.385998362754066
86.072	0.386416919821016
86.152	0.386824730955681
86.232	0.38722136476926
86.312	0.387606252521635
86.392	0.38797876046678
86.472	0.388338241181913
86.552	0.38868406607034
86.632	0.389015628263081
86.712	0.389332319495082
86.792	0.389633510079392
86.872	0.389918568721527
86.952	0.390186909291373
87.032	0.39043804493221
87.112	0.390671649097698
87.192	0.390887599197043
87.272	0.391085984964633
87.352	0.391267098071438
87.432	0.39143140362475
87.512	0.391579489374948
87.592	0.391712021698908
87.672	0.391829726891928
87.752	0.391933380733889
87.832	0.392023803061733
87.912	0.392101869073116
87.992	0.392168512012262
88.072	0.392224707262443
88.152	0.392271447158549
88.232	0.392309711733418
88.312	0.392340427933703
88.392	0.392364435180497
88.472	0.392382461018173
88.552	0.39239510262334
88.632	0.392402820808996
88.712	0.392405953032352
88.792	0.392404732718518
88.872	0.392399309887509
88.952	0.392389773474946
89.032	0.392376167215701
89.112	0.392358489922657
89.192	0.392336682922036
89.272	0.392310608006568
89.352	0.392280015298155
89.432	0.392244516480417
89.512	0.392203575642696
89.592	0.392156518134215
89.672	0.392102553935132
89.752	0.392040815125796
89.832	0.391970390674345
89.912	0.391890347783686
89.992	0.391799739813194
90.072	0.391697597803926
90.152	0.391582905660329
90.232	0.391454572727042
90.312	0.391311422181019
90.392	0.391152187662982
90.472	0.390975524264462
90.552	0.390780034222274
90.632	0.390564298695011
90.712	0.390326898904476
90.792	0.390066447331122
90.872	0.389781634959348
90.952	0.389471292633829
91.032	0.389134456908408
91.112	0.388770433304074
91.192	0.388378820982524
91.272	0.387959496120487
91.352	0.387512553255164
91.432	0.387038216749346
91.512	0.386536746378255
91.592	0.386008382523386
91.672	0.385453335067012
91.752	0.384871794130817
91.832	0.384263948997244
91.912	0.383629995245286
91.992	0.382970102031635
92.072	0.382284367724509
92.152	0.381572797479834
92.232	0.380835315923008
92.312	0.380071824967189
92.392	0.379282314203664
92.472	0.378467004517773
92.552	0.377626497298678
92.632	0.376761898436229
92.712	0.37587487703135
92.792	0.374967643415715
92.872	0.374042843303158
92.952	0.373103399222003
93.032	0.372152329190925
93.112	0.371192605968616
93.192	0.370227105879707
93.272	0.369258645083931
93.352	0.368290081638833
93.432	0.367324467017937
93.512	0.366365152232532
93.592	0.365415816792023
93.672	0.364480394428
93.752	0.519480845897174
93.832	0.518922705896518
93.912	0.518358190854596
93.992	0.517786745464813
94.072	0.517207630060587
94.152	0.516620000774896
94.232	0.516023004144121
94.312	0.515415824517213
94.392	0.514797716200873
94.472	0.514168038555526
94.552	0.513526247508632
94.632	0.512871881641844
94.712	0.51220458196972
94.792	0.511524105651189
94.872	0.510830335183177
94.952	0.510123322925724
95.032	0.509403328508841
95.112	0.508670821729064
95.192	0.50792648897481
95.272	0.507171238491365
95.352	0.506406155364123
95.432	0.505632447024307
95.512	0.504851417060867
95.592	0.50406445165846
95.672	0.503273029162418
95.752	0.502478772039328
95.832	0.501683516631586
95.912	0.500889344092377
95.992	0.500098577075038
96.072	0.499313748494759
96.152	0.498537513154469
96.232	0.49777250938837
96.312	0.497021245711089
96.392	0.496286022535579
96.472	0.495568866240354
96.552	0.494871503145929
96.632	0.494195387847501
96.712	0.493541751759571
96.792	0.49291164504795
96.872	0.492305982826502
96.952	0.491725567656428
97.032	0.491171101232332
97.112	0.490643201614552
97.192	0.490142417899862
97.272	0.489669223930035
97.352	0.489224034828354
97.432	0.48880725115804
97.512	0.488419295331064
97.592	0.488060636065158
97.672	0.48773180310558
97.752	0.487433383334932
97.832	0.487165997870819
97.912	0.48693024829494
97.992	0.486726628948265
98.072	0.486555441795789
98.152	0.486416737863886
98.232	0.486310256058813
98.312	0.48623538437739
98.392	0.48619117439683
98.472	0.48617639180353
98.552	0.486189590139141
98.632	0.486229200488744
98.712	0.486293618532595
98.792	0.486381255529354
98.872	0.486490562093728
98.952	0.486620018799521
99.032	0.486768102816912
99.112	0.486933274035091
99.192	0.487113990995353
99.272	0.487308744661095
99.352	0.487516101815263
99.432	0.48773476073706
99.512	0.487963598566887
99.592	0.488201701593444
99.672	0.488448379438932
99.752	0.488703147804405
99.832	0.48896567955787
99.912	0.48923573787664
99.992	0.489513082397099
100.072	0.489797354408176
100.152	0.490087996173314
100.232	0.490384231926392
100.312	0.490685110893641
100.392	0.490989624133141
100.472	0.491296855940513
100.552	0.491606116449885
100.632	0.491917033725927
100.712	0.492229589318231
100.792	0.492544078437876
100.872	0.492861036249057
100.952	0.493181160387606
101.032	0.493505221406337
101.112	0.493833974707052
101.192	0.494168096353591
101.272	0.494508118269255
101.352	0.494854392690975
101.432	0.495207109538535
101.512	0.49556634584253
101.592	0.495932136653915
101.672	0.496304583430874
101.752	0.496683963890444
101.832	0.497070818260426
101.912	0.497466010640202
101.992	0.497870754740014
102.072	0.498286573579
102.152	0.498715202917062
102.232	0.499158446205856
102.312	0.499618001336269
102.392	0.500095302474129
102.472	0.500591419687739
102.552	0.501107023253004
102.632	0.501642416214948
102.712	0.502197629199353
102.792	0.502772560531836
102.872	0.503367104538754
102.952	0.503981232708767
103.032	0.504615015341643
103.112	0.505268582941885
103.192	0.505942035560526
103.272	0.506635337032847
103.352	0.507348221127469
103.432	0.508080133351593
103.512	0.508830231314977
103.592	0.509597427438954
103.672	0.510380442413567
103.752	0.511177858028038
103.832	0.511988160897309
103.912	0.512809749527022
103.992	0.513640899403553
104.072	0.514479724797592
104.152	0.515324167293567
104.232	0.516172020937251
104.312	0.517020998634509
104.392	0.51786883450026
104.472	0.518713386970191
104.552	0.519552706313935
104.632	0.520385054551702
104.712	0.521208876751305
104.792	0.522022736197027
104.872	0.522825247282478
104.952	0.523615030101429
105.032	0.524390688771843
105.112	0.525150815261724
105.192	0.525894015855111
105.272	0.52661893576097
105.352	0.527324274444471
105.432	0.528008792035424
105.512	0.528671318269067
105.592	0.529310775529157
105.672	0.529926218295112
105.752	0.530516879285814
105.832	0.53108221462431
105.912	0.531621929012318
105.992	0.532135982241706
106.072	0.53262459429954
106.152	0.533088244304005
106.232	0.533527654691358
106.312	0.533943760872326
106.392	0.534337664356982
106.472	0.534710560830176
106.552	0.535063644604074
106.632	0.535398001957384
106.712	0.535714501415721
106.792	0.536013702673854
106.872	0.536295806074772
106.952	0.536560651627993
107.032	0.536807770110417
107.112	0.537036494804428
107.192	0.537246113539425
107.272	0.537436013399236
107.352	0.537605798691149
107.432	0.537755383300188
107.512	0.537885028742681
107.592	0.537995327738852
107.672	0.538087165674088
107.752	0.538161664729833
107.832	0.538220111242528
107.912	0.538263890853935
107.992	0.538294437778174
108.072	0.53831318347911
108.152	0.53832154071124
108.232	0.538320916948611
108.312	0.53831272872727
108.392	0.538298426175913
108.472	0.538279533021437
108.552	0.538257661027945
108.632	0.538234494547248
108.712	0.53821176684557
108.792	0.538191220564602
108.872	0.538174555591432
108.952	0.538163394708136
109.032	0.538159264328109
109.112	0.538163582735579
109.192	0.538177661054037
109.272	0.538202697956292
109.352	0.538239750863735
109.432	0.538289706923928
109.512	0.53835326938027
109.592	0.538430953465132
109.672	0.538523109511564
109.752	0.538629976915888
109.832	0.538751748855446
109.912	0.538888628714242
109.992	0.539040863853402
110.072	0.539208741475868
110.152	0.539392547259304
110.232	0.539592528093363
110.312	0.539808859799412
110.392	0.540041624309175
110.472	0.540290804108033
110.552	0.540556284932938
110.632	0.54083783313894
110.712	0.541135057582989
110.792	0.541447370852271
110.872	0.541773964950252
110.952	0.542113815322554
111.032	0.542465726181521
111.112	0.542828390216218
111.192	0.543200451395662
111.272	0.543580572964866
111.352	0.543967496374545
111.432	0.544360074499828
111.512	0.544757297063914
111.592	0.545158307150958
111.672	0.545562407096118
111.752	0.54596905352516
111.832	0.546377849738262
111.912	0.546788538272692
111.992	0.547200997022348
112.072	0.547615249520395
112.152	0.54803148898641
112.232	0.548450089654259
112.312	0.548871606290242
112.392	0.54929674392564
112.472	0.549726295020893
112.552	0.550161058460277
112.632	0.550601786240544
112.712	0.551049161103027
112.792	0.551503802753393
112.872	0.551966317661235
112.952	0.552437368587011
113.032	0.552917696296554
113.112	0.553408109885556
113.192	0.553909472036164
113.272	0.554422649610025
113.352	0.554948443911966
113.432	0.5554875562312
113.512	0.556040570843785
113.592	0.556607951654213
113.672	0.55719007553968
113.752	0.55778729093841
113.832	0.558399955798857
113.912	0.559028470768273
113.992	0.559673297579233
114.072	0.560334928411837
114.152	0.561013820588868
114.232	0.561710344204482
114.312	0.562424725590726
114.392	0.563157004455498
114.472	0.563907026965287
114.552	0.564674470740949
114.632	0.565458858519926
114.712	0.566259581782324
114.792	0.567075922462305
114.872	0.567907055257751
114.952	0.568752027243122
115.032	0.569609759355529
115.112	0.570479057600115
115.192	0.571358622231753
115.272	0.572247061727847
115.352	0.573142915840155
115.432	0.5740446745412
115.512	0.574950814977079
115.592	0.575859850667293
115.672	0.57677037084618
115.752	0.577681074139778
115.832	0.578590804752768
115.912	0.579498551812094
115.992	0.580403402681993
116.072	0.581304478898508
116.152	0.582200865220446
116.232	0.583091536010368
116.312	0.583975325466759
116.392	0.584850950990254
116.472	0.585717068349982
116.552	0.586572345691505
116.632	0.587415543433927
116.712	0.588245562017902
116.792	0.589061463061261
116.872	0.589862477661228
116.952	0.590647985398999
117.032	0.591417474799071
117.112	0.592170502492515
117.192	0.592906642412859
117.272	0.593625429592566
117.352	0.594326330977695
117.432	0.595008751643988
117.512	0.59567205821303
117.592	0.596315620761875
117.672	0.596938864383786
117.752	0.59754131416499
117.832	0.598122616911291
117.912	0.598682525162978
117.992	0.599220858055758
118.072	0.599737458503549
118.152	0.60023216079841
118.232	0.60070476811052
118.312	0.601155057189002
118.392	0.601582817851558
118.472	0.601987913347238
118.552	0.602370352505067
118.632	0.602730352912317
118.712	0.603068368289579
118.792	0.603385065142555
118.872	0.603681270863318
118.952	0.60395790704191
119.032	0.604215926115518
119.112	0.604456287410499
119.192	0.604679966383794
119.272	0.60488797761227
119.352	0.605081405272696
119.432	0.605261428821821
119.512	0.605429324101118
119.592	0.60558645375762
119.672	0.605734253182013
119.752	0.605874186869376
119.832	0.606007686937071
119.912	0.606136092723642
119.992	0.606260576743619
120.072	0.606382081668634
120.152	0.606501296380608
120.232	0.606618678573229
120.312	0.606734502930261
120.392	0.606848929758484
120.472	0.606962061616956
120.552	0.607073978321464
120.632	0.607184755121821
120.712	0.607294485755021
120.792	0.607403315853564
120.872	0.607511488795702
120.952	0.607619382525256
121.032	0.607727529281405
121.112	0.607836588642361
121.192	0.607947285561004
121.272	0.608060330654408
121.352	0.608176341934572
121.432	0.608295781826529
121.512	0.608418955241565
121.592	0.608546065800172
121.672	0.608677311819492
121.752	0.608813004436484
121.832	0.608953681409438
121.912	0.60910017827552
121.992	0.609253643734811
122.072	0.609415489397844
122.152	0.609587285409126
122.232	0.609770640078757
122.312	0.609967086588624
122.392	0.610177989268538
122.472	0.610404493385526
122.552	0.610647531387936
122.632	0.610907842097694
122.712	0.611185979361564
122.792	0.611482315479031
122.872	0.611797045889936
122.952	0.612130201060701
123.032	0.6124816810839
123.112	0.612851326840614
123.192	0.613239018853925
123.272	0.613644768483516
123.352	0.614068778260495
123.432	0.614511450397266
123.512	0.614973339636523
123.592	0.615455065959898
123.672	0.61595720573011
123.752	0.616480169966388
123.832	0.617024112642646
123.912	0.617588885764017
123.992	0.618174026317364
124.072	0.618778765308031
124.152	0.619402063098551
124.232	0.620042656516824
124.312	0.620699106055082
124.392	0.621369836199838
124.472	0.622053175339524
124.552	0.622747379886921
124.632	0.623450655915303
124.712	0.62416117225941
124.792	0.62487707761346
124.872	0.625596530735919
124.952	0.626317755293621
125.032	0.62703909676626
125.112	0.627759085174849
125.192	0.628476494456258
125.272	0.629190380351397
125.352	0.629900086966543
125.432	0.630605226101795
125.512	0.631305620673051
125.592	0.632001216431267
125.672	0.632691975883429
125.752	0.633377772586851
125.832	0.634058300939417
125.912	0.634733030545708
125.992	0.635401207416729
126.072	0.636061905722245
126.152	0.636714130513707
126.232	0.637356931555129
126.312	0.637989485374369
126.392	0.638611147671261
126.472	0.63922146267798
126.552	0.639820119742557
126.632	0.64040687574544
126.712	0.640981483982608
126.792	0.641543640260269
126.872	0.642092964032623
126.952	0.642629000318721
127.032	0.6431512260453
127.112	0.64365906302913
127.192	0.644151907504983
127.272	0.644629149736054
127.352	0.645090190170341
127.432	0.645534465212952
127.512	0.645961472143908
127.592	0.646370767866461
127.672	0.646761958341959
127.752	0.647134684981725
127.832	0.647488612089756
127.912	0.647823427105442
127.992	0.64813884583491
128.072	0.648434616582941
128.152	0.648710535235858
128.232	0.648966464285538
128.312	0.649202326369192
128.392	0.649418084622956
128.472	0.649613742401076
128.552	0.649789359443037
128.632	0.649945078527981
128.712	0.650081163634689
128.792	0.650198038676887
128.872	0.65029629715737
128.952	0.650376683641564
129.032	0.650440056469215
129.112	0.650487340255017
129.192	0.650519481918368
129.272	0.650537427487584
129.352	0.650542115368263
129.432	0.650534492090922
129.512	0.650515545281815
129.592	0.650486344502991
129.672	0.650448070050114
129.752	0.650402021322587
129.832	0.650349604043304
129.912	0.65029229322584
129.992	0.65023158296564
130.072	0.650168933487807
130.152	0.650105732391773
130.232	0.650043273161845
130.312	0.649982760361921
130.392	0.649925334789032
130.472	0.649872107081155
130.552	0.649824187673294
130.632	0.649782710625344
130.712	0.649748844763209
130.792	0.649723799787645
130.872	0.649708816170671
130.952	0.64970513541491
131.032	0.649713966194099
131.112	0.649736451817886
131.192	0.649773625606028
131.272	0.649826367925696
131.352	0.649895386833644
131.432	0.649981215113457
131.512	0.650084214504716
131.592	0.650204591512769
131.672	0.650342416806596
131.752	0.650497626164138
131.832	0.65067001633351
131.912	0.650859246596404
131.992	0.651064840156132
132.072	0.65128618126881
132.152	0.651522519868635
132.232	0.651772982107091
132.312	0.652036578271312
132.392	0.652312214552367
132.472	0.652598729144475
132.552	0.652894945718722
132.632	0.653199739709939
132.712	0.653512116806997
132.792	0.653831292623048
132.872	0.654156749606444
132.952	0.654488271352961
133.032	0.654825941541925
133.112	0.65517010847008
133.192	0.655521329845509
133.272	0.65588032191972
133.352	0.656247904725022
133.432	0.656624942337075
133.512	0.657012283190693
133.592	0.657410724082377
133.672	0.657820990495942
133.752	0.658243738255681
133.832	0.658679565347549
133.912	0.659129025206654
133.992	0.659592620406293
134.072	0.660070773393727
134.152	0.66056377163674
134.232	0.661071710935702
134.312	0.661594455611587
134.392	0.662131637994207
134.472	0.662682700231988
134.552	0.663246983474233
134.632	0.663823824507652
134.712	0.664412635680366
134.792	0.665012940779433
134.872	0.665624353865293
134.952	0.666246509059804
135.032	0.666878992932095
135.112	0.667521296411076
135.192	0.668172798004763
135.272	0.668832783633594
135.352	0.669500507051485
135.432	0.670175273493643
135.512	0.67085652995523
135.592	0.671543937670726
135.672	0.672237411036784
135.752	0.672937118652728
135.832	0.673643439240263
135.912	0.674356865532853
135.992	0.675077877193524
136.072	0.675806819200664
136.152	0.676543815442377
136.232	0.677288738858117
136.312	0.678041238953649
136.392	0.678800810449527
136.472	0.679566891618382
136.552	0.680338942299736
136.632	0.681116455670877
136.712	0.681898921078901
136.792	0.682685752904935
136.872	0.683476203506889
136.952	0.684269284464916
137.032	0.685063720485269
137.112	0.685857939090214
137.192	0.686650087826549
137.272	0.68743807651775
137.352	0.688219629071979
137.432	0.688992334422485
137.512	0.689753695326599
137.592	0.690501173079699
137.672	0.691232237260236
137.752	0.691944412125187
137.832	0.69263532772072
137.912	0.693302766020173
137.992	0.693944697812699
138.072	0.694559296148074
138.152	0.695144941291638
138.232	0.695700213506115
138.312	0.696223879586976
138.392	0.696714887679871
138.472	0.697172367937899
138.552	0.697595634304355
138.632	0.69798418977339
138.712	0.698337726665981
138.792	0.698656110679343
138.872	0.698939361016974
138.952	0.69918763970001
139.032	0.699401249259548
139.112	0.699580645007369
139.192	0.699726464148374
139.272	0.699839551230188
139.352	0.699920965040041
139.432	0.699971966460842
139.512	0.699993993821455
139.592	0.699988623790132
139.672	0.699957538457554
139.752	0.699902494500549
139.832	0.699825286778126
139.912	0.699727706795674
139.992	0.699611499599211
140.072	0.699478303604924
140.152	0.699329583823358
140.232	0.699166589777406
140.312	0.698990342036957
140.392	0.698801654460691
140.472	0.698601199287781
140.552	0.698389600960564
140.632	0.744886004641097
140.712	0.744074960329899
140.792	0.743253620356251
140.872	0.742428400830294
140.952	0.741605959169346
141.032	0.740792929202653
141.112	0.73999561824707
141.192	0.739219743237031
141.272	0.738470239410793
141.352	0.737751130481195
141.432	0.737065453294472
141.512	0.736415246468853
141.592	0.735801590232766
141.672	0.735224695167352
141.752	0.73468401946174
141.832	0.734178421692262
141.912	0.733706361152032
141.992	0.733266123718595
142.072	0.732856026683288
142.152	0.732474584243752
142.232	0.732120612361426
142.312	0.731793247760164
142.392	0.731491899368448
142.472	0.731216132920574
142.552	0.730965527204352
142.632	0.730739536149192
142.712	0.730537399080886
142.792	0.730358108363363
142.872	0.730200437404475
142.952	0.73006301209873
143.032	0.729944398776018
143.112	0.729843177618429
143.192	0.729757987382419
143.272	0.729687534179826
143.352	0.729630578437975
143.432	0.729585900416394
143.512	0.729552265531135
143.592	0.729528407292429
143.672	0.729513037900754
143.752	0.729504881222001
143.832	0.729502723463648
143.912	0.729505467283969
143.992	0.72951217904629
144.072	0.729522123928211
144.152	0.729534783778883
144.232	0.729549858009422
144.312	0.729567252818834
144.392	0.729587062641558
144.472	0.729609550917514
144.552	0.729635140634665
144.632	0.729664413545718
144.712	0.729698118246889
144.792	0.729737180934061
144.872	0.729782708251284
144.952	0.729835972764912
145.032	0.72989838313096
145.112	0.729971436761273
145.192	0.73005665758035
145.272	0.730155535603677
145.352	0.730269484760919
145.432	0.730399818078046
145.512	0.730547733125787
145.592	0.730714319536842
145.672	0.730900581971939
145.752	0.731107473223416
145.832	0.731335930757366
145.912	0.731586895163575
145.992	0.731861295406295
146.072	0.732160007830183
146.152	0.732483787358214
146.232	0.732833183564269
146.312	0.733208501124354
146.392	0.73360982526342
146.472	0.734037027696884
146.552	0.734489750266517
146.632	0.734967350263192
146.712	0.735468776018218
146.792	0.735992399696366
146.872	0.736535879514859
146.952	0.737096072660263
147.032	0.737669058152305
147.112	0.738250328662739
147.192	0.73883502110411
147.272	0.739418081120027
147.352	0.739994374466709
147.432	0.740558698991139
147.512	0.741105616437293
147.592	0.741629245188838
147.672	0.742123180675209
147.752	0.742580554116019
147.832	0.742994215429936
147.912	0.743357145808423
147.992	0.74366303260023
148.072	0.743906852173675
148.152	0.744085325556975
148.232	0.744197150427704
148.312	0.744242874506144
148.392	0.744224510742873
148.472	0.744145097088781
148.552	0.744008212832155
148.632	0.743817558582288
148.712	0.743576779669871
148.792	0.743289464411577
148.872	0.742959145825592
148.952	0.742589348393969
149.032	0.742183613419451
149.112	0.741745391532225
149.192	0.741277893323895
149.272	0.740783990067738
149.352	0.74026615927364
149.432	0.739726523660616
149.512	0.739167014640445
149.592	0.738589576215896
149.672	0.737996382809159
149.752	0.737390042658761
149.832	0.736773726793549
149.912	0.736151200716643
149.992	0.735526783296999
150.072	0.734905224032817
150.152	0.734291570416856
150.232	0.733691068378333
150.312	0.733109099504984
150.392	0.732551149136627
150.472	0.732022800811924
150.552	0.731529705255129
150.632	0.731077528705745
150.712	0.730671877428231
150.792	0.730318215907994
150.872	0.730021800086627
150.952	0.72978763847839
151.032	0.729620488049965
151.112	0.729524871445433
151.192	0.72950509677049
151.272	0.729565269393762
151.352	0.729709286548436
151.432	0.729940804522824
151.512	0.730263182687215
151.592	0.730679411147529
151.672	0.73119202670293
151.752	0.731803027674056
151.832	0.73251380041455
151.912	0.733325053212697
151.992	0.734236785006209
152.072	0.735248291461607
152.152	0.736358175197148
152.232	0.737564344632572
152.312	0.738864082717159
152.392	0.740254198073048
152.472	0.741731257051702
152.552	0.743291893706731
152.632	0.744933180822324
152.712	0.746652884957443
152.792	0.748449544454791
152.872	0.750322343204951
152.952	0.752270787243107
153.032	0.754294259705604
153.112	0.756391682435288
153.192	0.758561340131541
153.272	0.760800930507722
153.352	0.763107824529721
153.432	0.765479425730627
153.512	0.767913388786473
153.592	0.77040764917527
153.672	0.772960243157888
153.752	0.775568997502562
153.832	0.778231158494696
153.912	0.780943145325468
153.992	0.783700403023895
154.072	0.786497435083058
154.152	0.789327986244077
154.232	0.792185276024595
154.312	0.795062124950734
154.392	0.797951014413682
154.472	0.80084408572152
154.552	0.803733122761082
154.632	0.806609529961039
154.712	0.809464374928963
154.792	0.812288447762471
154.872	0.815072366697313
154.952	0.817806699469832
155.032	0.820482090496769
155.112	0.823089387325313
155.192	0.825619861128148
155.272	0.828065462269107
155.352	0.830419043355567
155.432	0.832674569785178
155.512	0.83482724497329
155.592	0.836873569281694
155.672	0.838811318084041
155.752	0.840639472664995
155.832	0.842358105622786
155.912	0.843968249615981
155.992	0.845471685873949
156.072	0.84687064878432
156.152	0.848167487509347
156.232	0.849364395896961
156.312	0.850463199747606
156.392	0.851465289095174
156.472	0.852371682620936
156.552	0.853183226304738
156.632	0.853900863813447
156.712	0.854525910697985
156.792	0.8550602045686
156.872	0.855506131148505
156.952	0.855866507894422
157.032	0.856144343403207
157.112	0.856342553950311
157.192	0.856463741714547
157.272	0.856510097048258
157.352	0.856483440151417
157.432	0.856385332256645
157.512	0.856217132166227
157.592	0.855980007875718
157.672	0.855674837485203
157.752	0.855301989510222
157.832	0.854861118121473
157.912	0.854351155587924
157.992	0.853770447126104
158.072	0.853117002666979
158.152	0.852388832039015
158.232	0.851584244289889
158.312	0.850701988289488
158.392	0.849741340887425
158.472	0.848702101555004
158.552	0.847584539604007
158.632	0.846389387122462
158.712	0.845117909150064
158.792	0.843771846074647
158.872	0.842353258947535
158.952	0.840864409632282
159.032	0.839307689635772
159.112	0.837685590333713
159.192	0.836000851920405
159.272	0.834256784625245
159.352	0.832457619382078
159.432	0.830608748229407
159.512	0.828716799144447
159.592	0.826789418876489
159.672	0.824834857502255
159.752	0.822861502407312
159.832	0.820877503148823
159.912	0.818890552770648
159.992	0.816907916733689
160.072	0.814936634098443
160.152	0.812983761302219
160.232	0.811056520969752
160.312	0.80916235851152
160.392	0.80730887371289
160.472	0.805503632812281
160.552	0.803753864801523
160.632	0.802066174708967
160.712	0.800446359446076
160.792	0.798899309849082
160.872	0.797428999592698
160.952	0.796038592594419
161.032	0.794730586786615
161.112	0.793507008740464
161.192	0.792369660089618
161.272	0.791320347426739
161.352	0.790360983523898
161.432	0.7894935528023
161.512	0.788719927001898
161.592	0.788041530947025
161.672	0.787459049466309
161.752	0.786972279870644
161.832	0.786580147566562
161.912	0.786280896608888
161.992	0.786072449736151
162.072	0.785952794803476
162.152	0.785920243333239
162.232	0.785973517972936
162.312	0.78611164411061
162.392	0.786333737017488
162.472	0.786638805407046
162.552	0.7870256637362
162.632	0.787492927356508
162.712	0.788039063389464
162.792	0.788662423880099
162.872	0.789361164966275
162.952	0.790133050687681
163.032	0.790975243188983
163.112	0.791884176617545
163.192	0.792855550650613
163.272	0.793884467412374
163.352	0.794965718540952
163.432	0.796094072223427
163.512	0.797264488940028
163.592	0.798472212878591
163.672	0.799712683398399
163.752	0.800981325839059
163.832	0.802273420696404
163.912	0.803584125872677
163.992	0.804908620134009
164.072	0.806242342890902
164.152	0.80758123128197
164.232	0.808921832482836
164.312	0.810261201954996
164.392	0.811596658073841
164.472	0.81292543218162
164.552	0.814244332218289
164.632	0.815549624537942
164.712	0.81683712687836
164.792	0.81810237581284
164.872	0.819340857467248
164.952	0.820548305736898
165.032	0.821720847535252
165.112	0.822854951351266
165.192	0.823947370875528
165.272	0.824995102335228
165.352	0.825995299039667
165.432	0.826945253804515
165.512	0.827842398897166
165.592	0.82868424025555
165.672	0.829468301928022
165.752	0.830192137949906
165.832	0.8308532801792
165.912	0.831449216929132
165.992	0.831977469049987
166.072	0.832435696600429
166.152	0.832821770594526
166.232	0.833133979588553
166.312	0.833371322846991
166.392	0.833533801878881
166.472	0.833622672520402
166.552	0.833640649349661
166.632	0.833591912483643
166.712	0.83348191320554
166.792	0.833317079403612
166.872	0.833104448873968
166.952	0.832851308507033
167.032	0.832565039815336
167.112	0.832253097454506
167.192	0.831922968101706
167.272	0.831582111973072
167.352	0.831237914885799
167.432	0.83089747959553
167.512	0.830567367802891
167.592	0.830253421545061
167.672	0.829960646112388
167.752	0.829693116627228
167.832	0.8294540446068
167.912	0.829245892809316
167.992	0.82907049716963
168.072	0.828929219120942
168.152	0.828823107067263
168.232	0.828752933104616
168.312	0.828719232110776
168.392	0.82872233575746
168.472	0.828762376570603
168.552	0.82883927079873
168.632	0.828952732203129
168.712	0.829102251731873
168.792	0.829287072727483
168.872	0.829506140316807
168.952	0.829757940480329
169.032	0.830040275615163
169.112	0.830350119786777
169.192	0.830683548925569
169.272	0.831035780397487
169.352	0.831401391340931
169.432	0.831774605158275
169.512	0.832149536240882
169.592	0.832520409471472
169.672	0.832881759928148
169.752	0.8332285411939
169.832	0.833556228468948
169.912	0.833860989729018
169.992	0.834139864940875
170.072	0.834390905106131
170.152	0.834613264042021
170.232	0.834807156525654
170.312	0.834973665338607
170.392	0.835114446748564
170.472	0.83523135269178
170.552	0.835326047383626
170.632	0.835399747056924
170.712	0.835453078236513
170.792	0.835486019162317
170.872	0.835497941333479
170.952	0.835487719623671
171.032	0.835453906644499
171.112	0.835394978444841
171.192	0.835309628185778
171.272	0.835197037207754
171.352	0.835057144566909
171.432	0.834890809741596
171.512	0.834699809727569
171.592	0.834486636204153
171.672	0.834254204202265
171.752	0.834005494762957
171.832	0.83374326255989
171.912	0.833469897100573
171.992	0.833187498551199
172.072	0.832898082297783
172.152	0.832603854606029
172.232	0.832307359896193
172.312	0.832011454004681
172.392	0.83171914061762
172.472	0.831433395770107
172.552	0.831157022209426
172.632	0.830892679472248
172.712	0.830643070577251
172.792	0.830411219932371
172.872	0.830200760429099
172.952	0.830016129605299
173.032	0.829862536506093
173.112	0.829745690251768
173.192	0.829671487719514
173.272	0.829645714896929
173.352	0.829673807550448
173.432	0.829760738256853
173.512	0.829911031303746
173.592	0.83012879225206
173.672	0.830417707796839
173.752	0.830780988625493
173.832	0.831221247275147
173.912	0.831740318222307
173.992	0.832339103697125
174.072	0.833017431047081
174.152	0.833773907605687
174.232	0.834605828341786
174.312	0.835509223964388
174.392	0.836478955984164
174.472	0.837508878672773
174.552	0.838592121385661
174.632	0.839721452352959
174.712	0.840889589538085
174.792	0.842089419731234
174.872	0.8433140979048
174.952	0.844557040912685
175.032	0.845811850045784
175.112	0.847072216141811
175.192	0.84833181968928
175.272	0.849584318596946
175.352	0.850823471928647
175.432	0.852043342029962
175.512	0.85323848954201
175.592	0.854404166004169
175.672	0.855536458559095
175.752	0.85663232180814
175.832	0.857689516730746
175.912	0.858706512709349
175.992	0.859682379714453
176.072	0.860616699193761
176.152	0.861509541024269
176.232	0.862361452620014
176.312	0.863173476326818
176.392	0.863947216172647
176.472	0.864684858074261
176.552	0.865389114725479
176.632	0.866063193196883
176.712	0.866710758723251
176.792	0.86733583953885
176.872	0.867942706040003
176.952	0.868535746689133
177.032	0.8691192778148
177.112	0.869697356109738
177.192	0.870273598959823
177.272	0.870851007666397
177.352	0.871431814261047
177.432	0.872017410896476
177.512	0.87260830301463
177.592	0.873204078905218
177.672	0.873803482426348
177.752	0.874404583569032
177.832	0.875004972832045
177.912	0.875601976250744
177.992	0.876192897846439
178.072	0.876960114926902
178.152	0.877706458322859
178.232	0.878425199141621
178.312	0.879113533792903
178.392	0.879771373212343
178.472	0.880400351462626
178.552	0.881003076567909
178.632	0.881582605239638
178.712	0.882142104985542
178.792	0.882684651785825
178.872	0.883213118822335
178.952	0.883730124527236
179.032	0.88423801659602
179.112	0.884738874140629
179.192	0.885234521956573
179.272	0.885726553210166
179.352	0.886216355603404
179.432	0.886705137802686
179.512	0.887193954475096
179.592	0.887683725783587
179.672	0.888175251376602
179.752	0.888669219326918
179.832	0.889166210168421
179.912	0.889666697671656
179.992	0.890171051931173
180.072	0.890679544009735
180.152	0.891192351969899
180.232	0.891709570171336
180.312	0.892231222556296
180.392	0.892757276322062
180.472	0.893287655357581
180.552	0.893822253226647
180.632	0.894360942518114
180.712	0.894903579926767
180.792	0.895450009199903
180.872	0.896000062410598
180.952	0.896553558928927
181.032	0.897110305363872
181.112	0.897670097136876
181.192	0.898232719972416
181.272	0.898797951947785
181.352	0.899365567620974
181.432	0.899935341989076
181.512	0.900507054010856
181.592	0.901080489485675
181.672	0.901655442861772
181.752	0.90223171771895
181.832	0.902809126704749
181.912	0.903387490712504
181.992	0.903966637469653
182.072	0.904546400150361
182.152	0.905126616049186
182.232	0.905707125979349
182.312	0.906287774765874
182.392	0.906868413068244
182.472	0.907448899547029
182.552	0.908029103671694
182.632	0.908608907842105
182.712	0.90918820814499
182.792	0.909766913478194
182.872	0.91034494363771
182.952	0.910922226606754
183.032	0.911498696226111
183.112	0.912074290800813
183.192	0.912648952866062
183.272	0.913222629436381
183.352	0.913795272114658
183.432	0.914366836527316
183.512	0.914937280560748
183.592	0.915506561905802
183.672	0.916074635694734
183.752	0.916641452702914
183.832	0.917206958451471
183.912	0.917771093772453
183.992	0.918333796481431
184.072	0.918895003733963
184.152	0.91945465448771
184.232	0.920012691627873
184.312	0.920569063417888
184.392	0.921123724319555
184.472	0.921676634967627
184.552	0.922227761334865
184.632	0.922777073735656
184.712	0.923324546195987
184.792	0.923870156283909
184.872	0.924413885527425
184.952	0.924955720561986
185.032	0.925495654485465
185.112	0.926033687899501
185.192	0.926569829506713
185.272	0.92710409610569
185.352	0.92763651195663
185.432	0.928167107717474
185.512	0.92869591940423
185.592	0.929222987521397
185.672	0.929748356502518
185.752	0.930272075232153
185.832	0.930794198235949
185.912	0.931314787152141
185.992	0.931833912564469
186.072	0.932351656117136
186.152	0.932868111916493
186.232	0.933383387052229
186.312	0.933897601568409
186.392	0.934410887846857
186.472	0.934923389690887
186.552	0.935435261539617
186.632	0.935946667325581
186.712	0.93645777869853
186.792	0.936968772496533
186.872	0.937479828065637
186.952	0.93799112434789
187.032	0.938502838502792
187.112	0.939015146135731
187.192	0.939528222878113
187.272	0.940042246166582
187.352	0.940557396197665
