0.072	-0.0294361524193079
0.152	-0.024420201764201
0.232	-0.0196198780158525
0.312	-0.015024742182014
0.392	-0.0106248517795748
0.472	-0.00641074220803972
0.552	-0.00237340630472005
0.632	0.00149572779746165
0.712	0.00520482112175102
0.792	0.00876164616371966
0.872	0.0121736055918262
0.952	0.0154477504964206
1.032	0.0185907929230495
1.112	0.0216091131314613
1.192	0.0245087680057665
1.272	0.0272955021939509
1.352	0.0299747576294749
1.432	0.0325516873823659
1.512	0.0350311729593642
1.592	0.0374178396241973
1.672	0.0397160692157144
1.752	0.0419300152544864
1.832	0.044063614819251
1.912	0.0461205987203641
1.992	0.0481045011208323
2.072	0.050018668728903
2.152	0.0518662682745372
2.232	0.0536502962595975
2.312	0.0553735909767425
2.392	0.0570388455383295
2.472	0.0586486210497554
2.552	0.0602053595334198
2.632	0.061711393445016
2.712	0.0631689508899598
2.792	0.0645801577697966
2.872	0.0659470389736754
2.952	0.06727151909881
3.032	0.0685554246091939
3.112	0.0698004893427253
3.192	0.0710083616602617
3.272	0.0721806111790571
3.352	0.07331873379011
3.432	0.0744241555059943
3.512	0.0754982350038631
3.592	0.0765422666430169
3.672	0.0775574846489349
3.752	0.0785450672737227
3.832	0.0795061405824669
3.912	0.0804417819959511
3.992	0.0813530220457466
4.072	0.0822408441619373
4.152	0.0831061824347543
4.232	0.0839499183706209
4.312	0.0847728761626172
4.392	0.0855758182885111
4.472	0.0863594422891936
4.552	0.0871243798586505
4.632	0.0878711975452973
4.712	0.0886003995929201
4.792	0.0893124320168184
4.872	0.09000768689355
4.952	0.0906865056435606
5.032	0.0913491813824834
5.112	0.0919959583671499
5.192	0.0926270293469003
5.272	0.0932425324481727
5.352	0.0938425502819413
5.432	0.0944271111317079
5.512	0.0949961941270274
5.592	0.0955497377261594
5.672	0.0960876492043639
5.752	0.0966098128916428
5.832	0.0971160974131777
5.912	0.0976063599116159
5.992	0.0980804450531494
6.072	0.0985381790269457
6.152	0.0989793611168608
6.232	0.0994037536456176
6.312	0.0998110704616835
6.392	0.100200966878951
6.472	0.10057303299704
6.552	0.100926791955665
6.632	0.101261701842773
6.712	0.101577161864903
6.792	0.101872519682388
6.872	0.102147078765853
6.952	0.10240010312539
7.032	0.102630820009423
7.112	0.102838418879728
7.192	0.103022050076085
7.272	0.103180823358976
7.352	0.103313806846572
7.432	0.103420024116417
7.512	0.103498453324917
7.592	0.103548028446468
7.672	0.103567640802787
7.752	0.103556140207253
7.832	0.103512340295666
7.912	0.103435026742346
7.992	0.10332296997916
8.072	0.103174946570832
8.152	0.102989772519464
8.232	0.102766351668272
8.312	0.102503743411383
8.392	0.102201252643141
8.472	0.101858546518741
8.552	0.101475808474589
8.632	0.101053938164547
8.712	0.100594809387196
8.792	0.100101598116112
8.872	0.0995791831624473
8.952	0.09903459825982
9.032	0.0984774861817215
9.112	0.0979204512614444
9.192	0.0973791289004495
9.272	0.0968716991878367
9.352	0.0964174822402555
9.432	0.0960341988543831
9.512	0.0965817838314464
9.592	0.0971590772573734
9.672	0.0977636292756614
9.752	0.0983929863944297
9.832	0.0990447016138987
9.912	0.0997163443538156
9.992	0.100405508036268
10.072	0.101109810786156
10.152	0.101826978641036
10.232	0.102554934087124
10.312	0.103291887474555
10.392	0.104036397412003
10.472	0.104787348716592
10.552	0.105543813220969
10.632	0.106304925697849
10.712	0.107069775955004
10.792	0.107837333665387
10.872	0.108606450335643
10.952	0.109375950590412
11.032	0.110144720338639
11.112	0.11091177756299
11.192	0.111676274503438
11.272	0.112437408033045
11.352	0.113194264644505
11.432	0.113945651635653
11.512	0.114689928221281
11.592	0.115424892624304
11.672	0.116147817336106
11.752	0.116855591541011
11.832	0.117544913535149
11.912	0.118212509128966
11.992	0.118855300888022
12.072	0.119470470695418
12.152	0.120055457716276
12.232	0.12060789635089
12.312	0.121125526450811
12.392	0.121606129576875
12.472	0.122047561556769
12.552	0.122447794533606
12.632	0.122804943731978
12.712	0.123117252996984
12.792	0.123383078717218
12.872	0.123600877092372
12.952	0.123769237045053
13.032	0.123886951501561
13.112	0.123953091203113
13.192	0.123967068885484
13.272	0.123928708819683
13.352	0.123838284650489
13.432	0.123696545901183
13.512	0.123504745730173
13.592	0.12326467220862
13.672	0.122978630265635
13.752	0.122649358027729
13.832	0.122279896593255
13.912	0.121873432482545
13.992	0.121433101943012
14.072	0.120961807473606
14.152	0.120462076041889
14.232	0.119935971522487
14.312	0.119385057218011
14.392	0.118810385137763
14.472	0.118212439296521
14.552	0.117591070130644
14.632	0.116945454435154
14.712	0.116274113715718
14.792	0.115574984615449
14.872	0.114845593980675
14.952	0.114083341710547
15.032	0.113285852904184
15.112	0.112451348562459
15.192	0.111579018020755
15.272	0.110669298952146
15.352	0.109724013655153
15.432	0.108746298683492
15.512	0.107740375588165
15.592	0.106711233165967
15.672	0.105664247858101
15.752	0.104604819577787
15.832	0.103538098076484
15.912	0.102468814951052
15.992	0.101401170270321
16.072	0.10033881079714
16.152	0.0992848771157071
16.232	0.0982420663680159
16.312	0.0972126715441917
16.392	0.0961986523737508
16.472	0.0952016869137395
16.552	0.0942232171331625
16.632	0.0932645273634449
16.712	0.0923268378128554
16.792	0.0914113626305166
16.872	0.0905194338309343
16.952	0.0896527147062187
17.032	0.0888133767571588
17.112	0.0880042411594459
17.192	0.0872289056549178
17.272	0.0864917528496534
17.352	0.0857978038861233
17.432	0.0851525699127222
17.512	0.0845619019331636
17.592	0.0840318872712373
17.672	0.0835688196760245
17.752	0.0831791935219997
17.832	0.0828695947039435
17.912	0.0826465129188207
17.992	0.0825160025534331
18.072	0.0824832590018048
18.152	0.0825522411574724
18.232	0.0827254951855707
18.312	0.0830040413756734
18.392	0.0833874024143029
18.472	0.0838737193054868
18.552	0.084459872149111
18.632	0.0851415555930117
18.712	0.0859134336441372
18.792	0.0867692778206646
18.872	0.0877021424384736
18.952	0.0887045884881701
19.032	0.0897688849394598
19.112	0.0908871225155323
19.192	0.092051398920951
19.272	0.0932540492918221
19.352	0.0944879132612186
19.432	0.0957466093007469
19.512	0.097024838797779
19.592	0.0983184990875756
19.672	0.0996246193570585
19.752	0.100941096626585
19.832	0.102266299910838
19.912	0.103598623310418
19.992	0.104936186846302
20.072	0.106276646156694
20.152	0.107617113786972
20.232	0.108954229660156
20.312	0.110284357155308
20.392	0.111603775593323
20.472	0.112908901772741
20.552	0.11419650282734
20.632	0.115463840413469
20.712	0.116708727662541
20.792	0.11792955617252
20.872	0.119125235586381
20.952	0.120295041998936
21.032	0.121438455364057
21.112	0.12255498123568
21.192	0.123643955596101
21.272	0.124704404831107
21.352	0.125735019396501
21.432	0.126734211268356
21.512	0.127700261407377
21.592	0.12863150410702
21.672	0.12952649695201
21.752	0.130384096700055
21.832	0.131203459008887
21.912	0.131983998121896
21.992	0.132725312631763
22.072	0.133427103021319
22.152	0.134089183822624
22.232	0.134711579446261
22.312	0.135294630129351
22.392	0.135839088576631
22.472	0.136346161287406
22.552	0.136817457399317
22.632	0.137254874169344
22.712	0.137660479549027
22.792	0.138036377238407
22.872	0.138384625888719
22.952	0.138707245621475
23.032	0.139006265073931
23.112	0.139283765436659
23.192	0.139541967941796
23.272	0.139783281100122
23.352	0.140010291748865
23.432	0.140225730797326
23.512	0.140432426964963
23.592	0.140633217504032
23.672	0.140830886713388
23.752	0.141028105306972
23.832	0.141227336066009
23.912	0.141430727685545
23.992	0.141640055262201
24.072	0.141856694800069
24.152	0.142081662420054
24.232	0.142315714960574
24.312	0.142559459685046
24.392	0.142813454571936
24.472	0.143078294128983
24.552	0.14335456067684
24.632	0.143642677132746
24.712	0.143942733164707
24.792	0.144254305367852
24.872	0.144576311091186
24.952	0.144907021637849
25.032	0.14524418712476
25.112	0.145585255725436
25.192	0.145927649631957
25.272	0.146269016948878
25.352	0.146607318533768
25.432	0.146940848523229
25.512	0.147268199050302
25.592	0.147588163441242
25.672	0.147899610939263
25.752	0.148201447519028
25.832	0.148492597092982
25.912	0.148771982014352
25.992	0.149038512104482
26.072	0.149291101782737
26.152	0.149528685082117
26.232	0.1497502470786
26.312	0.149954866870289
26.392	0.150141782065376
26.472	0.150310460611095
26.552	0.150460701780133
26.632	0.150592711712619
26.712	0.150707146901041
26.792	0.150805134660558
26.872	0.150888275056204
26.952	0.150958648722209
27.032	0.151018838516549
27.112	0.151071927877027
27.192	0.151121466639893
27.272	0.151171399851421
27.352	0.151225914636385
27.432	0.151289207288002
27.512	0.15136525418724
27.592	0.151457627639346
27.672	0.151569373154288
27.752	0.151703016160482
27.832	0.151860656471086
27.912	0.152044070078361
27.992	0.152254762337108
28.072	0.152493992922899
28.152	0.152762726424498
28.232	0.153061586241563
28.312	0.153390870842884
28.392	0.153750648407836
28.472	0.154140849311986
28.552	0.154561340205149
28.632	0.155011923280085
28.712	0.155492257412604
28.792	0.156001701051025
28.872	0.156539179874187
28.952	0.157103084928139
29.032	0.15769124980433
29.112	0.158301027823768
29.192	0.158929413598159
29.272	0.159573124062234
29.352	0.160228637013702
29.432	0.160892192862306
29.512	0.161559746284681
29.592	0.162226919642805
29.672	0.16288899916924
29.752	0.163540964077782
29.832	0.164177543486161
29.912	0.164793295662705
29.992	0.165382652572205
30.072	0.165939945123625
30.152	0.166459438930815
30.232	0.166935388378903
30.312	0.167362105015059
30.392	0.167734086442621
30.472	0.168046168210154
30.552	0.168293660192433
30.632	0.168472458132968
30.712	0.168579132503197
30.792	0.168611010250871
30.872	0.168566279541309
30.952	0.168444119378947
31.032	0.168244844654467
31.112	0.167970038111037
31.192	0.167622617380061
31.272	0.16720682026282
31.352	0.166728126075597
31.432	0.166193141559305
31.512	0.165609471874092
31.592	0.16498559163422
31.672	0.164330729518397
31.752	0.1636547709209
31.832	0.162968179427637
31.912	0.16228194041787
31.992	0.161607552173493
32.072	0.160957030638841
32.152	0.160342848976867
32.232	0.159777711019686
32.312	0.159274131958753
32.392	0.158843823854355
32.472	0.15849703903524
32.552	0.158241956627378
32.632	0.158084260807328
32.712	0.158026958138464
32.792	0.158070436132462
32.872	0.158212652693962
32.952	0.158449400310658
33.032	0.158774548362018
33.112	0.159180329711546
33.192	0.159657668207117
33.272	0.160196520076354
33.352	0.160786177970976
33.432	0.161415559553873
33.512	0.16207341399145
33.592	0.162748450324329
33.672	0.163429421223739
33.752	0.164105216456392
33.832	0.164764956928479
33.912	0.16539814689294
33.992	0.165994882953456
34.072	0.166546074388179
34.152	0.16704363792158
34.232	0.16748066556319
34.312	0.167851510882514
34.392	0.168151788629586
34.472	0.168378316286109
34.552	0.168529044824211
34.632	0.168603014966081
34.712	0.168600356173087
34.792	0.168522305655742
34.872	0.168371212084651
34.952	0.168150495998688
35.032	0.167864538747466
35.112	0.16751849914678
35.192	0.16711808456337
35.272	0.166669296848681
35.352	0.16617817708412
35.432	0.165650569436096
35.512	0.165091917497122
35.592	0.164507101685189
35.672	0.16390033010839
35.752	0.163275067439244
35.832	0.162634030962536
35.912	0.161979242430505
35.992	0.161312095611635
36.072	0.160633405373758
36.152	0.159943463315429
36.232	0.159242076439327
36.312	0.158528611995848
36.392	0.157802061992726
36.472	0.157061127347333
36.552	0.156304317195961
36.632	0.15553006737521
36.712	0.154736839309749
36.792	0.153923184972967
36.872	0.153087802547688
36.952	0.152229584002086
37.032	0.151347603097548
37.112	0.150441086845447
37.192	0.149509373868312
37.272	0.148551857334965
37.352	0.147567895157351
37.432	0.146556724026908
37.512	0.145517374127408
37.592	0.144448616187802
37.672	0.143348943763101
37.752	0.142216583135834
37.832	0.141049527701725
37.912	0.139845631821231
37.992	0.138602765822469
38.072	0.137319041616337
38.152	0.135993061081408
38.232	0.134624164477927
38.312	0.133212570769359
38.392	0.131759412525483
38.472	0.130266610802202
38.552	0.128736646413657
38.632	0.127172324418765
38.712	0.125576599416434
38.792	0.123952435053887
38.872	0.122302724047316
38.952	0.120630253436033
39.032	0.118937670450848
39.112	0.117227447775512
39.192	0.115501910565612
39.272	0.113763320383626
39.352	0.112014018492246
39.432	0.110256619772784
39.512	0.108494171670067
39.592	0.10673020415328
39.672	0.1049686917736
39.752	0.10321396341007
39.832	0.101470558467042
39.912	0.0997431213331126
39.992	0.09803638008691
40.072	0.0963552305383715
40.152	0.0947048766213712
40.232	0.0930909603046146
40.312	0.0915196319021661
40.392	0.0899975553682566
40.472	0.0885318076013135
40.552	0.0871297668175828
40.632	0.0857990729871432
40.712	0.0845476430304473
40.792	0.0833836697441868
40.872	0.0823156410852164
40.952	0.0813522298675906
41.032	0.0805019019413393
41.112	0.0797723945833084
41.192	0.0791701838521632
41.272	0.0786999785208238
41.352	0.0783644223075086
41.432	0.078164131315404
41.512	0.0780979083040307
41.592	0.0781630405072562
41.672	0.0783556406900985
41.752	0.0786708138286158
41.832	0.079102667401159
41.912	0.0796443632428208
41.992	0.0802882065249406
42.072	0.0810256665141793
42.152	0.0818474859358602
42.232	0.0827438806291099
42.312	0.0837047378622628
42.392	0.0847198588735836
42.472	0.0857792709653395
42.552	0.0868734988095241
42.632	0.0879937886771316
42.712	0.0891322548855555
42.792	0.0902819360057379
42.872	0.0914367715561255
42.952	0.0925916116174719
43.032	0.093742240939136
43.112	0.0948854811350088
43.192	0.0960193597868155
43.272	0.0971431977270569
43.352	0.098257548988812
43.432	0.0993639897214322
43.512	0.100464723055637
43.592	0.101562105644064
43.672	0.102658237151267
43.752	0.103754657429562
43.832	0.104852247510287
43.912	0.10595137158559
43.992	0.10705215191367
44.072	0.10815467511793
44.152	0.109259153642611
44.232	0.11036602479421
44.312	0.111475893432868
44.392	0.112589344701661
44.472	0.113706779198893
44.552	0.11482830190576
44.632	0.115953652669873
44.712	0.117082246143994
44.792	0.1182133159339
44.872	0.119346073386325
44.952	0.120479840136845
45.032	0.121614132984469
45.112	0.122748642511695
45.192	0.123883108195741
45.272	0.125017212578513
45.352	0.126150520655784
45.432	0.127282434697975
45.512	0.128412223398655
45.592	0.129539104911345
45.672	0.13066236131354
45.752	0.131781455014035
45.832	0.132896119024807
45.912	0.134006376736863
45.992	0.135112540289711
46.072	0.136215187887899
46.152	0.137315085981726
46.232	0.138413097515667
46.312	0.139510073470902
46.392	0.140606700582367
46.472	0.14170338646646
46.552	0.142800191612679
46.632	0.143896767453967
46.712	0.144992289562722
46.792	0.146085448500585
46.872	0.382714323467553
46.952	0.375286255991341
47.032	0.3679741321439
47.112	0.360885364766546
47.192	0.354117345722443
47.272	0.347755171357676
47.352	0.341870719926192
47.432	0.336522979584515
47.512	0.331758982109932
47.592	0.327614785209335
47.672	0.324116122635132
47.752	0.321278226793765
47.832	0.319105092436985
47.912	0.317588742432235
47.992	0.316708969595311
48.072	0.316433907589271
48.152	0.31672147566951
48.232	0.317521375637625
48.312	0.318777326635427
48.392	0.320429203747153
48.472	0.322414709194163
48.552	0.324670582243016
48.632	0.327133539070019
48.712	0.329740984351702
48.792	0.332431682162678
48.872	0.335146614727819
48.952	0.337829930101179
49.032	0.340429832850532
49.112	0.342899501048123
49.192	0.345198004429221
49.272	0.347291154476807
49.352	0.349152336172665
49.432	0.350763142791948
49.512	0.352113633179215
49.592	0.353202124785639
49.672	0.354034660181242
49.752	0.354624261552999
49.832	0.35499025248555
49.912	0.355157786631935
49.992	0.355157422270167
50.072	0.355024405324912
50.152	0.354797401184442
50.232	0.354516568625513
50.312	0.354221098624294
50.392	0.353946614256529
50.472	0.353722843193282
50.552	0.353571859674958
50.632	0.353507019200151
50.712	0.353532677275325
50.792	0.353644559371787
50.872	0.353830603592542
50.952	0.354072096991331
51.032	0.354344982973089
51.112	0.354621289084207
51.192	0.354870683177978
51.272	0.355062151263155
51.352	0.355165794570894
51.432	0.355154596399188
51.512	0.355005897868068
51.592	0.354702419695059
51.672	0.354232780365237
51.752	0.353591536038039
51.832	0.352778840212522
51.912	0.351799798479078
51.992	0.350663591972079
52.072	0.349382530029288
52.152	0.347971061727549
52.232	0.346444874720873
52.312	0.344820325496585
52.392	0.343114246687946
52.472	0.341343828970821
52.552	0.339526598551856
52.632	0.33768048566435
52.712	0.3358238614519
52.792	0.333975327380358
52.872	0.332153532138364
52.952	0.330376851915389
53.032	0.328662863460522
53.112	0.327027706051922
53.192	0.325485592974474
53.272	0.324048412839147
53.352	0.322725633141999
53.432	0.321524501422573
53.512	0.320450293084832
53.592	0.319506397115219
53.672	0.318694357262757
53.752	0.318013826975402
53.832	0.317462474106833
53.912	0.317036040059065
53.992	0.316728658071042
54.072	0.316533332860672
54.152	0.316442524718695
54.232	0.316448753815166
54.312	0.316545089676765
54.392	0.316725469908306
54.472	0.316984846039304
54.552	0.317319161907108
54.632	0.317725228999734
54.712	0.318200537273697
54.792	0.318743029750294
54.872	0.319350890352325
54.952	0.320022373230131
55.032	0.320755568715867
55.112	0.32154814326077
55.192	0.322397078739414
55.272	0.32329834504435
55.352	0.324246566889087
55.432	0.325234778551931
55.512	0.326254199017967
55.592	0.32729405185728
55.672	0.328341599445594
55.752	0.329382327971871
55.832	0.330400240581184
55.912	0.331378389703787
55.992	0.332299460841568
56.072	0.333146192212553
56.152	0.333901782602879
56.232	0.334550448961636
56.312	0.335078039487598
56.392	0.335472936264523
56.472	0.335727259965097
56.552	0.335838073117884
56.632	0.335808195132813
56.712	0.335646294262006
56.792	0.335366093547236
56.872	0.334984994259685
56.952	0.334522431282494
57.032	0.33399832019586
57.112	0.333431963567818
57.192	0.33284149118208
57.272	0.332243617819586
57.352	0.331653478585395
57.432	0.331084419699437
57.512	0.33054778226051
57.592	0.330052785901898
57.672	0.329606441390752
57.752	0.329213682599402
57.832	0.328877644150452
57.912	0.32859992428439
57.992	0.328380689513324
58.072	0.328218719511824
58.152	0.328111289231856
58.232	0.328054238662844
58.312	0.32804233963634
58.392	0.328069796210002
58.472	0.328130853928997
58.552	0.328220601392786
58.632	0.328335623379644
58.712	0.328474258180904
58.792	0.32863660604653
58.872	0.328824219600392
58.952	0.329039574283343
59.032	0.329285445880487
59.112	0.329564443130039
59.192	0.329878711395395
59.272	0.330230012580614
59.352	0.330619906671018
59.432	0.33105005505513
59.512	0.331522481791581
59.592	0.332039592986803
59.672	0.332603817295421
59.752	0.333217283131489
59.832	0.333881349945841
59.912	0.334596177503954
59.992	0.33536047002508
60.072	0.336171491790992
60.152	0.337025146362976
60.232	0.337916305900762
60.312	0.338839266288232
60.392	0.339788133450384
60.472	0.340757273538657
60.552	0.341741749442917
60.632	0.342737408264838
60.712	0.343740529996467
60.792	0.34474751070502
60.872	0.345754547543947
60.952	0.346757559308571
61.032	0.347752476668575
61.112	0.348735885715541
61.192	0.349705546987934
61.272	0.350660587467246
61.352	0.351601009419937
61.432	0.352526699055488
61.512	0.353436236545349
61.592	0.354326422681879
61.672	0.355192554678979
61.752	0.356029447951187
61.832	0.356832751866932
61.912	0.357600073238245
61.992	0.358331224494577
62.072	0.359027581212104
62.152	0.3596908647296
62.232	0.36032191391223
62.312	0.360919820127492
62.392	0.361481900979015
62.472	0.362004276986227
62.552	0.362482650619313
62.632	0.362912711600984
62.712	0.363289848667591
62.792	0.363608308774019
62.872	0.363860201586249
62.952	0.364034501507376
63.032	0.364116609446683
63.112	0.364088865792837
63.192	0.363931819157187
63.272	0.363625706881976
63.352	0.363152253034968
63.432	0.362496351316622
63.512	0.361647336906572
63.592	0.36059965854929
63.672	0.359353196653501
63.752	0.357912874535941
63.832	0.356288124484308
63.912	0.354492790588665
63.992	0.352545170669146
64.072	0.350467856495925
64.152	0.348287711055491
64.232	0.346035491859766
64.312	0.343744600379978
64.392	0.34144913351065
64.472	0.339181732156248
64.552	0.336971387728227
64.632	0.334841874385347
64.712	0.332811049182965
64.792	0.330890868875031
64.872	0.329088097164458
64.952	0.327405529217685
65.032	0.325843381086997
65.112	0.324400575632353
65.192	0.323075945480923
65.272	0.321869071362926
65.352	0.320780665929306
65.432	0.319812472281228
65.512	0.318966700394412
65.592	0.318245196373937
65.672	0.317648625395123
65.752	0.317175849270825
65.832	0.316823715579631
65.912	0.316587332082236
65.992	0.316460661090787
66.072	0.316437203892747
66.152	0.316510621784801
66.232	0.31667516626203
66.312	0.316925866497513
66.392	0.317258504484016
66.472	0.317669442222723
66.552	0.31815537278726
66.632	0.318713069608748
66.712	0.319339154018053
66.792	0.320029959283602
66.872	0.320781488527246
66.952	0.321589450607462
67.032	0.322449401109225
67.112	0.323356957317628
67.192	0.324307956831944
67.272	0.325298533090063
67.352	0.32632512487271
67.432	0.327384470329889
67.512	0.32847364927602
67.592	0.329590300792006
67.672	0.330732889647152
67.752	0.331900930193115
67.832	0.333095058848812
67.912	0.334316814728481
67.992	0.335568043315106
68.072	0.336850283859349
68.152	0.338164183475783
68.232	0.339508970048882
68.312	0.34088211897415
68.392	0.342279192741444
68.472	0.343693495383377
68.552	0.345115526805785
68.632	0.346532377386211
68.712	0.34792723456394
68.792	0.349279202172511
68.872	0.350563592591243
68.952	0.351752539002518
69.032	0.352815747989553
69.112	0.353721264434171
69.192	0.354436114813325
69.272	0.354926940836776
69.352	0.355160955462452
69.432	0.355107472599229
69.512	0.354740093497639
69.592	0.354039419787114
69.672	0.352995905545868
69.752	0.351612367287998
69.832	0.349905917238175
69.912	0.347909201688708
69.992	0.345670821173371
70.072	0.343254867309042
70.152	0.340739683285392
70.232	0.338215479671817
70.312	0.335780538106519
70.392	0.333536023769739
70.472	0.331579866383436
70.552	0.330000287834082
70.632	0.328870263910176
70.712	0.328243480106721
70.792	0.328151649769097
70.872	0.328603217542877
70.952	0.329583408641156
71.032	0.331054959730864
71.112	0.332959458154619
71.192	0.335220013489561
71.272	0.337745138495848
71.352	0.340432809237427
71.432	0.343174542541419
71.512	0.34585958626576
71.592	0.348378635823792
71.672	0.350627074351905
71.752	0.352508298868088
71.832	0.35393720366028
71.912	0.354843623613306
71.992	0.355175623501964
72.072	0.354902187321386
72.152	0.354014957582876
72.232	0.352529133099779
72.312	0.35048349142653
72.392	0.347939507958472
72.472	0.344979667760526
72.552	0.341704634477537
72.632	0.338229115465765
72.712	0.334676695852067
72.792	0.331173801882869
72.872	0.327843079689956
72.952	0.32479708867595
73.032	0.322132895517825
73.112	0.319928024969158
73.192	0.318238160413784
73.272	0.317096700250659
73.352	0.316515881821942
73.432	0.31648924642559
73.512	0.316994922414779
73.592	0.317999246134605
73.672	0.319460356014133
73.752	0.321331373644171
73.832	0.323563023043789
73.912	0.326105589482722
73.992	0.32891009242212
74.072	0.331928862168752
74.152	0.335115742468588
74.232	0.33842598733554
74.312	0.341816305834982
74.392	0.345245343293755
74.472	0.34867420624596
74.552	0.352067025504766
74.632	0.355391593659988
74.712	0.358619655201437
74.792	0.361726646354327
74.872	0.364691209150806
74.952	0.367494600707687
75.032	0.370120186274107
75.112	0.372553420053919
75.192	0.374782419424264
75.272	0.376798840269657
75.352	0.378598743905059
75.432	0.380182838999644
75.512	0.381555888076946
75.592	0.38272563929695
75.672	0.383701674444637
75.752	0.384494376511611
75.832	0.385114382931533
75.912	0.385572460932053
75.992	0.38587962514157
76.072	0.386047367227548
76.152	0.386087587924521
76.232	0.386012201216545
76.312	0.385832902787115
76.392	0.385560949068349
76.472	0.385207072732555
76.552	0.384781677800675
76.632	0.38429511936647
76.712	0.383757528742535
76.792	0.383178363815205
76.872	0.382565921962851
76.952	0.381926904376996
77.032	0.38126626630492
77.112	0.380587495591499
77.192	0.379893155785794
77.272	0.379185566677734
77.352	0.378467651701612
77.432	0.377743493706475
77.512	0.377018645590397
77.592	0.376300126089518
77.672	0.375595999438701
77.752	0.374914479282779
77.832	0.374263014097778
77.912	0.373647462704866
77.992	0.373071910603358
78.072	0.372538768068807
78.152	0.372049392749432
78.232	0.371605073552018
78.312	0.371208041272439
78.392	0.370861737815176
78.472	0.370570613426935
78.552	0.370339320857056
78.632	0.370171416800986
78.712	0.370067761477003
78.792	0.370025370065378
78.872	0.370036860865184
78.952	0.370090648374571
79.032	0.370171863271935
79.112	0.370263656225688
79.192	0.370348570390888
79.272	0.370409864178328
79.352	0.370432285943934
79.432	0.37040212001466
79.512	0.370306907706436
79.592	0.37013520198434
79.672	0.369876656682209
79.752	0.36952243473479
79.832	0.369065845507976
79.912	0.368503157128544
79.992	0.367834185411084
80.072	0.367062119795264
80.152	0.366192795462666
80.232	0.365233724663085
80.312	0.364193206981327
80.392	0.363079876585289
80.472	0.361902897448999
80.552	0.360672433977925
80.632	0.359400093478143
80.712	0.358099258660332
80.792	0.356784812699516
80.872	0.355472203967111
80.952	0.354176740046569
81.032	0.352913349283881
81.112	0.351696630793413
81.192	0.35054120255063
81.272	0.349462465254874
81.352	0.348477067555905
81.432	0.347602866123452
81.512	0.346858515456006
81.592	0.346262780817597
81.672	0.34583354537881
81.752	0.345586922584516
81.832	0.345536594341866
81.912	0.345693335476426
81.992	0.346064603340892
82.072	0.346654499030592
82.152	0.347463990719007
82.232	0.348491497813484
82.312	0.349733661681057
82.392	0.351186188077008
82.472	0.352844194007957
82.552	0.354702041205201
82.632	0.356752971573769
82.712	0.358988778210005
82.792	0.361399743725087
82.872	0.363975222860063
82.952	0.366704898550779
83.032	0.369580054629296
83.112	0.372594331208347
83.192	0.375743705558307
83.272	0.379025367413306
83.352	0.382435596059622
83.432	0.385967220175189
83.512	0.389607085790885
83.592	0.393334181138016
83.672	0.397119003232547
83.752	0.40092422764701
83.832	0.404706124775657
83.912	0.408417197811104
83.992	0.412009564840446
84.072	0.415438257027745
84.152	0.418663866696988
84.232	0.421654448599838
84.312	0.424386123938348
84.392	0.426842913125256
84.472	0.429016288800085
84.552	0.430904628182361
84.632	0.432512859656526
84.712	0.433852418635979
84.792	0.434940858897789
84.872	0.435801082111539
84.952	0.436460183399504
85.032	0.436947848827003
85.112	0.437294263144395
85.192	0.437527906505238
85.272	0.437673319945134
85.352	0.437749090578109
85.432	0.43776630425873
85.512	0.437727577408623
85.592	0.437626738500512
85.672	0.437449231319079
85.752	0.437173150675335
85.832	0.436770778828759
85.912	0.436210525897877
85.992	0.435459148208793
86.072	0.434484002857971
86.152	0.433255200435269
86.232	0.431747472709503
86.312	0.429941586901805
86.392	0.427825347532234
86.472	0.425394124352351
86.552	0.422650855122811
86.632	0.419605670470446
86.712	0.416275416749158
86.792	0.412682756953473
86.872	0.408855204276733
86.952	0.40482440033793
87.032	0.400625348808717
87.112	0.396295371151609
87.192	0.391873148358172
87.272	0.38739765099217
87.352	0.382906909592748
87.432	0.378436866826632
87.512	0.374020568736341
87.592	0.369687520059415
87.672	0.365463397915846
87.752	0.361370105804781
87.832	0.357425749442882
87.912	0.353644465611978
87.992	0.350036428962085
88.072	0.346608227563593
88.152	0.343363545997818
88.232	0.340304157874016
88.312	0.337430808663157
88.392	0.334743749893278
88.472	0.332242951310946
88.552	0.32992814078807
88.632	0.327798796809475
88.712	0.325854295318095
88.792	0.324094146145399
88.872	0.322518149671851
88.952	0.321126310832369
89.032	0.319918514086567
89.112	0.318894081220606
89.192	0.318051468721933
89.272	0.317388264457804
89.352	0.316901456736559
89.432	0.316587840931788
89.512	0.316444325325392
89.592	0.316467979216213
89.672	0.316655823872679
89.752	0.317004457320763
89.832	0.317509655314097
89.912	0.318166060994372
89.992	0.318967008654909
90.072	0.319904513317852
90.152	0.320969454637634
90.232	0.32215186051053
90.312	0.323441235420432
90.392	0.324826836059401
90.472	0.326297814745885
90.552	0.327843225625656
90.632	0.329451931188487
90.712	0.331112466235027
90.792	0.332812793155426
90.872	0.334540057187951
90.952	0.336280352702488
91.032	0.338018557134092
91.112	0.339738284244049
91.192	0.341422108943334
91.272	0.343052144938156
91.352	0.344610899396685
91.432	0.346082268703867
91.512	0.347452547676767
91.592	0.348711200645084
91.672	0.349851273696004
91.752	0.350869442242583
91.832	0.351765667000109
91.912	0.352542532423286
91.992	0.353204490530516
92.072	0.353757149902776
92.152	0.354206756725944
92.232	0.354560007918735
92.312	0.354824160448516
92.392	0.35500736269114
92.472	0.355119007997018
92.552	0.355169951276366
92.632	0.355172487960772
92.712	0.355140071184906
92.792	0.355086763033796
92.872	0.355026468728283
92.952	0.354972009868106
93.032	0.354934104755557
93.112	0.354920351212968
93.192	0.354934274712832
93.272	0.354974532242522
93.352	0.355034325032648
93.432	0.355101050173289
93.512	0.355156270024054
93.592	0.355176103153099
93.672	0.35513210982117
93.752	0.527633396036337
93.832	0.530633705817219
93.912	0.533919902404885
93.992	0.537459634865925
94.072	0.541218960484626
94.152	0.545164021186453
94.232	0.549262142904523
94.312	0.553482256944635
94.392	0.557794972857784
94.472	0.562172702267525
94.552	0.566589772253935
94.632	0.571022419370915
94.712	0.575448713563647
94.792	0.579848236668855
94.872	0.584201373118106
94.952	0.588488351086304
95.032	0.592688246019045
95.112	0.596778039355233
95.192	0.600732087279174
95.272	0.604522063384655
95.352	0.608117247475204
95.432	0.611485029531883
95.512	0.614591909711684
95.592	0.617404897725937
95.672	0.619893134872521
95.752	0.622029547089438
95.832	0.623792271296488
95.912	0.62516547246299
95.992	0.626139503697791
96.072	0.626710567604385
96.152	0.626880121314775
96.232	0.626654267007744
96.312	0.626043226611943
96.392	0.625060912712523
96.472	0.623724554515208
96.552	0.622054273489302
96.632	0.620072577577027
96.712	0.617803811342478
96.792	0.615273593835876
96.872	0.612508305068639
96.952	0.609534574979977
97.032	0.606378706877998
97.112	0.603066098533392
97.192	0.599620695704965
97.272	0.596064533907501
97.352	0.592417607192253
97.432	0.588698076951857
97.512	0.584922663732494
97.592	0.581107055777224
97.672	0.577266284728323
97.752	0.57341485593046
97.832	0.569566713779511
97.912	0.565735115553391
97.992	0.561932523768464
98.072	0.558170643741801
98.152	0.554460675115672
98.232	0.550813646110763
98.312	0.547240720785008
98.392	0.54375336183528
98.472	0.540363401792426
98.552	0.537082994106117
98.632	0.533924405894342
98.712	0.530899772286808
98.792	0.52802087123497
98.872	0.525298808840722
98.952	0.522743621771724
99.032	0.520363927907653
99.112	0.518166578135724
99.192	0.516156393533704
99.272	0.514336043157372
99.352	0.512706050139275
99.432	0.511264802008693
99.512	0.510008646496057
99.592	0.508932072246723
99.672	0.50802789400842
99.752	0.507287457416379
99.832	0.506700929922921
99.912	0.506257634636537
99.992	0.505946349799687
100.072	0.505755572853677
100.152	0.505673729763865
100.232	0.505689297749154
100.312	0.50579086061838
100.392	0.505967123296049
100.472	0.50620689882647
100.552	0.506499091158225
100.632	0.506832669060123
100.712	0.507196633531778
100.792	0.507580038515275
100.872	0.507972075917308
100.952	0.508362225125931
101.032	0.508740496880446
101.112	0.509097739400811
101.192	0.50942591720148
101.272	0.509718335235591
101.352	0.509969776269412
101.432	0.510176505314853
101.512	0.51033618050435
101.592	0.510447691860854
101.672	0.510510980904442
101.752	0.510526916547773
101.832	0.510497243226309
101.912	0.5104245463694
101.992	0.510312213921442
102.072	0.510164322280423
102.152	0.509985407432945
102.232	0.509780140592523
102.312	0.509552995475929
102.392	0.509307995250356
102.472	0.509048617855337
102.552	0.508777864086453
102.632	0.508498464665476
102.712	0.508213153573122
102.792	0.507924898255797
102.872	0.507637021645539
102.952	0.507353232438384
103.032	0.507077558334776
103.112	0.50681423539048
103.192	0.50656759783054
103.272	0.506341991717297
103.352	0.506141727645409
103.432	0.505971081972343
103.512	0.50583432104694
103.592	0.505735767661355
103.672	0.505679892230705
103.752	0.505671393232896
103.832	0.505715244981233
103.912	0.505816691235947
103.992	0.50598116792978
104.072	0.506214159792644
104.152	0.506520988305949
104.232	0.50690654366381
104.312	0.507374992416674
104.392	0.507929442668887
104.472	0.508571616078421
104.552	0.50930160316457
104.632	0.510117724012939
104.712	0.511016509631523
104.792	0.511992918302177
104.872	0.513040743088196
104.952	0.514153145046987
105.032	0.515323222256147
105.112	0.516544485800798
105.192	0.517811111011672
105.272	0.519117977569126
105.352	0.520460529559196
105.432	0.521834485190607
105.512	0.523235534265055
105.592	0.524659081332027
105.672	0.526100047091777
105.752	0.527552737148431
105.832	0.529010823655356
105.912	0.530467407597806
105.992	0.531915195387545
106.072	0.533346791686538
106.152	0.534755095040603
106.232	0.536133701855546
106.312	0.537477225545092
106.392	0.5387813796889
106.472	0.540042908866966
106.552	0.541259420232529
106.632	0.542429214145685
106.712	0.543551223284526
106.792	0.5446251030218
106.872	0.545651377032345
106.952	0.54663159657206
107.032	0.547568479557253
107.112	0.548465904355767
107.192	0.54932876323145
107.272	0.55016277301843
107.352	0.550974165102273
107.432	0.551769224380511
107.512	0.552553856043656
107.592	0.553333254264216
107.672	0.554111698785273
107.752	0.55489260832474
107.832	0.55567886355242
107.912	0.55647325223197
107.992	0.557278892501397
108.072	0.558099557818085
108.152	0.558939663309023
108.232	0.559803981712535
108.312	0.560697315998235
108.392	0.561624181113986
108.472	0.562588438518087
108.552	0.563593073202585
108.632	0.564640073763187
108.712	0.565730339244699
108.792	0.566863631202468
108.872	0.568038717531961
108.952	0.569253574050362
109.032	0.570505711374617
109.112	0.57179256352014
109.192	0.573111801694739
109.272	0.574461461661799
109.352	0.575839962181452
109.432	0.577246007636461
109.512	0.578678416060501
109.592	0.580136004816269
109.672	0.581617565982428
109.752	0.583121880127415
109.832	0.584647695502053
109.912	0.58619363000488
109.992	0.587758065880805
110.072	0.589338988238106
110.152	0.590933784687491
110.232	0.592539102783907
110.312	0.594150854173261
110.392	0.595764341385679
110.472	0.597374536745878
110.552	0.598976449918874
110.632	0.600565464365221
110.712	0.602137540129342
110.792	0.603689281294876
110.872	0.605217762888638
110.952	0.606720279879583
111.032	0.608194146536727
111.112	0.609636619716723
111.192	0.611044879343332
111.272	0.612416030742324
111.352	0.61374703097218
111.432	0.615034536520663
111.512	0.616274700662111
111.592	0.61746303165811
111.672	0.618594404744971
111.752	0.619663301731001
111.832	0.620664234246622
111.912	0.621592187047129
111.992	0.622442991989037
112.072	0.62321360620138
112.152	0.623902283518522
112.232	0.624508640815034
112.312	0.62503369948174
112.392	0.625479899582372
112.472	0.625851067718928
112.552	0.626152310196525
112.632	0.626389809014036
112.712	0.626570522331712
112.792	0.62670186366713
112.872	0.626791391196395
112.952	0.626846521538537
113.032	0.626874287124812
113.112	0.62688113401292
113.192	0.626872756555022
113.272	0.626853989525731
113.352	0.626828763370899
113.432	0.626800126488508
113.512	0.626770335483147
113.592	0.626740997472133
113.672	0.626713243947858
113.752	0.626687916454353
113.832	0.626665731793163
113.912	0.626647403533671
113.992	0.626633696709503
114.072	0.626625407256111
114.152	0.626623258188703
114.232	0.62662774821356
114.312	0.626638989129033
114.392	0.626656595438937
114.472	0.626679661314853
114.552	0.626706850712838
114.632	0.626736556985072
114.712	0.626767078050496
114.792	0.626796749839483
114.872	0.626824021769834
114.952	0.626847464480265
115.032	0.626865724685687
115.112	0.626877446539236
115.192	0.626881192140152
115.272	0.626875376468249
115.352	0.626858232943583
115.432	0.626827828188479
115.512	0.626782129855661
115.592	0.626719125701934
115.672	0.626636969898211
115.752	0.626534115473647
115.832	0.626409395237468
115.912	0.626262032366429
115.992	0.626091574921175
116.072	0.625897813442276
116.152	0.625680716364933
116.232	0.62544039682291
116.312	0.625177115568573
116.392	0.624891315829442
116.472	0.624583641456039
116.552	0.624254939904248
116.632	0.623906240610014
116.712	0.623538682022594
116.792	0.623153376156904
116.872	0.622751230012478
116.952	0.622332680736511
117.032	0.621897411405266
117.112	0.621444154659455
117.192	0.620970652236737
117.272	0.620473759629968
117.352	0.619949697270152
117.432	0.61939441638205
117.512	0.618803960577615
117.592	0.618174711099371
117.672	0.61750357609869
117.752	0.616788139139015
117.832	0.616026735676868
117.912	0.615218551270114
117.992	0.614363774039711
118.072	0.61346368413027
118.152	0.612520661778046
118.232	0.61153807692456
118.312	0.610519949464603
118.392	0.609470441168781
118.472	0.608393320547595
118.552	0.607291464717016
118.632	0.606166494468916
118.712	0.605018636571306
118.792	0.603846828099708
118.872	0.602649077440303
118.952	0.601423019213836
119.032	0.600166573112724
119.112	0.598878586984042
119.192	0.597559371330884
119.272	0.596210978812545
119.352	0.594837335492
119.432	0.593444201919174
119.512	0.592038888303209
119.592	0.590629843961044
119.672	0.589226272539367
119.752	0.587837771661981
119.832	0.586474060131811
119.912	0.585144805197478
119.992	0.583859395327782
120.072	0.58262665338661
120.152	0.581454535634709
120.232	0.580349821995285
120.312	0.579317980514
120.392	0.578363302208773
120.472	0.577489144075648
120.552	0.57669818010311
120.632	0.575992581346026
120.712	0.575374046519019
120.792	0.574843679847631
120.872	0.574401858227296
120.952	0.574048145278033
121.032	0.57378135321146
121.112	0.57359981476373
121.192	0.573501756015108
121.272	0.573485567325474
121.352	0.573549885000974
121.432	0.573693544065916
121.512	0.573915441384874
121.592	0.574214333839173
121.672	0.57458861649855
121.752	0.575036134831818
121.832	0.575553960762341
121.912	0.576138132009946
121.992	0.576783360721087
122.072	0.57748283225391
122.152	0.57822811122985
122.232	0.579009251774419
122.312	0.579815066442253
122.392	0.580633531770252
122.472	0.581452290100241
122.552	0.582259155293479
122.632	0.583042531896997
122.712	0.583791724697019
122.792	0.584497115777363
122.872	0.585150361127079
122.952	0.585744583652191
123.032	0.586274418976008
123.112	0.586735788628109
123.192	0.587125499673937
123.272	0.587440720454611
123.352	0.587678465557328
123.432	0.587835220999551
123.512	0.587906925674466
123.592	0.587889362601782
123.672	0.587778856148024
123.752	0.587573161168676
123.832	0.5872723224582
123.912	0.586879210729301
123.992	0.586399730920037
124.072	0.585842721956692
124.152	0.585219559913249
124.232	0.584543589208675
124.312	0.583829601718025
124.392	0.583093370287349
124.472	0.582351164513654
124.552	0.581619296529402
124.632	0.580913699028319
124.712	0.580249522618362
124.792	0.579640737259917
124.872	0.579099799413434
124.952	0.578637412213489
125.032	0.578262450772614
125.112	0.577981990012835
125.192	0.577801418869669
125.272	0.577724591241561
125.352	0.577753905183145
125.432	0.577890276694414
125.512	0.578133115234715
125.592	0.578480338660621
125.672	0.578928569237005
125.752	0.579473555963606
125.832	0.580110729532724
125.912	0.580835830507865
125.992	0.581645509176255
126.072	0.582537626424934
126.152	0.583511116251726
126.232	0.584565572836053
126.312	0.585700608290856
126.392	0.586915094299035
126.472	0.588206513100101
126.552	0.589570658503336
126.632	0.591001626680189
126.712	0.59249211119289
126.792	0.594033957985782
126.872	0.595618742539833
126.952	0.597238242068276
127.032	0.598884792212425
127.112	0.600551409460436
127.192	0.60223167527076
127.272	0.603919554935184
127.352	0.60560920996359
127.432	0.607294754488134
127.512	0.608970064787496
127.592	0.610628725354171
127.672	0.612263942627297
127.752	0.613868422839671
127.832	0.615434228685745
127.912	0.616952570007694
127.992	0.61841351421775
128.072	0.619805781826845
128.152	0.621116635969941
128.232	0.622331955276775
128.312	0.623436545305912
128.392	0.624414646992697
128.472	0.625250466918685
128.552	0.625928691739853
128.632	0.62643491289691
128.712	0.626755936551909
128.792	0.626880038438622
128.872	0.626797265002792
128.952	0.626499832625103
129.032	0.625982643550506
129.112	0.625243824200539
129.192	0.624285174613648
129.272	0.623112478719747
129.352	0.621735597226979
129.432	0.620168333676595
129.512	0.618428146632043
129.592	0.616535815632092
129.672	0.614515011381315
129.752	0.612391727898168
129.832	0.610193548640662
129.912	0.607948740379444
129.992	0.605685299952266
130.072	0.603430067099906
130.152	0.601208050369348
130.232	0.599042081265306
130.312	0.596952825061263
130.392	0.594958975706505
130.472	0.593077450986839
130.552	0.591323442550533
130.632	0.589710431390698
130.712	0.588250201998825
130.792	0.586952861308061
130.872	0.585826966367295
130.952	0.584879840764986
131.032	0.584117817783365
131.112	0.583546184012519
131.192	0.583169000445992
131.272	0.582988694031986
131.352	0.583005689413286
131.432	0.583218411410884
131.512	0.583623728393125
131.592	0.584217327184962
131.672	0.584994135611402
131.752	0.585948506542874
131.832	0.587073978589343
131.912	0.588362629130359
131.992	0.58980439715058
132.072	0.591386302790804
132.152	0.593091994124692
132.232	0.594901746559661
132.312	0.596793024230371
132.392	0.598741311214331
132.472	0.600721408686106
132.552	0.602708888189135
132.632	0.604681431970826
132.712	0.60661970383042
132.792	0.608507829803219
132.872	0.610333334389984
132.952	0.612086616436767
133.032	0.61376013563187
133.112	0.615347674595585
133.192	0.616843693978367
133.272	0.618243032970085
133.352	0.619540927344718
133.432	0.620733217587999
133.512	0.621816622566778
133.592	0.622789111514873
133.672	0.623650156934553
133.752	0.624400800929521
133.832	0.625043526715146
133.912	0.625581970396284
133.992	0.626020500506313
134.072	0.626363795974529
134.152	0.626616511711636
134.232	0.626783112408285
134.312	0.626867881224708
134.392	0.626875047747692
134.472	0.626808940170854
134.552	0.626674102149761
134.632	0.626475302621489
134.712	0.62621741281832
134.792	0.625905213833797
134.872	0.625543182420418
134.952	0.625135307220558
135.032	0.624685007426873
135.112	0.624195141808304
135.192	0.62366808482246
135.272	0.623105909019561
135.352	0.622510638516693
135.432	0.621884496952531
135.512	0.621230170202645
135.592	0.620551011167221
135.672	0.619851039034546
135.752	0.619134784793547
135.832	0.618407132256286
135.912	0.617673172459146
135.992	0.616938144164708
136.072	0.616207565796181
136.152	0.615487446777643
136.232	0.614784418785321
136.312	0.614105669750895
136.392	0.61345862506487
136.472	0.612850417455885
136.552	0.612287365054391
136.632	0.611774603975028
136.712	0.611315997529102
136.792	0.610914340926446
136.872	0.610571833584104
136.952	0.610290567015985
137.032	0.610072908182363
137.112	0.609921685100916
137.192	0.609840136371564
137.272	0.609831586881863
137.352	0.609899007918401
137.432	0.610044503311768
137.512	0.610268896561328
137.592	0.610571557578332
137.672	0.610950487722645
137.752	0.611402653982639
137.832	0.611924519883434
137.912	0.612512516233203
137.992	0.613163240675986
138.072	0.613873414620969
138.152	0.614639630995035
138.232	0.615457945410078
138.312	0.616323479678278
138.392	0.617230139390694
138.472	0.61817045524858
138.552	0.619135553320461
138.632	0.620115126915318
138.712	0.621097279890626
138.792	0.622068276390314
138.872	0.623012159598946
138.952	0.623910209819249
139.032	0.624740470420613
139.112	0.625477474505648
139.192	0.62609221291908
139.272	0.626552462374624
139.352	0.626823483765678
139.432	0.626869001233495
139.512	0.626652364016354
139.592	0.626137750618066
139.672	0.625291308830302
139.752	0.6240822277884
139.832	0.62248372352156
139.912	0.620473918318333
139.992	0.618036618788605
140.072	0.615161875390452
140.152	0.611846220752003
140.232	0.608092469315918
140.312	0.603909038162314
140.392	0.599308862550394
140.472	0.594307980706725
140.552	0.588923855772039
140.632	0.765926424607883
140.712	0.763621826489633
140.792	0.761349196440925
140.872	0.759108927124764
140.952	0.75690045777683
141.032	0.754722564963224
141.112	0.75257360656132
141.192	0.750451761371188
141.272	0.748355182106003
141.352	0.74628209973384
141.432	0.744230953728916
141.512	0.742200533418597
141.592	0.740190007349291
141.672	0.738198896624127
141.752	0.736227026966489
141.832	0.734274582780976
141.912	0.732342280347098
141.992	0.730431714281778
142.072	0.728545756847822
142.152	0.726688871831016
142.232	0.724867248641246
142.312	0.723088736002275
142.392	0.721362518219372
142.472	0.719698554437265
142.552	0.718106997928921
142.632	0.716597721827199
142.712	0.715179912695412
142.792	0.713861777645484
142.872	0.712650366606532
142.952	0.711551438751655
143.032	0.710569314701083
143.112	0.709706769978148
143.192	0.708964985721913
143.272	0.708343642240983
143.352	0.70784118900216
143.432	0.707455213974818
143.512	0.707182887555035
143.592	0.70702143495658
143.672	0.706968609853071
143.752	0.707023039169776
143.832	0.707184336176439
143.912	0.707452987614367
143.992	0.70783009078481
144.072	0.708317006884222
144.152	0.708915042924239
144.232	0.70962527645937
144.312	0.710448532194313
144.392	0.711385455782349
144.472	0.712436624968447
144.552	0.713602598717976
144.632	0.71488383093083
144.712	0.716280465684882
144.792	0.717792052994739
144.872	0.71941724876519
144.952	0.721153566793681
145.032	0.722997245036424
145.112	0.724943263717279
145.192	0.726985496949197
145.272	0.7291168327409
145.352	0.731329340991756
145.432	0.733614509163317
145.512	0.735963483692316
145.592	0.738367317072587
145.672	0.740817244899283
145.752	0.743304907702154
145.832	0.745822534797931
145.912	0.748363126276971
145.992	0.750920537981948
146.072	0.753489462375811
146.152	0.756065409727995
146.232	0.758644589498644
146.312	0.76122360990319
146.392	0.763799231711729
146.472	0.766368221405436
146.552	0.768927239870926
146.632	0.771472799733104
146.712	0.774001339917113
146.792	0.776509283677527
146.872	0.778993136891195
146.952	0.781449605435157
147.032	0.783875668033915
147.112	0.786268591150957
147.192	0.788625996900272
147.272	0.790945862716576
147.352	0.7932264262936
147.432	0.795466073747519
147.512	0.79766324971181
147.592	0.799816287438041
147.672	0.801923341885335
147.752	0.803982446829238
147.832	0.80599159177445
147.912	0.807948843204805
147.992	0.80985255413637
148.072	0.811701488583445
148.152	0.813494797430934
148.232	0.81523198794639
148.312	0.816912881613291
148.392	0.818537501450294
148.472	0.820105991643189
148.552	0.821618625933169
148.632	0.823075850615439
148.712	0.824478371147386
148.792	0.825827260706923
148.872	0.82712395788981
148.952	0.828370113322535
149.032	0.829567384005351
149.112	0.830717181897903
149.192	0.831820451966095
149.272	0.832877537093232
149.352	0.833888194756582
149.432	0.83485168870191
149.512	0.835766917509545
149.592	0.836632544483415
149.672	0.837447094354332
149.752	0.838208980801191
149.832	0.838916458571674
149.912	0.839567565122373
149.992	0.840160069889201
150.072	0.840691460485104
150.152	0.841159021800763
150.232	0.841559993997443
150.312	0.841891746760645
150.392	0.842151966330917
150.472	0.842338839948823
150.552	0.842451200351583
150.632	0.84248859949215
150.712	0.84245132795423
150.792	0.8423403415594
150.872	0.842157152566273
150.952	0.84190368529115
151.032	0.84158212542669
151.112	0.841194746586837
151.192	0.84074378135012
151.272	0.840231334732806
151.352	0.839659345439934
151.432	0.839029573994182
151.512	0.838343620186805
151.592	0.83760295620818
151.672	0.836808987253605
151.752	0.835963091133465
151.832	0.835066657968504
151.912	0.834121113987116
151.992	0.833127939981047
152.072	0.832088672820653
152.152	0.831004890969012
152.232	0.829878191121367
152.312	0.828710199736925
152.392	0.827502616046736
152.472	0.826257255680332
152.552	0.824976075868086
152.632	0.823661165299804
152.712	0.822314689494611
152.792	0.8209387796892
152.872	0.819535388827958
152.952	0.818106181466462
153.032	0.816652504387619
153.112	0.815175414902122
153.192	0.813675707397707
153.272	0.81215393843388
153.352	0.810610506271317
153.432	0.809045752355267
153.512	0.807460026647306
153.592	0.805853776757111
153.672	0.804227653004745
153.752	0.802582554022884
153.832	0.800919623706577
153.912	0.799240262408517
153.992	0.797546106466754
154.072	0.795839026535027
154.152	0.794121221764925
154.232	0.792395344161299
154.312	0.790664645583391
154.392	0.788933174944766
154.472	0.787205904271069
154.552	0.785488696146757
154.632	0.783788183699862
154.712	0.782111535888156
154.792	0.780466006599596
154.872	0.778858429185618
154.952	0.77729485489828
155.032	0.775780341869599
155.112	0.774318971823377
155.192	0.772914144267901
155.272	0.77156902551571
155.352	0.770286964986646
155.432	0.769071800695087
155.512	0.767927927940569
155.592	0.766860114581256
155.672	0.765873226969887
155.752	0.764971904151935
155.832	0.764160208106418
155.912	0.763441401053903
155.992	0.762817968485592
156.072	0.762291715366104
156.152	0.761863933374713
156.232	0.761535664174517
156.312	0.761307940447693
156.392	0.761181921618707
156.472	0.761158902767619
156.552	0.761240092102582
156.632	0.761426281084198
156.712	0.761717609000016
156.792	0.762113458070111
156.872	0.76261248924564
156.952	0.763212852729076
157.032	0.763912456864453
157.112	0.764709146465727
157.192	0.765600738320444
157.272	0.766584875755107
157.352	0.767658782215378
157.432	0.768818988169585
157.512	0.770061084214483
157.592	0.771379538362346
157.672	0.772767717208467
157.752	0.774218029378936
157.832	0.775722151871811
157.912	0.777271338098657
157.992	0.778856757961798
158.072	0.780469825143264
158.152	0.782102487028496
158.232	0.783747439694089
158.312	0.785398229177225
158.392	0.787049349994547
158.472	0.788696303295318
158.552	0.790335620503136
158.632	0.791964848910389
158.712	0.793582518793038
158.792	0.795188047474362
158.872	0.79678165388124
158.952	0.79836423521941
159.032	0.79993726210806
159.112	0.801502725272023
159.192	0.80306313367965
159.272	0.804621457191061
159.352	0.806181126206653
159.432	0.807745988666319
159.512	0.809320153803725
159.592	0.810907748076012
159.672	0.812512676483117
159.752	0.8141383109323
159.832	0.815787176562964
159.912	0.817460736143097
159.992	0.819159255063163
160.072	0.820881755247242
160.152	0.822626111512257
160.232	0.824389218335241
160.312	0.826167146195097
160.392	0.827955295401388
160.472	0.829748536222723
160.552	0.831541347789262
160.632	0.833328003689893
160.712	0.835102802159078
160.792	0.836860314509543
160.872	0.838595598534006
160.952	0.840304366432463
161.032	0.841983150935455
161.112	0.843629421104872
161.192	0.845241613689296
161.272	0.846819114642564
161.352	0.848362221754627
161.432	0.849872018832102
161.512	0.851350188676044
161.592	0.852798799047658
161.672	0.854220046938067
161.752	0.855615960530162
161.832	0.85698814705767
161.912	0.858337573064404
161.992	0.859664420529491
162.072	0.860968054789751
162.152	0.862247083911065
162.232	0.863499452977088
162.312	0.864722592222893
162.392	0.865913588081678
162.472	0.867069341833052
162.552	0.868186711630827
162.632	0.869262640758045
162.712	0.870294226988129
162.792	0.871278740643948
162.872	0.872213606915192
162.952	0.873096377487311
163.032	0.873924683273088
163.112	0.874696197165974
163.192	0.875408633750069
163.272	0.876059822717259
163.352	0.876647852991717
163.432	0.877171253682793
163.512	0.877629193363049
163.592	0.878021689989062
163.672	0.878349773230596
163.752	0.878615554457102
163.832	0.87882218165549
163.912	0.878973736822214
163.992	0.879075030902214
164.072	0.879131335310852
164.152	0.879148043503566
164.232	0.879130370307877
164.312	0.879083134183595
164.392	0.879010645962254
164.472	0.878916586350037
164.552	0.878803942688148
164.632	0.878675005713557
164.712	0.878531399035587
164.792	0.878374084451917
164.872	0.878203451980504
164.952	0.878019424959934
165.032	0.877821535876876
165.112	0.877609003845997
165.192	0.877380850453719
165.272	0.877135960102216
165.352	0.876873135875641
165.432	0.87659116281198
165.512	0.876288842389293
165.592	0.875965003367018
165.672	0.875618561445876
165.752	0.875248574907058
165.832	0.874854279502376
165.912	0.874435143823892
165.992	0.873990915929909
166.072	0.873521654211238
166.152	0.873027743908491
166.232	0.872509902189254
166.312	0.871969076876148
166.392	0.871406300618226
166.472	0.870822553454939
166.552	0.870218605279089
166.632	0.86959486902164
166.712	0.868951350946119
166.792	0.86828765624783
166.872	0.867603009025011
166.952	0.866896307614606
167.032	0.866166174772374
167.112	0.865410943887053
167.192	0.864628634442592
167.272	0.863816945216726
167.352	0.862973280068523
167.432	0.862094868049176
167.512	0.861179004882572
167.592	0.860223295860063
167.672	0.859225795261299
167.752	0.858185058140659
167.832	0.857100067499243
167.912	0.855970050942052
167.992	0.854794236655906
168.072	0.853571687598929
168.152	0.852301250315342
168.232	0.850981648146274
168.312	0.849611667807295
168.392	0.848190388463088
168.472	0.846717371948301
168.552	0.84519279310328
168.632	0.843617455917354
168.712	0.841992749834397
168.792	0.840320579876781
168.872	0.838603332315785
168.952	0.836843843192291
169.032	0.835045403602301
169.112	0.833211742696776
169.192	0.831347006562872
169.272	0.829455720777126
169.352	0.827542749937436
169.432	0.82561322647021
169.512	0.823672501321511
169.592	0.821726121484076
169.672	0.819779811565859
169.752	0.817839441853693
169.832	0.815911004883432
169.912	0.814000562654329
169.992	0.812114161606218
170.072	0.81025772062327
170.152	0.80843694599195
170.232	0.806657275489876
170.312	0.804923903943532
170.392	0.803241917703602
170.472	0.801616457187052
170.552	0.800052831286713
170.632	0.798556603039238
170.712	0.797133591349066
170.792	0.79578975829989
170.872	0.794531056126381
170.952	0.793363274753169
171.032	0.792291860915249
171.112	0.791321787643824
171.192	0.790457435056197
171.272	0.789702469611775
171.352	0.789059746972455
171.432	0.788531321616667
171.512	0.788118459783739
171.592	0.787821701422786
171.672	0.787640991056421
171.752	0.787575787809608
171.832	0.787625021145658
171.912	0.787786986641123
171.992	0.788059241718017
172.072	0.788438536941584
172.152	0.788920854447767
172.232	0.78950155006676
172.312	0.790175531840397
172.392	0.790937482349158
172.472	0.791782090230633
172.552	0.79270419237784
172.632	0.793698834010769
172.712	0.794761311233259
172.792	0.795887135934876
172.872	0.797071927947286
172.952	0.798311321609418
173.032	0.799600848968204
173.112	0.800935756629436
173.192	0.802310813064992
173.272	0.80372015092091
173.352	0.805157178366883
173.432	0.806614618946377
173.512	0.808084656225731
173.592	0.809559151115813
173.672	0.811029969539476
173.752	0.812489322210389
173.832	0.81393001596178
173.912	0.815345601539491
173.992	0.816730482910394
174.072	0.818079917602446
174.152	0.819389940288822
174.232	0.820657270906821
174.312	0.821879225243187
174.392	0.823053604835437
174.472	0.824178576451793
174.552	0.825252554274385
174.632	0.826274139108968
174.712	0.827242151603627
174.792	0.828155732207399
174.872	0.829014480758531
174.952	0.829818608421583
175.032	0.830569041813987
175.112	0.831267423842895
175.192	0.831916005571827
175.272	0.832517413805988
175.352	0.833074374815375
175.432	0.833589496813168
175.512	0.834065149007671
175.592	0.834503432260497
175.672	0.834906276740774
175.752	0.835275595540985
175.832	0.83561342390319
175.912	0.835922008638157
175.992	0.836203855179185
176.072	0.836461705539833
176.152	0.836698507825233
176.232	0.836917410502195
176.312	0.837121784045728
176.392	0.837315257495312
176.472	0.837501774906919
176.552	0.837685604525596
176.632	0.837871259168182
176.712	0.838063317221419
176.792	0.838266190804482
176.872	0.838483854918472
176.952	0.838719604428064
177.032	0.838975886088875
177.112	0.839254237913295
177.192	0.839555334715158
177.272	0.839879107524339
177.352	0.840224871890292
177.432	0.840591435268713
177.512	0.840977186005347
177.592	0.841380124188092
177.672	0.841797827921809
177.752	0.84222744456028
177.832	0.842665728084803
177.912	0.84310909500087
177.992	0.843553694392327
178.072	0.843995522320867
178.152	0.844091126792939
178.232	0.844203835549266
178.312	0.844333431712805
178.392	0.844479830673166
178.472	0.844642703486258
178.552	0.844821375930785
178.632	0.8450148644596
178.712	0.845221963323489
178.792	0.84544133718034
178.872	0.845671602749036
178.952	0.845911391300668
179.032	0.846159391337068
179.112	0.846414375576572
179.192	0.84667521607502
179.272	0.846940889705195
179.352	0.847210477568773
179.432	0.847483161056736
179.512	0.847758217392986
179.592	0.848035016221836
179.672	0.848313017461969
179.752	0.848591769852888
179.832	0.848870908535247
179.912	0.849150149428738
179.992	0.84942928190241
180.072	0.849708160597196
180.152	0.849986696668665
180.232	0.850264850342107
180.312	0.850542625277974
180.392	0.850820062661512
180.472	0.851097234923472
180.552	0.851374238856135
180.632	0.85165118819242
180.712	0.851928206951136
180.792	0.852205425596907
180.872	0.852482979687601
180.952	0.852761011238321
181.032	0.853039671284225
181.112	0.85331912144067
181.192	0.853599532602939
181.272	0.853881081742699
181.352	0.854163947685532
181.432	0.854448307747933
181.512	0.854734336279094
181.592	0.855022204791716
181.672	0.855312082831283
181.752	0.855604139509765
181.832	0.855898545091883
181.912	0.856195472156866
181.992	0.85649509651607
182.072	0.856797598692424
182.152	0.857103165196982
182.232	0.857411989540452
182.312	0.857724272787735
182.392	0.858040223010601
182.472	0.858360052936355
182.552	0.858683976904068
182.632	0.85901220754219
182.712	0.859344952798761
182.792	0.859682414285444
182.872	0.860024787599166
182.952	0.860372264111934
183.032	0.860725033848144
183.112	0.861083288570789
183.192	0.861447224418896
183.272	0.861817043487559
183.352	0.862192954919113
183.432	0.862575175330271
183.512	0.862963928889005
183.592	0.863359447424909
183.672	0.863761970785028
183.752	0.864171746697632
183.832	0.864589030072853
183.912	0.865014082411669
183.992	0.865447171790166
184.072	0.865888573600532
184.152	0.866338572572612
184.232	0.866797466311169
184.312	0.867265569170335
184.392	0.86774321542973
184.472	0.868230761108293
184.552	0.868728584143476
184.632	0.86923708274384
184.712	0.869756672774027
184.792	0.870287784999164
184.872	0.870830862914875
184.952	0.871386361400877
185.032	0.871954746464631
185.112	0.872536495281992
185.192	0.873132096452377
185.272	0.873742050281326
185.352	0.874366869271956
185.432	0.875007078157154
185.512	0.87566321475455
185.592	0.876335831785237
185.672	0.877025499866093
185.752	0.877732811439522
185.832	0.878458385967544
185.912	0.879202875171885
185.992	0.879966967998719
186.072	0.880751394081372
186.152	0.881556924923551
186.232	0.882384372331767
186.312	0.883234585209458
186.392	0.884108445142932
186.472	0.885006861526097
186.552	0.88593076815787
186.632	0.886881122103993
186.712	0.887858904567896
186.792	0.88886512429562
186.872	0.889900823960716
186.952	0.89096708544125
187.032	0.892065032970009
187.112	0.893195836085845
187.192	0.894360712254386
187.272	0.895560927070953
187.352	0.896797794914669
187.432	0.898072679342015
