0.072	0.0400688577534876
0.152	0.027873951194838
0.232	0.0172753617893697
0.312	0.00816593069391836
0.392	0.000443231719193804
0.472	-0.00599056518909968
0.552	-0.0112288155916733
0.632	-0.0153605141033228
0.712	-0.0184704056258109
0.792	-0.0206391019388903
0.872	-0.0219432009736256
0.952	-0.0224554105823902
1.032	-0.0222446761694162
1.112	-0.0213763106982139
1.192	-0.0199121271857532
1.272	-0.0179105723582342
1.352	-0.0154268591515834
1.432	-0.0125130974700678
1.512	-0.00921842260130212
1.592	-0.0055891187702457
1.672	-0.00166873648765709
1.752	0.00250179729316891
1.832	0.00688407611885999
1.912	0.0114421171761432
1.992	0.0161422681459289
2.072	0.0209531153831026
2.152	0.0258453927295488
2.232	0.0307918920790531
2.312	0.0357673745163805
2.392	0.0407484845047232
2.472	0.0457136681191077
2.552	0.0506430928305388
2.632	0.0555185685163782
2.712	0.0603234728218194
2.792	0.0650426808054707
2.872	0.0696624980181273
2.952	0.0741705990438124
3.032	0.078555971787873
3.112	0.0828088640643241
3.192	0.0869207297610348
3.272	0.0908841724711191
3.352	0.0946928868545402
3.432	0.0983415972457156
3.512	0.101825995472764
3.592	0.105142681599231
3.672	0.10828911107185
3.752	0.11126354709331
3.832	0.114065018433697
3.912	0.116693281605984
3.992	0.119148784079512
4.072	0.121432626621553
4.152	0.12354652622057
4.232	0.125492777606327
4.312	0.127274214525015
4.392	0.128894173936652
4.472	0.130356463565425
4.552	0.131665330704818
4.632	0.132825432619518
4.712	0.133841807458305
4.792	0.134719843949535
4.872	0.135465249796999
4.952	0.136084019956042
5.032	0.136582405470877
5.112	0.136966883085799
5.192	0.137244124828404
5.272	0.137420966959864
5.352	0.137504378452247
5.432	0.137501429386989
5.512	0.137419260195157
5.592	0.137265053107745
5.672	0.137046006334939
5.752	0.136769310285446
5.832	0.136442123980553
5.912	0.136071549757366
5.992	0.135664606106678
6.072	0.135228199429681
6.152	0.134769095719365
6.232	0.134293894355791
6.312	0.133809005678346
6.392	0.133320631066093
6.472	0.13283474373725
6.552	0.132357070784833
6.632	0.131893076017233
6.712	0.131447943100808
6.792	0.131026559142528
6.872	0.130633499821448
6.952	0.130273015569058
7.032	0.129949018135529
7.112	0.12966506623056
7.192	0.129424348445264
7.272	0.129229662633753
7.352	0.12908339551335
7.432	0.128987503403748
7.512	0.128943492278326
7.592	0.128952395958544
7.672	0.12901475379317
7.752	0.129130583268617
7.832	0.129299345651679
7.912	0.129519905724544
7.992	0.129790489012175
8.072	0.130108636574578
8.152	0.130471160953805
8.232	0.130874107352566
8.312	0.131312723746609
8.392	0.131781442884686
8.472	0.132273880971157
8.552	0.132782858063381
8.632	0.133300450279753
8.712	0.133818087235321
8.792	0.134326716273657
8.872	0.134817053511243
8.952	0.135279942406937
9.032	0.135706833314023
9.112	0.136090376917144
9.192	0.136425082766158
9.272	0.136707951291369
9.352	0.136938939345866
9.432	0.137121087570611
9.512	0.137280655040849
9.592	0.137398253224339
9.672	0.137474598898526
9.752	0.137510306676953
9.832	0.137505802232633
9.912	0.137461264391229
9.992	0.13737660416435
10.072	0.137251468436309
10.152	0.137085265986562
10.232	0.136877195773364
10.312	0.136626268158201
10.392	0.136331323610166
10.472	0.135991050676241
10.552	0.13560398780105
10.632	0.135168566598084
10.712	0.134683180612585
10.792	0.134146243737705
10.872	0.133556204091773
10.952	0.132911539037776
11.032	0.132210722489072
11.112	0.131452217631951
11.192	0.130634513002034
11.272	0.12975624954368
11.352	0.128816426767029
11.432	0.127814616231261
11.512	0.126751100175445
11.592	0.125626996598433
11.672	0.12444427134969
11.752	0.123205685911985
11.832	0.121914741510777
11.912	0.120575576102302
11.992	0.119192762576064
12.072	0.117771072159831
12.152	0.116315197760885
12.232	0.114829465833386
12.312	0.113317686913037
12.392	0.111783260558747
12.472	0.11022948319536
12.552	0.108660006129893
12.632	0.107079282756571
12.712	0.105492926844923
12.792	0.103907788413219
12.872	0.10233172517343
12.952	0.100773208042982
13.032	0.099241026302602
13.112	0.0977440264762119
13.192	0.0962909602456445
13.272	0.0948904792488872
13.352	0.0935510681088854
13.432	0.0922807690864094
13.512	0.0910868616557767
13.592	0.0899753703795074
13.672	0.0889504894822348
13.752	0.0880141481200329
13.832	0.0871659036184855
13.912	0.0864030416222601
13.992	0.0857209183443484
14.072	0.085113477080986
14.152	0.0845738169584838
14.232	0.0840946687638056
14.312	0.0836687604819328
14.392	0.083289107352412
14.472	0.0829492558525668
14.552	0.0826434363735533
14.632	0.0823666137548944
14.712	0.0821144215654446
14.792	0.0818829966422729
14.872	0.0816687080817093
14.952	0.0814678807542482
15.032	0.0812764811235649
15.112	0.0810899343591753
15.192	0.0809032476168756
15.272	0.0807113668522685
15.352	0.0805095700991689
15.432	0.0802938763870475
15.512	0.0800614100547516
15.592	0.0798106347452592
15.672	0.0795415090752716
15.752	0.0792556410015894
15.832	0.0789563947354193
15.912	0.0786489238195056
15.992	0.0783401163102173
16.072	0.0780383648245095
16.152	0.077753187454503
16.232	0.0774948039843917
16.312	0.0772737698068955
16.392	0.0771007148002365
16.472	0.0769862636481538
16.552	0.0769411092055154
16.632	0.0769761384848504
16.712	0.077102444706421
16.792	0.077331078871131
16.872	0.0776725567102527
16.952	0.0781362858514552
17.032	0.0787299274733808
17.112	0.0794588355004979
17.192	0.0803257526835477
17.272	0.0813308189072561
17.352	0.0824717664557379
17.432	0.0837443604962917
17.512	0.0851428975587059
17.592	0.0866605691499576
17.672	0.0882895739073373
17.752	0.0900210115329418
17.832	0.0918446065825282
17.912	0.0937485274466514
17.992	0.0957194119575195
18.072	0.0977427055197371
18.152	0.0998032129120165
18.232	0.101885822703155
18.312	0.10397617937697
18.392	0.106061189240849
18.472	0.108129201186687
18.552	0.110169995606343
18.632	0.112174692620092
18.712	0.114135615462532
18.792	0.116046074571736
18.872	0.117900199513349
18.952	0.119692717506565
19.032	0.121418627536238
19.112	0.123072894989237
19.192	0.124650250738524
19.272	0.126145118228004
19.352	0.127551765771402
19.432	0.128864705533738
19.512	0.130079180018901
19.592	0.131191647143806
19.672	0.13220019927021
19.752	0.133104737420288
19.832	0.13390688175623
19.912	0.134609755201692
19.992	0.135217722691364
20.072	0.135736107139101
20.152	0.136170982385879
20.232	0.136529045232324
20.312	0.136817498718903
20.392	0.137043909088201
20.472	0.137216016950164
20.552	0.137341484355622
20.632	0.137427613376177
20.712	0.137481091929283
20.792	0.137507807404544
20.872	0.137512751395787
20.952	0.137500021211752
21.032	0.137472887526171
21.112	0.137433890758667
21.192	0.137384938103798
21.272	0.137327385540745
21.352	0.137262100673043
21.432	0.137189516391027
21.512	0.137109703653616
21.592	0.137022457910886
21.672	0.136927384077717
21.752	0.136823980707463
21.832	0.136711712925921
21.912	0.136590048354352
21.992	0.13645848230143
22.072	0.136316561318266
22.152	0.13616389852511
22.232	0.136000183010717
22.312	0.135825219771613
22.392	0.135638969534599
22.472	0.135441587121962
22.552	0.135233468532642
22.632	0.135015310775549
22.712	0.134788149508145
22.792	0.134553377712313
22.872	0.134312725449776
22.952	0.134068200611599
23.032	0.133821986759381
23.112	0.133576348042324
23.192	0.133333547993223
23.272	0.133095836496954
23.352	0.132865513347285
23.432	0.132645066834579
23.512	0.132437299255214
23.592	0.132245404500418
23.672	0.132072937851111
23.752	0.131923655641677
23.832	0.131801244937842
23.912	0.131709006964533
23.992	0.131649552900727
24.072	0.13162464130953
24.152	0.131635204672763
24.232	0.131681508161376
24.312	0.131763367927762
24.392	0.131880376426471
24.472	0.132031977335222
24.552	0.132217390520053
24.632	0.132435445267587
24.712	0.13268436383577
24.792	0.132961535533925
24.872	0.133263382023094
24.952	0.133585350992631
25.032	0.133922024471437
25.112	0.134267353307768
25.192	0.13461499157428
25.272	0.134958641177091
25.352	0.135292365184887
25.432	0.135610863635256
25.512	0.135909681290491
25.592	0.136185329804034
25.672	0.136435332617348
25.752	0.136658192396448
25.832	0.136853277738608
25.912	0.137020673562846
25.992	0.137161037277272
26.072	0.137275471528651
26.152	0.137365398094248
26.232	0.137432444843485
26.312	0.137478330693726
26.392	0.137504756668919
26.472	0.137513317157131
26.552	0.137505441038281
26.632	0.137482361866807
26.712	0.137445115919773
26.792	0.137394554455986
26.872	0.137331356808824
26.952	0.137256047090018
27.032	0.13716902328955
27.112	0.137070598817642
27.192	0.13696105254885
27.272	0.136840685292606
27.352	0.136709868011591
27.432	0.136569031734235
27.512	0.136418600450101
27.592	0.136258903914788
27.672	0.136090084212574
27.752	0.135912001176129
27.832	0.135724186626073
27.912	0.135525838533477
27.992	0.135315862963784
28.072	0.135092967247394
28.152	0.134855756340007
28.232	0.13460277249307
28.312	0.134332511004805
28.392	0.134043439590522
28.472	0.133734010197722
28.552	0.133402700373852
28.632	0.13304813448252
28.712	0.132669263705525
28.792	0.132265524529283
28.872	0.131836951247807
28.952	0.131384175637537
29.032	0.130908363739392
29.112	0.130411082641645
29.192	0.129894173629404
29.272	0.129359673269265
29.352	0.128809855341453
29.432	0.128247330983418
29.512	0.127675172358034
29.592	0.127096919305005
29.672	0.126516496543642
29.752	0.125938052793254
29.832	0.12536578827895
29.912	0.124803753539448
29.992	0.124255771025835
30.072	0.123725441304023
30.152	0.123216168818724
30.232	0.122731110978377
30.312	0.122273109295412
30.392	0.121844497526
30.472	0.121446894007866
30.552	0.12108111388015
30.632	0.120747242368511
30.712	0.120444859409814
30.792	0.120173354901107
30.872	0.119932184737353
30.952	0.119721002406758
31.032	0.119539632026589
31.112	0.119387916116496
31.192	0.119265484652262
31.272	0.119171563843226
31.352	0.119104862950122
31.432	0.119063578642775
31.512	0.119045465568012
31.592	0.119047930210266
31.672	0.119068168496783
31.752	0.11910336726462
31.832	0.119150933912971
31.912	0.11920872965551
31.992	0.119275355986153
32.072	0.119350391605495
32.152	0.119434470154657
32.232	0.119529190236976
32.312	0.119636898278335
32.392	0.119760405650846
32.472	0.119902626691838
32.552	0.120066255227355
32.632	0.120253560898609
32.712	0.120466303749582
32.792	0.120705732907
32.872	0.120972693397539
32.952	0.121267763785385
33.032	0.121591375513704
33.112	0.121943936753416
33.192	0.122325951459034
33.272	0.122738050115503
33.352	0.123181022052302
33.432	0.12365584841069
33.512	0.124163644359337
33.592	0.124705484952889
33.672	0.125282224384316
33.752	0.125894213447141
33.832	0.126540961997454
33.912	0.127220884104707
33.992	0.127931111628653
34.072	0.128667326701729
34.152	0.129423719839815
34.232	0.130193085211475
34.312	0.130966991472588
34.392	0.13173609185681
34.472	0.132490544871162
34.552	0.133220445176663
34.632	0.133916227444859
34.712	0.134569001353773
34.792	0.135170733153542
34.872	0.135714314458136
34.952	0.13619360171605
35.032	0.13660345800522
35.112	0.136939827339868
35.192	0.137199849341608
35.272	0.137381944801506
35.352	0.137485830619601
35.432	0.137512454743876
35.512	0.137463860456583
35.592	0.13734301962821
35.672	0.137153663773057
35.752	0.136900131791192
35.832	0.13658727204991
35.912	0.1362204021562
35.992	0.135805298338576
36.072	0.135348193250733
36.152	0.134855689358682
36.232	0.134334559968158
36.312	0.133791452616732
36.392	0.133232566086912
36.472	0.132663383412195
36.552	0.132088629884651
36.632	0.131512388746975
36.712	0.130938351672429
36.792	0.130370093809175
36.872	0.129811252552974
36.952	0.129265472529704
37.032	0.128736274212338
37.112	0.128226883976053
37.192	0.127740109211972
37.272	0.127278330048556
37.352	0.126843562869956
37.432	0.12643747749666
37.512	0.126061378551762
37.592	0.125716078084002
37.672	0.125401747783739
37.752	0.125117839103451
37.832	0.124863069721373
37.912	0.12463551637156
37.992	0.124432838370632
38.072	0.124252578764414
38.152	0.124092478518937
38.232	0.123950829801997
38.312	0.123826718213428
38.392	0.123720138015722
38.472	0.123632076527388
38.552	0.123564479291515
38.632	0.123520049166844
38.712	0.12350200533225
38.792	0.123513887233367
38.872	0.123559278966061
38.952	0.123641570074211
39.032	0.123763748522448
39.112	0.123928189054558
39.192	0.12413644693005
39.272	0.124389078246148
39.352	0.124685457809798
39.432	0.125023724413373
39.512	0.125400864015417
39.592	0.125812940608062
39.672	0.126255409041908
39.752	0.126723527295843
39.832	0.127212692448227
39.912	0.127718659955386
39.992	0.128237631510414
40.072	0.128766215874398
40.152	0.129301302364587
40.232	0.129840007891948
40.312	0.130379692554682
40.392	0.13091796371892
40.472	0.131452717978783
40.552	0.131982167453954
40.632	0.132504742873094
40.712	0.133018899046755
40.792	0.133522902605572
40.872	0.134014586691295
40.952	0.134491152645294
41.032	0.13494910622226
41.112	0.135384327546221
41.192	0.135792236269877
41.272	0.136168032220153
41.352	0.136506912821714
41.432	0.136804192397504
41.512	0.137055342601693
41.592	0.137255973736627
41.672	0.137401805282435
41.752	0.137488694814687
41.832	0.137512769616778
41.912	0.137470658558653
41.992	0.137359795221224
42.072	0.137178722600448
42.152	0.136927328182496
42.232	0.136606975013665
42.312	0.136220499792072
42.392	0.135772085126336
42.472	0.135267042501289
42.552	0.134711559674413
42.632	0.134112425343973
42.712	0.133476822086122
42.792	0.132812220373852
42.872	0.132126330917915
42.952	0.131427068707838
43.032	0.1307225358601
43.112	0.13002091666039
43.192	0.129330285109495
43.272	0.128658399419235
43.352	0.128012509980914
43.432	0.127399151816883
43.512	0.126824014759785
43.592	0.126291947897714
43.672	0.125807008736006
43.752	0.125372522914089
43.832	0.124991199321569
43.912	0.124665239563887
43.992	0.124396396273271
44.072	0.124186014986959
44.152	0.124035099572621
44.232	0.123944290817599
44.312	0.123913744123163
44.392	0.123942949572816
44.472	0.124030525227012
44.552	0.124174029495338
44.632	0.124369957097491
44.712	0.124613943835017
44.792	0.124901033786115
44.872	0.125226007564594
44.952	0.125583722984983
45.032	0.12596936597487
45.112	0.126378571329921
45.192	0.126807438585418
45.272	0.127252463942702
45.352	0.127710411507996
45.432	0.128178208172541
45.512	0.128652853651671
45.592	0.129131332077483
45.672	0.129610576140395
45.752	0.130087539531312
45.832	0.130559293301138
45.912	0.131023126001805
45.992	0.131476696035966
46.072	0.131918193500846
46.152	0.1323463759727
46.232	0.132760518392201
46.312	0.133160341759746
46.392	0.133545923790708
46.472	0.133917576755065
46.552	0.134275738808343
46.632	0.134620833525561
46.712	0.134953128714146
46.792	0.135272632140842
46.872	0.346938337961831
46.952	0.345661608761077
47.032	0.344377190037733
47.112	0.343086176786699
47.192	0.341791154879672
47.272	0.340495966819674
47.352	0.339205279005171
47.432	0.337924066953235
47.512	0.336657243763455
47.592	0.335409442786329
47.672	0.334185065734289
47.752	0.332988389967625
47.832	0.331823772324753
47.912	0.330695846157766
47.992	0.329609621263955
48.072	0.328570399910006
48.152	0.327583601449021
48.232	0.326654482749575
48.312	0.32578786342134
48.392	0.324987856094197
48.472	0.324257639403243
48.552	0.323599327320096
48.632	0.323013991745995
48.712	0.322501745683724
48.792	0.322061917135272
48.872	0.32169327925709
48.952	0.321394262336014
49.032	0.321163111166186
49.112	0.320997977801483
49.192	0.320896874890934
49.272	0.320857498176963
49.352	0.320876979378966
49.432	0.320951636432653
49.512	0.321076823191163
49.592	0.321246938224874
49.672	0.321455612465968
49.752	0.321696051894207
49.832	0.321961423027744
49.912	0.322245168422057
49.992	0.322541211704277
50.072	0.322844005231502
50.152	0.323148458358844
50.232	0.323449829553454
50.312	0.323743620391213
50.392	0.324025520726138
50.472	0.324291442019387
50.552	0.324537588692863
50.632	0.324760530007609
50.712	0.324957317594851
50.792	0.325125610049952
50.872	0.325263744307051
50.952	0.325370775985618
51.032	0.325446494649157
51.112	0.325491414524379
51.192	0.325506710057937
51.272	0.325494096104478
51.352	0.325455653857546
51.432	0.325393657231587
51.512	0.325310406559026
51.592	0.325208070409815
51.672	0.325088548011024
51.752	0.324953351164879
51.832	0.324803506026853
51.912	0.324639555160104
51.992	0.324461620560157
52.072	0.32426953529756
52.152	0.32406311725407
52.232	0.323842509864392
52.312	0.323608443864885
52.392	0.323362450737079
52.472	0.323106993548947
52.552	0.322845426768197
52.632	0.322581853697841
52.712	0.322320953550445
52.792	0.322067742379147
52.872	0.321827323141349
52.952	0.321604689947151
53.032	0.321404526895151
53.112	0.321231015657588
53.192	0.321087693026527
53.272	0.320977352617604
53.352	0.320901985352577
53.432	0.320862762858894
53.512	0.320860028722507
53.592	0.320893287615206
53.672	0.320961185616795
53.752	0.321061490024306
53.832	0.321191101126431
53.912	0.321346104104634
53.992	0.321521876053282
54.072	0.321713245424064
54.152	0.321914688596109
54.232	0.322120543770154
54.312	0.322325247413403
54.392	0.322523528863201
54.472	0.322710584832919
54.552	0.322882239605804
54.632	0.323035071526817
54.712	0.323166468052989
54.792	0.323274639928002
54.872	0.323358555504853
54.952	0.32341783542239
55.032	0.323452610721404
55.112	0.323463376597317
55.192	0.323450845196305
55.272	0.323415896244512
55.352	0.32335957241645
55.432	0.323283145359767
55.512	0.323188211056447
55.592	0.323076769669285
55.672	0.322951212399687
55.752	0.322814247769713
55.832	0.322668749364141
55.912	0.322517578187046
55.992	0.322363445320264
56.072	0.322208827985776
56.152	0.322055925402026
56.232	0.321906657653528
56.312	0.321762680573954
56.392	0.321625426995922
56.472	0.32149615343468
56.552	0.321375969657709
56.632	0.321265864189229
56.712	0.32116675408264
56.792	0.321079529406177
56.872	0.321005090038909
56.952	0.320944398128233
57.032	0.320898549786932
57.112	0.320868853300624
57.192	0.320856899806529
57.272	0.320864597124512
57.352	0.320894151601294
57.432	0.32094798970769
57.512	0.321028623523205
57.592	0.321138489851535
57.672	0.321279790610504
57.752	0.321454362395627
57.832	0.321663585061003
57.912	0.321908349247394
57.992	0.322189072179697
58.072	0.322505750792686
58.152	0.322857981648724
58.232	0.323244951060644
58.312	0.323665378911244
58.392	0.324117423805035
58.472	0.324598535618236
58.552	0.325105371038774
58.632	0.325633817074902
58.712	0.326179159618675
58.792	0.326736350824774
58.872	0.32730038325866
58.952	0.327866655870082
59.032	0.328431230350645
59.112	0.32899097298565
59.192	0.32954355326018
59.272	0.330087292781684
59.352	0.33062097118426
59.432	0.331143683236462
59.512	0.331654723305348
59.592	0.332153582767035
59.672	0.332640030120558
59.752	0.333114249519838
59.832	0.333576970812317
59.912	0.33402955975788
59.992	0.334473971021055
60.072	0.334912633629699
60.152	0.335348275065769
60.232	0.335783707139115
60.312	0.336221634719948
60.392	0.336664599217272
60.472	0.337114983987874
60.552	0.337575104109249
60.632	0.338047349250871
60.712	0.338534290622249
60.792	0.339038746985409
60.872	0.339563810561742
60.952	0.340112820341972
61.032	0.34068930174152
61.112	0.341296902965325
61.192	0.34193931961596
61.272	0.342620167319353
61.352	0.343342704452368
61.432	0.344109394308646
61.512	0.344921460434705
61.592	0.345778524141394
61.672	0.34667838549575
61.752	0.347617096353304
61.832	0.348589331318578
61.912	0.349588814823676
61.992	0.350608744565818
62.072	0.351642161487518
62.152	0.352682148095653
62.232	0.353721834230271
62.312	0.354754420685197
62.392	0.35577320341298
62.472	0.356771575602863
62.552	0.357743097244395
62.632	0.358681653272754
62.712	0.359581582150042
62.792	0.360437772144508
62.872	0.361245762819919
62.952	0.362001737789171
63.032	0.362702336223094
63.112	0.36334431263964
63.192	0.363924040062727
63.272	0.364436961050444
63.352	0.364877187262266
63.432	0.365237374484707
63.512	0.365508875020907
63.592	0.365682130824723
63.672	0.365747188582134
63.752	0.365694213275276
63.832	0.365513907338084
63.912	0.365197776957928
63.992	0.364738281336543
64.072	0.364128920477754
64.152	0.363364277854487
64.232	0.362440070008631
64.312	0.361353264339584
64.392	0.36010220689667
64.472	0.358686786343299
64.552	0.35710865223308
64.632	0.355371438447662
64.712	0.353480959538331
64.792	0.351445394483619
64.872	0.349275314701401
64.952	0.346983484691862
65.032	0.344584489611464
65.112	0.342094202891928
65.192	0.339528981939623
65.272	0.336904795829867
65.352	0.334236816305349
65.432	0.331539616625321
65.512	0.328827675445098
65.592	0.326116179433427
65.672	0.323422243226048
65.752	0.320766047803033
65.832	0.318171527571565
65.912	0.315666816637702
65.992	0.313284186703129
66.072	0.311059281778569
66.152	0.309030060640737
66.232	0.307235604983077
66.312	0.305714471746398
66.392	0.304503143906857
66.472	0.303634811978043
66.552	0.303138139841678
66.632	0.303036119108185
66.712	0.303345224424845
66.792	0.3040745119186
66.872	0.305224697851543
66.952	0.306787507915203
67.032	0.308745355649251
67.112	0.31107122261534
67.192	0.313729001539798
67.272	0.316674496544749
67.352	0.319856972042487
67.432	0.323220977875906
67.512	0.326708485613437
67.592	0.33026126983458
67.672	0.333823013878884
67.752	0.337341006727854
67.832	0.340767500343702
67.912	0.344060550778465
67.992	0.347184337109582
68.072	0.350109286231429
68.152	0.352811877091824
68.232	0.355274143872805
68.312	0.357483131058927
68.392	0.359430296974267
68.472	0.361110859877442
68.552	0.362523391974094
68.632	0.363669729774585
68.712	0.364554973822862
68.792	0.365187406849884
68.872	0.365578184863409
68.952	0.365740734566828
69.032	0.365689929880375
69.112	0.365441224764197
69.192	0.365009952550224
69.272	0.364410933338775
69.352	0.363658399365761
69.432	0.362766153751238
69.512	0.361747808936627
69.592	0.360616968036027
69.672	0.359387302724201
69.752	0.35807253198135
69.832	0.356686350073062
69.912	0.355242370373674
69.992	0.353754048029202
70.072	0.352234565991296
70.152	0.350696744199297
70.232	0.349152950802534
70.312	0.347614948137846
70.392	0.34609378592171
70.472	0.344599734310634
70.552	0.34314213539227
70.632	0.341729266750519
70.712	0.340368211720431
70.792	0.3390646125834
70.872	0.337822502507095
70.952	0.336644337542282
71.032	0.335531084904403
71.112	0.334482401207254
71.192	0.33349698586602
71.272	0.332572858187802
71.352	0.331707469141918
71.432	0.3308978285732
71.512	0.33014060820841
71.592	0.329432150495393
71.672	0.328768559538219
71.752	0.328145855649097
71.832	0.327560089760993
71.912	0.327007477111295
71.992	0.326484538070247
72.072	0.325988162535566
72.152	0.325515674883889
72.232	0.325064929637449
72.312	0.324634406339044
72.392	0.324223266937622
72.472	0.323831345983024
72.552	0.323459044947356
72.632	0.32310716304363
72.712	0.32277672126321
72.792	0.32246880869269
72.872	0.322184480599333
72.952	0.321924733488856
73.032	0.321690517564264
73.112	0.321482777061135
73.192	0.321302507177904
73.272	0.321150807909873
73.352	0.321028926218162
73.432	0.320938286349872
73.512	0.320880473265618
73.592	0.320857162353093
73.672	0.320869996713498
73.752	0.32092042607718
73.832	0.321009537061229
73.912	0.32113789814656
73.992	0.32130541223097
74.072	0.321511149536093
74.152	0.321753158158401
74.232	0.322028266560267
74.312	0.322331923176591
74.392	0.32265813829946
74.472	0.32299958738912
74.552	0.323347873804266
74.632	0.323693921867914
74.712	0.324028444795488
74.792	0.324342389278115
74.872	0.324627286585667
74.952	0.324875493086836
75.032	0.325080332109962
75.112	0.3252361616332
75.192	0.32533846797736
75.272	0.32538396070089
75.352	0.325370633351497
75.432	0.32529782052535
75.512	0.325166251296594
75.592	0.324978036757727
75.672	0.324736626933088
75.752	0.324446801783381
75.832	0.324114746765133
75.912	0.323748194495522
75.992	0.323356582004124
76.072	0.322951147978813
76.152	0.32254482734794
76.232	0.322151860292195
76.312	0.321787143478616
76.392	0.321465420536867
76.472	0.321200478887192
76.552	0.32100450727188
76.632	0.32088770272486
76.712	0.320858169565838
76.792	0.320922042907625
76.872	0.321083713380688
76.952	0.321346022301157
77.032	0.321710343440088
77.112	0.322176546160165
77.192	0.322742886072149
77.272	0.323405931560444
77.352	0.324160621405269
77.432	0.325000500747649
77.512	0.325918033690925
77.592	0.326904963170648
77.672	0.327952632312815
77.752	0.329052167942052
77.832	0.3301945158899
77.912	0.331370473463096
77.992	0.332570709580125
78.072	0.333785860003957
78.152	0.335006742967323
78.232	0.336224621541476
78.312	0.337431399281343
78.392	0.338619735275813
78.472	0.339783055447981
78.552	0.34091542203754
78.632	0.342011362422511
78.712	0.343065773925957
78.792	0.34407385238211
78.872	0.345031065304795
78.952	0.345933245822323
79.032	0.346776716469265
79.112	0.347558353646434
79.192	0.348275605954029
79.272	0.348926489421331
79.352	0.349509454559609
79.432	0.350023170423071
79.512	0.35046638142984
79.592	0.350837818805701
79.672	0.351136113606401
79.752	0.351359818110211
79.832	0.351507549415658
79.912	0.351578185145001
79.992	0.351571167123154
80.072	0.35148686487986
80.152	0.351326792231646
80.232	0.351093664466418
80.312	0.350791378072756
80.392	0.350424886172107
80.472	0.349999938833264
80.552	0.349522832985883
80.632	0.349000170078
80.712	0.348438587224166
80.792	0.347844492437787
80.872	0.347223893615535
80.952	0.34658227417134
81.032	0.345924554949249
81.112	0.345255129357554
81.192	0.344577925163151
81.272	0.343896424797606
81.352	0.343213643473462
81.432	0.34253206118052
81.512	0.341853523790235
81.592	0.341179194091467
81.672	0.340509615724784
81.752	0.339844897528849
81.832	0.339185006775722
81.912	0.338530008000419
81.992	0.337880167749461
82.072	0.337235968275252
82.152	0.33659800616914
82.232	0.335966803808844
82.312	0.335342639039538
82.392	0.334725387861511
82.472	0.334114361382888
82.552	0.333508301578888
82.632	0.332905534585905
82.712	0.332304157378019
82.792	0.331702308718775
82.872	0.331098464743775
82.952	0.330491620987289
83.032	0.329881349652794
83.112	0.329267818191454
83.192	0.328651720134587
83.272	0.328034190072401
83.352	0.327416792689462
83.432	0.326801540833287
83.512	0.326190891274848
83.592	0.325587729242386
83.672	0.324995340340877
83.752	0.324417401574749
83.832	0.323858046509997
83.912	0.323322050990384
83.992	0.322815128388754
84.072	0.322344244432145
84.152	0.321917868200842
84.232	0.321546120954906
84.312	0.321240791595585
84.392	0.321015204273237
84.472	0.320884019366019
84.552	0.320863007513196
84.632	0.32096884333879
84.712	0.321218947099908
84.792	0.321631329815375
84.872	0.322224394941998
84.952	0.323016699525567
85.032	0.324026668695353
85.112	0.32527232022386
85.192	0.326771121826425
85.272	0.328539933178547
85.352	0.330594932709857
85.432	0.332951499438821
85.512	0.335623908051673
85.592	0.338624720116002
85.672	0.341963993874117
85.752	0.345648479972454
85.832	0.349680797453345
85.912	0.354058634113983
85.992	0.358774055108427
86.072	0.363812829848086
86.152	0.369153667252988
86.232	0.374767583173764
86.312	0.380617590212466
86.392	0.386658821846197
86.472	0.392839176144264
86.552	0.399100338458823
86.632	0.405378827130392
86.712	0.411607073018729
86.792	0.417714668716201
86.872	0.423629898182469
86.952	0.429281532242214
87.032	0.434601073095905
87.112	0.439525302900506
87.192	0.443998770471183
87.272	0.447975793626142
87.352	0.451421980528607
87.432	0.454315253066682
87.512	0.45664640484182
87.592	0.458419134768917
87.672	0.459649605141863
87.752	0.460365442366424
87.832	0.460604162824495
87.912	0.460411102329715
87.992	0.459837151673696
88.072	0.458936663410952
88.152	0.457765766779346
88.232	0.456381163958326
88.312	0.454839266398324
88.392	0.453195460235634
88.472	0.451503398490161
88.552	0.44981420720984
88.632	0.448175556518152
88.712	0.446630664559734
88.792	0.445217386008778
88.872	0.443967336562594
88.952	0.442905258920462
89.032	0.442048731422972
89.112	0.441408284219335
89.192	0.440987950748081
89.272	0.440786121230019
89.352	0.440796397705412
89.432	0.441008271299154
89.512	0.441407538359954
89.592	0.441976623454082
89.672	0.44269498408795
89.752	0.443539736216565
89.832	0.444486529318908
89.912	0.445510797027509
89.992	0.446588928981953
90.072	0.447699133236313
90.152	0.448822048732552
90.232	0.449941008090775
90.312	0.451041886738722
90.392	0.45211279010681
90.472	0.453143692378831
90.552	0.454126015435179
90.632	0.455052345635352
90.712	0.455916364198288
90.792	0.456712869979299
90.872	0.457437873336232
90.952	0.458088709853484
91.032	0.458664065597873
91.112	0.459163813977
91.192	0.45958862739883
91.272	0.459939449689898
91.352	0.460216952866801
91.432	0.460421077190404
91.512	0.460550685247256
91.592	0.460603359288939
91.672	0.460575317983114
91.752	0.460461435816626
91.832	0.460255381283105
91.912	0.459949876342364
91.992	0.459537084042267
92.072	0.459009116902678
92.152	0.458358557919894
92.232	0.457578910344296
92.312	0.45666491291496
92.392	0.455612616401368
92.472	0.454419210583069
92.552	0.453082758048765
92.632	0.451601836195266
92.712	0.449975061491784
92.792	0.448200558727308
92.872	0.44627554203322
92.952	0.444195992762673
93.032	0.44195667420621
93.112	0.43955167790773
93.192	0.436975474735107
93.272	0.434224324665024
93.352	0.431297836022225
93.432	0.428200224984835
93.512	0.424940967042744
93.592	0.421534819849683
93.672	0.418001214365063
93.752	0.464078617431085
93.832	0.46287034431333
93.912	0.46196329688695
93.992	0.461349391495048
94.072	0.461015652235631
94.152	0.460944923871637
94.232	0.461116807597875
94.312	0.461508831191281
94.392	0.462097749313102
94.472	0.462860836557127
94.552	0.463777029523612
94.632	0.464827735619679
94.712	0.465997234027896
94.792	0.467272717399396
94.872	0.468644015084749
94.952	0.470103102488338
95.032	0.471643557778236
95.112	0.473260048578027
95.192	0.474947895939465
95.272	0.476702832370904
95.352	0.47852094354721
95.432	0.480398584380225
95.512	0.482332345904524
95.592	0.484318979393095
95.672	0.486355208063912
95.752	0.488437442412589
95.832	0.490561618208687
95.912	0.492723162589357
95.992	0.494917149884657
96.072	0.497138611461367
96.152	0.499382870752186
96.232	0.501645851597061
96.312	0.503924344644304
96.392	0.506216087523114
96.472	0.508519694256336
96.552	0.510834397004828
96.632	0.513159637732713
96.712	0.515494556617966
96.792	0.517837540661901
96.872	0.520185803034053
96.952	0.522535134122393
97.032	0.524879954923506
97.112	0.527213578501176
97.192	0.529528614628759
97.272	0.531817455943553
97.352	0.534072770731029
97.432	0.536287917633388
97.512	0.538457209958608
97.592	0.54057605911413
97.672	0.542641017973494
97.752	0.544649705228551
97.832	0.546600608016377
97.912	0.548492827703683
97.992	0.550325806814556
98.072	0.552099093528398
98.152	0.553812267315436
98.232	0.555465012383536
98.312	0.557057253821938
98.392	0.558589300347933
98.472	0.560061936484601
98.552	0.561476349797829
98.632	0.562833889060528
98.712	0.564135801912755
98.792	0.565383061348768
98.872	0.566576294147183
98.952	0.567715842587575
99.032	0.568801990107147
99.112	0.569835269965722
99.192	0.570816694397024
99.272	0.571747837673172
99.352	0.572630776726839
99.432	0.573467896799627
99.512	0.574261635290725
99.592	0.57501428189147
99.672	0.575727900319691
99.752	0.576404387846367
99.832	0.577045660673036
99.912	0.577653886646146
99.992	0.578231663001873
100.072	0.578782058173545
100.152	0.579308526687043
100.232	0.57981470452313
100.312	0.580304155492115
100.392	0.580780135461112
100.472	0.581245435896165
100.552	0.581702326145262
100.632	0.582152548617216
100.712	0.582597350513026
100.792	0.583037580209009
100.872	0.583473801631101
100.952	0.583906396210239
101.032	0.584335675399018
101.112	0.584761959777381
101.192	0.585185544812873
101.272	0.585606601907273
101.352	0.586025051418403
101.432	0.586440380483339
101.512	0.586851483575572
101.592	0.58725660749036
101.672	0.587653397220549
101.752	0.588039044908271
101.832	0.588410547121669
101.912	0.588764986542117
101.992	0.589099807174591
102.072	0.589413061288212
102.152	0.589703542332074
102.232	0.589970784369086
102.312	0.590214956067541
102.392	0.590436640930932
102.472	0.590636564011618
102.552	0.590815375059321
102.632	0.590973527993071
102.712	0.591111300018667
102.792	0.591228967974246
102.872	0.591327042931368
102.952	0.591406466562773
103.032	0.591468724197455
103.112	0.591515789523839
103.192	0.591549919135502
103.272	0.591573377025782
103.352	0.591588150580776
103.432	0.591595742420907
103.512	0.591597112983493
103.592	0.591592739357282
103.672	0.59158276125919
103.752	0.591567179453762
103.832	0.591546013415098
103.912	0.591519384959099
103.992	0.591487589308429
104.072	0.591451143666688
104.152	0.591410781910156
104.232	0.591367443610523
104.312	0.591322238974669
104.392	0.591276341148898
104.472	0.59123082185971
104.552	0.591186492949703
104.632	0.591143796438416
104.712	0.591102764556297
104.792	0.591063059733358
104.872	0.591024071070649
104.952	0.590985021424956
105.032	0.590945057750389
105.112	0.590903303742891
105.192	0.59085885805581
105.272	0.590810762917329
105.352	0.590758014074879
105.432	0.590699610958438
105.512	0.590634616807108
105.592	0.590562203389084
105.672	0.590481679462016
105.752	0.590392485442806
105.832	0.590294160348378
105.912	0.590186298504307
105.992	0.590068558343944
106.072	0.589940692340463
106.152	0.589802587002339
106.232	0.589654282215463
106.312	0.589495971261556
106.392	0.589327945489515
106.472	0.589150536937552
106.552	0.588964068752546
106.632	0.588768835267103
106.712	0.588565117725864
106.792	0.588353242588425
106.872	0.588133601478319
106.952	0.587906657100291
107.032	0.587672899713368
107.112	0.587432741998043
107.192	0.587186399293898
107.272	0.586933833673982
107.352	0.586674747395421
107.432	0.58640863599436
107.512	0.586134909907003
107.592	0.585853029927591
107.672	0.585562633326219
107.752	0.585263652844958
107.832	0.584956389345223
107.912	0.584641523287075
107.992	0.584320092577457
108.072	0.583993432472369
108.152	0.583663051829888
108.232	0.58333050634559
108.312	0.582997317706088
108.392	0.582664920104605
108.472	0.582334629410695
108.552	0.582007649863442
108.632	0.581685119853148
108.712	0.581368163474224
108.792	0.581057969882352
108.872	0.580755914448844
108.952	0.58046365999968
109.032	0.580183248048058
109.112	0.57991717042529
109.192	0.579668379898806
109.272	0.579440191246874
109.352	0.579236111505963
109.432	0.579059615283029
109.512	0.578913905861157
109.592	0.578801707698574
109.672	0.578725130579357
109.752	0.578685602310031
109.832	0.578683889264369
109.912	0.578720171758675
109.992	0.57879414024643
110.072	0.578905112950736
110.152	0.579052136064149
110.232	0.579234028745475
110.312	0.579449399195312
110.392	0.579696652017503
110.472	0.579973973183712
110.552	0.580279318009786
110.632	0.580610428873854
110.712	0.580964863670658
110.792	0.581339997691941
110.872	0.581733046324018
110.952	0.582141085498563
111.032	0.58256107291237
111.112	0.582989901060898
111.192	0.583424505184496
111.272	0.58386197930696
111.352	0.584299747717239
111.432	0.584735767577229
111.512	0.585168719837782
111.592	0.585598135224188
111.672	0.586024452088338
111.752	0.586448950017427
111.832	0.58687355680587
111.912	0.587300549815893
111.992	0.587732209109447
112.072	0.58817050332226
112.152	0.588616907464427
112.232	0.58907236511476
112.312	0.589537383983213
112.392	0.590012217666015
112.472	0.590497055092044
112.552	0.590992125928267
112.632	0.591497687494723
112.712	0.592013872699852
112.792	0.592540473798124
112.872	0.59307670589061
112.952	0.593621050573745
113.032	0.594171205048099
113.112	0.594724153778941
113.192	0.595276343920148
113.272	0.595823982105514
113.352	0.596363335591548
113.432	0.596890997020125
113.512	0.597404095091463
113.592	0.597900466610724
113.672	0.598378711298835
113.752	0.598838190770209
113.832	0.599278970253465
113.912	0.599701767675981
113.992	0.600107884507395
114.072	0.600499135528537
114.152	0.600877669367776
114.232	0.601245734803058
114.312	0.601605378163924
114.392	0.601958125731301
114.472	0.602304706515667
114.552	0.602644935477144
114.632	0.602977773127748
114.712	0.603301559842464
114.792	0.603614286735194
114.872	0.603913829887858
114.952	0.604198089175668
115.032	0.604465030041354
115.112	0.604712642668289
115.192	0.604938995218106
115.272	0.605142388424667
115.352	0.605321607394615
115.432	0.605476222604068
115.512	0.605606840324128
115.592	0.605715103956811
115.672	0.605803450443489
115.752	0.605874725960291
115.832	0.605931748386013
115.912	0.605976939699474
115.992	0.606012180576101
116.072	0.606038865065273
116.152	0.606058091882744
116.232	0.606070922789229
116.312	0.606078571194473
116.392	0.606082414888022
116.472	0.606083840792678
116.552	0.60608406061948
116.632	0.606083914360568
116.712	0.606083701667956
116.792	0.606083078212293
116.872	0.606081108610226
116.952	0.606076351148261
117.032	0.606066941275969
117.112	0.606050636962379
117.192	0.606024909528458
117.272	0.605987036885097
117.352	0.605934201355524
117.432	0.605863578939363
117.512	0.605772432057563
117.592	0.605658156894549
117.672	0.605518277605427
117.752	0.605350417878469
117.832	0.605152308579193
117.912	0.604921817211277
117.992	0.604657035118919
118.072	0.604356402583846
118.152	0.604018832023314
118.232	0.603643769215921
118.312	0.603231227813865
118.392	0.602781741030356
118.472	0.602296247495872
118.552	0.601776046845032
118.632	0.601222821532417
118.712	0.600638684484977
118.792	0.600026282370379
118.872	0.599388941819882
118.952	0.598730731073545
119.032	0.598056380953892
119.112	0.597371136097479
119.192	0.596680498567537
119.272	0.595989927434346
119.352	0.595304512202517
119.432	0.594628718329147
119.512	0.593966253654969
119.592	0.593320071758683
119.672	0.592692434761204
119.752	0.592085057475913
119.832	0.591499297261919
119.912	0.590936319112586
119.992	0.590397209298033
120.072	0.589883052057473
120.152	0.589394897372642
120.232	0.588933638602327
120.312	0.588499851670292
120.392	0.588093641654666
120.472	0.587714539055526
120.552	0.587361535417187
120.632	0.587033234631292
120.712	0.586728086412847
120.792	0.586444636617273
120.872	0.586181708193465
120.952	0.58593842347085
121.032	0.58571405805418
121.112	0.585507779957936
121.192	0.585318361574025
121.272	0.585143957060211
121.352	0.58498200132459
121.432	0.584829279292137
121.512	0.584682133717422
121.592	0.584536722570476
121.672	0.584389265842844
121.752	0.584236260463797
121.832	0.584074631139003
121.912	0.58390181591011
121.992	0.58371582000467
122.072	0.583515222933272
122.152	0.583299131261413
122.232	0.583067106792612
122.312	0.582819051180252
122.392	0.582555075253651
122.472	0.582275385317928
122.552	0.581980211166353
122.632	0.58166975338753
122.712	0.581344201524132
122.792	0.58100378280318
122.872	0.580648800009783
122.952	0.580279651176227
123.032	0.579896813269841
123.112	0.579500719951227
123.192	0.57909159464981
123.272	0.578669310745056
123.352	0.57823331853632
123.432	0.577782655596877
123.512	0.577316128443783
123.592	0.576832563515893
123.672	0.576331082708577
123.752	0.575811352675316
123.832	0.575273759585968
123.912	0.574719404196401
123.992	0.574149991138086
124.072	0.573567665272719
124.152	0.572974827649944
124.232	0.572373969609146
124.312	0.571767576474201
124.392	0.571158039347608
124.472	0.570547565124286
124.552	0.569938099765125
124.632	0.569331265348353
124.712	0.568728345992497
124.792	0.568130351430739
124.872	0.567538090809137
124.952	0.566952217063488
125.032	0.566373264225547
125.112	0.565801629213809
125.192	0.565237554344947
125.272	0.564681212880316
125.352	0.564132963525196
125.432	0.563593724501914
125.512	0.563065403447752
125.592	0.562551206891101
125.672	0.562055715490203
125.752	0.561584689432095
125.832	0.561144583792668
125.912	0.560741866213391
125.992	0.560382410448995
126.072	0.560071124324566
126.152	0.559811841366525
126.232	0.55960749778734
126.312	0.559460472510807
126.392	0.55937293054177
126.472	0.559347083742125
126.552	0.55938528311134
126.632	0.559489888094447
126.712	0.559663033253344
126.792	0.559906340503801
126.872	0.560220584198703
126.952	0.56060542819165
127.032	0.561059346603258
127.112	0.561579664769795
127.192	0.562162678979178
127.272	0.562803853007892
127.352	0.563498028064316
127.432	0.564239561759848
127.512	0.565022460751436
127.592	0.565840530924618
127.672	0.566687466210112
127.752	0.567556904824698
127.832	0.568442490747032
127.912	0.569337944459846
127.992	0.570237153640676
128.072	0.571134311888216
128.152	0.572024032261027
128.232	0.572901442078489
128.312	0.573762306017727
128.392	0.574603079642259
128.472	0.575420873748328
128.552	0.576213387666314
128.632	0.576978864626255
128.712	0.577716017592195
128.792	0.578424008070726
128.872	0.579102443716295
128.952	0.579751393661866
129.032	0.58037136867182
129.112	0.580963272526958
129.192	0.581528272857383
129.272	0.582067651770842
129.352	0.582582640704061
129.432	0.583074280287235
129.512	0.583543295632751
129.592	0.583990031297219
129.672	0.584414407015913
129.752	0.584815919883738
129.832	0.585193680493319
129.912	0.58554648802027
129.992	0.585872931402321
130.072	0.586171547734523
130.152	0.586441016347578
130.232	0.586680398339979
130.312	0.586889376164265
130.392	0.587068430131637
130.472	0.587218930223742
130.552	0.587343125496375
130.632	0.587444007892202
130.712	0.587525065319653
130.792	0.587590023311407
130.872	0.587642635743634
130.952	0.587686557111908
131.032	0.587725342801662
131.112	0.587762551011735
131.192	0.587801862926938
131.272	0.587847176246953
131.352	0.587902625647246
131.432	0.587972467315183
131.512	0.588060905404689
131.592	0.58817192240025
131.672	0.588309145284086
131.752	0.588475786105107
131.832	0.588674677825054
131.912	0.588908375897461
131.992	0.589179305426285
132.072	0.589489941635918
132.152	0.589842982634707
132.232	0.590241488690765
132.312	0.590689012882137
132.392	0.591189719035867
132.472	0.591748467902733
132.552	0.592370898360457
132.632	0.593063537832165
132.712	0.593833918564371
132.792	0.594690739331156
132.872	0.59564408781722
132.952	0.59670562195339
133.032	0.597888671478415
133.112	0.599208250720551
133.192	0.600680923816128
133.272	0.602324439930783
133.352	0.604157264779531
133.432	0.606198072371683
133.512	0.608465202709965
133.592	0.61097615887337
133.672	0.613747142333011
133.752	0.616792415259113
133.832	0.620123424101223
133.912	0.623747717226422
133.992	0.627667618986777
134.072	0.631878756188428
134.152	0.636368872244304
134.232	0.641117120624756
134.312	0.646093777578642
134.392	0.651260322681935
134.472	0.656569729888759
134.552	0.661966842715231
134.632	0.667388945389291
134.712	0.672766773032947
134.792	0.678026108554775
134.872	0.6830903184362
134.952	0.687883573850456
135.032	0.692333970359584
135.112	0.696376069960195
135.192	0.69995283822351
135.272	0.703016693061329
135.352	0.705529920551555
135.432	0.707465022802864
135.512	0.708804886375844
135.592	0.709542625812617
135.672	0.709681144839635
135.752	0.709232287127918
135.832	0.708215228102233
135.912	0.706654820956089
135.992	0.704580505197043
136.072	0.702025685493311
136.152	0.699027469850478
136.232	0.695626844745959
136.312	0.691869012757991
136.392	0.68780314721181
136.472	0.683481730292499
136.552	0.678959591660885
136.632	0.674292405503422
136.712	0.669535069216693
136.792	0.664740413073275
136.872	0.659958176817725
136.952	0.655234187239273
137.032	0.65060996237645
137.112	0.64612230750987
137.192	0.641802749355918
137.272	0.637677176811337
137.352	0.633765600073446
137.432	0.630082093101862
137.512	0.626635099196562
137.592	0.623427991044025
137.672	0.620459729664105
137.752	0.617725463812064
137.832	0.615217139434264
137.912	0.612924001023259
137.992	0.610833189158882
138.072	0.60893035339069
138.152	0.607200335159348
138.232	0.605627855517753
138.312	0.604198161865781
138.392	0.602897438777802
138.472	0.601712997626521
138.552	0.600633292688315
138.632	0.599647877717473
138.712	0.598747330776234
138.792	0.597923194571933
138.872	0.597167927085081
138.952	0.59647482992176
139.032	0.595837896130035
139.112	0.595251624775699
139.192	0.594710817257294
139.272	0.594210423076731
139.352	0.593745515148328
139.432	0.593311374804728
139.512	0.592903605102435
139.592	0.592518289464181
139.672	0.592152124137158
139.752	0.591802449631302
139.832	0.591467201069293
139.912	0.591144813088874
139.992	0.590834067476464
140.072	0.590533945703498
140.152	0.590243527679206
140.232	0.589961925172418
140.312	0.589688227540989
140.392	0.58942145676582
140.472	0.589160491581708
140.552	0.588904018829282
140.632	0.809224817411518
140.712	0.810206352119508
140.792	0.81120342297379
140.872	0.812221508978723
140.952	0.813265081645454
141.032	0.814336934801418
141.112	0.815437720630484
141.192	0.816565824997042
141.272	0.817717482375429
141.352	0.818886984221649
141.432	0.820066930485723
141.512	0.821248414842671
141.592	0.822421154646236
141.672	0.82357362799064
141.752	0.824693377483868
141.832	0.825767647546741
141.912	0.82678429585701
141.992	0.827732727340504
142.072	0.828604694366391
142.152	0.82939491100376
142.232	0.830101150859832
142.312	0.830723864234642
142.392	0.831265386663404
142.472	0.83172890969297
142.552	0.832117367135197
142.632	0.83243257440779
142.712	0.832674756699816
142.792	0.832842389422694
142.872	0.832932387463529
142.952	0.832940515470682
143.032	0.832861666891063
143.112	0.832689922278064
143.192	0.832418522400189
143.272	0.832039870232734
143.352	0.831545559231813
143.432	0.830926613868428
143.512	0.830173883510383
143.592	0.829278604296064
143.672	0.828233155010139
143.752	0.827031816526073
143.832	0.825671360308093
143.912	0.824151537237071
143.992	0.822475420856222
144.072	0.820649438214218
144.152	0.818683114804458
144.232	0.816588654392604
144.312	0.814380322856778
144.392	0.812073907784566
144.472	0.809686321397521
144.552	0.807235372957166
144.632	0.804739721083592
144.712	0.802219101744072
144.792	0.799694546943897
144.872	0.797188518718372
144.952	0.794724909366209
145.032	0.792328994787454
145.112	0.790027356506812
145.192	0.787847821848459
145.272	0.785819296467366
145.352	0.783971413199083
145.432	0.782333890164978
145.512	0.78093563898949
145.592	0.779803710792862
145.672	0.778962171726903
145.752	0.778431050476115
145.832	0.778225431939404
145.912	0.778354701897456
145.992	0.778821929737546
146.072	0.779623456976537
146.152	0.780748749523696
146.232	0.782180554371166
146.312	0.783895462267878
146.392	0.78586474401834
146.472	0.788055177198544
146.552	0.790429600721495
146.632	0.792947074206836
146.712	0.795562618497911
146.792	0.79822706082598
146.872	0.800887205667891
146.952	0.803486526595066
147.032	0.805966839995449
147.112	0.80827070845578
147.192	0.810343849057631
147.272	0.812137251624222
147.352	0.813609003400984
147.432	0.81472523721925
147.512	0.815460657354492
147.592	0.815799035504028
147.672	0.815733871117686
147.752	0.815268830057107
147.832	0.814418026563658
147.912	0.813205577419353
147.992	0.811664675075122
148.072	0.809836118676799
148.152	0.807766683706291
148.232	0.805507369724751
148.312	0.80311184782397
148.392	0.800634798413626
148.472	0.798130199761204
148.552	0.795649463886889
148.632	0.793239598853802
148.712	0.790941635067497
148.792	0.788789562330635
148.872	0.786809879097859
148.952	0.785021891445808
149.032	0.78343846762175
149.112	0.782066963216607
149.192	0.780910245978362
149.272	0.779967616112003
149.352	0.779235497714012
149.432	0.778707898669722
149.512	0.778376724421491
149.592	0.778231965582677
149.672	0.77826186773666
149.752	0.778453068492922
149.832	0.778790661161224
149.912	0.779258211236197
149.992	0.779837740312246
150.072	0.780509763424675
150.152	0.781253564822805
150.232	0.782047744724309
150.312	0.782870934718062
150.392	0.783702616036294
150.472	0.784523843022839
150.552	0.785317676618774
150.632	0.786069310774451
150.712	0.786766024297663
150.792	0.78739703666713
150.872	0.787953354782189
150.952	0.788427732819969
151.032	0.788814698785131
151.112	0.789110510205887
151.192	0.789312986636446
151.272	0.789421354177989
151.352	0.789436080598193
151.432	0.789358773508752
151.512	0.789192202368781
151.592	0.788940414101603
151.672	0.788608812246025
151.752	0.788204135985438
151.832	0.787734344923706
151.912	0.787208351859931
151.992	0.786635704338664
152.072	0.786026288173275
152.152	0.78539012767726
152.232	0.784737243755785
152.312	0.784077586330454
152.392	0.783420947162881
152.472	0.78277684333159
152.552	0.782154334002939
152.632	0.781561804488661
152.712	0.781006719446736
152.792	0.780495436392471
152.872	0.780033020522637
152.952	0.779623132930624
153.032	0.779267990904486
153.112	0.778968408804189
153.192	0.778723868262091
153.272	0.778532600527456
153.352	0.778391625548579
153.432	0.778296783868768
153.512	0.778242804402794
153.592	0.778223470518128
153.672	0.778231928509399
153.752	0.778261117208899
153.832	0.778304240728744
153.912	0.778355198743952
153.992	0.778408890442392
154.072	0.778461363323117
154.152	0.778509827779885
154.232	0.77855255874772
154.312	0.778588726217436
154.392	0.778618204832242
154.472	0.778641365854469
154.552	0.778658886984545
154.632	0.778671608718128
154.712	0.778680449496619
154.792	0.778686359204244
154.872	0.778690316337247
154.952	0.778693321213154
155.032	0.778696388636604
155.112	0.778700527758133
155.192	0.778706751896038
155.272	0.778716086571535
155.352	0.778729571388681
155.432	0.778748266152547
155.512	0.778773264176948
155.592	0.778805662069431
155.672	0.778846507006278
155.752	0.778896719398176
155.832	0.778956985638047
155.912	0.779027623120214
155.992	0.779108470117194
156.072	0.779198801203052
156.152	0.779297323366222
156.232	0.779402249087866
156.312	0.779511406457573
156.392	0.779622338683907
156.472	0.779732373617776
156.552	0.779838615382346
156.632	0.779937880100874
156.712	0.780026645851763
156.792	0.780101047451694
156.872	0.780156979819708
156.952	0.780190361677001
157.032	0.780197468120946
157.112	0.780175280532035
157.192	0.7801218473993
157.272	0.780036573774055
157.352	0.779920401593358
157.432	0.779775895426724
157.512	0.779607219227614
157.592	0.779419990447536
157.672	0.779221061156136
157.752	0.779018268494951
157.832	0.778820183247603
157.912	0.778635887034739
157.992	0.778474757738763
158.072	0.778346240660198
158.152	0.778259594053338
158.232	0.778223651162648
158.312	0.778246631748402
158.392	0.778336007545363
158.472	0.778498404496418
158.552	0.778739487047801
158.632	0.779063786100437
158.712	0.77947450443628
158.792	0.779973326714185
158.872	0.780560296888439
158.952	0.781233798934295
159.032	0.78199057820882
159.112	0.782825765074335
159.192	0.783733015659323
159.272	0.784704734057073
159.352	0.785732430273697
159.432	0.786807278518268
159.512	0.787920826387221
159.592	0.789065531392339
159.672	0.790235159568624
159.752	0.791424914968843
159.832	0.792631289360202
159.912	0.79385172305399
159.992	0.795084238622962
160.072	0.796326996268931
160.152	0.79757792252633
160.232	0.798834411565053
160.312	0.800093124873115
160.392	0.801349857384025
160.472	0.802599586840302
160.552	0.803836656390445
160.632	0.805055187328321
160.712	0.806249582150599
160.792	0.80741498816451
160.872	0.808547674936108
160.952	0.809645380916095
161.032	0.810707536177233
161.112	0.811735278855963
161.192	0.812731435249361
161.272	0.813700396001536
161.352	0.814647742350985
161.432	0.815579807996187
161.512	0.816503286902048
161.592	0.817424886445792
161.672	0.818351142428241
161.752	0.819288455754531
161.832	0.820243099204504
161.912	0.821221127301783
161.992	0.822228444362395
162.072	0.82327082544964
162.152	0.824353854458764
162.232	0.825482876969886
162.312	0.826663144210784
162.392	0.827899976593812
162.472	0.829198950936075
162.552	0.830566012258714
162.632	0.832007428631982
162.712	0.833529483539792
162.792	0.83513807089048
162.872	0.836838213194255
162.952	0.838633523903013
163.032	0.84052568238485
163.112	0.84251418159954
163.192	0.84459616028073
163.272	0.846766307698658
163.352	0.849016899894082
163.432	0.851338011749931
163.512	0.853717651083684
163.592	0.856141935604001
163.672	0.858595288499941
163.752	0.861060686125825
163.832	0.86351999197052
163.912	0.865954404024365
163.992	0.868344730906301
164.072	0.870671491061216
164.152	0.872914765244786
164.232	0.875053806024539
164.312	0.877066600845637
164.392	0.87892965065214
164.472	0.880618120791155
164.552	0.882106471756401
164.632	0.883369470332923
164.712	0.884383291174913
164.792	0.885126469870215
164.872	0.885580602226128
164.952	0.885730788494016
165.032	0.885565967063371
165.112	0.885079293929607
165.192	0.884268598470612
165.272	0.883136838915675
165.352	0.881692405525996
165.432	0.879949125737994
165.512	0.877925964644191
165.592	0.875646460345365
165.672	0.873138029392749
165.752	0.87043128123787
165.832	0.867559457907191
165.912	0.864557951909092
165.992	0.861463852510724
166.072	0.858315469297168
166.152	0.855151809140352
166.232	0.852012079600513
166.312	0.848935226211211
166.392	0.845959527408695
166.472	0.843122122194018
166.552	0.84045845486412
166.632	0.838001623359105
166.712	0.835781812241976
166.792	0.833825864536948
166.872	0.832157070827066
166.952	0.830795080882012
167.032	0.829755807261563
167.112	0.829051027612763
167.192	0.828687577971209
167.272	0.828666247200658
167.352	0.828980667879591
167.432	0.829616572844998
167.512	0.830551741569707
167.592	0.831756730143297
167.672	0.833196300476629
167.752	0.834831289893373
167.832	0.836620606351289
167.912	0.838523070644555
167.992	0.840498930499962
168.072	0.842510746461244
168.152	0.844523718897335
168.232	0.846505602565003
168.312	0.848426500377059
168.392	0.850258571823701
168.472	0.851975902278809
168.552	0.853554471061898
168.632	0.854972386067288
168.712	0.856210009660231
168.792	0.857249964099083
168.872	0.858077102603374
168.952	0.858678598349911
169.032	0.859044043735821
169.112	0.859165726847436
169.192	0.859039087547103
169.272	0.858663054183921
169.352	0.85804018199326
169.432	0.857176848638574
169.512	0.856083648895719
169.592	0.854775825970023
169.672	0.85327364405407
169.752	0.851602564464429
169.832	0.849792986256944
169.912	0.847879161278797
169.992	0.845897711671228
170.072	0.843885997234565
170.152	0.841880475725361
170.232	0.839915622143053
170.312	0.83802372055618
170.392	0.836235050391792
170.472	0.834578161323861
170.552	0.833080136254011
170.632	0.831766358238269
170.712	0.83065971433075
170.792	0.829779719964904
170.872	0.829141874973743
170.952	0.828757453663684
171.032	0.828633848365371
171.112	0.828775239408174
171.192	0.829183249770495
171.272	0.829857366901479
171.352	0.830795022759958
171.432	0.83199144771595
171.512	0.833439491260947
171.592	0.835129553375054
171.672	0.837049641577664
171.752	0.83918542610661
171.832	0.841520133330164
171.912	0.844034264005131
171.992	0.846705221098887
172.072	0.849507084732522
172.152	0.852410812560038
172.232	0.855384869866953
172.312	0.858396155799028
172.392	0.86141098440703
172.472	0.864395825344786
172.552	0.867317599378453
172.632	0.870143559702342
172.712	0.872840911855974
172.792	0.875376381826982
172.872	0.87771592638785
172.952	0.879824681475611
173.032	0.881667188865322
173.112	0.883207865825057
173.192	0.884411636726895
173.272	0.885244706046137
173.352	0.885675427622004
173.432	0.885675262923087
173.512	0.885219772677715
173.592	0.884289568480426
173.672	0.882871164195194
173.752	0.880957712811437
173.832	0.878549581323682
173.912	0.87565466890112
173.992	0.872288534496192
174.072	0.868474384268325
174.152	0.86424290195589
174.232	0.859631900149679
174.312	0.854685890723545
174.392	0.849455524845666
174.472	0.843996983158945
174.552	0.838371265463707
174.632	0.832643447279565
174.712	0.826881938786869
174.792	0.821157659804726
174.872	0.815542850857696
174.952	0.810109658438705
175.032	0.804928545695589
175.112	0.800066632697622
175.192	0.795586166908265
175.272	0.791543121138488
175.352	0.787985744910998
175.432	0.784953114633822
175.512	0.782473705587904
175.592	0.780564010431476
175.672	0.779227592666416
175.752	0.778454933256967
175.832	0.778224003158243
175.912	0.778501403369887
175.992	0.77924380512593
176.072	0.780399381035409
176.152	0.781909135826595
176.232	0.783708233096718
176.312	0.785727501654151
176.392	0.787895257693094
176.472	0.790139439374911
176.552	0.792389819856339
176.632	0.794579989117551
176.712	0.796648893591623
176.792	0.798541742687007
176.872	0.800210175549523
176.952	0.801612028285604
177.032	0.802711152833922
177.112	0.803477553435755
177.192	0.803888125386607
177.272	0.803928007714262
177.352	0.803592231564039
177.432	0.80288717123733
177.512	0.801831423913995
177.592	0.800455655276551
177.672	0.798801411734416
177.752	0.796919212777652
177.832	0.794866409879319
177.912	0.792704985522619
177.992	0.790499563839944
178.072	0.788315571875842
178.152	0.785410208237749
178.232	0.782881749122112
178.312	0.78085184929148
178.392	0.77939192217184
178.472	0.778522696147661
178.552	0.778223889859532
178.632	0.778447250286604
178.712	0.779128822527923
178.792	0.78019860300526
178.872	0.781587219582093
178.952	0.783230025342959
179.032	0.785069234233902
179.112	0.787054719069943
179.192	0.789143975830825
179.272	0.791301611192125
179.352	0.793498593480876
179.432	0.79571142483735
179.512	0.797921317273563
179.592	0.800113425938775
179.672	0.802276171986136
179.752	0.804400666161996
179.832	0.806480231925548
179.912	0.808510027068337
179.992	0.810486739005569
180.072	0.81240832468734
180.152	0.81427378287367
180.232	0.816082945847825
180.312	0.817836284462373
180.392	0.819534737056415
180.472	0.821179573382665
180.552	0.822772292261675
180.632	0.824314552811188
180.712	0.825808131338476
180.792	0.827254887786466
180.872	0.828656735157324
180.952	0.830015609485145
181.032	0.831333438373349
181.112	0.832612115508596
181.192	0.833853484763495
181.272	0.83505933138963
181.352	0.836231376258525
181.432	0.837371269888877
181.512	0.838480580361761
181.592	0.8395607792703
181.672	0.840613229594624
181.752	0.841639178743549
181.832	0.842639759572762
181.912	0.843616000136649
181.992	0.844568835889845
182.072	0.8454991187117
182.152	0.846407623086634
182.232	0.847295048148112
182.312	0.848162015405592
182.392	0.849009066921894
182.472	0.849836666423812
182.552	0.850645201184761
182.632	0.851434985877745
182.712	0.852206269624276
182.792	0.852959242115844
182.872	0.853694039146831
182.952	0.854410749015983
183.032	0.855109420049871
183.112	0.855790067911698
183.192	0.856452682989243
183.272	0.857097236923778
183.352	0.85772368740129
183.432	0.858331981499532
183.512	0.858922057979385
183.592	0.859493847250633
183.672	0.860047269834467
183.752	0.860582234194339
183.832	0.861098634501104
183.912	0.861596348280386
183.992	0.862075235891893
184.072	0.862535142514503
184.152	0.862975901783898
184.232	0.863397338684422
184.312	0.863799271112725
184.392	0.864181508938259
184.472	0.864543851222493
184.552	0.864886083654824
184.632	0.865207976524061
184.712	0.865509283635561
184.792	0.865789742447419
184.872	0.866049073575823
184.952	0.866286977259392
185.032	0.866503127499072
185.112	0.866697165521714
185.192	0.866868693345623
185.272	0.867017270657129
185.352	0.867142415726107
185.432	0.867243609867387
185.512	0.867320302721168
185.592	0.867371916385423
185.672	0.867397844267202
185.752	0.867397444718904
185.832	0.867370031069981
185.912	0.867314859835119
185.992	0.867231121775717
186.072	0.867117938285901
186.152	0.866974362939686
186.232	0.866799387525248
186.312	0.866591951620308
186.392	0.866350951419804
186.472	0.866075245012894
186.552	0.865763653224235
186.632	0.86541495606923
186.712	0.865027883890093
186.792	0.864601106659279
186.872	0.864133223012573
186.952	0.863622752759625
187.032	0.863068135240155
187.112	0.862467737585234
187.192	0.861819868007387
187.272	0.86112279225722
187.352	0.860374747660558
187.432	0.859573949890887
