0.072	0.125488187796549
0.152	0.124601394128575
0.232	0.123626671757819
0.312	0.122576314508109
0.392	0.121461702736241
0.472	0.120293338868663
0.552	0.119080886319438
0.632	0.117833214139949
0.712	0.116558451247528
0.792	0.115264046218584
0.872	0.113956820805441
0.952	0.112643015585235
1.032	0.111328329772135
1.112	0.110017951655976
1.192	0.108716584377788
1.272	0.10742847346441
1.352	0.106157434359233
1.432	0.10490687807507
1.512	0.103679838156239
1.592	0.10247899670739
1.672	0.101306707583007
1.752	0.100165018598176
1.832	0.0990556924732289
1.912	0.0979802241688219
1.992	0.0969398565872268
2.072	0.0959355945486493
2.152	0.094968216871024
2.232	0.0940382886021496
2.312	0.0931461749995321
2.392	0.0922920562375964
2.472	0.0914759427483602
2.552	0.0906976903625889
2.632	0.0899570150188254
2.712	0.0892535060090438
2.792	0.0885866372901489
2.872	0.0879557779204276
2.952	0.0873602038177239
3.032	0.0867991085736719
3.112	0.0862716132316734
3.192	0.0857767755516932
3.272	0.0853135980330251
3.352	0.084881033655364
3.432	0.084477991479929
3.512	0.0841033421610007
3.592	0.0837559239900827
3.672	0.0834345505137151
3.752	0.0831380190665811
3.832	0.0828651183482805
3.912	0.0826146357908044
3.992	0.0823853644536428
4.072	0.0821761087462107
4.152	0.0819856890564949
4.232	0.0818129466640301
4.312	0.08165674819017
4.392	0.0815159893308817
4.472	0.0813895979148072
4.552	0.0812765362420294
4.632	0.0811758024983362
4.712	0.0810864318753772
4.792	0.0810074977344755
4.872	0.0809381130389681
4.952	0.080877432002211
5.032	0.0808246522445586
5.112	0.0807790170294709
5.192	0.0807398173314766
5.272	0.0807063940360138
5.352	0.0806781402984313
5.432	0.0806545038378488
5.512	0.0806349894452012
5.592	0.0806191616590866
5.672	0.0806066470800886
5.752	0.0805971359875173
5.832	0.0805903833461059
5.912	0.0805862090842027
5.992	0.0805844975536445
6.072	0.0805851965779709
6.152	0.0805883164997283
6.232	0.0805939291898028
6.312	0.0806021671023416
6.392	0.0806132224875853
6.472	0.0806273463898322
6.552	0.0806448474342858
6.632	0.0806660902923966
6.712	0.0806914936964347
6.792	0.0807215278979072
6.872	0.080756711867906
6.952	0.080797610254848
7.032	0.0808448301739588
7.112	0.0808990181622846
7.192	0.0809608570747002
7.272	0.0810310627411752
7.352	0.0811103801201796
7.432	0.0811995781304802
7.512	0.0812994423685893
7.592	0.0814107658780756
7.672	0.0815343375572581
7.752	0.0816709287771289
7.832	0.081821279845002
7.912	0.0819860871488061
7.992	0.0821659891485922
8.072	0.0823615510686011
8.152	0.0825732470924265
8.232	0.0828014382069284
8.312	0.0830463440827032
8.392	0.0833080122049239
8.472	0.0835862879282274
8.552	0.0838807915951918
8.632	0.0841909090632669
8.712	0.0845158036991904
8.792	0.0848544601204537
8.872	0.0852057711849454
8.952	0.0855686854854127
9.032	0.085942430346762
9.112	0.0863268275814733
9.192	0.0867227229930165
9.272	0.0871325388602315
9.352	0.0875609297855533
9.432	0.0880155022605038
9.512	0.088979059295724
9.592	0.0900359815456966
9.672	0.0911919482343535
9.752	0.0924516300264884
9.832	0.0938176820487513
9.912	0.0952898578644579
9.992	0.096864460343312
10.072	0.09853432086922
10.152	0.100289299901164
10.232	0.102117044241453
10.312	0.104003724978128
10.392	0.10593461286598
10.472	0.107894296449189
10.552	0.1098666454088
10.632	0.111834646622214
10.712	0.113780262619315
10.792	0.115684361768189
10.872	0.117526873726746
10.952	0.119287061451217
11.032	0.120943907009831
11.112	0.122476565857113
11.192	0.123864755579206
11.272	0.125089001980058
11.352	0.126130837128784
11.432	0.126972979175633
11.512	0.127599604505889
11.592	0.127996826025395
11.672	0.128153307561178
11.752	0.128060827118787
11.832	0.127714578540662
11.912	0.127113123049497
11.992	0.1262580687156
12.072	0.125153637746934
12.152	0.123806394517459
12.232	0.122225202460612
12.312	0.120421065486283
12.392	0.118406704047032
12.472	0.116195823741776
12.552	0.113802020061911
12.632	0.111237800198495
12.712	0.108514430571034
12.792	0.105642588813424
12.872	0.102633861918179
12.952	0.0995026943114397
13.032	0.0962677731355086
13.112	0.0929523010134687
13.192	0.089583748140484
13.272	0.086192877343791
13.352	0.0828122244741678
13.432	0.0794747042815231
13.512	0.0762131897439247
13.592	0.0730601876987009
13.672	0.0700476544828632
13.752	0.0672068372747106
13.832	0.0645678419444664
13.912	0.0621586588266325
13.992	0.0600042738855961
14.072	0.0581254405469451
14.152	0.0565372179795247
14.232	0.0552478569560151
14.312	0.0542585806235536
14.392	0.0535634774099378
14.472	0.0531501073151901
14.552	0.053001176614174
14.632	0.0530966155687054
14.712	0.0534154204836739
14.792	0.0539374037639107
14.872	0.054644066437362
14.952	0.0555185397676894
15.032	0.0565450362912259
15.112	0.0577081261878618
15.192	0.0589919082096628
15.272	0.0603801798542634
15.352	0.0618575896218942
15.432	0.0634111583870833
15.512	0.0650312770203243
15.592	0.0667123154628086
15.672	0.0684524205512105
15.752	0.0702526610851635
15.832	0.0721159560694957
15.912	0.0740459527125665
15.992	0.0760460832511569
16.072	0.0781191668092731
16.152	0.0802672158026496
16.232	0.0824911449306853
16.312	0.0847905570476257
16.392	0.0871636523528139
16.472	0.0896068000508592
16.552	0.0921140996889278
16.632	0.0946770976179039
16.712	0.0972845055691494
16.792	0.0999221322537949
16.872	0.102573127545355
16.952	0.105218304821932
17.032	0.107836486611603
17.112	0.110404850693016
17.192	0.112899068193627
17.272	0.115293323727286
17.352	0.117560582778964
17.432	0.119673091675025
17.512	0.121603138806307
17.592	0.123324048854528
17.672	0.124811325341255
17.752	0.126043737486128
17.832	0.127004130887343
17.912	0.127679822665044
17.992	0.128062675481914
18.072	0.128148999173931
18.152	0.127939413010239
18.232	0.127438840747089
18.312	0.126656684804601
18.392	0.125607049176409
18.472	0.124308762463414
18.552	0.122784972038374
18.632	0.121062278205585
18.712	0.119169547246173
18.792	0.117136676237777
18.872	0.11499356102135
18.952	0.112769489068086
19.032	0.110492899499008
19.112	0.108191279469423
19.192	0.105890959827406
19.272	0.103616786240167
19.352	0.10139169807448
19.432	0.0992362628686294
19.512	0.0971682559175804
19.592	0.0952024467031549
19.672	0.0933505910944348
19.752	0.091621553537351
19.832	0.0900215030917195
19.912	0.0885541211935958
19.992	0.0872208074974594
20.072	0.0860209298075176
20.152	0.0849521412905858
20.232	0.0840107188643913
20.312	0.0831919575522022
20.392	0.0824906272314081
20.472	0.0819013982837475
20.552	0.0814191306805867
20.632	0.0810390128176266
20.712	0.080756577551
20.792	0.0805676549772159
20.872	0.0804683194973848
20.952	0.0804548872410749
21.032	0.0805240127913009
21.112	0.0806729076947192
21.192	0.0808996297936062
21.272	0.0812033790051316
21.352	0.0815847405378634
21.432	0.082045778630544
21.512	0.0825899217007589
21.592	0.0832216286189293
21.672	0.0839459170281032
21.752	0.0847678360633779
21.832	0.0856919849579469
21.912	0.0867221259928499
21.992	0.08786100819529
22.072	0.089110378157983
22.152	0.0904710976571721
22.232	0.091943227686528
22.312	0.0935260954531429
22.392	0.0952181989613052
22.472	0.0970170258179621
22.552	0.0989188169997703
22.632	0.100918282947845
22.712	0.103008397851653
22.792	0.105180497224268
22.872	0.107424493803677
22.952	0.10972915512113
23.032	0.112082522463737
23.112	0.114472387919562
23.192	0.116886532918357
23.272	0.11931289562952
23.352	0.121739802446172
23.432	0.124156186407873
23.512	0.126551799919952
23.592	0.128917547018631
23.672	0.13124573448826
23.752	0.133530239270584
23.832	0.135766660240023
23.912	0.137952343016224
23.992	0.140086172841478
24.072	0.142168147615365
24.152	0.144198805779268
24.232	0.146178506660448
24.312	0.148106657604302
24.392	0.149981213846075
24.472	0.151798546515948
24.552	0.153553576403311
24.632	0.155240086441182
24.712	0.156851298005478
24.792	0.158380502381334
24.872	0.159821578564305
24.952	0.16116946092572
25.032	0.162420593233918
25.112	0.163573150045494
25.192	0.164627053172097
25.272	0.165583858980568
25.352	0.166446406195831
25.432	0.167218305737123
25.512	0.167903518944598
25.592	0.168506032914735
25.672	0.169029629813821
25.752	0.169477819241564
25.832	0.169853858065125
25.912	0.170160727552826
25.992	0.170401145881982
26.072	0.170577614960649
26.152	0.170692403377615
26.232	0.170747555241036
26.312	0.170744952412207
26.392	0.170686332512247
26.472	0.17057327706712
26.552	0.170407137565604
26.632	0.170188862088565
26.712	0.169918819970263
26.792	0.169596727509969
26.872	0.169221612898554
26.952	0.168791935417431
27.032	0.168305893349299
27.112	0.167761742040142
27.192	0.16715810920337
27.272	0.166494310966613
27.352	0.165770492255405
27.432	0.164987624009171
27.512	0.164147466218736
27.592	0.163252433451675
27.672	0.16230537205908
27.752	0.161309540227165
27.832	0.160268679509414
27.912	0.159187024227293
27.992	0.158069285194557
28.072	0.156920568771142
28.152	0.155746010777392
28.232	0.154550332588741
28.312	0.153337517511972
28.392	0.152110574192051
28.472	0.150871494024358
28.552	0.149621808358148
28.632	0.148363429861632
28.712	0.147099416446878
28.792	0.145834562459555
28.872	0.144575744961827
28.952	0.14333157494147
29.032	0.142111579619581
29.112	0.140925279441518
29.192	0.139781229699992
29.272	0.138686119106438
29.352	0.137644358408266
29.432	0.136658058391191
29.512	0.135727240517468
29.592	0.134850314307158
29.672	0.134024769048807
29.752	0.133247771389421
29.832	0.132516650814381
29.912	0.131829456518716
29.992	0.131185449618414
30.072	0.130585392320626
30.152	0.130031778498648
30.232	0.129529042978191
30.312	0.129083603024782
30.392	0.128703750382698
30.472	0.128399411465836
30.552	0.128181751236156
30.632	0.128062683269576
30.712	0.128054379651388
30.792	0.128168730981855
30.872	0.128416850161642
30.952	0.128808494081198
31.032	0.129351315910782
31.112	0.130050021975677
31.192	0.130905605862125
31.272	0.131914818549689
31.352	0.133070051321141
31.432	0.134359827216343
31.512	0.135769738644143
31.592	0.137283763629767
31.672	0.138885621799403
31.752	0.140559832144817
31.832	0.142292190111988
31.912	0.14406979777462
31.992	0.145880623727265
32.072	0.147712752652382
32.152	0.149553532379656
32.232	0.151389114789509
32.312	0.15320433661654
32.392	0.154983091950925
32.472	0.156709067519472
32.552	0.158366752022431
32.632	0.159942403780434
32.712	0.161424958375875
32.792	0.162806491086627
32.872	0.164082376613891
32.952	0.165251222143951
33.032	0.166314588011602
33.112	0.167276447958074
33.192	0.168142673102096
33.272	0.168920464205343
33.352	0.16961786008946
33.432	0.170243346466663
33.512	0.170805510704184
33.592	0.171312635307601
33.672	0.171772470269929
33.752	0.172192031702338
33.832	0.172577392712896
33.912	0.172933529569121
33.992	0.173264340671579
34.072	0.173572690823988
34.152	0.173860502377494
34.232	0.174128790315791
34.312	0.174377571608005
34.392	0.174605614242097
34.472	0.174810094457229
34.552	0.174986213367475
34.632	0.175126905797327
34.712	0.175222775545279
34.792	0.175262317225332
34.872	0.175232391176763
34.952	0.175118932814456
35.032	0.174907852096823
35.112	0.17458603908139
35.192	0.174142454488589
35.272	0.173569285958393
35.352	0.172863084731688
35.432	0.172025873265767
35.512	0.171066095807561
35.592	0.169999241112606
35.672	0.168848137119454
35.752	0.167642871805612
35.832	0.166420199112025
35.912	0.165222346234117
35.992	0.164095183060937
36.072	0.163085674275266
36.152	0.162238840838171
36.232	0.161594539909771
36.312	0.161184665420222
36.392	0.161031229823749
36.472	0.161145338337207
36.552	0.161526914122447
36.632	0.162165205965124
36.712	0.16303969749103
36.792	0.164121028692961
36.872	0.165371920942306
36.952	0.166748156782006
37.032	0.168199292445053
37.112	0.169669287726578
37.192	0.171097182694183
37.272	0.1724178328611
37.352	0.173563054681921
37.432	0.174463525289497
37.512	0.175051279882183
37.592	0.175262662526592
37.672	0.175041498683441
37.752	0.174341992670605
37.832	0.173131077828344
37.912	0.171390175414416
37.992	0.169116221484586
38.072	0.166321909612662
38.152	0.163035122252978
38.232	0.159297359089095
38.312	0.155161452810688
38.392	0.15068895909522
38.472	0.145947427300797
38.552	0.141007948487442
38.632	0.135943325867146
38.712	0.130826452366279
38.792	0.125728665539526
38.872	0.120718109550666
38.952	0.115858070356381
39.032	0.111205167757504
39.112	0.10680783503571
39.192	0.102705387429381
39.272	0.0989276872720382
39.352	0.0954955137617333
39.432	0.0924216241140527
39.512	0.089712035888823
39.592	0.0873672577614286
39.672	0.0853834304484451
39.752	0.0837532294081882
39.832	0.0824663896110849
39.912	0.0815099946123325
39.992	0.0808686604400179
40.072	0.0805246907673052
40.152	0.0804583147138089
40.232	0.0806480789158002
40.312	0.081071363801442
40.392	0.0817049864179751
40.472	0.0825257884146993
40.552	0.0835110974240649
40.632	0.0846390372905432
40.712	0.0858886463530268
40.792	0.0872398069580811
40.872	0.0886731108069796
40.952	0.090169824304752
41.032	0.0917119495282748
41.112	0.0932824496412366
41.192	0.0948655636690034
41.272	0.0964471427175511
41.352	0.0980149462866109
41.432	0.0995588803224052
41.512	0.101071007820877
41.592	0.102545462748452
41.672	0.103978300027023
41.752	0.105367245780116
41.832	0.106711411317946
41.912	0.108011087833773
41.992	0.109267510444937
42.072	0.110482598236757
42.152	0.111658759753453
42.232	0.11279866589561
42.312	0.113904943930237
42.392	0.114979910361143
42.472	0.116025253550532
42.552	0.117041660965668
42.632	0.118028642278745
42.712	0.118984507763429
42.792	0.119906436807213
42.872	0.120790700952938
42.952	0.121633031266668
43.032	0.122428963313354
43.112	0.123174202014042
43.192	0.123864963186264
43.272	0.124498230487774
43.352	0.12507195005864
43.432	0.125585175947634
43.512	0.126038093033429
43.592	0.126431936909256
43.672	0.12676888531675
43.752	0.127051918125261
43.832	0.127284683713214
43.912	0.127471395980905
43.992	0.127616711819513
44.072	0.127725522312375
44.152	0.127802629368688
44.232	0.127852296944383
44.312	0.127877703259713
44.392	0.127880372924409
44.472	0.127859698064157
44.552	0.127812619376954
44.632	0.127733515962831
44.712	0.127614307720904
44.792	0.127444755355526
44.872	0.127212897180783
44.952	0.126905571760602
45.032	0.126508992657563
45.112	0.126009347763755
45.192	0.125393385835736
45.272	0.124648980986166
45.352	0.123765632212411
45.432	0.12273485411751
45.512	0.121550487183043
45.592	0.120208984427876
45.672	0.118709641934487
45.752	0.117054809440305
45.832	0.115250085090651
45.912	0.113304367908967
45.992	0.111229712910102
46.072	0.109041049578053
46.152	0.106755872837851
46.232	0.10439401380583
46.312	0.101977651796432
46.392	0.0995315747538541
46.472	0.097083492836731
46.552	0.0946642381496474
46.632	0.0923077569057966
46.712	0.0900508387119032
46.792	0.0879326515856462
46.872	0.387877315622944
46.952	0.38912207834494
47.032	0.39039938493616
47.112	0.391687678311655
47.192	0.392963464677649
47.272	0.394201465351728
47.352	0.395374942072863
47.432	0.396456134415729
47.512	0.397416691009255
47.592	0.398228012829719
47.672	0.398861414737041
47.752	0.399288075435294
47.832	0.399478890231393
47.912	0.399404389715187
47.992	0.399034886420822
48.072	0.398340985491814
48.152	0.397294495592689
48.232	0.395869644905929
48.312	0.394044465271179
48.392	0.391802213955742
48.472	0.389132661261826
48.552	0.386033163156682
48.632	0.382509486316181
48.712	0.378576329575381
48.792	0.374257559950209
48.872	0.369586177917313
48.952	0.364603888870576
49.032	0.359360145447198
49.112	0.353910621609046
49.192	0.348315026722801
49.272	0.342634284882777
49.352	0.336927544248894
49.432	0.331249501144271
49.512	0.325648455557783
49.592	0.320165402255853
49.672	0.314834117379903
49.752	0.309682003177883
49.832	0.304731328408209
49.912	0.300000445216057
49.992	0.295504615914354
50.072	0.291256440947095
50.152	0.287265878776708
50.232	0.283540027292531
50.312	0.280082810107601
50.392	0.276894682394598
50.472	0.273972559844907
50.552	0.271310081719605
50.632	0.268898135879397
50.712	0.266725565663108
50.792	0.264779957608951
50.872	0.263048370220432
50.952	0.261517908060995
51.032	0.260176229137699
51.112	0.25901194290995
51.192	0.258014963377008
51.272	0.257176865161824
51.352	0.25649117784053
51.432	0.255953488920028
51.512	0.255561339288647
51.592	0.255313824397604
51.672	0.25521093541667
51.752	0.255252726050415
51.832	0.255438352932387
51.912	0.255765077573145
51.992	0.256227341433586
52.072	0.25681602324515
52.152	0.257518039309375
52.232	0.258316379194824
52.312	0.259190481335764
52.392	0.260116927190495
52.472	0.261070188491587
52.552	0.262023174670588
52.632	0.262947594098677
52.712	0.263814267397208
52.792	0.264593489375955
52.872	0.265255853055095
52.952	0.265773758484315
53.032	0.266123364099215
53.112	0.266286684746404
53.192	0.266253419351742
53.272	0.266021996619259
53.352	0.265599697001804
53.432	0.265002101405699
53.512	0.264252027024028
53.592	0.263378175911598
53.672	0.262413646484973
53.752	0.261394449260152
53.832	0.260357899528813
53.912	0.259340938108394
53.992	0.258378495453627
54.072	0.257502124224246
54.152	0.256739077246209
54.232	0.256112005815766
54.312	0.255639163862497
54.392	0.255334914003924
54.472	0.255210373598558
54.552	0.255274038177873
54.632	0.255532300734856
54.712	0.255989867634725
54.792	0.256650074829494
54.872	0.257515101673107
54.952	0.258586058498153
55.032	0.259862924158611
55.112	0.261344341168524
55.192	0.263027205006651
55.272	0.264906044806921
55.352	0.266972410795518
55.432	0.269214444775315
55.512	0.271616698461386
55.592	0.274160347393163
55.672	0.276823880190705
55.752	0.279584038514884
55.832	0.282416884015575
55.912	0.285298811285188
55.992	0.288207245256359
56.072	0.291121045253249
56.152	0.294020747421115
56.232	0.296888574833559
56.312	0.299708240985453
56.392	0.302464733742838
56.472	0.305143961884596
56.552	0.30773223480594
56.632	0.310215829821303
56.712	0.312580791335904
56.792	0.314813039568193
56.872	0.316898851076701
56.952	0.318825697419967
57.032	0.320583075899208
57.112	0.322163119125705
57.192	0.323560949309012
57.272	0.324774665250388
57.352	0.325804951794225
57.432	0.32665459363372
57.512	0.327328062432471
57.592	0.327831116063663
57.672	0.328170586454931
57.752	0.328354487090962
57.832	0.328392136260135
57.912	0.328294071621485
57.992	0.328072027510188
58.072	0.327738711316471
58.152	0.327307150832951
58.232	0.326789938936969
58.312	0.326198648616057
58.392	0.32554323947295
58.472	0.324831832950068
58.552	0.324070985215712
58.632	0.323266249914823
58.712	0.322422868036639
58.792	0.321546622124515
58.872	0.320644425639159
58.952	0.319724586572363
59.032	0.318796815479388
59.112	0.317871948845706
59.192	0.316961301940211
59.272	0.316075980139516
59.352	0.315226254966262
59.432	0.314421031156314
59.512	0.313667528819678
59.592	0.31297116197824
59.672	0.31233558193037
59.752	0.311762738471103
59.832	0.31125295140491
59.912	0.31080494369877
59.992	0.310415923525269
60.072	0.310081709994336
60.152	0.309796894597284
60.232	0.30955502159739
60.312	0.30934891532479
60.392	0.309170973320875
60.472	0.309013487959049
60.552	0.308868966297922
60.632	0.308730511454172
60.712	0.308592114289297
60.792	0.308448881926523
60.872	0.308297194789816
60.952	0.308134765603626
61.032	0.307960603057921
61.112	0.307774968804353
61.192	0.307579247217845
61.272	0.307375689429122
61.352	0.307167175476764
61.432	0.30695689600573
61.512	0.306747992905585
61.592	0.30654335534139
61.672	0.306345568391833
61.752	0.306156956186385
61.832	0.305979789561945
61.912	0.30581662904639
61.992	0.305670633016632
62.072	0.305545771728347
62.152	0.305446959630146
62.232	0.305380012260684
62.312	0.305351425647785
62.392	0.305368109085578
62.472	0.305437037681116
62.552	0.305564906598789
62.632	0.305757944064894
62.712	0.306021859485597
62.792	0.306361832072611
62.872	0.306782582228934
62.952	0.307288328026658
63.032	0.307882523508965
63.112	0.308567478655192
63.192	0.30934398930529
63.272	0.31021097090796
63.352	0.311165306409578
63.432	0.312201960811961
63.512	0.313314297726464
63.592	0.314494651898713
63.672	0.315735068677583
63.752	0.317027954295284
63.832	0.318366589909118
63.912	0.319745447767275
63.992	0.321160153056127
64.072	0.322607235252235
64.152	0.324083855959628
64.232	0.325587562902342
64.312	0.327116131997229
64.392	0.32866764366139
64.472	0.330240694002214
64.552	0.33183468167789
64.632	0.333449950007022
64.712	0.335087672845731
64.792	0.33674941608723
64.872	0.338436499126274
64.952	0.340149201173773
65.032	0.34188606048167
65.112	0.343643346807028
65.192	0.34541487470554
65.272	0.34719214585246
65.352	0.348964794129273
65.432	0.35072110586853
65.512	0.352448697860623
65.592	0.354135175675069
65.672	0.355768803914145
65.752	0.357339162129875
65.832	0.358837794740793
65.912	0.36025874128616
65.992	0.36159897228093
66.072	0.362858432576317
66.152	0.364039664366786
66.232	0.365147125422013
66.312	0.36618627582753
66.392	0.367162526645188
66.472	0.36808040535729
66.552	0.368943082287274
66.632	0.369752265338462
66.712	0.370508433880133
66.792	0.371211327662564
66.872	0.371860409014133
66.952	0.372455149681826
67.032	0.372995195130329
67.112	0.373480370835495
67.192	0.373910591741804
67.272	0.374285768502148
67.352	0.374605787327539
67.432	0.374870497779682
67.512	0.375079737949235
67.592	0.37523330485827
67.672	0.375330922568494
67.752	0.375372185992887
67.832	0.37535649504747
67.912	0.375282944306207
67.992	0.375150189919381
68.072	0.374956317096604
68.152	0.374698788582151
68.232	0.374374518223959
68.312	0.373980139409255
68.392	0.373512353200937
68.472	0.37296835173683
68.552	0.372346229344402
68.632	0.37164531616969
68.712	0.370866425345454
68.792	0.370011988745887
68.872	0.369086087884142
68.952	0.368094388700086
69.032	0.3670440331816
69.112	0.365943317105064
69.192	0.364801310637773
69.272	0.363627487901027
69.352	0.362431465540084
69.432	0.361222940605558
69.512	0.360011836424121
69.592	0.358808480568939
69.672	0.357623733661597
69.752	0.356468919617839
69.832	0.355355350121869
69.912	0.354293497681908
69.992	0.35329215991527
70.072	0.352357721875876
70.152	0.351493676993954
70.232	0.350700578064576
70.312	0.349976422336425
70.392	0.349317278347257
70.472	0.348718084098905
70.552	0.348173453232619
70.632	0.347678248303495
70.712	0.347227916837909
70.792	0.346818576058439
70.872	0.346446837416579
70.952	0.346109465786057
71.032	0.34580309478676
71.112	0.345524001036381
71.192	0.345267916040171
71.272	0.345029936237097
71.352	0.344804497970202
71.432	0.344585436608
71.512	0.344366237879456
71.592	0.344140558329016
71.672	0.34390282504657
71.752	0.343648941660675
71.832	0.343376921003241
71.912	0.343087315318186
71.992	0.342783443607274
72.072	0.34247139150267
72.152	0.34215968142901
72.232	0.341858794964509
72.312	0.341580560528357
72.392	0.341337413350317
72.472	0.341141608547218
72.552	0.341004515904515
72.632	0.340935941260753
72.712	0.340943758927267
72.792	0.341033891869529
72.872	0.341210587586914
72.952	0.341476824079749
73.032	0.341834865675537
73.112	0.34228671195936
73.192	0.342834332912062
73.272	0.343479700645602
73.352	0.344224641390809
73.432	0.345070511324778
73.512	0.346017844800983
73.592	0.347066038972741
73.672	0.348213257540152
73.752	0.349456620860508
73.832	0.350792584935306
73.912	0.352217207028062
73.992	0.353726225406604
74.072	0.355314780560605
74.152	0.3569768112378
74.232	0.358704280561724
74.312	0.360486652413272
74.392	0.362310847250541
74.472	0.364161812573144
74.552	0.36602366697764
74.632	0.367881070991046
74.712	0.369720412210341
74.792	0.371530547842895
74.872	0.373302939439753
74.952	0.375031310201905
75.032	0.376711122750066
75.112	0.378339094687561
75.192	0.379912777894418
75.272	0.381430323611028
75.352	0.382890416123416
75.432	0.384292184725865
75.512	0.385635025514134
75.592	0.38691838378719
75.672	0.388141569990779
75.752	0.389303652432176
75.832	0.390403504103119
75.912	0.391439975914523
75.992	0.392412095778525
76.072	0.393319253010532
76.152	0.394161284102665
76.232	0.394938418845726
76.312	0.395651150984804
76.392	0.396300147041359
76.472	0.396886181950009
76.552	0.39741010885561
76.632	0.397872869457359
76.712	0.398275510275454
76.792	0.398619133090591
76.872	0.398904786293031
76.952	0.399133309899497
77.032	0.399305192281787
77.112	0.399420478459632
77.192	0.399478773059911
77.272	0.399479331605875
77.352	0.399421222090666
77.432	0.399303511446448
77.512	0.399125423532325
77.592	0.398886438776742
77.672	0.398586336352622
77.752	0.398225204698122
77.832	0.397803456445871
77.912	0.397321906992403
77.992	0.396781908742696
78.072	0.396185516814114
78.152	0.395535627348465
78.232	0.394836032862344
78.312	0.394091345560639
78.392	0.393306835128925
78.472	0.392488243601804
78.552	0.391641619050404
78.632	0.390773223007045
78.712	0.389889540125125
78.792	0.388997336237594
78.872	0.388103730546561
78.952	0.387216268013731
79.032	0.386342971093342
79.112	0.38549236790891
79.192	0.38467350671425
79.272	0.383895945771854
79.352	0.383169695299955
79.432	0.382505126465702
79.512	0.381912858107029
79.592	0.381403616465576
79.672	0.380988095347647
79.752	0.380676874116546
79.832	0.380480416005497
79.912	0.380409124731727
79.992	0.380473428515103
80.072	0.380683821031965
80.152	0.381050764093601
80.232	0.381584384791296
80.312	0.38229397227866
80.392	0.383187351094193
80.472	0.384270278175904
80.552	0.385545972236713
80.632	0.387014830884596
80.712	0.388674368353492
80.792	0.39051929975895
80.872	0.392541659073544
80.952	0.394730876432078
81.032	0.397073787641204
81.112	0.399554567896757
81.192	0.40215453902934
81.272	0.404851840905991
81.352	0.40762108154135
81.432	0.410433229436478
81.512	0.41325599703535
81.592	0.416054914484505
81.672	0.418794769889473
81.752	0.421440975698886
81.832	0.423960583189739
81.912	0.426322615530893
81.992	0.428497630309948
82.072	0.430457090177299
82.152	0.432172971070059
82.232	0.433617791274145
82.312	0.434765329580614
82.392	0.43559183843837
82.472	0.436076968275444
82.552	0.436204562484022
82.632	0.435963375606804
82.712	0.435347475407383
82.792	0.434356714865913
82.872	0.432997555040032
82.952	0.431283751257666
83.032	0.429236694630845
83.112	0.426885381326258
83.192	0.424265762564431
83.272	0.421419842775691
83.352	0.418394541507809
83.432	0.415240252437201
83.512	0.412009219457218
83.592	0.408753899919901
83.672	0.405525304682754
83.752	0.402371545998818
83.832	0.399336606894536
83.912	0.396459327172778
83.992	0.39377273479559
84.072	0.391303727693554
84.152	0.389072882230749
84.232	0.387094484552421
84.312	0.385376842727709
84.392	0.383922869414619
84.472	0.382730884083969
84.552	0.381795558531223
84.632	0.381108828401722
84.712	0.380660577612872
84.792	0.380439026141772
84.872	0.380430857716277
84.952	0.380621174393951
85.032	0.380993425459678
85.112	0.381529462855212
85.192	0.382209773389604
85.272	0.383013905968198
85.352	0.383921033620254
85.432	0.384910475290894
85.512	0.385962110655413
85.592	0.387056666969528
85.672	0.38817585395941
85.752	0.389302381322381
85.832	0.390419971177806
85.912	0.391513376749941
85.992	0.392568463476238
86.072	0.393572389752478
86.152	0.394513865464376
86.232	0.395383420931125
86.312	0.396173653368635
86.392	0.396879359793417
86.472	0.397497530379496
86.552	0.398027205676954
86.632	0.398469235600317
86.712	0.398825969908188
86.792	0.39910093221593
86.872	0.399298481133059
86.952	0.399423489603038
87.032	0.399481047426661
87.112	0.399476196354783
87.192	0.399413713590462
87.272	0.399297956621808
87.352	0.399132755224144
87.432	0.398921338659477
87.512	0.398666279026628
87.592	0.398369418899051
87.672	0.398031806781262
87.752	0.39765366786358
87.832	0.39723439173892
87.912	0.396772541142667
87.992	0.396265897186993
88.072	0.39571151454453
88.152	0.395105797792752
88.232	0.394444611592547
88.312	0.393723423866447
88.392	0.392937476359293
88.472	0.392081978304532
88.552	0.391152282793684
88.632	0.390144009500233
88.712	0.389053159249542
88.792	0.387876212064498
88.872	0.386610232107728
88.952	0.385253044460541
89.032	0.383803604838903
89.112	0.382262478774607
89.192	0.380632348886081
89.272	0.378918447780606
89.352	0.377128809331168
89.432	0.375274265450429
89.512	0.373368208655791
89.592	0.371426227440026
89.672	0.369465718783388
89.752	0.36750565273104
89.832	0.365566450649041
89.912	0.363669784404323
89.992	0.361838150341384
90.072	0.360094172129322
90.152	0.358459616943122
90.232	0.356954314711942
90.312	0.355595268064349
90.392	0.354396173384032
90.472	0.353367411775238
90.552	0.352516368418961
90.632	0.351847899846106
90.712	0.35136479140732
90.792	0.351068009045633
90.872	0.350956781755755
90.952	0.351028639221909
91.032	0.351279393789284
91.112	0.351703094131182
91.192	0.352292056275616
91.272	0.353036933432918
91.352	0.35392672578368
91.432	0.35494886773094
91.512	0.356089309049565
91.592	0.357332619545787
91.672	0.358662207288972
91.752	0.360060652188167
91.832	0.361510027646261
91.912	0.362992321122434
91.992	0.364489919933504
92.072	0.365986050573326
92.152	0.367465087844408
92.232	0.368912761967152
92.312	0.370316230897529
92.392	0.371664146970744
92.472	0.372946826738314
92.552	0.374156508075828
92.632	0.375287638272596
92.712	0.376337260696516
92.792	0.377305239340799
92.872	0.378194069445598
92.952	0.379008279886463
93.032	0.37975363168988
93.112	0.380436175140773
93.192	0.381061399280924
93.272	0.381633756214157
93.352	0.382156630403045
93.432	0.382632673224393
93.512	0.383064384815384
93.592	0.383454606869208
93.672	0.383806775880515
93.752	0.614959181609535
93.832	0.614362891161576
93.912	0.613810150912386
93.992	0.613291453535098
94.072	0.612796506405331
94.152	0.612314212575157
94.232	0.611832718908076
94.312	0.611339651031798
94.392	0.610822525216051
94.472	0.610269384069809
94.552	0.609669454318336
94.632	0.609013564868874
94.712	0.608294322128685
94.792	0.6075060491588
94.872	0.606644537464021
94.952	0.605706781445988
95.032	0.604690911768174
95.112	0.603596333552261
95.192	0.60242393385191
95.272	0.601176388591696
95.352	0.599858343809487
95.432	0.59847640439169
95.512	0.59703888521183
95.592	0.595555265960044
95.672	0.594035455918217
95.752	0.592488994488619
95.832	0.590924338930492
95.912	0.589348235755423
95.992	0.587765399947372
96.072	0.586178439479383
96.152	0.584588016535221
96.232	0.582993048120088
96.312	0.581390870935806
96.392	0.579777346596401
96.472	0.578147014744317
96.552	0.576493334868573
96.632	0.574809238366797
96.712	0.573087822312104
96.792	0.571323255547995
96.872	0.569511579492868
96.952	0.567651241960604
97.032	0.56574297953334
97.112	0.56378933896876
97.192	0.561793909771708
97.272	0.559760616836897
97.352	0.557693361532571
97.432	0.555596260161437
97.512	0.553474162510653
97.592	0.551333162211662
97.672	0.549180879662444
97.752	0.547026498590739
97.832	0.544880502298426
97.912	0.542754324006907
97.992	0.540660146440686
98.072	0.538610932626838
98.152	0.536620513084003
98.232	0.53470356866147
98.312	0.5328752869829
98.392	0.53115058199414
98.472	0.529543087479212
98.552	0.528064239469742
98.632	0.526722621298845
98.712	0.525523688946564
98.792	0.524469915874008
98.872	0.523561165714497
98.952	0.522795112942035
99.032	0.522167609091738
99.112	0.521672966919809
99.192	0.521304196969979
99.272	0.521053273059735
99.352	0.520911443115367
99.432	0.520869564012102
99.512	0.520918406839925
99.592	0.521048878101951
99.672	0.521252151948929
99.752	0.521519717588646
99.832	0.521843374793761
99.912	0.522215215750279
99.992	0.522627595219362
100.072	0.523073090187538
100.152	0.523544486154819
100.232	0.524034798728778
100.312	0.52453732075422
100.392	0.525045714456027
100.472	0.525554077277533
100.552	0.526056928636862
100.632	0.52654912478117
100.712	0.527025753564928
100.792	0.527481949240595
100.872	0.527912724038273
100.952	0.528312932363846
101.032	0.528677294079486
101.112	0.529000403439611
101.192	0.52927677768956
101.272	0.529500958378648
101.352	0.529667667526141
101.432	0.529772074293973
101.512	0.529810215454162
101.592	0.529779431976962
101.672	0.529678747417321
101.752	0.529509105012252
101.832	0.529273304310365
101.912	0.528975689312333
101.992	0.52862178032295
102.072	0.528217897106103
102.152	0.52777083765379
102.232	0.527287759967962
102.312	0.526776151803276
102.392	0.526243819358498
102.472	0.525698884730204
102.552	0.525149711581761
102.632	0.524604675247346
102.712	0.524071942142243
102.792	0.523559273207113
102.872	0.523073855038533
102.952	0.522622231496811
103.032	0.522210387247341
103.112	0.521843879834748
103.192	0.521528009565642
103.272	0.52126796623331
103.352	0.521068893232481
103.432	0.520935840274817
103.512	0.52087363721084
103.592	0.520886689534834
103.672	0.520978721741628
103.752	0.521152501471803
103.832	0.521409576466723
103.912	0.521750078148088
103.992	0.52217266580611
104.072	0.522674652438113
104.152	0.523252259051887
104.232	0.523900953041718
104.312	0.524615786630463
104.392	0.525391614946713
104.472	0.526223109218037
104.552	0.527104588498943
104.632	0.528029740375175
104.712	0.528991388898348
104.792	0.529981457138589
104.872	0.530991165298573
104.952	0.53201147368371
105.032	0.533033620984767
105.112	0.534049607499625
105.192	0.535052538902264
105.272	0.536036740722054
105.352	0.536997652069132
105.432	0.537931641940233
105.512	0.538835835951303
105.592	0.539707915443657
105.672	0.540546004948723
105.752	0.541348585645991
105.832	0.542114209513429
105.912	0.54284100042689
105.992	0.543526146560836
106.072	0.544165397038782
106.152	0.54475270956452
106.232	0.545280263475647
106.312	0.54573892282103
106.392	0.546118865194487
106.472	0.546410304699279
106.552	0.546604187089869
106.632	0.546692681602096
106.712	0.546669298758829
106.792	0.546528775420811
106.872	0.546266802284762
106.952	0.545879750371157
107.032	0.545364478471285
107.112	0.54471851148655
107.192	0.543940543233063
107.272	0.543031097402533
107.352	0.54199337459697
107.432	0.540834077940175
107.512	0.539563940476327
107.592	0.538197951780759
107.672	0.536755264175824
107.752	0.535258523462673
107.832	0.533732806428461
107.912	0.532204399550366
107.992	0.530699538629946
108.072	0.52924323025313
108.152	0.527858383031273
108.232	0.526565225118574
108.312	0.525380933783467
108.392	0.524319460364197
108.472	0.523391523622522
108.552	0.522604727622237
108.632	0.521963821964491
108.712	0.521471013692391
108.792	0.521126240678583
108.872	0.520927314628167
108.952	0.520869900520935
109.032	0.520947392583068
109.112	0.521150793086449
109.192	0.521468723462576
109.272	0.521887643628517
109.352	0.522392267198981
109.432	0.522966103998087
109.512	0.523592009909905
109.592	0.524252684128086
109.672	0.524931093123186
109.752	0.525610772554202
109.832	0.526275984462288
109.912	0.526911752569546
109.992	0.527503819778346
110.072	0.528038621469918
110.152	0.5285033707775
110.232	0.528886310548486
110.312	0.529177143142064
110.392	0.529367512104088
110.472	0.529451360006689
110.552	0.529425102720253
110.632	0.529287693332421
110.712	0.529040579334136
110.792	0.528687719990486
110.872	0.528235701365858
110.952	0.527693923060994
111.032	0.527074732286039
111.112	0.52639336571319
111.192	0.525667621336467
111.272	0.52491738546847
111.352	0.524164175842074
111.432	0.523430824836495
111.512	0.52274138907147
111.592	0.522121185533919
111.672	0.521596728809115
111.752	0.521195375542717
111.832	0.520944561264898
111.912	0.520870748429317
111.992	0.520998375082044
112.072	0.521349124372009
112.152	0.521941758185662
112.232	0.522792496337772
112.312	0.523915667089895
112.392	0.525324354410131
112.472	0.527030774763418
112.552	0.529046249361315
112.632	0.531380904211218
112.712	0.534043303832831
112.792	0.537040094912854
112.872	0.540375718826667
112.952	0.544052088692453
113.032	0.54806805463538
113.112	0.552418580582682
113.192	0.557093792269583
113.272	0.562078029286837
113.352	0.56734900363891
113.432	0.572877255028388
113.512	0.578626210295212
113.592	0.584552590259065
113.672	0.590606965050469
113.752	0.596734609263464
113.832	0.60287677563899
113.912	0.608971798926589
113.992	0.614956058765912
114.072	0.620764863641242
114.152	0.626333228308383
114.232	0.631596624159485
114.312	0.636492014608123
114.392	0.640958986401088
114.472	0.644941072495001
114.552	0.648387353443795
114.632	0.651253923614192
114.712	0.653505032430601
114.792	0.655114003864483
114.872	0.65606385460022
114.952	0.656347635387291
115.032	0.655968667941821
115.112	0.654940684449528
115.192	0.653287868609979
115.272	0.6510447722397
115.352	0.648255955716465
115.432	0.644975396001811
115.512	0.641265446566692
115.592	0.637194927114692
115.672	0.632836280238635
115.752	0.628262191248083
115.832	0.623541917692009
115.912	0.618738455696999
115.992	0.61390733296723
116.072	0.609097056333766
116.152	0.604350783688076
116.232	0.599708648337966
116.312	0.595209571943926
116.392	0.590892201208177
116.472	0.586794901772763
116.552	0.582955303997252
116.632	0.579410234020386
116.712	0.576196321882904
116.792	0.573350405143586
116.872	0.570909663978327
116.952	0.568910831069488
117.032	0.567388056648454
117.112	0.566370268713214
117.192	0.565879099621284
117.272	0.565927264954027
117.352	0.566517871922699
117.432	0.567644997050635
117.512	0.569294375913032
117.592	0.57144408500848
117.672	0.574065556995848
117.752	0.577124615447858
117.832	0.580582594965833
117.912	0.584397618976837
117.992	0.58852546974903
118.072	0.592920029035255
118.152	0.597533231958394
118.232	0.602314523625679
118.312	0.6072103482323
118.392	0.612164232912491
118.472	0.6171170659061
118.552	0.622007769073619
118.632	0.626774236986321
118.712	0.63135439611851
118.792	0.635687442564105
118.872	0.639715600020182
118.952	0.64338614103751
119.032	0.64665327959797
119.112	0.649479750879735
119.192	0.651837656521835
119.272	0.653708359710762
119.352	0.65508174110083
119.432	0.655955104673396
119.512	0.656331869567836
119.592	0.656220492409844
119.672	0.65563374138263
119.752	0.654588225372365
119.832	0.653104313757083
119.912	0.651206323441315
119.992	0.648922691120092
120.072	0.646286000125585
120.152	0.643332669509036
120.232	0.640102163586945
120.312	0.63663600333642
120.392	0.632976636423891
120.472	0.629166230147135
120.552	0.625245826433726
120.632	0.621254848639737
120.712	0.617230534926577
120.792	0.613207448067342
120.872	0.6092171953931
120.952	0.605288047494028
121.032	0.601444521730812
121.112	0.597707067471944
121.192	0.594091886236455
121.272	0.590611075780814
121.352	0.587273181751797
121.432	0.58408386271195
121.512	0.581046760267654
121.592	0.578164511945985
121.672	0.575439593964106
121.752	0.572874696191647
121.832	0.570472779520671
121.912	0.568236787811074
121.992	0.566169145504986
122.072	0.5642712578816
122.152	0.56254314733637
122.232	0.560983267030778
122.312	0.559588550080136
122.392	0.558354672194909
122.472	0.557276458256226
122.552	0.556348331978867
122.632	0.555564821021491
122.712	0.554921025222356
122.792	0.554413005507215
122.872	0.554037903303467
122.952	0.553793924774581
123.032	0.553680350522129
123.112	0.553697428477435
123.192	0.553846015227791
123.272	0.554127191612039
123.352	0.55454196108046
123.432	0.555090906196185
123.512	0.555773879361524
123.592	0.556589934812152
123.672	0.557537471344219
123.752	0.558614360989665
123.832	0.559818117992776
123.912	0.561146040361379
123.992	0.562595031275904
124.072	0.564161153194718
124.152	0.565839237673956
124.232	0.567622417328707
124.312	0.569501717024579
124.392	0.571466091862405
124.472	0.573502996453655
124.552	0.575598962216972
124.632	0.577740141418971
124.712	0.579912841277277
124.792	0.582103862568701
124.872	0.584300440094168
124.952	0.586490122916004
125.032	0.588660768239421
125.112	0.590800643370059
125.192	0.592898685370571
125.272	0.594944970367564
125.352	0.596931074959784
125.432	0.598850076804993
125.512	0.600696353425249
125.592	0.602465215423209
125.672	0.604152307378186
125.752	0.605753007114842
125.832	0.607262246184789
125.912	0.608674560603433
125.992	0.609984210381626
126.072	0.611185500646414
126.152	0.612273199766477
126.232	0.613242715801434
126.312	0.614090240057479
126.392	0.61481293816307
126.472	0.615409183122878
126.552	0.61587896400242
126.632	0.616224450098755
126.712	0.616450515597862
126.792	0.616565094995551
126.872	0.616579299066686
126.952	0.616507078212422
127.032	0.616364475732112
127.112	0.616168508621186
127.192	0.615935839886831
127.272	0.615681570181593
127.352	0.615418515811868
127.432	0.615156942870513
127.512	0.614904896863763
127.592	0.614668953705845
127.672	0.614454928409415
127.752	0.614268306545497
127.832	0.614114537137326
127.912	0.613999043865633
127.992	0.613927025737823
128.072	0.613903343732758
128.152	0.61393254722519
128.232	0.614018800200384
128.312	0.614165662771356
128.392	0.61437575502778
128.472	0.614650234324913
128.552	0.614988246660303
128.632	0.615386670415873
128.712	0.615840263099685
128.792	0.616342087971944
128.872	0.616884083900558
128.952	0.617457517105592
129.032	0.618053084917577
129.112	0.618660962133831
129.192	0.619271045745833
129.272	0.619873423470082
129.352	0.620459097819591
129.432	0.621020950699048
129.512	0.621554536511027
129.592	0.622058375107471
129.672	0.622533591841304
129.752	0.622982948617093
129.832	0.623409711424287
129.912	0.623816796065157
129.992	0.624206324501174
130.072	0.624579646822284
130.152	0.624937905282806
130.232	0.625282741130988
130.312	0.625616668037125
130.392	0.625943063689888
130.472	0.626265738369668
130.552	0.626588225814245
130.632	0.626913110838686
130.712	0.627241574328806
130.792	0.627573304982164
130.872	0.62790685948444
130.952	0.628240178908655
131.032	0.628570954266891
131.112	0.628896819974855
131.192	0.629215422785776
131.272	0.629524349235552
131.352	0.629821049211088
131.432	0.630102821180216
131.512	0.630366834763024
131.592	0.630610244168835
131.672	0.630830503805967
131.752	0.631025788105248
131.832	0.631195445426428
131.912	0.631340540047503
131.992	0.631464312048124
132.072	0.631572344249903
132.152	0.631672322096492
132.232	0.631773445128985
132.312	0.631885486766507
132.392	0.632017808596757
132.472	0.632178625574952
132.552	0.632374771067404
132.632	0.632611890905409
132.712	0.632895035875052
132.792	0.633229260158416
132.872	0.633619909110777
132.952	0.634072618868956
133.032	0.634593198066412
133.112	0.635187263155032
133.192	0.635859791551255
133.272	0.636614848866245
133.352	0.637455370686368
133.432	0.63838285319072
133.512	0.639397127250518
133.592	0.640496054491891
133.672	0.641674972702631
133.752	0.642926138380361
133.832	0.64423833501921
133.912	0.64559650058554
133.992	0.64698154687629
134.072	0.648370508526583
134.152	0.64973688845599
134.232	0.651051277429346
134.312	0.652282470673313
134.392	0.653398990107078
134.472	0.65437076648935
134.552	0.655170796255632
134.632	0.655776509420136
134.712	0.656170706123234
134.792	0.656342123951632
134.872	0.65628577764933
134.952	0.656003177564727
135.032	0.655502434158066
135.112	0.654798156344057
135.192	0.653911018238873
135.272	0.652866956460898
135.352	0.651696095601423
135.432	0.650431638223054
135.512	0.649108802483212
135.592	0.647763945737765
135.672	0.646433719588103
135.752	0.645154127577641
135.832	0.643959480473043
135.912	0.64288151802883
135.992	0.6419486019701
136.072	0.641184983755252
136.152	0.640610184313729
136.232	0.640238391383932
136.312	0.640077774999426
136.392	0.640130087431984
136.472	0.640390737563919
136.552	0.640849461538394
136.632	0.641491393393508
136.712	0.642298186622256
136.792	0.643248721136999
136.872	0.644319358985669
136.952	0.645483980473941
137.032	0.646714062538209
137.112	0.647979101476423
137.192	0.649247596034897
137.272	0.650488399840825
137.352	0.651671933585291
137.432	0.65277091573104
137.512	0.653760545474526
137.592	0.654618290133541
137.672	0.655323576891519
137.752	0.655857639704166
137.832	0.656203545578919
137.912	0.656346329426796
137.992	0.656273133741067
138.072	0.655973324396925
138.152	0.655438615857392
138.232	0.654663298153721
138.312	0.653644619799067
138.392	0.652383163354486
138.472	0.650883018518996
138.552	0.649151704559799
138.632	0.647199777858916
138.712	0.64504015163952
138.792	0.642687364064003
138.872	0.640156959929854
138.952	0.637465143981657
139.032	0.634628786733671
139.112	0.631665650700299
139.192	0.628594546830826
139.272	0.625435481481375
139.352	0.62220966341782
139.432	0.61893912647021
139.512	0.615645967034922
139.592	0.612351491123874
139.672	0.609075424224287
139.752	0.605835313981672
139.832	0.60264615332305
139.912	0.59952031914672
139.992	0.596467929180349
140.072	0.593497451600953
140.152	0.590616284874827
140.232	0.587831258141236
140.312	0.585148921474556
140.392	0.58257561848022
140.472	0.580117286302468
140.552	0.577779136570186
140.632	0.808915967738628
140.712	0.808931449150052
140.792	0.808918153206932
140.872	0.808877504195252
140.952	0.808811726881331
141.032	0.808723621086742
141.112	0.808616292126132
141.192	0.808492844624467
141.272	0.808356067901215
141.352	0.808208136151833
141.432	0.80805036813301
141.512	0.807883101811157
141.592	0.807705664987495
141.672	0.807516417020437
141.752	0.80731287495091
141.832	0.807091864092044
141.912	0.80684959371608
141.992	0.806581672814715
142.072	0.806283102286883
142.152	0.805948206513946
142.232	0.8055705543362
142.312	0.805142986651148
142.392	0.804657775774373
142.472	0.804106894640753
142.552	0.803482416038648
142.632	0.802776975762626
142.712	0.801984119567848
142.792	0.80109850012802
142.872	0.800116016674096
142.952	0.799033863442261
143.032	0.797850451714893
143.112	0.796565396590424
143.192	0.795179706374412
143.272	0.793695982868982
143.352	0.792118600619446
143.432	0.790453998765926
143.512	0.788711008812854
143.592	0.786901114333816
143.672	0.78503864896156
143.752	0.783141062171453
143.832	0.781229097488549
143.912	0.77932691575505
143.992	0.77746213802105
144.072	0.775665644807006
144.152	0.773970953911416
144.232	0.772413386428795
144.312	0.771029045863472
144.392	0.769853425854635
144.472	0.768919956035617
144.552	0.768258770267934
144.632	0.767895418938323
144.712	0.767849667549271
144.792	0.768134386615699
144.872	0.768754535588855
144.952	0.769706120828332
145.032	0.770975539401931
145.112	0.772539429305866
145.192	0.774365425691414
145.272	0.776413942740405
145.352	0.778640559198706
145.432	0.78099861928267
145.512	0.783441657211242
145.592	0.785925187469601
145.672	0.788407705127881
145.752	0.790851079260037
145.832	0.793220482983529
145.912	0.795484166481785
145.992	0.797613575672798
146.072	0.799583897403849
146.152	0.801374874515304
146.232	0.802971706455352
146.312	0.804365723970861
146.392	0.805554532653829
146.472	0.80654158540095
146.552	0.807335367732477
146.632	0.807948374002692
146.712	0.808396089699201
146.792	0.808696128194342
146.872	0.808867531509335
146.952	0.808930177334659
147.032	0.808904260444407
147.112	0.808809795721046
147.192	0.808666122737449
147.272	0.808491427779458
147.352	0.808302292338439
147.432	0.808113287293153
147.512	0.807936652702196
147.592	0.807782093807688
147.672	0.807656705762767
147.752	0.807565027357995
147.832	0.807509198379464
147.912	0.807489205626425
147.992	0.807503210935167
148.072	0.807547947640259
148.152	0.807619164468278
148.232	0.807712081165832
148.312	0.80782179977767
148.392	0.807943614118628
148.472	0.80807319384904
148.552	0.808206659860204
148.632	0.808340588765176
148.712	0.808471986422077
148.792	0.808598268577427
148.872	0.808717261733293
148.952	0.808827210346223
149.032	0.808926761192353
149.112	0.809014953682535
149.192	0.809091201088663
149.272	0.809155267305343
149.352	0.809207253185193
149.432	0.809247607796451
149.512	0.809277127217726
149.592	0.809296947558707
149.672	0.809308489055852
149.752	0.80931336945666
149.832	0.809313293893226
149.912	0.809309994409531
149.992	0.809305197601574
150.072	0.809300611525074
150.152	0.80929789734374
150.232	0.809298618081002
150.312	0.809304128933192
150.392	0.809315451841755
150.472	0.809333186096623
150.552	0.809357496407969
150.632	0.809388171602095
150.712	0.809424740670849
150.792	0.809466639865761
150.872	0.809513375794253
150.952	0.80956459836095
151.032	0.809620076134465
151.112	0.809679619983555
151.192	0.809742956648094
151.272	0.809809592915187
151.352	0.809878747543095
151.432	0.809949388634593
151.512	0.810020306893179
151.592	0.810090219819628
151.672	0.810157891604476
151.752	0.810222219824809
151.832	0.810282268135538
151.912	0.810337267903023
151.992	0.81038656091259
152.072	0.810429490319777
152.152	0.810465318009378
152.232	0.810493233819486
152.312	0.810512428861486
152.392	0.810522224229075
152.472	0.810522267317864
152.552	0.810512733875939
152.632	0.810494409565578
152.712	0.810468632930096
152.792	0.810437127666475
152.872	0.810401726808081
152.952	0.810364077668154
153.032	0.810325440365929
153.112	0.810286640300021
153.192	0.810248145111231
153.272	0.810210225830005
153.352	0.810173111772016
153.432	0.810137075980364
153.512	0.81010244410821
153.592	0.81006957325728
153.672	0.810038839210208
153.752	0.810010658084011
153.832	0.809985513226579
153.912	0.809963994515655
153.992	0.809946814650843
154.072	0.80993476721595
154.152	0.80992862831333
154.232	0.809929059839689
154.312	0.809936505858431
154.392	0.809951127824135
154.472	0.809972784624492
154.552	0.810001029516897
154.632	0.810035084125545
154.712	0.810073810951266
154.792	0.81011569917051
154.872	0.81015890388413
154.952	0.810201334278744
155.032	0.810240794951866
155.112	0.810275149179105
155.192	0.810302458756766
155.272	0.81032103634486
155.352	0.810329447900685
155.432	0.810326464787735
155.512	0.810311043084411
155.592	0.810282387425204
155.672	0.810240119762497
155.752	0.810184489033972
155.832	0.810116602624063
155.912	0.810038564688611
155.992	0.809953442100593
156.072	0.809865044342061
156.152	0.80977760172901
156.232	0.809695383480218
156.312	0.809622366021458
156.392	0.809561996177294
156.472	0.809517054344653
156.552	0.809489618497921
156.632	0.809481119488041
156.712	0.809492443095039
156.792	0.809524044550173
156.872	0.809576079602309
156.952	0.809648532735864
157.032	0.809741355553271
157.112	0.809854578511519
157.192	0.809988380099114
157.272	0.810143107690791
157.352	0.810319267000679
157.432	0.810517469183296
157.512	0.810738374286117
157.592	0.810982642322628
157.672	0.81125094978033
157.752	0.81154405472374
157.832	0.811862915568369
157.912	0.812208767461513
157.992	0.812583125320756
158.072	0.812987636109469
158.152	0.813423809556966
158.232	0.81389257959772
158.312	0.814393848626125
158.392	0.814926113020917
158.472	0.815486320563579
158.552	0.816069982250937
158.632	0.816671541823538
158.712	0.817284858776517
158.792	0.817903746229703
158.872	0.818522355463855
158.952	0.819135288389688
159.032	0.819737421101976
159.112	0.820323608228918
159.192	0.820888327864438
159.272	0.82142551789785
159.352	0.821928707031006
159.432	0.822391467321822
159.512	0.822808057040604
159.592	0.82317416041802
159.672	0.823487400376493
159.752	0.823747497145845
159.832	0.82395611265666
159.912	0.82411635659922
159.992	0.824232033316591
160.072	0.824306785325447
160.152	0.824343287330052
160.232	0.824342749758486
160.312	0.824304806217285
160.392	0.824227728713979
160.472	0.824108895532945
160.552	0.823945495896552
160.632	0.823735119532316
160.712	0.82347611934874
160.792	0.823167707523552
160.872	0.822809906516326
160.952	0.822403458500659
161.032	0.821949868069723
161.112	0.821451521768822
161.192	0.820911874348369
161.272	0.820335562326235
161.352	0.819728351274179
161.432	0.8190967239439
161.512	0.818447325337431
161.592	0.817786441903465
161.672	0.817119681474693
161.752	0.816451829878801
161.832	0.815786927863812
161.912	0.815128453074337
161.992	0.814479496066085
162.072	0.813842913794517
162.152	0.81322141243588
162.232	0.812617571583573
162.312	0.812033898090235
162.392	0.811472898562201
162.472	0.810937158386523
162.552	0.810429421068292
162.632	0.809952640900221
162.712	0.809509938051676
162.792	0.809104490607282
162.872	0.808739393848825
162.952	0.808417486467803
163.032	0.808141196772496
163.112	0.807912441584094
163.192	0.807732562659382
163.272	0.807602274632288
163.352	0.807521599880815
163.432	0.807489770011486
163.512	0.80750509132325
163.592	0.807564788787644
163.672	0.807664844851601
163.752	0.807799846699638
163.832	0.807962842048127
163.912	0.80814519389547
163.992	0.808336441672836
164.072	0.808524193727791
164.152	0.808694096177973
164.232	0.808829918198612
164.312	0.808913794030317
164.392	0.808926646648089
164.472	0.808848792628496
164.552	0.808660699758079
164.632	0.808343851140179
164.712	0.80788163012663
164.792	0.807260122566774
164.872	0.806468765196527
164.952	0.805500781881605
165.032	0.804353473877981
165.112	0.803028498726334
165.192	0.801532228416121
165.272	0.799876161974552
165.352	0.798077360110923
165.432	0.796158685491477
165.512	0.794148601981632
165.592	0.792080490893611
165.672	0.789991450606053
165.752	0.787920779702503
165.832	0.785908331362506
165.912	0.783993106116995
165.992	0.782212118331401
166.072	0.780599514934622
166.152	0.779185878176506
166.232	0.777997560603907
166.312	0.777055742149841
166.392	0.776375464652503
166.472	0.775964853568539
166.552	0.77582474110794
166.632	0.775949051111454
166.712	0.77632618147787
166.792	0.776940754484073
166.872	0.777775395969613
166.952	0.778812303536981
167.032	0.780033964791912
167.112	0.781422726812806
167.192	0.782959960824641
167.272	0.784625210362989
167.352	0.786395498374461
167.432	0.788245339902161
167.512	0.790147403359171
167.592	0.79207338651814
167.672	0.793994961086852
167.752	0.79588454652189
167.832	0.797715746706487
167.912	0.799463605817536
167.992	0.801104925133117
168.072	0.802618706922871
168.152	0.803986807869236
168.232	0.805194701003117
168.312	0.806232168533299
168.392	0.807093806276541
168.472	0.807779325057865
168.552	0.808293603903209
168.632	0.808646514642575
168.712	0.808852467328322
168.792	0.808929656144116
168.872	0.808899086422727
168.952	0.808783505983499
169.032	0.808606394224043
169.112	0.808391162020868
169.192	0.808160601848769
169.272	0.80793654000739
169.352	0.807739628521389
169.432	0.807589195649129
169.512	0.807503098135427
169.592	0.807497594149694
169.672	0.807587273041676
169.752	0.807785066730773
169.832	0.808102335897601
169.912	0.808548977815789
169.992	0.809133489438395
170.072	0.809862917407983
170.152	0.810742666096459
170.232	0.811776228035043
170.312	0.812964980971159
170.392	0.81430814806275
170.472	0.815802983768705
170.552	0.817445172296615
170.632	0.8192293295143
170.712	0.821149368376709
170.792	0.823198499376119
170.872	0.825368833473632
170.952	0.827650720518747
171.032	0.830032108863904
171.112	0.832498250691557
171.192	0.835031987326985
171.272	0.837614667175544
171.352	0.840227497092414
171.432	0.842852933559286
171.512	0.845475561389989
171.592	0.848082172002009
171.672	0.850660968378222
171.752	0.853200118205834
171.832	0.855686136367964
171.912	0.858102632869745
171.992	0.860429714050994
172.072	0.86264409335449
172.152	0.864719906647608
172.232	0.866629904855003
172.312	0.868346677069255
172.392	0.869843904608203
172.472	0.871097483887283
172.552	0.872086209768028
172.632	0.87279215727078
172.712	0.873201063818428
172.792	0.8733025990404
172.872	0.873090593851927
172.952	0.872563534677838
173.032	0.871725151317762
173.112	0.870584908248006
173.192	0.86915826714538
173.272	0.867466537725122
173.352	0.865536098270226
173.432	0.863397108591741
173.512	0.861081976985005
173.592	0.858623868131176
173.672	0.856055394630161
173.752	0.85340755124399
173.832	0.85070903765795
173.912	0.847985806688925
173.992	0.845260741210367
174.072	0.842553602501695
174.152	0.839881111072302
174.232	0.837256998985865
174.312	0.83469226706687
174.392	0.832195722772425
174.472	0.829774563562793
174.552	0.827435063048469
174.632	0.825183432609819
174.712	0.823026601821468
174.792	0.820972732259335
174.872	0.819031458306299
174.952	0.817213705756998
175.032	0.815531040148571
175.112	0.81399474079835
175.192	0.812614814339938
175.272	0.811399125939644
175.352	0.81035276101953
175.432	0.809477649260756
175.512	0.808772354643381
175.592	0.808231976093097
175.672	0.807848158433259
175.752	0.807609208914002
175.832	0.807500301548814
175.912	0.807503799497439
175.992	0.807599675361118
176.072	0.807765993786731
176.152	0.807979452764968
176.232	0.808215967031046
176.312	0.808451271574242
176.392	0.808661519923518
176.472	0.80882385036459
176.552	0.808916908061221
176.632	0.80892137540387
176.712	0.808820557928058
176.792	0.80860104970894
176.872	0.808253434485422
176.952	0.80777287478098
177.032	0.807159433019635
177.112	0.806418044992469
177.192	0.805558175340352
177.272	0.804593317080261
177.352	0.803540595532056
177.432	0.8024205568817
177.512	0.801257116570056
177.592	0.800077474227677
177.672	0.798911698999447
177.752	0.797791713626438
177.832	0.796749683290713
177.912	0.79581598368928
177.992	0.795017132579673
178.072	0.795728355906576
178.152	0.796645800557869
178.232	0.797706967841677
178.312	0.798848021640694
178.392	0.800012482327347
178.472	0.801155336282861
178.552	0.802243816079667
178.632	0.803256226181745
178.712	0.804179908980799
178.792	0.805009064269868
178.872	0.805742795542685
178.952	0.806383519566154
179.032	0.806935753169725
179.112	0.807405230647632
179.192	0.807798283334748
179.272	0.808121419144058
179.352	0.808381051392232
179.432	0.808583335291459
179.512	0.808734082368218
179.592	0.808838730017541
179.672	0.808902346514273
179.752	0.808929656404004
179.832	0.808925076251498
179.912	0.808892753697236
179.992	0.808836606289603
180.072	0.808760359169796
180.152	0.808667581782785
180.232	0.808561723921784
180.312	0.808446150888912
180.392	0.808324176398443
180.472	0.808199091955871
180.552	0.80807419229204
180.632	0.807952797235927
180.712	0.807838271175044
180.792	0.807734041793751
180.872	0.807643619373877
180.952	0.807570616636596
181.032	0.807518768369263
181.112	0.807491949325808
181.192	0.807494188579469
181.272	0.80752967905805
181.352	0.807602781670468
181.432	0.807718024014306
181.512	0.807880094483025
181.592	0.808093832742358
181.672	0.808364217272683
181.752	0.808696350957902
181.832	0.80909544523233
181.912	0.809566802451897
181.992	0.810115796116335
182.072	0.810747849113383
182.152	0.811468409934818
182.232	0.812282927190651
182.312	0.813196824132419
182.392	0.814215474687373
182.472	0.815344181562736
182.552	0.81658815576354
182.632	0.817952496773088
182.712	0.819442170724798
182.792	0.821061983781235
182.872	0.822816549655485
182.952	0.824710250494533
183.032	0.82674719067596
183.112	0.828931144099712
183.192	0.831265498003674
183.272	0.833753192499486
183.352	0.836396657804684
183.432	0.83919775157527
183.512	0.842157695904902
183.592	0.845277010945196
183.672	0.848555447759381
183.752	0.851991919033182
183.832	0.855584424865626
183.912	0.859329974499119
183.992	0.863224508340849
184.072	0.867262819752384
184.152	0.871438480066715
184.232	0.875743769549373
184.312	0.880169613711629
184.392	0.884705519535586
184.472	0.889339511560806
184.552	0.894058066507384
184.632	0.898846048068592
184.712	0.903686643729017
184.792	0.908561308979742
184.872	0.913449718847161
184.952	0.918329724407599
185.032	0.923177315793154
185.112	0.927966590067612
185.192	0.932669716847485
185.272	0.937256903841885
185.352	0.941696365811978
185.432	0.945954293069903
185.512	0.94999481750834
185.592	0.953779981413433
185.672	0.957269708536714
185.752	0.960421776464713
185.832	0.963191794861231
185.912	0.965533195171631
185.992	0.96739723150317
186.072	0.968732994086409
186.152	0.969487435670871
186.232	0.969605405896985
186.312	0.969029691513086
186.392	0.9677010607342
186.472	0.965558308973911
186.552	0.962538304167467
186.632	0.958576030225132
186.712	0.953604621987196
186.792	0.947555385610272
186.872	0.940357804980451
186.952	0.931939531183204
187.032	0.922226354397722
187.112	0.911142172660149
187.192	0.898608973579101
187.272	0.884546836172817
187.352	0.868873974383305
