19.1024	0.500814697264421
19.1184	0.500662710216798
19.1344	0.500500949700939
19.1504	0.500329663248831
19.1664	0.500149020230293
19.1824	0.499959033993246
19.1984	0.499759611237781
19.2144	0.499550732531151
19.2304	0.49933270426013
19.2464	0.499106337230817
19.2624	0.498873009069438
19.2784	0.498634610177778
19.2944	0.498393439524232
19.3104	0.498152138089626
19.3264	0.497913679308144
19.3424	0.497681403105322
19.3584	0.49745907241704
19.3744	0.497250900343584
19.3904	0.497061516695322
19.4064	0.496895934926183
19.4224	0.496759535638926
19.4384	0.496658066872879
19.4544	0.496597648472633
19.4704	0.496584729664722
19.4864	0.496625940584753
19.5024	0.496727834557799
19.5184	0.496896540125594
19.5344	0.497137376172905
19.5504	0.497454496874251
19.5664	0.497850592099528
19.5824	0.498326668806516
19.5984	0.498881919707731
19.6144	0.499513671615791
19.6304	0.500217412164982
19.6464	0.500986862634253
19.6624	0.501814082672869
19.6784	0.502689645055735
19.6944	0.503602855548383
19.7104	0.50454198818419
19.7264	0.505494602929748
19.7424	0.506447931884782
19.7584	0.507389222107488
19.7744	0.50830603200146
19.7904	0.509186465783049
19.8064	0.510019322156669
19.8224	0.510794189923846
19.8384	0.51150158368451
19.8544	0.512133098032979
19.8704	0.512681590977326
19.8864	0.513141380721709
19.9024	0.513508400179905
19.9184	0.513780238862633
19.9344	0.513956156753057
19.9504	0.514037069242182
19.9664	0.514025479023619
19.9824	0.513925336153012
19.9984	0.513741884758534
20.0144	0.513481434115992
20.0304	0.513151006092013
20.0464	0.512757905342152
20.0624	0.512309355986691
20.0784	0.511812263522376
20.0944	0.511273138722867
20.1104	0.510698118251224
20.1264	0.510093073308102
20.1424	0.509463743376887
20.1584	0.508815813205377
20.1744	0.508154871060423
20.1904	0.507486328235178
20.2064	0.506815363547172
20.2224	0.506146951889203
20.2384	0.505485929274069
20.2544	0.504837082589912
20.2704	0.504205189636959
20.2864	0.503594980049012
20.3024	0.503010951927845
20.3184	0.50245709240188
20.3344	0.50193661898216
20.3504	0.501451827396867
20.3664	0.501004058056598
20.3824	0.500593786974324
20.3984	0.500220779969919
20.4144	0.499884249372695
20.4304	0.499582967452628
20.4464	0.4993153400663
20.4624	0.499079429589035
20.4784	0.498872979523586
20.4944	0.498693487479716
20.5104	0.498538343642533
20.5264	0.498404973646725
20.5424	0.498290992190608
20.5584	0.498194340935495
20.5744	0.498113369146875
20.5904	0.498046847333892
20.6064	0.497993926623298
20.6224	0.497954037664609
20.6384	0.497926777182979
20.6544	0.497911822119793
20.6704	0.497908882338709
20.6864	0.49791767296232
20.7024	0.497937914308775
20.7184	0.497969343054454
20.7344	0.498011703042831
20.7504	0.498064701617697
20.7664	0.49812796036078
20.7824	0.49820100468666
20.7984	0.498283311302405
20.8144	0.498374420394047
20.8304	0.498474105201904
20.8464	0.498582579808289
20.8624	0.498700676210913
20.8784	0.498829955015427
20.8944	0.498972719077283
20.9104	0.499131964839972
20.9264	0.499311299260921
20.9424	0.499514827520958
20.9584	0.499747012088289
20.9744	0.500012535794479
20.9904	0.500316170200119
21.0064	0.500662653969211
21.0224	0.501056576551651
21.0384	0.501502271818783
21.0544	0.502003713367554
21.0704	0.502564441849888
21.0864	0.503187471807134
21.1024	0.503875215684094
21.1184	0.504629460723127
21.1344	0.50545139215534
21.1504	0.506341623729202
21.1664	0.50730028052357
21.1824	0.508327109833434
21.1984	0.509421595679353
21.2144	0.510583059191408
21.2304	0.511810761196369
21.2464	0.513103972443265
21.2624	0.514462051159857
21.2784	0.515884467697465
21.2944	0.517370741703669
21.3104	0.518920335103306
21.3264	0.520532595413709
21.3424	0.522206754583198
21.3584	0.523942012096558
21.3744	0.525737691400675
21.3904	0.527593378331897
21.4064	0.529508961040943
21.4224	0.531484530924079
21.4384	0.533520095460876
21.4544	0.535615176836362
21.4704	0.537768372267042
21.4864	0.539977079625924
21.5024	0.542237437876725
21.5184	0.544544560899542
21.5344	0.546892969712975
21.5504	0.54927712389539
21.5664	0.551691866506641
21.5824	0.554132724037341
21.5984	0.556595947619986
21.6144	0.559078388062698
21.6304	0.56157722803189
21.6464	0.564089697283155
21.6624	0.566612756825077
21.6784	0.569142861597999
21.6944	0.571675815037022
21.7104	0.574206709884297
21.7264	0.576729798848245
21.7424	0.579238370521839
21.7584	0.581724693961238
21.7744	0.584180037599904
21.7904	0.586594737601576
21.8064	0.58895837353764
21.8224	0.591259987706156
21.8384	0.593488336459348
21.8544	0.595632178242933
21.8704	0.597680533642286
21.8864	0.599622863951122
21.9024	0.601449284866259
21.9184	0.603150798337108
21.9344	0.604719518463693
21.9504	0.606148912081064
21.9664	0.607434087130159
21.9824	0.608572048621102
21.9984	0.609561917471389
22.0144	0.610405100997195
22.0304	0.611105410737768
22.0464	0.611669115775836
22.0624	0.612104911772686
22.0784	0.612423774329212
22.0944	0.612638684570364
22.1104	0.612764224780609
22.1264	0.612816060852527
22.1424	0.612810360417715
22.1584	0.612763198880014
22.1744	0.612690003767174
22.1904	0.61260507226606
22.2064	0.612521178909336
22.2224	0.612449282161847
22.2384	0.612398324231474
22.2544	0.612375122280756
22.2704	0.612384354675786
22.2864	0.612428645626547
22.3024	0.612508744231146
22.3184	0.612623780100247
22.3344	0.612771564239264
22.3504	0.612948899555608
22.3664	0.613151867698928
22.3824	0.61337607604543
22.3984	0.613616861357425
22.4144	0.613869450169876
22.4304	0.614129087448607
22.4464	0.614391158339238
22.4624	0.6146512930905
22.4784	0.614905444556275
22.4944	0.615149930387279
22.5104	0.615381440384809
22.5264	0.615597003807242
22.5424	0.615793956259377
22.5584	0.615969899571933
22.5744	0.616122693141318
22.5904	0.616250496868712
22.6064	0.616351862811403
22.6224	0.616425832870878
22.6384	0.616472038906139
22.6544	0.61649075919706
22.6704	0.616482909799885
22.6864	0.616449970481597
22.7024	0.616393876751982
22.7184	0.616316901300056
22.7344	0.616221558441342
22.7504	0.616110513607925
22.7664	0.61598647949906
22.7824	0.615852101062291
22.7984	0.615709883846808
22.8144	0.615562148862455
22.8304	0.615411013161147
22.8464	0.61525840422237
22.8624	0.615106091299424
22.8784	0.614955688852771
22.8944	0.614808637467029
22.9104	0.614666166162468
22.9264	0.614529252056016
22.9424	0.614398586692435
22.9584	0.614274575217504
22.9744	0.614157368352846
22.9904	0.614046916755697
23.0064	0.613943027744721
23.0224	0.613845427194587
23.0384	0.613753797758108
23.0544	0.613667804962443
23.0704	0.613587115189382
23.0864	0.613511404741093
23.1024	0.613440349304472
23.1184	0.613373605756301
23.1344	0.6133107880548
23.1504	0.613251447767521
23.1664	0.613195082252297
23.1824	0.61314117940913
23.1984	0.613089278691103
23.2144	0.613039033676973
23.2304	0.612990263369081
23.2464	0.612942966995039
23.2624	0.612897292758166
23.2784	0.612853477946363
23.2944	0.612811775949314
23.3104	0.612772388880263
23.3264	0.612735431331313
23.3424	0.612700927717544
23.3584	0.612668832037688
23.3744	0.612639056451158
23.3904	0.612611501145107
23.4064	0.612586069244323
23.4224	0.612562668046699
23.4384	0.612541204132032
23.4544	0.612521576453037
23.4704	0.612503669815158
23.4864	0.612487355572103
23.5024	0.61247249631657
23.5184	0.61245895371114
23.5344	0.612446600196019
23.5504	0.612435330657608
23.5664	0.612425069319862
23.5824	0.612415772156321
23.5984	0.612407422821445
23.6144	0.612400023277008
23.6304	0.61239358177269
23.6464	0.612388101770055
23.6624	0.612383574356564
23.6784	0.612379977353154
23.6944	0.612377279782489
23.7104	0.612375448370202
23.7264	0.612374454538571
23.7424	0.612374278992963
23.7584	0.612374911767585
23.7744	0.612376348561703
23.7904	0.612378584865805
23.8064	0.612381609287286
23.8224	0.612385397836153
23.8384	0.612389909826259
23.8544	0.612395085990183
23.8704	0.61240084926764
23.8864	0.61240710508266
23.9024	0.612413739591201
23.9184	0.612420617659083
23.9344	0.612427580806838
23.9504	0.612434445276218
23.9664	0.612441006058489
23.9824	0.612447047930747
23.9984	0.6124523609306
24.0144	0.61245675688572
24.0304	0.612460082079668
24.0464	0.612462222399412
24.0624	0.612463100869782
24.0784	0.612462670299951
24.0944	0.612460904158819
24.1104	0.612457791667609
24.1264	0.612453340125693
24.1424	0.612447583881238
24.1584	0.61244059799159
24.1744	0.612432512931615
24.1904	0.612423529385939
24.2064	0.61241393403586
24.2224	0.612404115884697
24.2384	0.612394583587136
24.2544	0.612385984129286
24.2704	0.612379120946411
24.2864	0.612374967636104
24.3024	0.612374674750637
24.3184	0.612379569857584
24.3344	0.612391155056709
24.3504	0.612411107821252
24.3664	0.612441290931599
24.3824	0.612483773525039
24.3984	0.612540858745479
24.4144	0.612615105038774
24.4304	0.612709325071091
24.4464	0.612826550959074
24.4624	0.612969961112675
24.4784	0.613142778499796
24.4944	0.613348156108593
24.5104	0.613589072051504
24.5264	0.613868250246064
24.5424	0.614188113432085
24.5584	0.61455075382522
24.5744	0.614957877848401
24.5904	0.615410721456048
24.6064	0.615909946523871
24.6224	0.616455501610737
24.6384	0.6170464554273
24.6544	0.617680870194246
24.6704	0.618355739751298
24.6864	0.61906698373841
24.7024	0.619809503471249
24.7184	0.620577299516807
24.7344	0.62136360920907
24.7504	0.622161056699753
24.7664	0.622961816330449
24.7824	0.623757777756314
24.7984	0.62454068483931
24.8144	0.625302342344927
24.8304	0.626034907975754
24.8464	0.626731171552315
24.8624	0.627384806463731
24.8784	0.627990679604892
24.8944	0.628545080998215
24.9104	0.629045798921322
24.9264	0.629492094580101
24.9424	0.629884562568254
24.9584	0.630224801641134
24.9744	0.63051504681675
24.9904	0.630757804298625
25.0064	0.630955528632235
25.0224	0.63111041805583
25.0384	0.631224398264084
25.0544	0.631299179903124
25.0704	0.631336361284546
25.0864	0.631337466311738
25.1024	0.631303848561863
25.1184	0.631236517904803
25.1344	0.631135973403342
25.1504	0.631002070082136
25.1664	0.630834046762576
25.1824	0.630630713018885
25.1984	0.630390754571795
25.2144	0.630113079263502
25.2304	0.62979710575155
25.2464	0.629442867528969
25.2624	0.629051012869979
25.2784	0.628622729010299
25.2944	0.62815962260499
25.3104	0.62766359286082
25.3264	0.627136801817628
25.3424	0.626581683575875
25.3584	0.626000972658449
25.3744	0.625397740793762
25.3904	0.624775449476846
25.4064	0.624137921646483
25.4224	0.623489321413327
25.4384	0.62283406187257
25.4544	0.622176630712268
25.4704	0.621521370881236
25.4864	0.620872358282366
25.5024	0.620233305580854
25.5184	0.619607524373006
25.5344	0.618997979210498
25.5504	0.618407402678827
25.5664	0.617838375606766
25.5824	0.617293378619713
25.5984	0.616774754548526
25.6144	0.616284590422968
25.6304	0.615824561565876
25.6464	0.615395827564637
25.6624	0.614998991440334
25.6784	0.61463414334818
25.6944	0.614300967281718
25.7104	0.61399887083704
25.7264	0.613727083598878
25.7424	0.613484709176216
25.7584	0.613270730433786
25.7744	0.613083993356192
25.7904	0.612923190336549
25.8064	0.612786860536502
25.8224	0.612673409623017
25.8384	0.612581147906869
25.8544	0.612508331922839
25.8704	0.612453200243351
25.8864	0.612413998086694
25.9024	0.612388992278063
25.9184	0.612376477792782
25.9344	0.612374780636422
25.9504	0.612382262161848
25.9664	0.612397329146312
25.9824	0.612418452485343
25.9984	0.612444193298508
26.0144	0.612473231849098
26.0304	0.612504395242624
26.0464	0.612536677724261
26.0624	0.612569246982737
26.0784	0.612601434960347
26.0944	0.61263271505732
26.1104	0.612662668947902
26.1264	0.612690949057885
26.1424	0.61271724306695
26.1584	0.612741246690469
26.1744	0.612762648771458
26.1904	0.612781128517017
26.2064	0.612796361971888
26.2224	0.612808032919315
26.2384	0.612815843844597
26.2544	0.612819525525659
26.2704	0.612818845980819
26.2864	0.612813621700479
26.3024	0.612803733387839
26.3184	0.612789144536507
26.3344	0.612769918131523
26.3504	0.612746226332884
26.3664	0.612718348778568
26.3824	0.61268665966238
26.3984	0.612651610632263
26.4144	0.612613715838926
26.4304	0.612573547309424
26.4464	0.61253174347895
26.4624	0.612489023774668
26.4784	0.612446198144607
26.4944	0.612404165075109
26.5104	0.612363889149588
26.5264	0.61232636503221
26.5424	0.612292580043931
26.5584	0.61226348463207
26.5744	0.612239971594729
26.5904	0.612222861468283
26.6064	0.612212888479
26.6224	0.612210671504311
26.6384	0.612216668875988
26.6544	0.612231128145638
26.6704	0.612254041025448
26.6864	0.612285110586964
26.7024	0.612323738445181
26.7184	0.612369030853817
26.7344	0.61241981448574
26.7504	0.612474652041062
26.7664	0.612531852608001
26.7824	0.612589483821875
26.7984	0.612645398415989
26.8144	0.612697287311331
26.8304	0.612742766944493
26.8464	0.612779496868043
26.8624	0.612805321310734
26.8784	0.612818422863274
26.8944	0.612817477943906
26.9104	0.612801810423765
26.9264	0.612771542993929
26.9424	0.612727743371341
26.9584	0.612672558339437
26.9744	0.612609321009007
26.9904	0.612542611164859
27.0064	0.612478256019941
27.0224	0.612423269400193
27.0384	0.612385734514223
27.0544	0.612374643517725
27.0704	0.612399709314065
27.0864	0.612471159875493
27.1024	0.612599521402881
27.1184	0.612795390695595
27.1344	0.613069201622832
27.1504	0.613431000490458
27.1664	0.61389024649673
27.1824	0.614455653777203
27.1984	0.615135099218225
27.2144	0.615935575317973
27.2304	0.616863149459537
27.2464	0.617922894507725
27.2624	0.619118763842796
27.2784	0.620453381856809
27.2944	0.621927806582828
27.3104	0.623541283033173
27.3264	0.625291046245611
27.3424	0.627172241343015
27.3584	0.62917800804993
27.3744	0.631299681296102
27.3904	0.633527121749783
27.4064	0.635849143841071
27.4224	0.638254004687639
27.4384	0.64072986499729
27.4544	0.643265200241476
27.4704	0.645849090620558
27.4864	0.648471404152275
27.5024	0.651122865740518
27.5184	0.653795017531792
27.5344	0.656480173698878
27.5504	0.65917139100037
27.5664	0.661862383683005
27.5824	0.664547371168592
27.5984	0.667220938239993
27.6144	0.669877770358394
27.6304	0.672512323308329
27.6464	0.675118467903705
27.6624	0.677689109121239
27.6784	0.680215775658755
27.6944	0.682688515112012
27.7104	0.685096177545109
27.7264	0.687427009396632
27.7424	0.689669651057148
27.7584	0.691814508936552
27.7744	0.693854941745439
27.7904	0.695787932027223
27.8064	0.697614029897892
27.8224	0.6993367021959
27.8384	0.700961262390031
27.8544	0.702493587740559
27.8704	0.703939054132515
27.8864	0.705301900520737
27.9024	0.706585080832912
27.9184	0.707790448945488
27.9344	0.708919272522767
27.9504	0.709972737356559
27.9664	0.710952466715007
27.9824	0.71186101562812
27.9984	0.712702166842515
28.0144	0.713480666045736
28.0304	0.71420163310647
28.0464	0.714869729521855
28.0624	0.71548819403143
28.0784	0.716057817409645
28.0944	0.716576357994455
28.1104	0.717038489565923
28.1264	0.717436323609242
28.1424	0.717760237396895
28.1584	0.717999985642972
28.1744	0.718145832597152
28.1904	0.718189521441527
28.2064	0.718125176312949
28.2224	0.717949868125171
28.2384	0.717663656094199
28.2544	0.717269187752542
28.2704	0.716771022407105
28.2864	0.716174635728478
28.3024	0.715485404920056
28.3184	0.714707809312308
28.3344	0.713845060880974
28.3504	0.712899196518681
28.3664	0.711871779594212
28.3824	0.710764813152984
28.3984	0.709581722212821
28.4144	0.708328129076747
28.4304	0.70701213063273
28.4464	0.705643788482668
28.4624	0.704234169539756
28.4784	0.702794099256682
28.4944	0.701333016846821
28.5104	0.699858185281133
28.5264	0.698374436355195
28.5424	0.696884289532619
28.5584	0.695388331478291
28.5744	0.693885570708584
28.5904	0.692373705697094
28.6064	0.6908491303119
28.6224	0.689306878463338
28.6384	0.687740786670002
