0.0144	-0.0259668075890254
0.0304	-0.023558941754203
0.0464	-0.0212360133850122
0.0624	-0.0189948295945364
0.0784	-0.0168322990313303
0.0944	-0.0147454452070743
0.1104	-0.0127314130925082
0.1264	-0.0107874695612136
0.1424	-0.00891099815934027
0.1584	-0.00709949518939545
0.1744	-0.00535056132236811
0.1904	-0.00366189173624321
0.2064	-0.00203126657855535
0.2224	-0.000456541755397666
0.2384	0.00106435832847929
0.2544	0.00253344298754321
0.2704	0.00395265345699158
0.2864	0.0053238607508046
0.3024	0.00664886369535189
0.3184	0.00792938625893491
0.3344	0.00916707670281802
0.3504	0.0103635094340024
0.3664	0.0115201883953198
0.3824	0.0126385515016612
0.3984	0.0137199767330056
0.4144	0.0147657885726051
0.4304	0.0157772629978243
0.4464	0.0167556314137283
0.4624	0.0177020821182534
0.4784	0.0186177596090626
0.4944	0.0195037630046695
0.5104	0.0203611456645536
0.5264	0.0211909159757422
0.5424	0.0219940399857155
0.5584	0.0227714459421744
0.5744	0.0235240298669463
0.5904	0.0242526585617728
0.6064	0.0249581695357453
0.6224	0.0256413690368564
0.6384	0.0263030291007933
0.6544	0.0269438837277871
0.6704	0.0275646272969592
0.6864	0.0281659155302574
0.7024	0.0287483680092624
0.7184	0.02931257195314
0.7344	0.0298590868403092
0.7504	0.0303884478021192
0.7664	0.0309011684597333
0.7824	0.0313977442360649
0.7984	0.0318786552612469
0.8144	0.0323443684355968
0.8304	0.0327953396092955
0.8464	0.0332320148484566
0.8624	0.0336548302235844
0.8784	0.0340642106603983
0.8944	0.0344605687920403
0.9104	0.0348443042560884
0.9264	0.0352158035832719
0.9424	0.0355754404088362
0.9584	0.0359235754616041
0.9744	0.0362605563607072
0.9904	0.0365867175711667
1.0064	0.0369023809085487
1.0224	0.0372078563650415
1.0384	0.037503443092616
1.0544	0.0377894302403643
1.0704	0.0380660968184134
1.0864	0.0383337094674321
1.1024	0.0385925181813551
1.1184	0.0388427512489127
1.1344	0.0390846110741077
1.1504	0.0393182724541301
1.1664	0.0395438829860151
1.1824	0.0397615650583791
1.1984	0.0399714189341491
1.2144	0.040173524869962
1.2304	0.04036794291269
1.2464	0.0405547116383556
1.2624	0.040733847261178
1.2784	0.0409053441235674
1.2944	0.0410691772410363
1.3104	0.0412253076636286
1.3264	0.0413736899643116
1.3424	0.0415142814148037
1.3584	0.0416470496833181
1.3744	0.0417719760966175
1.3904	0.0418890533032314
1.4064	0.0419982772726311
1.4224	0.0420996342102331
1.4384	0.0421930840693268
1.4544	0.0422785442962219
1.4704	0.0423558769926782
1.4864	0.042424882955947
1.5024	0.0424853021874068
1.5184	0.0425368170074751
1.5344	0.04257905731472
1.5504	0.0426116060199124
1.5664	0.0426340018886062
1.5824	0.0426457403655558
1.5984	0.0426462774107517
1.6144	0.0426350376976128
1.6304	0.0426114284353805
1.6464	0.0425748606922536
1.6624	0.0425247759027254
1.6784	0.0424606759286572
1.6944	0.0423821573092535
1.7104	0.0422889505180404
1.7264	0.0421809698808442
1.7424	0.0420583807268198
1.7584	0.0419216918677403
1.7744	0.0417718790287882
1.7904	0.0416105416641077
1.8064	0.0414400865069755
1.8224	0.0412639181214463
1.8384	0.0410865948671582
1.8544	0.0409138722826388
1.8704	0.0407525097864383
1.8864	0.0406096537203791
1.9024	0.0404915429676809
1.9184	0.0404012251106831
1.9344	0.0408963305919183
1.9504	0.0413939378651609
1.9664	0.0418908558555611
1.9824	0.0423846076416172
1.9984	0.0428730421314096
2.0144	0.043353990567093
2.0304	0.0438250186946849
2.0464	0.0442833162804757
2.0624	0.0447256941628869
2.0784	0.0451487664060206
2.0944	0.0455492467553267
2.1104	0.0459243026563296
2.1264	0.0462719226206243
2.1424	0.0465911906717604
2.1584	0.0468823992997418
2.1744	0.0471469936592523
2.1904	0.0473874125420419
2.2064	0.0476068271526149
2.2224	0.0478088366048066
2.2384	0.0479971937686923
2.2544	0.048175613824986
2.2704	0.0483476493394814
2.2864	0.0485166646133823
2.3024	0.0486859221819085
2.3184	0.0488587367994509
2.3344	0.0490386111130459
2.3504	0.0492293367914041
2.3664	0.0494349901105711
2.3824	0.0496598081710449
2.3984	0.0499079475927555
2.4144	0.0501832581495254
2.4304	0.0504890881833919
2.4464	0.0508281657073208
2.4624	0.0512025443713409
2.4784	0.0516136528749396
2.4944	0.0520623297782041
2.5104	0.052548814979323
2.5264	0.0530726897637255
2.5424	0.053632818456256
2.5584	0.0542272629373191
2.5744	0.0548532733312985
2.5904	0.0555073594624904
2.6064	0.0561854386902478
2.6224	0.0568830434143077
2.6384	0.0575955916522819
2.6544	0.0583186120110266
2.6704	0.0590479080046098
2.6864	0.0597796566475228
2.7024	0.06051045633893
2.7184	0.0612373042331118
2.7344	0.0619575554168659
2.7504	0.0626688729322655
2.7664	0.0633692029566166
2.7824	0.0640567829733723
2.7984	0.0647301594540597
2.8144	0.0653882021366083
2.8304	0.0660301190255428
2.8464	0.0666554586059238
2.8624	0.0672640815474193
2.8784	0.0678561326216549
2.8944	0.0684320299577674
2.9104	0.0689924638512043
2.9264	0.0695383963003184
2.9424	0.070071059585322
2.9584	0.0705919418583942
2.9744	0.0711027644736983
2.9904	0.0716054358955223
3.0064	0.0721019860959249
3.0224	0.0725944811932688
3.0384	0.0730849560753217
3.0544	0.0735753742851504
3.0704	0.0740676096205082
3.0864	0.074563431625096
3.1024	0.0750645153476679
3.1184	0.0755724517859395
3.1344	0.0760887313590093
3.1504	0.0766147121438809
3.1664	0.0771515989269727
3.1824	0.077700418667229
3.1984	0.0782619955418173
3.2144	0.0788369494754608
3.2304	0.0794257223712602
3.2464	0.0800286284335119
3.2624	0.080645931596683
3.2784	0.0812779292095609
3.2944	0.0819250153802518
3.3104	0.0825877302199896
3.3264	0.0832667848730306
3.3424	0.0839630265096627
3.3584	0.0846773435843797
3.3744	0.0854105418142534
3.3904	0.086163223596488
3.4064	0.0869356885175048
3.4224	0.0877278540695254
3.4384	0.0885392200453499
3.4544	0.0893688667853443
3.4704	0.0902154657298251
3.4864	0.0910772892833496
3.5024	0.0919522525171654
3.5184	0.09283799746912
3.5344	0.0937320191614628
3.5504	0.0946318313950858
3.5664	0.0955351398429851
3.5824	0.0964399711812529
3.5984	0.0973447273398858
3.6144	0.0982481489083664
3.6304	0.0991491978791093
3.6464	0.100046894379579
3.6624	0.100940181338151
3.6784	0.101827855478367
3.6944	0.10270857248018
3.7104	0.103580922920122
3.7264	0.104443536949722
3.7424	0.105295182595613
3.7584	0.106134841909073
3.7744	0.10696176622818
3.7904	0.107775479219859
3.8064	0.10857577232081
3.8224	0.109362702664443
3.8384	0.110136614802043
3.8544	0.110898167103796
3.8704	0.111648388929465
3.8864	0.112388669461472
3.9024	0.113120676772608
3.9184	0.113846220879806
3.9344	0.114567056004075
3.9504	0.115284573056792
3.9664	0.115999536090195
3.9824	0.116711928358759
3.9984	0.117420908536358
4.0144	0.118124872738575
4.0304	0.118821681348356
4.0464	0.119508932693369
4.0624	0.120184189354289
4.0784	0.1208451065198
4.0944	0.121489481618616
4.1104	0.122115199472985
4.1264	0.122720135765894
4.1424	0.123302099061602
4.1584	0.123858807909796
4.1744	0.124387866623229
4.1904	0.124886768019115
4.2064	0.125352931656421
4.2224	0.125783680806888
4.2384	0.126176186087489
4.2544	0.12652746832117
4.2704	0.126834420881854
4.2864	0.127093807112585
4.3024	0.127302332963529
4.3184	0.127456806080216
4.3344	0.127554333795905
4.3504	0.127592547007444
4.3664	0.127569877757315
4.3824	0.127485743158699
4.3984	0.127340600946324
4.4144	0.127135874940143
4.4304	0.126873729376895
4.4464	0.126556710418432
4.4624	0.126187435951357
4.4784	0.125768420727082
4.4944	0.125302058183683
4.5104	0.124790758627915
4.5264	0.124237211761949
4.5424	0.123644588595345
4.5584	0.123016644587123
4.5744	0.122357703798711
4.5904	0.121672509430686
4.6064	0.120965980061817
4.6224	0.120243040907857
4.6384	0.119508486765154
4.6544	0.1187668882098
4.6704	0.118022537737206
4.6864	0.117279437837995
4.7024	0.116541247270474
4.7184	0.115811238003571
4.7344	0.115092239216457
4.7504	0.114386636660965
4.7664	0.113696439891688
4.7824	0.113023439372212
4.7984	0.112369371057143
4.8144	0.111736078811644
4.8304	0.111125584541027
4.8464	0.110540064279236
4.8624	0.109981704058365
4.8784	0.109452487289245
4.8944	0.108954005019937
4.9104	0.108487398116315
4.9264	0.108053373521246
4.9424	0.107652307252669
4.9584	0.107284401076123
4.9744	0.106949815224622
4.9904	0.10664871634224
5.0064	0.10638126262028
5.0224	0.106147551720296
5.0384	0.105947584538347
5.0544	0.105781253533214
5.0704	0.105648385374094
5.0864	0.105548836392996
5.1024	0.105482630910037
5.1184	0.105450111587833
5.1344	0.10545209227323
5.1504	0.105489979573447
5.1664	0.105565851289994
5.1824	0.105682497480766
5.1984	0.105843402723037
5.2144	0.106052617748658
5.2304	0.106314557994457
5.2464	0.106633783833166
5.2624	0.107014766012279
5.2784	0.107461640524035
5.2944	0.107978008013907
5.3104	0.108566793680351
5.3264	0.109230166637035
5.3424	0.109969533206792
5.3584	0.110785606747809
5.3744	0.11167853693197
5.3904	0.112648026491888
5.4064	0.113693449125124
5.4224	0.114813936966064
5.4384	0.116008389836532
5.4544	0.117275488044923
5.4704	0.118613765465787
5.4864	0.120021679409986
5.5024	0.121497677373126
5.5184	0.123040302005164
5.5344	0.124648285642676
5.5504	0.12632056479549
5.5664	0.128056192347655
5.5824	0.129854126079755
5.5984	0.131712945817979
5.6144	0.133630513615676
5.6304	0.135603636117372
5.6464	0.137627806164529
5.6624	0.139697136108074
5.6784	0.141804483256164
5.6944	0.143941812329897
5.7104	0.14610076621249
5.7264	0.148273307099371
5.7424	0.150452262499114
5.7584	0.152631685059012
5.7744	0.154806913706528
5.7904	0.156974330056576
5.8064	0.159130932076321
5.8224	0.161273810933862
5.8384	0.163399649897178
5.8544	0.165504423036344
5.8704	0.167583304723214
5.8864	0.169630740312988
5.9024	0.171640644076694
5.9184	0.173606636821736
5.9344	0.175522248549788
5.9504	0.177381090344964
5.9664	0.179176995760541
5.9824	0.180904092267054
5.9984	0.182556869160832
6.0144	0.184130240490353
6.0304	0.185619568809221
6.0464	0.187020659417923
6.0624	0.188329783314726
6.0784	0.189543715660575
6.0944	0.190659791709811
6.1104	0.191676023007082
6.1264	0.192591249739264
6.1424	0.193405264398988
6.1584	0.194118894009433
6.1744	0.194734026463939
6.1904	0.195253577282356
6.2064	0.195681410982791
6.2224	0.196022265345347
6.2384	0.196281675634493
6.2544	0.19646589269829
6.2704	0.196581793633049
6.2864	0.196636780455504
6.3024	0.19663864097731
6.3184	0.196595368827493
6.3344	0.196514950919854
6.3504	0.196405139200563
6.3664	0.196273234218642
6.3824	0.196125907563674
6.3984	0.195969083573976
6.4144	0.195807882573041
6.4304	0.195646622007741
6.4464	0.195488846126407
6.4624	0.195337361430374
6.4784	0.195194271472969
6.4944	0.195061018865486
6.5104	0.194938429704591
6.5264	0.194826784362347
6.5424	0.194725919648574
6.5584	0.194635333517878
6.5744	0.194554263810216
6.5904	0.194481720722449
6.6064	0.194416490730118
6.6224	0.194357127609875
6.6384	0.194301963347113
6.6544	0.194249144702523
6.6704	0.194196711394381
6.6864	0.194142685629712
6.7024	0.19408514121975
6.7184	0.194022237949268
6.7344	0.193952229224015
6.7504	0.193873443791267
6.7664	0.193784269984631
6.7824	0.193683143900669
6.7984	0.193568549615447
6.8144	0.193439010942091
6.8304	0.193293089034311
6.8464	0.193129371942758
6.8624	0.192946464966935
6.8784	0.192742981170438
6.8944	0.192517582108641
6.9104	0.192269046041394
6.9264	0.19199632144908
6.9424	0.19169858277788
6.9584	0.191375271192845
6.9744	0.191026068966705
6.9904	0.190650871505353
7.0064	0.190249817677502
7.0224	0.189823363795453
7.0384	0.189372424793886
7.0544	0.188898630588161
7.0704	0.188404576652529
7.0864	0.187893975317129
7.1024	0.187371728841233
7.1184	0.18684386880374
7.1344	0.186317281667533
7.1504	0.18579933410089
7.1664	0.185297511136417
7.1824	0.184819091729045
7.1984	0.184370889673721
7.2144	0.183959076892576
7.2304	0.183589063854589
7.2464	0.183265437410887
7.2624	0.182991977381077
7.2784	0.182771756904442
7.2944	0.182607323670615
7.3104	0.182500911117954
7.3264	0.182454555139648
7.3424	0.182470014984046
7.3584	0.182548489054325
7.3744	0.182690194559148
7.3904	0.182893977457914
7.4064	0.183157128887052
7.4224	0.183475480113293
7.4384	0.183843802074746
7.4544	0.184256378505202
7.4704	0.184707527542839
7.4864	0.185191940351613
7.5024	0.185704817727787
7.5184	0.186241751687637
7.5344	0.186798505310206
7.5504	0.187370850050582
7.5664	0.187954479669022
7.5824	0.188545000367609
7.5984	0.18913802874364
7.6144	0.18972929883658
7.6304	0.190314725942981
7.6464	0.190890422420841
7.6624	0.191452670154588
7.6784	0.191997857447019
7.6944	0.19252250731042
7.7104	0.193023354545586
7.7264	0.193497421864093
7.7424	0.193942124288382
7.7584	0.194355386796017
7.7744	0.194735689362316
7.7904	0.195082032320782
7.8064	0.1953938433179
7.8224	0.195670849898248
7.8384	0.195912945515238
7.8544	0.19612010028767
7.8704	0.196292333178191
7.8864	0.196429756133808
7.9024	0.19653265810612
7.9184	0.196601609216478
7.9344	0.196637559903008
7.9504	0.196641914654874
7.9664	0.196616569073639
7.9824	0.19656391146072
7.9984	0.196486797184624
8.0144	0.196388503824627
8.0304	0.196272654620932
8.0464	0.196143094068622
8.0624	0.196003724175482
8.0784	0.195858299518433
8.0944	0.195710199513028
8.1104	0.195562223572791
8.1264	0.195416441609288
8.1424	0.195274127539419
8.1584	0.195135795980667
8.1744	0.195001333690845
8.1904	0.194870172253415
8.2064	0.194741485380019
8.2224	0.194614365352555
8.2384	0.194487953016198
8.2544	0.19436151162167
8.2704	0.194234472219156
8.2864	0.194106443747556
8.3024	0.193977204117315
8.3184	0.193846677074275
8.3344	0.193714907956837
8.3504	0.193582026382158
8.3664	0.193448209394679
8.3824	0.19331362717652
8.3984	0.193178390886613
8.4144	0.193042491176994
8.4304	0.192905774062949
8.4464	0.192767951548069
8.4624	0.192628661797476
8.4784	0.192487551789183
8.4944	0.192344394727966
8.5104	0.192199196702381
8.5264	0.192052272070816
8.5424	0.191904254954627
8.5584	0.191756065868374
8.5744	0.191608832764741
8.5904	0.191463811477922
8.6064	0.191322329093124
8.6224	0.191185754218884
8.6384	0.191055477506472
8.6544	0.190932929149147
8.6704	0.190819603795608
8.6864	0.190717062560742
8.7024	0.190626940310649
8.7184	0.19055097802198
8.7344	0.190491054187445
8.7504	0.19044924503484
8.7664	0.190427890441539
8.7824	0.19042957935501
8.7984	0.190457054349222
8.8144	0.190513052963025
8.8304	0.190600075890606
8.8464	0.190720128425417
8.8624	0.19087449041742
8.8784	0.191063530393114
8.8944	0.191286599606682
8.9104	0.191542032132814
8.9264	0.191827209674946
8.9424	0.192138680396296
8.9584	0.19247231607555
8.9744	0.192823468087836
8.9904	0.193187111201693
9.0064	0.193557974983809
9.0224	0.193930642636273
9.0384	0.194299636850891
9.0544	0.19465950610668
9.0704	0.195004893675884
9.0864	0.195330571448471
9.1024	0.195631452207463
9.1184	0.19590256246981
9.1344	0.196138987559769
9.1504	0.196335823480601
9.1664	0.196488174008008
9.1824	0.196591207472038
9.1984	0.196640270096962
9.2144	0.196631038029677
9.2304	0.196559674536394
9.2464	0.196422966994865
9.2624	0.196218422511221
9.2784	0.195944308369276
9.2944	0.195599655619459
9.3104	0.195184243075294
9.3264	0.194698570356463
9.3424	0.194143850774315
9.3584	0.19352203721049
9.3744	0.192835862617661
9.3904	0.192088905990898
9.4064	0.191285648784925
9.4224	0.190431503756271
9.4384	0.189532829777489
9.4544	0.188596952179877
9.4704	0.187632155490084
9.4864	0.18664766908975
9.5024	0.185653602646466
9.5184	0.184660756835141
9.5344	0.183680311716108
