0.0144	0.0104331480358921
0.0304	0.0111038400633714
0.0464	0.0117648272848727
0.0624	0.0124163198348757
0.0784	0.0130585315274134
0.0944	0.0136916930292224
0.1104	0.0143160594463823
0.1264	0.0149319127368319
0.1424	0.0155395586106024
0.1584	0.0161393232068907
0.1744	0.0167315489840176
0.1904	0.0173165916045048
0.2064	0.0178948176076463
0.2224	0.0184666018390229
0.2384	0.0190323253923326
0.2544	0.0195923746436242
0.2704	0.0201471405309064
0.2864	0.0206970180838379
0.3024	0.0212424060759073
0.3184	0.0217837062256325
0.3344	0.0223213221836243
0.3504	0.0228556587865765
0.3664	0.0233871212241421
0.3824	0.0239161141801747
0.3984	0.0244430416252877
0.4144	0.024968306826987
0.4304	0.0254923121101098
0.4464	0.0260154580523737
0.4624	0.0265381422490985
0.4784	0.0270607573576418
0.4944	0.0275836887786085
0.5104	0.0281073125139712
0.5264	0.0286319938413546
0.5424	0.0291580869988477
0.5584	0.0296859358431287
0.5744	0.0302158744377403
0.5904	0.0307482271282147
0.6064	0.0312833078640995
0.6224	0.0318214190341235
0.6384	0.0323628499324837
0.6544	0.0329078757430314
0.6704	0.0334567571680269
0.6864	0.0340097408137254
0.7024	0.0345670599651304
0.7184	0.0351289355810767
0.7344	0.0356955767024345
0.7504	0.0362671805647243
0.7664	0.0368439325186543
0.7824	0.037426006083001
0.7984	0.0380135630227689
0.8144	0.0386067539001076
0.8304	0.0392057187007253
0.8464	0.0398105874955197
0.8624	0.0404214810996122
0.8784	0.0410385117338119
0.8944	0.0416617839143745
0.9104	0.0422913951653408
0.9264	0.0429274362369998
0.9424	0.0435699906519822
0.9584	0.0442191337320883
0.9744	0.0448749313300338
0.9904	0.0455374388497745
1.0064	0.0462067004033375
1.0224	0.0468827482673067
1.0384	0.0475656022016395
1.0544	0.0482552688706319
1.0704	0.0489517410747056
1.0864	0.0496549973454108
1.1024	0.0503650017424355
1.1184	0.0510817036088069
1.1344	0.0518050364716884
1.1504	0.0525349166009745
1.1664	0.0532712410610567
1.1824	0.0540138848883343
1.1984	0.0547626982441896
1.2144	0.0555175052160279
1.2304	0.0562781054046855
1.2464	0.057044277036886
1.2624	0.0578157809516646
1.2784	0.0585923644894482
1.2944	0.0593737647072696
1.3104	0.0601597103469531
1.3264	0.0609499241222087
1.3424	0.0617441243505492
1.3584	0.0625420276724442
1.3744	0.0633433528029277
1.3904	0.0641478233580333
1.4064	0.0649551678863458
1.4224	0.0657651196726803
1.4384	0.0665774164220057
1.4544	0.0673917994995186
1.4704	0.0682080151274407
1.4864	0.0690258183416705
1.5024	0.0698449762677285
1.5184	0.0706652704255679
1.5344	0.0714864979865097
1.5504	0.0723084703093642
1.5664	0.0731310074930265
1.5824	0.0739539309522728
1.5984	0.0747770524877216
1.6144	0.0756001583676758
1.6304	0.0764229904347855
1.6464	0.0772452195909501
1.6624	0.0780664111232372
1.6784	0.0788859827316128
1.6944	0.0797031572522362
1.7104	0.0805169089714057
1.7264	0.0813259084050431
1.7424	0.0821284677339456
1.7584	0.082922488040414
1.7744	0.0837054099247456
1.7904	0.0844741744890605
1.8064	0.0852252066445212
1.8224	0.0859544458179886
1.8384	0.0866574662505346
1.8544	0.0873297586957695
1.8704	0.087967280545177
1.8864	0.0885674312579707
1.9024	0.0891306589938041
1.9184	0.0896629632813466
1.9344	0.0901796230335685
1.9504	0.0901670545995914
1.9664	0.0901152006232715
1.9824	0.0900252465370206
1.9984	0.089897376075651
2.0144	0.089731076180519
2.0304	0.0895254181918446
2.0464	0.0892793057804029
2.0624	0.088991629723554
2.0784	0.0886614842363842
2.0944	0.0882883827909866
2.1104	0.0878724596005831
2.1264	0.0874146534230638
2.1424	0.0869167347190227
2.1584	0.0863812059363018
2.1744	0.0858111450960928
2.1904	0.0852099711471241
2.2064	0.0845811661787417
2.2224	0.0839279932971004
2.2384	0.0832532361505602
2.2544	0.0825590287429907
2.2704	0.0818468503538801
2.2864	0.0811176071930368
2.3024	0.0803717900254932
2.3184	0.0796097416938799
2.3344	0.0788319455945821
2.3504	0.0780392477051259
2.3664	0.0772329848139417
2.3824	0.076414988115739
2.3984	0.0755874471783986
2.4144	0.0747526949538393
2.4304	0.0739129903448734
2.4464	0.0730703767042884
2.4624	0.0722266995941314
2.4784	0.0713837340607257
2.4944	0.0705432840246878
2.5104	0.0697072479336203
2.5264	0.0688776141444387
2.5424	0.0680563166858386
2.5584	0.067244995827253
2.5744	0.0664447631549947
2.5904	0.0656560192301539
2.6064	0.064878332729801
2.6224	0.0641104141650224
2.6384	0.0633501653294999
2.6544	0.062594770355141
2.6704	0.0618408597007922
2.6864	0.0610847341196246
2.7024	0.0603226078611649
2.7184	0.0595508544450529
2.7344	0.0587662269542457
2.7504	0.0579660153003736
2.7664	0.0571480975568537
2.7824	0.0563109784909617
2.7984	0.0554538356516809
2.8144	0.0545766036604138
2.8304	0.0536800476043628
2.8464	0.0527658218808276
2.8624	0.0518364437332897
2.8784	0.0508951821698813
2.8944	0.0499459035031229
2.9104	0.0489929085650969
2.9264	0.0480407528203421
2.9424	0.0470941278929515
2.9584	0.0461577976163416
2.9744	0.0452365842554527
2.9904	0.0443353413125107
3.0064	0.0434589488595443
3.0224	0.0426122551004002
3.0384	0.0417999501504036
3.0544	0.0410263753926301
3.0704	0.0402953082794129
3.0864	0.0396097486472613
3.1024	0.0389717663751512
3.1184	0.0383824389499565
3.1344	0.0378419124992917
3.1504	0.0373495970173832
3.1664	0.0369044657521227
3.1824	0.0365053791779439
3.1984	0.0361513673018432
3.2144	0.0358418327935917
3.2304	0.0355766331385172
3.2464	0.0353560423060182
3.2624	0.0351806073776346
3.2784	0.0350509839774913
3.2944	0.0349678114083487
3.3104	0.034931644792018
3.3264	0.034942910752404
3.3424	0.0350019040700877
3.3584	0.0351088065669563
3.3744	0.0352636929251513
3.3904	0.0354665534167495
3.4064	0.0357173613215787
3.4224	0.0360161757951676
3.4384	0.0363632989156077
3.4544	0.0367594732826386
3.4704	0.0372060603337345
3.4864	0.0377051536599613
3.5024	0.038259628849685
3.5184	0.038873119358829
3.5344	0.0395499368030705
3.5504	0.0402950019209116
3.5664	0.0411137844244738
3.5824	0.0420122688242495
3.5984	0.0429969379463724
3.6144	0.0440747369602474
3.6304	0.045252981380359
3.6464	0.0465392394680932
3.6624	0.0479412140900723
3.6784	0.0494666034233429
3.6944	0.0511229297330489
3.7104	0.0529173663372486
3.7264	0.0548565794603861
3.7424	0.0569465642515483
3.7584	0.059192488356248
3.7744	0.0615985624148807
3.7904	0.0641678999407584
3.8064	0.0669023934653248
3.8224	0.0698026416128037
3.8384	0.0728678988725189
3.8544	0.0760960554150019
3.8704	0.0794837079191726
3.8864	0.0830263544877423
3.9024	0.0867186681254484
3.9184	0.0905548151423161
3.9344	0.0945287356366655
3.9504	0.0986341869892537
3.9664	0.102864468770301
3.9824	0.107211856996954
3.9984	0.111666886282818
4.0144	0.11621764612396
4.0304	0.120849325455729
4.0464	0.125544207165946
4.0624	0.130282081080171
4.0784	0.135040889699066
4.0944	0.139797381267729
4.1104	0.144527570862773
4.1264	0.149206868159889
4.1424	0.15380987662227
4.1584	0.158310101464073
4.1744	0.162679758523318
4.1904	0.166889855906652
4.2064	0.170910538562914
4.2224	0.174711610514547
4.2384	0.178263116940041
4.2544	0.181535864313177
4.2704	0.184501826829942
4.2864	0.187134409077751
4.3024	0.189408655769099
4.3184	0.191301377031874
4.3344	0.192791280017879
4.3504	0.193859133109665
4.3664	0.194487918127398
4.3824	0.194663035807109
4.3984	0.194372632245419
4.4144	0.193608041905423
4.4304	0.192364383853552
4.4464	0.190641279162704
4.4624	0.188443575627866
4.4784	0.185782044501194
4.4944	0.182673901440608
4.5104	0.179142985132654
4.5264	0.175219615867372
4.5424	0.170940133887881
4.5584	0.16634616018205
4.5744	0.161483890210429
4.5904	0.156403788867428
4.6064	0.151160552750942
4.6224	0.145813231386953
4.6384	0.140424961978081
4.6544	0.135062135735333
4.6704	0.129792650623158
4.6864	0.124683302432422
4.7024	0.119796846239569
4.7184	0.115189608133996
4.7344	0.110909800048511
4.7504	0.10699705746718
4.7664	0.103482963397655
4.7824	0.100391912768583
4.7984	0.0977418364849594
4.8144	0.0955449154686761
4.8304	0.093807803988933
4.8464	0.0925314603935703
4.8624	0.0917111590178201
4.8784	0.0913366806809417
4.8944	0.0913922845269564
4.9104	0.091857057440923
4.9264	0.0927056171244789
4.9424	0.0939087271361074
4.9584	0.0954340883332747
4.9744	0.0972475724244048
4.9904	0.0993145358548293
5.0064	0.101601315766296
5.0224	0.1040767743352
5.0384	0.106713405171873
5.0544	0.109487841890433
5.0704	0.1123807507581
5.0864	0.115375911071719
5.1024	0.118458959787287
5.1184	0.121616242562875
5.1344	0.124833851767069
5.1504	0.128096890256114
5.1664	0.131389423495732
5.1824	0.134694798716796
5.1984	0.137996159190805
5.2144	0.141277081756908
5.2304	0.144522152450011
5.2464	0.147717394356013
5.2624	0.150850638869147
5.2784	0.153911682540157
5.2944	0.156892133388095
5.3104	0.159785040431241
5.3264	0.162584469375576
5.3424	0.165285151467881
5.3584	0.167882256895901
5.3744	0.170371385338939
5.3904	0.172748772230922
5.4064	0.175011505964208
5.4224	0.177157549557569
5.4384	0.179185629919977
5.4544	0.181095025084087
5.4704	0.182885271751501
5.4864	0.184555872028071
5.5024	0.186106095387093
5.5184	0.187534848150693
5.5344	0.18884059798514
5.5504	0.190021358601123
5.5664	0.191074711615225
5.5824	0.191997911970973
5.5984	0.192788080132421
5.6144	0.193442463457077
5.6304	0.193958697529365
5.6464	0.194335015707582
5.6624	0.194570363163261
5.6784	0.19466443242758
5.6944	0.194617660592116
5.7104	0.194431223388812
5.7264	0.194107026454105
5.7424	0.193647672382825
5.7584	0.193056378042354
5.7744	0.192336844714706
5.7904	0.191493110683087
5.8064	0.190529391240012
5.8224	0.189449970000991
5.8384	0.188259164618142
5.8544	0.186961278691062
5.8704	0.185560522855298
5.8864	0.18406095991392
5.9024	0.182466448323321
5.9184	0.180780595426578
5.9344	0.179006839829238
5.9504	0.177148678109691
5.9664	0.175209986677667
5.9824	0.17319543014162
5.9984	0.171110858382524
6.0144	0.168963614690935
6.0304	0.166762720668732
6.0464	0.16451891457846
6.0624	0.162244468188418
6.0784	0.159952829480522
6.0944	0.157658166252706
6.1104	0.155374859914663
6.1264	0.153116961111436
6.1424	0.150897738360618
6.1584	0.148729417929495
6.1744	0.146623037585256
6.1904	0.144588377567058
6.2064	0.142633977650404
6.2224	0.140767063314964
6.2384	0.138993296546918
6.2544	0.137316525815558
6.2704	0.135738620368553
6.2864	0.134259484731865
6.3024	0.132877459812664
6.3184	0.131590041967451
6.3344	0.130394637281404
6.3504	0.129289307860464
6.3664	0.128273403224624
6.3824	0.127347847704234
6.3984	0.126515048291239
6.4144	0.125778626470144
6.4304	0.125143084118353
6.4464	0.124613436731593
6.4624	0.124194898115536
6.4784	0.123892609693453
6.4944	0.123711388737376
6.5104	0.123655459225694
6.5264	0.123728213988089
6.5424	0.123932002225084
6.5584	0.124268005065386
6.5744	0.12473620568726
6.5904	0.125335469079624
6.6064	0.126063582157433
6.6224	0.126917258826664
6.6384	0.127892164877638
6.6544	0.128982968237857
6.6704	0.130183392413006
6.6864	0.131486314403811
6.7024	0.13288387640484
6.7184	0.134367604512799
6.7344	0.135928512615238
6.7504	0.13755714133635
6.7664	0.139243448911125
6.7824	0.14097666856299
6.7984	0.14274529339342
6.8144	0.144537259912845
6.8304	0.146340193205337
6.8464	0.148141767464046
6.8624	0.14993006430815
6.8784	0.151693767868306
6.8944	0.153422204990558
6.9104	0.155105282669071
6.9264	0.156733343846786
6.9424	0.158297087902288
6.9584	0.159787643649046
6.9744	0.161196703557715
6.9904	0.162516660195025
7.0064	0.163740848613348
7.0224	0.164863827934369
7.0384	0.165881601220534
7.0544	0.166791790887536
7.0704	0.167593764607589
7.0864	0.168288602623639
7.1024	0.168878868567734
7.1184	0.169368242759529
7.1344	0.169761119517025
7.1504	0.170062261238059
7.1664	0.17027651554088
7.1824	0.170408666077957
7.1984	0.17046337151323
7.2144	0.170445119657136
7.2304	0.170358212002441
7.2464	0.170206813205329
7.2624	0.169995037720587
7.2784	0.169727103592013
7.2944	0.169407584264707
7.3104	0.1690416332014
7.3264	0.168635112594419
7.3424	0.16819462409764
7.3584	0.167727386573761
7.3744	0.167241015285285
7.3904	0.166743299717959
7.4064	0.166242076954253
7.4224	0.165745232538953
7.4384	0.165260895570131
7.4544	0.164797580749413
7.4704	0.164364242254226
7.4864	0.163970235391587
7.5024	0.16362521697481
7.5184	0.163338908851437
7.5344	0.1631208309615
7.5504	0.162980055585286
7.5664	0.162925038558877
7.5824	0.16296348426192
7.5984	0.163102211755059
7.6144	0.163346949316467
7.6304	0.163702122116539
7.6464	0.16417064186809
7.6624	0.164753731458251
7.6784	0.165450783672364
7.6944	0.166259370619423
7.7104	0.167175406357062
7.7264	0.168193407474798
7.7424	0.169306669238707
7.7584	0.170507367728073
7.7744	0.171786665961245
7.7904	0.173134760678743
7.8064	0.174540820008857
7.8224	0.175992918941466
7.8384	0.177478039690592
7.8544	0.178982147821909
7.8704	0.180490337433305
7.8864	0.181987130268131
7.9024	0.183456867117198
7.9184	0.184884151961877
7.9344	0.186254259292185
7.9504	0.187553446201028
7.9664	0.188769115127616
7.9824	0.18988994758951
7.9984	0.190906034325766
8.0144	0.191809004902795
8.0304	0.192592213231
8.0464	0.193250969257836
8.0624	0.193782715696025
8.0784	0.194187123893016
8.0944	0.194466086182191
8.1104	0.194623595934177
8.1264	0.194665568687505
8.1424	0.194599631496506
8.1584	0.19443487789884
8.1744	0.194181627426261
8.1904	0.193851178403924
8.2064	0.193455567319996
8.2224	0.19300737626325
8.2384	0.192519528712812
8.2544	0.192005046388392
8.2704	0.191476823469071
8.2864	0.190947372154906
8.3024	0.190428541972165
8.3184	0.18993133706132
8.3344	0.189465782742803
8.3504	0.189040723632147
8.3664	0.188663608933276
8.3824	0.188340234441466
8.3984	0.188074417553811
8.4144	0.187867757088328
8.4304	0.187719710259387
8.4464	0.187627944571942
8.4624	0.187588919750312
8.4784	0.187598607314061
8.4944	0.187653182587836
8.5104	0.187749451331407
8.5264	0.187884978391282
8.5424	0.188057990944634
8.5584	0.188267095304302
8.5744	0.188510861209654
8.5904	0.188787467468239
8.6064	0.189094408818476
8.6224	0.189428262570017
8.6384	0.189784608361374
8.6544	0.190158139608972
8.6704	0.190542886419009
8.6864	0.190932526313143
8.7024	0.191320797111889
8.7184	0.191701843569496
8.7344	0.192070401426364
8.7504	0.192421890394146
8.7664	0.19275243555569
8.7824	0.193058829116025
8.7984	0.19333852999778
8.8144	0.193589734057789
8.8304	0.1938114507042
8.8464	0.194003568896446
8.8624	0.194166862146377
8.8784	0.194302859983648
8.8944	0.194413611859484
8.9104	0.194501405260722
8.9264	0.194568488198885
8.9424	0.194616869681629
8.9584	0.194648236138664
8.9744	0.194663970067013
8.9904	0.194665226888907
9.0064	0.194653025424306
9.0224	0.194628299300812
9.0384	0.194591893026278
9.0544	0.194544516090476
9.0704	0.194486687869182
9.0864	0.194418709175429
9.1024	0.194340676165693
9.1184	0.194252535785476
9.1344	0.194154167275635
9.1504	0.194045466341774
9.1664	0.193926415945529
9.1824	0.193797135268445
9.1984	0.193657906053244
9.2144	0.193509179021181
9.2304	0.193351553543889
9.2464	0.193185729781516
9.2624	0.193012459547262
9.2784	0.192832483446721
9.2944	0.192646453371817
9.3104	0.192454831009709
9.3264	0.192257800175966
9.3424	0.192055196977918
9.3584	0.191846468397157
9.3744	0.191630660228212
9.3904	0.191406478326126
9.4064	0.191172402377738
9.4224	0.190926826828263
9.4384	0.190668214063469
9.4544	0.190395265408483
9.4704	0.190107070176532
9.4864	0.189803219601094
9.5024	0.189483887741184
9.5184	0.189149882232576
9.5344	0.188802683396444
9.5504	0.188444466865026
9.5664	0.188078102095317
