19.1344	0.602548071169352
19.1504	0.602549039314255
19.1664	0.602311221928957
19.1824	0.601851297279211
19.1984	0.601188078411951
19.2144	0.600341167993832
19.2304	0.599329717275353
19.2464	0.598171371454171
19.2624	0.596881701902646
19.2784	0.595473904817055
19.2944	0.593958689565952
19.3104	0.592344488095691
19.3264	0.590637976548422
19.3424	0.588844774799696
19.3584	0.586970343798797
19.3744	0.585021122439798
19.3904	0.583005550858473
19.4064	0.580934723614902
19.4224	0.578822556467514
19.4384	0.576685314886916
19.4544	0.574540550878623
19.4704	0.572405745007927
19.4864	0.570297007525483
19.5024	0.568228017757775
19.5184	0.566209396065361
19.5344	0.564248648410839
19.5504	0.56235046611944
19.5664	0.560517306149166
19.5824	0.558750293111956
19.5984	0.557050171746482
19.6144	0.555417893735665
19.6304	0.553854938306088
19.6464	0.552363403915209
19.6624	0.550945660023771
19.6784	0.549603872936189
19.6944	0.548339754725802
19.7104	0.547154455846425
19.7264	0.546048625019836
19.7424	0.54502268372903
19.7584	0.544077057464236
19.7744	0.543212230356943
19.7904	0.542428727426866
19.8064	0.541727097517736
19.8224	0.541107871079731
19.8384	0.540571609842999
19.8544	0.540119029724991
19.8704	0.539751064452389
19.8864	0.53946876500801
19.9024	0.539273060251418
19.9184	0.53916444658806
19.9344	0.539142737570415
19.9504	0.539206962316001
19.9664	0.539355421832141
19.9824	0.539585839837912
19.9984	0.539895522319839
20.0144	0.540281436810375
20.0304	0.540740191163692
20.0464	0.541267980602214
20.0624	0.541860535875145
20.0784	0.542513084232894
20.0944	0.543220418713275
20.1104	0.543977010668328
20.1264	0.544777065087573
20.1424	0.545614507820716
20.1584	0.546482912511777
20.1744	0.547375280471073
20.1904	0.548283792007396
20.2064	0.549199626910536
20.2224	0.55011286304574
20.2384	0.551012468756824
20.2544	0.551886593117331
20.2704	0.552722951566409
20.2864	0.55350928560901
20.3024	0.554233782407152
20.3184	0.554885405860375
20.3344	0.555454086325653
20.3504	0.555930931718194
20.3664	0.556308409947292
20.3824	0.556580574908139
20.3984	0.55674335279528
20.4144	0.556794898876063
20.4304	0.556735797987812
20.4464	0.556569117092437
20.4624	0.556300164000277
20.4784	0.55593603219458
20.4944	0.555485032899441
20.5104	0.554956176714001
20.5264	0.554358695151592
20.5424	0.553701791934856
20.5584	0.552994594393624
20.5744	0.552246100719543
20.5904	0.551465097876786
20.6064	0.55066014612558
20.6224	0.549839555829948
20.6384	0.549011406582309
20.6544	0.548183625843194
20.6704	0.547364022649816
20.6864	0.546560194439138
20.7024	0.545779376625546
20.7184	0.545028164202961
20.7344	0.544312144596518
20.7504	0.543635649203509
20.7664	0.543001711883278
20.7824	0.542412229011731
20.7984	0.541868291349019
20.8144	0.54137059901386
20.8304	0.540919845018522
20.8464	0.540516951851714
20.8624	0.540163132751431
20.8784	0.539859801833984
20.8944	0.539608381220006
20.9104	0.539410082446651
20.9264	0.539265768400114
20.9424	0.539175918002826
20.9584	0.539140648577089
20.9744	0.539159759282114
20.9904	0.539232707205755
21.0064	0.539358466126032
21.0224	0.539535295477805
21.0384	0.53976047816613
21.0544	0.540030125102007
21.0704	0.540339129061508
21.0864	0.540681249500096
21.1024	0.541049290138915
21.1184	0.541435339027714
21.1344	0.541831001968887
21.1504	0.542227571438502
21.1664	0.542616164047615
21.1824	0.542987855169017
21.1984	0.543333848397481
21.2144	0.54364566856168
21.2304	0.543915403596998
21.2464	0.544135957978085
21.2624	0.544301350639955
21.2784	0.544406946311966
21.2944	0.544449659635731
21.3104	0.544428075890735
21.3264	0.54434251615335
21.3424	0.544195040851946
21.3584	0.543989411024171
21.3744	0.543730963349461
21.3904	0.543426426633772
21.4064	0.543083678579066
21.4224	0.542711490718986
21.4384	0.54231917748416
21.4544	0.541916302081617
21.4704	0.541512435224234
21.4864	0.541116933910729
21.5024	0.540738743547095
21.5184	0.540386231073626
21.5344	0.540066948034379
21.5504	0.539787416091556
21.5664	0.539553040167277
21.5824	0.539368147286126
21.5984	0.539236129867831
21.6144	0.539159687239021
21.6304	0.539141061797238
21.6464	0.539182173721628
21.6624	0.5392846391982
21.6784	0.539449706952894
21.6944	0.539678192708649
21.7104	0.539970500751821
21.7264	0.54032675008861
21.7424	0.540747001354006
21.7584	0.541231504588765
21.7744	0.541780819904972
21.7904	0.542395725682951
21.8064	0.54307694224741
21.8224	0.54382473436425
21.8384	0.54463851364082
21.8544	0.545516577717024
21.8704	0.546456061364751
21.8864	0.547453157206661
21.9024	0.548503555442068
21.9184	0.549602943733106
21.9344	0.550747466847639
21.9504	0.551934136790209
21.9664	0.553161006048299
21.9824	0.554427070818889
21.9984	0.555731953690355
22.0144	0.557075433949962
22.0304	0.55845685188774
22.0464	0.559874678612488
22.0624	0.561326227672339
22.0784	0.562807627110629
22.0944	0.564314105460937
22.1104	0.565840464632203
22.1264	0.567381502127034
22.1424	0.56893247321679
22.1584	0.570489478894615
22.1744	0.572049706036154
22.1904	0.573611612144703
22.2064	0.57517509214162
22.2224	0.576741449740069
22.2384	0.578313006423116
22.2544	0.579892497686899
22.2704	0.581482332371252
22.2864	0.58308390731932
22.3024	0.584697048765321
22.3184	0.586319735170605
22.3344	0.587948059649904
22.3504	0.589576519118253
22.3664	0.591198436255667
22.3824	0.592806463203004
22.3984	0.594393043507466
22.4144	0.595950967925546
22.4304	0.597473910683448
22.4464	0.598956956715824
22.4624	0.600396880249917
22.4784	0.601792182851625
22.4944	0.603142802055373
22.5104	0.604449599600002
22.5264	0.605713654788815
22.5424	0.606935690022311
22.5584	0.608115767724343
22.5744	0.609253299483498
22.5904	0.610347309028043
22.6064	0.611396834507929
22.6224	0.612401229181131
22.6384	0.613360260691167
22.6544	0.614274025650587
22.6704	0.61514269873939
22.6864	0.615966267095104
22.7024	0.616744434292116
22.7184	0.617476752106398
22.7344	0.618162947761789
22.7504	0.618803281306469
22.7664	0.619398737452116
22.7824	0.619951081989626
22.7984	0.620462803084735
22.8144	0.62093690048647
22.8304	0.621376598333853
22.8464	0.621785193835876
22.8624	0.622165996684743
22.8784	0.622522323440194
22.8944	0.622857544843072
22.9104	0.623175094472032
22.9264	0.623478413664685
22.9424	0.623770911360651
22.9584	0.624055902021041
22.9744	0.624336484588468
22.9904	0.62461547126955
23.0064	0.624895383520141
23.0224	0.625178402955299
23.0384	0.625466311131333
23.0544	0.625760456412166
23.0704	0.626061727211436
23.0864	0.626370509676235
23.1024	0.626686685912603
23.1184	0.627009675496566
23.1344	0.627338509285806
23.1504	0.627671918824404
23.1664	0.628008424609391
23.1824	0.628346364633984
23.1984	0.62868384716063
23.2144	0.629018631303438
23.2304	0.629347974178359
23.2464	0.629668469083441
23.2624	0.62997593889142
23.2784	0.6302654225222
23.2944	0.630531236470574
23.3104	0.630767118853555
23.3264	0.63096645260228
23.3424	0.631122540635943
23.3584	0.63122890461986
23.3744	0.631279588390953
23.3904	0.631269432711179
23.4064	0.631194299785591
23.4224	0.631051257914208
23.4384	0.630838747810031
23.4544	0.630556751791602
23.4704	0.630206976399506
23.4864	0.629793033214838
23.5024	0.629320547264285
23.5184	0.628797159316292
23.5344	0.628232388304184
23.5504	0.627637352369334
23.5664	0.627024371199951
23.5824	0.626406518173638
23.5984	0.625797134954411
23.6144	0.625209331064156
23.6304	0.624655486793756
23.6464	0.624146774911026
23.6624	0.623692712410588
23.6784	0.623300813969649
23.6944	0.622976370783078
23.7104	0.622722351243993
23.7264	0.622539401794057
23.7424	0.622425927774231
23.7584	0.622378201571792
23.7744	0.622390475058126
23.7904	0.622455097174111
23.8064	0.622562652450739
23.8224	0.622702157426858
23.8384	0.622861373917857
23.8544	0.623027291604558
23.8704	0.623186797450501
23.8864	0.623327489497285
23.9024	0.623438541251176
23.9184	0.623511491891406
23.9344	0.62354087783919
23.9504	0.623524618582053
23.9664	0.623464091235405
23.9824	0.623363927295941
23.9984	0.623231629755594
24.0144	0.623077059095152
24.0304	0.622911834195065
24.0464	0.622748713073292
24.0624	0.622600957879683
24.0784	0.622481660693211
24.0944	0.622403065861533
24.1104	0.622375907342644
24.1264	0.622408811479403
24.1424	0.622507828160252
24.1584	0.622676148862553
24.1744	0.622914054232183
24.1904	0.623219078669933
24.2064	0.62358634300233
24.2224	0.624009004218578
24.2384	0.624478762388009
24.2544	0.624986360134443
24.2704	0.625522042585516
24.2864	0.626075915920694
24.3024	0.626638220262549
24.3184	0.627199541564721
24.3344	0.627750976414035
24.3504	0.628284241274855
24.3664	0.628791758637561
24.3824	0.629266698489147
24.3984	0.629702945660142
24.4144	0.630095049413598
24.4304	0.630438166554001
24.4464	0.630727991894673
24.4624	0.630960684252358
24.4784	0.63113278773784
24.4944	0.631241141781373
24.5104	0.631282801525856
24.5264	0.631254988320279
24.5424	0.631155092220098
24.5584	0.630980750579482
24.5744	0.630729993796933
24.5904	0.630401407812258
24.6064	0.629994256901171
24.6224	0.629508549563468
24.6384	0.628945022458765
24.6544	0.628305104126554
24.6704	0.62759092307553
24.6864	0.626805358019169
24.7024	0.625952107992958
24.7184	0.625035781992153
24.7344	0.624061907869759
24.7504	0.623036796136347
24.7664	0.621967316911935
24.7824	0.620860639081883
24.7984	0.619723925476876
24.8144	0.618564170790734
24.8304	0.617388260071294
24.8464	0.616203122127757
24.8624	0.61501597852461
24.8784	0.613834608137097
24.8944	0.612667466633411
24.9104	0.611523602114602
24.9264	0.610412487194395
24.9424	0.609343786327884
24.9584	0.608327101818276
24.9744	0.607371781936877
24.9904	0.606486855365148
25.0064	0.605681055928471
25.0224	0.604962818504674
25.0384	0.604340141738703
25.0544	0.603820387915817
25.0704	0.603410040662197
25.0864	0.603114473309375
25.1024	0.60293779660654
25.1184	0.602882947704586
25.1344	0.602951815693388
25.1504	0.603145400159462
25.1664	0.603463937178617
25.1824	0.603906859059805
25.1984	0.604472594201837
25.2144	0.605158427159182
25.2304	0.605960340833718
25.2464	0.606872848298309
25.2624	0.60788886896853
25.2784	0.608999724640768
25.2944	0.610195092123348
25.3104	0.611463017663652
25.3264	0.612790060206407
25.3424	0.614161559294644
25.3584	0.615561993045532
25.3744	0.616975499951934
25.3904	0.618386425982266
25.4064	0.619779750220459
25.4224	0.621141348144874
25.4384	0.622458123582419
25.4544	0.623717969176028
25.4704	0.624909621698009
25.4864	0.626022572186457
25.5024	0.62704709589508
25.5184	0.627974376449515
25.5344	0.628796721720732
25.5504	0.629507789712505
25.5664	0.630102715884021
25.5824	0.630578134518856
25.5984	0.630932072571483
25.6144	0.631163742252568
25.6304	0.631273331639676
25.6464	0.631261887990235
25.6624	0.631131341339227
25.6784	0.630884697995185
25.6944	0.630526377514286
25.7104	0.630062636023581
25.7264	0.629502024006513
25.7424	0.628855807946138
25.7584	0.628138319195017
25.7744	0.627367199362027
25.7904	0.626563488002773
25.8064	0.62575153172105
25.8224	0.624958745106341
25.8384	0.624215231106177
25.8544	0.623553299652826
25.8704	0.623006907808502
25.8864	0.622611003722028
25.9024	0.622400742658783
25.9184	0.622410505331715
25.9344	0.622672664586815
25.9504	0.623216152782902
25.9664	0.624064930628208
25.9824	0.625236494499319
25.9984	0.626740603568408
26.0144	0.628578354302647
26.0304	0.63074168502817
26.0464	0.633213389153411
26.0624	0.635967613579766
26.0784	0.638970717537489
26.0944	0.642182306037114
26.1104	0.645556254796077
26.1264	0.649041583751114
26.1424	0.652583236317298
26.1584	0.65612296317164
26.1744	0.659600421472362
26.1904	0.662954441132683
26.2064	0.666124608776272
26.2224	0.669053063485478
26.2384	0.671685960129423
26.2544	0.673974511788401
26.2704	0.675876055745562
26.2864	0.677355198263456
26.3024	0.678384934939402
26.3184	0.678947936493898
26.3344	0.679037814338869
26.3504	0.678659642921957
26.3664	0.677829532241105
26.3824	0.676573412767709
26.3984	0.674925200521557
26.4144	0.672924709600466
26.4304	0.670615978927003
26.4464	0.668046105180167
26.4624	0.665264290644302
26.4784	0.662320996271262
26.4944	0.659266973821957
26.5104	0.656151908405661
26.5264	0.65302301756202
26.5424	0.649923995090603
26.5584	0.646894292072318
26.5744	0.643968806748092
26.5904	0.641177901050924
26.6064	0.6385473681772
26.6224	0.636098235770049
26.6384	0.633846605787113
26.6544	0.631803561331679
26.6704	0.62997523104255
26.6864	0.628363189418849
26.7024	0.626965045704196
26.7184	0.625775088750714
26.7344	0.624784970876249
26.7504	0.623984317273909
26.7664	0.623361202556595
26.7824	0.622902614902898
26.7984	0.622594895562713
26.8144	0.622424097419326
26.8304	0.622376256357768
26.8464	0.622437563028143
26.8624	0.622594422519171
26.8784	0.622833488149979
26.8944	0.623141745355099
26.9104	0.6235066761312
26.9264	0.623916522314317
26.9424	0.62436057196993
26.9584	0.624829364334346
26.9744	0.625314768282891
26.9904	0.62580990780279
27.0064	0.626308928752451
27.0224	0.62680670682721
27.0384	0.6272985894648
27.0544	0.627780192158468
27.0704	0.628247266376036
27.0864	0.628695641989196
27.1024	0.629121198791665
27.1184	0.629519842396917
27.1344	0.629887518086093
27.1504	0.630220248087909
27.1664	0.630514186974381
27.1824	0.630765677381646
27.1984	0.630971268159669
27.2144	0.631127670589677
27.2304	0.63123166925763
27.2464	0.631280017539041
27.2624	0.631269357864369
27.2784	0.631196198814251
27.2944	0.631056957623287
27.3104	0.630848035819014
27.3264	0.630565868338152
27.3424	0.630206913207616
27.3584	0.629767541711004
27.3744	0.629243829904027
27.3904	0.62863127918763
27.4064	0.627924545947224
27.4224	0.627117223988421
27.4384	0.626201784422591
27.4544	0.62516968419115
27.4704	0.624011636004042
27.4864	0.622718034223709
27.5024	0.621279566255083
27.5184	0.619687820752233
27.5344	0.617935892771982
27.5504	0.616018977665107
27.5664	0.613934940490196
27.5824	0.611684706862235
27.5984	0.609272527641963
27.6144	0.606705990495414
27.6304	0.603995711431622
27.6464	0.601154781219066
27.6624	0.59819805187189
27.6784	0.595141411640867
27.6944	0.592001397643969
27.7104	0.588795287504581
27.7264	0.585541404978017
27.7424	0.582259501442536
27.7584	0.578970990736622
27.7744	0.575698847048443
27.7904	0.572467042886615
27.8064	0.569299585617102
27.8224	0.566219311679959
27.8384	0.563246849001871
27.8544	0.560399959884137
27.8704	0.557693296878341
27.8864	0.555138565971276
27.9024	0.552745103002593
27.9184	0.550520570894406
27.9344	0.548471672566677
27.9504	0.546604791240554
27.9664	0.544926483228522
27.9824	0.543443806345834
27.9984	0.542164503484656
28.0144	0.541097041424806
28.0304	0.540250604607266
28.0464	0.539635107398425
28.0624	0.539261192374468
28.0784	0.539140226878828
28.0944	0.539284290805995
28.1104	0.539706102578435
28.1264	0.540418799951269
28.1424	0.541435469247531
28.1584	0.542768385930344
28.1744	0.544428037414065
28.1904	0.546422026635142
28.2064	0.548754025522499
28.2224	0.551423006781903
28.2384	0.554422751725383
28.2544	0.557741651128822
28.2704	0.561362834594405
28.2864	0.565264628657019
28.3024	0.569421244659637
28.3184	0.573803644405814
28.3344	0.578380759342949
28.3504	0.583120779972418
28.3664	0.587992352541761
28.3824	0.592965767457159
28.3984	0.598013925302141
28.4144	0.603112842937321
28.4304	0.608242161460254
28.4464	0.613385816163216
28.4624	0.618532450471349
28.4784	0.623675623663871
28.4944	0.628813668771187
28.5104	0.633948648874991
28.5264	0.639084559743864
28.5424	0.644225371222404
28.5584	0.64937325538466
28.5744	0.65452734029526
28.5904	0.659683620130409
28.6064	0.664835847723921
28.6224	0.669977066130869
28.6384	0.675101160790163
28.6544	0.680203582016603
28.6704	0.685281094390717
28.6864	0.690330723254178
