19.1024	0.543370867876234
19.1184	0.543290867504226
19.1344	0.543202631113417
19.1504	0.543107068315322
19.1664	0.54300541446176
19.1824	0.542899163930116
19.1984	0.542789950741877
19.2144	0.54267942464972
19.2304	0.54256912607255
19.2464	0.542460390822981
19.2624	0.542354297286778
19.2784	0.54225167339419
19.2944	0.542153165979101
19.3104	0.542059347515277
19.3264	0.541970814945017
19.3424	0.541888251501092
19.3584	0.541812417376974
19.3744	0.54174407279541
19.3904	0.541683873734058
19.4064	0.541632289580861
19.4224	0.541589558407651
19.4384	0.541555686013481
19.4544	0.541530488170991
19.4704	0.541513644423816
19.4864	0.541504746185836
19.5024	0.541503345567463
19.5184	0.541509010559508
19.5344	0.54152139808005
19.5504	0.541540344525032
19.5664	0.541565951880301
19.5824	0.541598654388537
19.5984	0.54163925930979
19.6144	0.541688954212788
19.6304	0.541749290388765
19.6464	0.54182216382091
19.6624	0.541909788477341
19.6784	0.542014652757729
19.6944	0.542139445587537
19.7104	0.542286949005728
19.7264	0.542459892245887
19.7424	0.542660765470345
19.7584	0.54289156346195
19.7744	0.543153483375733
19.7904	0.543446561143782
19.8064	0.543769278441943
19.8224	0.54411816734634
19.8384	0.544487511294477
19.8544	0.544869222004678
19.8704	0.545253012626773
19.8864	0.545626838731067
19.9024	0.545977579240883
19.9184	0.546291817944194
19.9344	0.546556693399594
19.9504	0.546760657497515
19.9664	0.546894155871399
19.9824	0.546950187522071
19.9984	0.54692472125393
20.0144	0.546816864863302
20.0304	0.546628883785473
20.0464	0.546366005157637
20.0624	0.54603610412866
20.0784	0.545649340533117
20.0944	0.545217828129438
20.1104	0.544755247623499
20.1264	0.544276418706346
20.1424	0.543796777176652
20.1584	0.543331744944084
20.1744	0.542896043946797
20.1904	0.542503079219756
20.2064	0.542164408770901
20.2224	0.541889370931386
20.2384	0.541684915861168
20.2544	0.541555638600101
20.2704	0.541503995693262
20.2864	0.541530696506726
20.3024	0.541635207719281
20.3184	0.541816314306828
20.3344	0.542072685511897
20.3504	0.542403393316334
20.3664	0.542808339080722
20.3824	0.543288542801946
20.3984	0.543846247945822
20.4144	0.544484828762421
20.4304	0.545208494678121
20.4464	0.546021825515851
20.4624	0.546929212626111
20.4784	0.547934277627093
20.4944	0.549039308939399
20.5104	0.550244827775344
20.5264	0.551549290541317
20.5424	0.552948950291039
20.5584	0.554437869881014
20.5744	0.556008007071881
20.5904	0.557649281129585
20.6064	0.559349654228271
20.6224	0.561095120072395
20.6384	0.562869748973611
20.6544	0.564655811474807
20.6704	0.566434092380547
20.6864	0.568184369555723
20.7024	0.569886138006297
20.7184	0.571519251327885
20.7344	0.573064485420076
20.7504	0.57450388965438
20.7664	0.575820983119883
20.7824	0.577000777997426
20.7984	0.578029795511981
20.8144	0.578896067402439
20.8304	0.579589170034438
20.8464	0.580100319939874
20.8624	0.580422651824421
20.8784	0.580551606763748
20.8944	0.580485426806518
20.9104	0.580225448935522
20.9264	0.579776145351758
20.9424	0.579144809072233
20.9584	0.578341020499948
20.9744	0.577376142220743
20.9904	0.576262996463043
21.0064	0.575015818124399
21.0224	0.573650426851515
21.0384	0.57218435878363
21.0544	0.570636736413888
21.0704	0.569027897929374
21.0864	0.567378758079627
21.1024	0.565710111320442
21.1184	0.564042007536415
21.1344	0.562393272145101
21.1504	0.560781165541385
21.1664	0.559221142494522
21.1824	0.557726522752915
21.1984	0.556308156795041
21.2144	0.554974162061427
21.2304	0.553729850683709
21.2464	0.552577849500523
21.2624	0.551518431770461
21.2784	0.550549913503829
21.2944	0.549669115740841
21.3104	0.548871799230625
21.3264	0.548152999260338
21.3424	0.547507236119742
21.3584	0.546928730648318
21.3744	0.546411525493539
21.3904	0.545949566641951
21.4064	0.545536806623687
21.4224	0.545167321431592
21.4384	0.544835399228106
21.4544	0.544535679068161
21.4704	0.544263283337131
21.4864	0.544013896428311
21.5024	0.543783796293525
21.5184	0.543569857480207
21.5344	0.543369500995169
21.5504	0.543180608035783
21.5664	0.543001437766094
21.5824	0.542830553463688
21.5984	0.542666762717232
21.6144	0.5425091051072
21.6304	0.54235692010613
21.6464	0.542209985172491
21.6624	0.542068728036242
21.6784	0.54193448872158
21.6944	0.541809785910942
21.7104	0.54169850339369
21.7264	0.541605960668193
21.7424	0.541538877238196
21.7584	0.541505244922035
21.7744	0.541514158129672
21.7904	0.541575672241407
21.8064	0.541700705559066
21.8224	0.541900965015174
21.8384	0.54218885761631
21.8544	0.542577327311477
21.8704	0.543079605664587
21.8864	0.543708912308801
21.9024	0.544478111371205
21.9184	0.545399330898505
21.9344	0.546483630985591
21.9504	0.547740706782719
21.9664	0.549178565513756
21.9824	0.550803213376213
21.9984	0.552618407605308
22.0144	0.554625447019731
22.0304	0.556823038209274
22.0464	0.559207261173555
22.0624	0.561771709505905
22.0784	0.564507713481277
22.0944	0.567404582319995
22.1104	0.570449784668796
22.1264	0.573629007828373
22.1424	0.576926170362668
22.1584	0.580323579461577
22.1744	0.583802176745991
22.1904	0.587341866278251
22.2064	0.590921941803259
22.2224	0.594521670124635
22.2384	0.598120764103129
22.2544	0.601699741721148
22.2704	0.605240201307623
22.2864	0.608725070763768
22.3024	0.612138790240607
22.3184	0.61546736731853
22.3344	0.618698397259919
22.3504	0.621820946362647
22.3664	0.624825243260801
22.3824	0.627702360892414
22.3984	0.630444173379914
22.4144	0.633043471145101
22.4304	0.635494105203378
22.4464	0.637791151743812
22.4624	0.639930757049711
22.4784	0.641909651567204
22.4944	0.643724596606575
22.5104	0.645371925555622
22.5264	0.646847389655164
22.5424	0.648146370438695
22.5584	0.649264477367609
22.5744	0.650198030722464
22.5904	0.65094443647925
22.6064	0.651502328321982
22.6224	0.651871384202906
22.6384	0.652051922139748
22.6544	0.652044572298934
22.6704	0.651850076892771
22.6864	0.65146926299829
22.7024	0.650903218721481
22.7184	0.650153760710992
22.7344	0.64922397818313
22.7504	0.648118868868124
22.7664	0.646845783988027
22.7824	0.64541463157795
22.7984	0.643837619256402
22.8144	0.642128669659968
22.8304	0.640302521503685
22.8464	0.638373937218063
22.8624	0.636357173816492
22.8784	0.634265750328808
22.8944	0.632112509346399
22.9104	0.629909828921797
22.9264	0.627669605748366
22.9424	0.625403029946511
22.9584	0.623120103602247
22.9744	0.620829086382145
22.9904	0.618535970770864
23.0064	0.616244245566207
23.0224	0.613954769304627
23.0384	0.611665810595611
23.0544	0.609373279142716
23.0704	0.607071236140342
23.0864	0.60475256411948
23.1024	0.602409796044157
23.1184	0.600035838141395
23.1344	0.597624526787143
23.1504	0.595170953731582
23.1664	0.592671621201504
23.1824	0.59012455175926
23.1984	0.587529575053651
23.2144	0.584888612130698
23.2304	0.582206034121242
23.2464	0.579488945405416
23.2624	0.576747178399529
23.2784	0.573992926478326
23.2944	0.57124031528312
23.3104	0.568504836479377
23.3264	0.565802996744566
23.3424	0.563152324105914
23.3584	0.560571609897039
23.3744	0.558081003854767
23.3904	0.555701902529989
23.4064	0.553456397605288
23.4224	0.551366245125763
23.4384	0.549451573025664
23.4544	0.54772962170037
23.4704	0.546213638125352
23.4864	0.544912171516131
23.5024	0.54382880972733
23.5184	0.542962343578466
23.5344	0.54230722284214
23.5504	0.54185419882694
23.5664	0.541591010835731
23.5824	0.541503101809013
23.5984	0.541574346741271
23.6144	0.541787818570043
23.6304	0.542126550735674
23.6464	0.542574234763975
23.6624	0.543115784917717
23.6784	0.543737667661986
23.6944	0.544427982562894
23.7104	0.54517638305353
23.7264	0.545973923554953
23.7424	0.546812969384774
23.7584	0.547687327209047
23.7744	0.548592479750795
23.7904	0.549525794354651
23.8064	0.550486712172329
23.8224	0.551476787256803
23.8384	0.5524994548758
23.8544	0.553559700467787
23.8704	0.554663733642002
23.8864	0.555818578776694
23.9024	0.557031639189546
23.9184	0.558310203324226
23.9344	0.559660784480656
23.9504	0.561088344150932
23.9664	0.562595458217544
23.9824	0.564181477966684
23.9984	0.565841897958165
24.0144	0.567568137542395
24.0304	0.569347794811137
24.0464	0.571165384744262
24.0624	0.573003377626634
24.0784	0.574843302584014
24.0944	0.576666716043093
24.1104	0.578455781195686
24.1264	0.580193384539683
24.1424	0.581863064451596
24.1584	0.58344884654187
24.1744	0.584934991891856
24.1904	0.586305937349636
24.2064	0.587546512728153
24.2224	0.588642205019738
24.2384	0.589579478243905
24.2544	0.590346321793191
24.2704	0.590932802214212
24.2864	0.591331360581222
24.3024	0.591536990985247
24.3184	0.591547357054566
24.3344	0.591362546460715
24.3504	0.590984778291642
24.3664	0.590418187568758
24.3824	0.589668646362298
24.3984	0.588743653267869
24.4144	0.587652452459992
24.4304	0.586406051588511
24.4464	0.585017179930361
24.4624	0.583500174463467
24.4784	0.581870871160191
24.4944	0.580146401501707
24.5104	0.578345138838444
24.5264	0.576486561553082
24.5424	0.574591048624171
24.5584	0.572679466396124
24.5744	0.57077261483326
24.5904	0.568890510454963
24.6064	0.56705170099454
24.6224	0.565272560327202
24.6384	0.563566660458633
24.6544	0.561944411818928
24.6704	0.560412966028622
24.6864	0.558976409854296
24.7024	0.557636212244262
24.7184	0.556391754658563
24.7344	0.555240811213281
24.7504	0.554179927619231
24.7664	0.553204653506128
24.7824	0.552309642078257
24.7984	0.551488667455516
24.8144	0.550734740115587
24.8304	0.55004027049975
24.8464	0.54939732267448
24.8624	0.548797956330617
24.8784	0.548234630553139
24.8944	0.547700496833698
24.9104	0.547189610679112
24.9264	0.546697063215589
24.9424	0.546219036229644
24.9584	0.545752836424896
24.9744	0.54529694227611
24.9904	0.544850989995012
25.0064	0.544415723072717
25.0224	0.543992951880199
25.0384	0.543585497556677
25.0544	0.543197114118499
25.0704	0.542832451432361
25.0864	0.542497048475894
25.1024	0.54219733388166
25.1184	0.54194059642046
25.1344	0.541734908844461
25.1504	0.541589034402222
25.1664	0.541512345300333
25.1824	0.541514779802668
25.1984	0.541606869261756
25.2144	0.541799799885524
25.2304	0.542105440871779
25.2464	0.54253631943746
25.2624	0.543105511896925
25.2784	0.543826449784063
25.2944	0.544712716764906
25.3104	0.545777834969527
25.3264	0.547035027424698
25.3424	0.548497029611809
25.3584	0.550175898681317
25.3744	0.552082684193834
25.3904	0.5542269974965
25.4064	0.556616529286913
25.4224	0.559256413469342
25.4384	0.56214852875425
25.4544	0.565290916841178
25.4704	0.568677258535587
25.4864	0.572296455325755
25.5024	0.576132500685873
25.5184	0.580164555266407
25.5344	0.584367264937924
25.5504	0.588711389397616
25.5664	0.593164742559935
25.5824	0.597693268917823
25.5984	0.602262286220565
25.6144	0.606837622563688
25.6304	0.611386528088673
25.6464	0.615878235844121
25.6624	0.62028423668724
25.6784	0.624578392464031
25.6944	0.628737200690608
25.7104	0.632740129210532
25.7264	0.636569873173897
25.7424	0.640212583201077
25.7584	0.643658022629864
25.7744	0.646899454847386
25.7904	0.64993338167622
25.8064	0.652759195498021
25.8224	0.655378847995991
25.8384	0.657796591308369
25.8544	0.660018714135873
25.8704	0.662053235586228
25.8864	0.663909606607461
25.9024	0.665598307678891
25.9184	0.667130382859028
25.9344	0.668517000434662
25.9504	0.669769136449901
25.9664	0.670897389130886
25.9824	0.671911892377722
25.9984	0.672822261543018
26.0144	0.673637581382621
26.0304	0.674366416942263
26.0464	0.675016832011266
26.0624	0.675596406788628
26.0784	0.676112270470952
26.0944	0.676571127389508
26.1104	0.676979243459556
26.1264	0.677342424180239
26.1424	0.67766603071064
26.1584	0.677954977748783
26.1744	0.678213679129698
26.1904	0.678445975298672
26.2064	0.678655053527592
26.2224	0.678843304071194
26.2384	0.679012099866242
26.2544	0.679161538870716
26.2704	0.679290175477121
26.2864	0.679394813496373
26.3024	0.679470402893429
26.3184	0.679510051669098
26.3344	0.679505156279305
26.3504	0.679445589442111
26.3664	0.679319858808043
26.3824	0.679115218570502
26.3984	0.678817769103745
26.4144	0.678412637160164
26.4304	0.67788439912394
26.4464	0.677217916810747
26.4624	0.676399676582747
26.4784	0.675419594922715
26.4944	0.674273060253512
26.5104	0.672962962111427
26.5264	0.671501352396291
26.5424	0.669910462663466
26.5584	0.668222825191577
26.5744	0.666480470167102
26.5904	0.664733213671497
26.6064	0.663036282020613
26.6224	0.661447459966922
26.6384	0.66002415084202
26.6544	0.658820445993371
26.6704	0.657884301435701
26.6864	0.657254951858732
26.7024	0.656960716748614
26.7184	0.657017178397638
26.7344	0.657425985381934
26.7504	0.658174378906693
26.7664	0.659235543113795
26.7824	0.660569773918468
26.7984	0.662126537821933
26.8144	0.663847312787226
26.8304	0.665669166920878
26.8464	0.667528824265929
26.8624	0.669366720143245
26.8784	0.671130313220232
26.8944	0.672776235304326
26.9104	0.674271132649181
26.9264	0.675591403697553
26.9424	0.676722213041643
26.9584	0.677656242103609
26.9744	0.678392529911065
26.9904	0.678935448201031
27.0064	0.679293703208231
27.0224	0.679479279556887
27.0384	0.679506258066141
27.0544	0.679389581614458
27.0704	0.679143909501221
27.0864	0.678782685123309
27.1024	0.678317484322662
27.1184	0.677757589275444
27.1344	0.677109710177348
27.1504	0.676377823926174
27.1664	0.675563148086923
27.1824	0.674664301398167
27.1984	0.673677742595174
27.2144	0.672598473214492
27.2304	0.671420895044292
27.2464	0.670139718711681
27.2624	0.668750821130317
27.2784	0.66725188929999
27.2944	0.665642864042098
27.3104	0.663926224955873
27.3264	0.662107179220385
27.3424	0.660193824827303
27.3584	0.658197261400375
27.3744	0.656131450787569
27.3904	0.654012798365358
27.4064	0.651859463636498
27.4224	0.649690400158391
27.4384	0.647524383303079
27.4544	0.645379252940216
27.4704	0.64327153977294
27.4864	0.641216430744095
27.5024	0.639228057424219
27.5184	0.637319791366934
27.5344	0.635504437817161
27.5504	0.633794267999946
27.5664	0.632200776095971
27.5824	0.630734258673868
27.5984	0.629403571573874
27.6144	0.628216080290912
27.6304	0.62717766457385
27.6464	0.626292848676911
27.6624	0.625565086351713
27.6784	0.624996901104367
27.6944	0.624589882366962
27.7104	0.62434469714961
27.7264	0.624261122132935
27.7424	0.624338073834821
27.7584	0.624573717947811
27.7744	0.624965649588916
27.7904	0.625510940193607
27.8064	0.626206085523478
27.8224	0.627046881440805
27.8384	0.628028211118902
27.8544	0.629143683008323
27.8704	0.630385402855012
27.8864	0.63174392792186
27.9024	0.633208249262992
27.9184	0.634765856965117
27.9344	0.636402977462495
27.9504	0.638104671015554
27.9664	0.639854897063429
27.9824	0.641636824256892
27.9984	0.643433352485005
28.0144	0.645227652840248
28.0304	0.647003938051711
28.0464	0.648748282146613
28.0624	0.65044909013389
28.0784	0.652097112503867
28.0944	0.65368525176811
28.1104	0.655208096512155
28.1264	0.6566613558401
28.1424	0.658041505446846
28.1584	0.659345718544643
28.1744	0.660572009333777
28.1904	0.661719538825906
28.2064	0.66278892852776
28.2224	0.663782419772957
28.2384	0.664703858348417
28.2544	0.665558560677965
28.2704	0.666353069496921
28.2864	0.667094794893075
28.3024	0.667791620075747
28.3184	0.668451516918736
28.3344	0.669082211677306
28.3504	0.669690898435391
28.3664	0.670284067564438
28.3824	0.670867401731385
28.3984	0.671445686085548
28.4144	0.672022650338107
28.4304	0.672600854437604
28.4464	0.673181647646885
28.4624	0.673765174577767
28.4784	0.674350425032657
28.4944	0.674935319524167
28.5104	0.675516781642187
28.5264	0.676090690224015
28.5424	0.676651720330568
28.5584	0.677193099691152
28.5744	0.677706347508575
28.5904	0.678181151191467
28.6064	0.678605451976551
28.6224	0.678965701226076
28.6384	0.679247262333632
