9.5984	0.338351537931864
9.6144	0.336046006122587
9.6304	0.333721323066202
9.6464	0.331380763764816
9.6624	0.329028303129782
9.6784	0.326668475205604
9.6944	0.324306138494233
9.7104	0.32194626928637
9.7264	0.319593741005265
9.7424	0.317253227944532
9.7584	0.314929263078525
9.7744	0.312626341913788
9.7904	0.310348916862831
9.8064	0.308101365763246
9.8224	0.305887945586399
9.8384	0.303712704218285
9.8544	0.301579355168292
9.8704	0.299491257806021
9.8864	0.29745144396596
9.9024	0.295462698637963
9.9184	0.293527681981436
9.9344	0.291649017435691
9.9504	0.289829319925745
9.9664	0.288071228698074
9.9824	0.286377369249803
9.9984	0.284750171695531
10.0144	0.283191667019535
10.0304	0.281703312187494
10.0464	0.280285912603885
10.0624	0.278939655223744
10.0784	0.277664189297263
10.0944	0.276458685673224
10.1104	0.275321898556846
10.1264	0.274252184770583
10.1424	0.273247435176864
10.1584	0.272305042796959
10.1744	0.271421991325904
10.1904	0.270595018828388
10.2064	0.269820858807715
10.2224	0.269096514490516
10.2384	0.26841944407459
10.2544	0.26778763067589
10.2704	0.267199537279103
10.2864	0.266653957249629
10.3024	0.266149825920892
10.3184	0.26568609140145
10.3344	0.265261647518107
10.3504	0.264875318661332
10.3664	0.264525875811709
10.3824	0.264212042748686
10.3984	0.263932489784493
10.4144	0.263685828484006
10.4304	0.263470612377678
10.4464	0.263285374460747
10.4624	0.263128728021026
10.4784	0.262999484140902
10.4944	0.262896764041029
10.5104	0.262820087233585
10.5264	0.26276941288499
10.5424	0.262745111694173
10.5584	0.262747921672813
10.5744	0.26277890823397
10.5904	0.262839433328389
10.6064	0.262931149527351
10.6224	0.263056035301603
10.6384	0.263216427570143
10.6544	0.263415040529721
10.6704	0.263654958038737
10.6864	0.263939573198684
10.7024	0.264272460321874
10.7184	0.264657241473626
10.7344	0.265097435180896
10.7504	0.265596296629387
10.7664	0.266156683064072
10.7824	0.266780990839585
10.7984	0.267471127503299
10.8144	0.268228543339566
10.8304	0.269054337818318
10.8464	0.269949393287672
10.8624	0.270914444623718
10.8784	0.27195007486803
10.8944	0.273056540284063
10.9104	0.274233453185346
10.9264	0.275479415015121
10.9424	0.27679173470379
10.9584	0.278166246900524
10.9744	0.279597383743768
10.9904	0.281078519138139
11.0064	0.282602428461627
11.0224	0.284161691322691
11.0384	0.285749028172795
11.0544	0.28735749131234
11.0704	0.288980512716515
11.0864	0.29061187212961
11.1024	0.292245678940599
11.1184	0.29387639832041
11.1344	0.29549893038386
11.1504	0.297108646314882
11.1664	0.298701373676027
11.1824	0.300273347023607
11.1984	0.301821160453535
11.2144	0.303341709268586
11.2304	0.304832150997131
11.2464	0.306289910481882
11.2624	0.307712755556927
11.2784	0.309098904787423
11.2944	0.310447139012541
11.3104	0.311756923944959
11.3264	0.313028609998908
11.3424	0.314263646883501
11.3584	0.315464691478573
11.3744	0.316635550260098
11.3904	0.317780989964808
11.4064	0.318906436965417
11.4224	0.320017565354552
11.4384	0.321119790886135
11.4544	0.322217835576727
11.4704	0.323315427538486
11.4864	0.324415126156439
11.5024	0.325518337067183
11.5184	0.326625498232589
11.5344	0.327736331334257
11.5504	0.328850090961578
11.5664	0.329965792168056
11.5824	0.331082366160912
11.5984	0.332198763124084
11.6144	0.333314122429105
11.6304	0.334427979234709
11.6464	0.335540426443331
11.6624	0.336652252558706
11.6784	0.337765044829804
11.6944	0.338881107282479
11.7104	0.340003224951091
11.7264	0.341134364159271
11.7424	0.342277311197953
11.7584	0.34343430425735
11.7744	0.344606765057996
11.7904	0.345795108716818
11.8064	0.3469985758364
11.8224	0.348215149848511
11.8384	0.349441653789739
11.8544	0.350673991347002
11.8704	0.351907529563761
11.8864	0.353137580322846
11.9024	0.354359859833766
11.9184	0.355570761685232
11.9344	0.356767356500617
11.9504	0.357947159301404
11.9664	0.35910770957013
11.9824	0.36024611450269
11.9984	0.361358714979415
12.0144	0.362440978483685
12.0304	0.36348759567095
12.0464	0.364492764006256
12.0624	0.365450532406163
12.0784	0.366355106466415
12.0944	0.367201029084973
12.1104	0.367983238429145
12.1264	0.368696975554823
12.1424	0.369337639294736
12.1584	0.36990062275208
12.1744	0.370381217424234
12.1904	0.370774554870847
12.2064	0.371075616363119
12.2224	0.371279230414257
12.2384	0.371380158236593
12.2544	0.371373233844835
12.2704	0.371253467846778
12.2864	0.371016186773206
12.3024	0.370657279229609
12.3184	0.370173361602069
12.3344	0.369561904539074
12.3504	0.368821394011966
12.3664	0.36795144594751
12.3824	0.366952839627044
12.3984	0.365827606532823
12.4144	0.3645791271154
12.4304	0.363212067849833
12.4464	0.361732247323753
12.4624	0.360146458789381
12.4784	0.358462206026647
12.4944	0.356687422935573
12.5104	0.354830269675372
12.5264	0.352898978781244
12.5424	0.350901731527643
12.5584	0.348846620877782
12.5744	0.346741639477519
12.5904	0.34459465308883
12.6064	0.342413374581124
12.6224	0.340205395482154
12.6384	0.337978180298389
12.6544	0.335738980796955
12.6704	0.333494792735316
12.6864	0.331252392732697
12.7024	0.329018363108405
12.7184	0.326799155287647
12.7344	0.324601182871185
12.7504	0.322430953169498
12.7664	0.320295167271674
12.7824	0.318200740169283
12.7984	0.316154657646678
12.8144	0.314163792552488
12.8304	0.312234745929703
12.8464	0.310373698904731
12.8624	0.308586249154152
12.8784	0.306877263744403
12.8944	0.305250712278393
12.9104	0.303709527822233
12.9264	0.302255537420273
12.9424	0.300889519302908
12.9584	0.299611410283722
12.9744	0.298420691949448
12.9904	0.297316731828728
13.0064	0.296298990732907
13.0224	0.295367044483409
13.0384	0.294520443761471
13.0544	0.293758425927013
13.0704	0.293079660569523
13.0864	0.29248211518752
13.1024	0.291963089332037
13.1184	0.291519418835404
13.1344	0.291147849092547
13.1504	0.290845382576543
13.1664	0.290609447739954
13.1824	0.290437926693264
13.1984	0.290329047977594
13.2144	0.290281107328881
13.2304	0.290292186008355
13.2464	0.290359969027633
13.2624	0.290481650941147
13.2784	0.29065397076653
13.2944	0.290873358889247
13.3104	0.29113610102676
13.3264	0.291438487750877
13.3424	0.291777026435864
13.3584	0.292148544633947
13.3744	0.292550189764472
13.3904	0.292979406004526
13.4064	0.29343387320158
13.4224	0.293911364810709
13.4384	0.294409596017565
13.4544	0.294926065965084
13.4704	0.29545794221203
13.4864	0.296002086670464
13.5024	0.296555163208676
13.5184	0.29711378358683
13.5344	0.297674683988297
13.5504	0.298234886427643
13.5664	0.298791737390625
13.5824	0.299342907638555
13.5984	0.29988639267354
13.6144	0.300420549707177
13.6304	0.300944161079109
13.6464	0.30145655071282
13.6624	0.301957708629041
13.6784	0.302448465741208
13.6944	0.302930535392525
13.7104	0.303406449565377
13.7264	0.3038794085589
13.7424	0.3043531156251
13.7584	0.304831582158013
13.7744	0.305319002431171
13.7904	0.305819656764855
13.8064	0.306337860912046
13.8224	0.306877913064019
13.8384	0.307444040972424
13.8544	0.308040315340072
13.8704	0.308670624804477
13.8864	0.309338774811753
13.9024	0.310048731132069
13.9184	0.310804919941007
13.9344	0.311612541727973
13.9504	0.312477753682187
13.9664	0.313407584329285
13.9824	0.314409512838013
13.9984	0.315490850695923
14.0144	0.316658062387245
14.0304	0.317916188512077
14.0464	0.319268532475235
14.0624	0.320716676975523
14.0784	0.322260752165433
14.0944	0.323899915073765
14.1104	0.325632808658626
14.1264	0.327457845059043
14.1424	0.329373328507975
14.1584	0.331377464950451
14.1744	0.333468273216397
14.1904	0.335643504556189
14.2064	0.337900599903594
14.2224	0.340236546878559
14.2384	0.342647614556137
14.2544	0.345129036585726
14.2704	0.347674643689773
14.2864	0.350276549674602
14.3024	0.352925037392307
14.3184	0.355608716415064
14.3344	0.358314934713104
14.3504	0.361030317635027
14.3664	0.36374131020365
14.3824	0.366434611261847
14.3984	0.36909749270245
14.4144	0.371718031014189
14.4304	0.37428534665671
14.4464	0.376789853883313
14.4624	0.379223425475582
14.4784	0.381579487616808
14.4944	0.38385300365335
14.5104	0.386040312790836
14.5264	0.388138843053531
14.5424	0.390146859088984
14.5584	0.392063268065678
14.5744	0.393887397010702
14.5904	0.395618804009557
14.6064	0.397257181575751
14.6224	0.398802267979957
14.6384	0.400253711243052
14.6544	0.401611002868373
14.6704	0.402873524982104
14.6864	0.40404066699295
14.7024	0.405112002399897
14.7184	0.406087478953556
14.7344	0.406967470480656
14.7504	0.407752718814761
14.7664	0.408444219942935
14.7824	0.409043103802838
14.7984	0.409550513756509
14.8144	0.40996763421616
14.8304	0.410295898594049
14.8464	0.410537253349533
14.8624	0.410694277723682
14.8784	0.410770192700573
14.8944	0.410768705262405
14.9104	0.410693590554952
14.9264	0.410548120071158
14.9424	0.410334604649727
14.9584	0.410054104695066
14.9744	0.40970633608078
14.9904	0.409289813428266
15.0064	0.408802147655602
15.0224	0.408240367454755
15.0384	0.407601323734551
15.0544	0.406882078999208
15.0704	0.406080144936496
15.0864	0.405193669270683
15.1024	0.404221617697039
15.1184	0.403163840494927
15.1344	0.40202104886545
15.1504	0.40079478338522
15.1664	0.399487396365931
15.1824	0.398102062660263
15.1984	0.396642832294714
15.2144	0.395114733010666
15.2304	0.393523901704671
15.2464	0.391877745113252
15.2624	0.390185142009515
15.2784	0.388456506608743
15.2944	0.3867036800726
15.3104	0.384939682232948
15.3264	0.383178238745638
15.3424	0.381433089882966
15.3584	0.379717288280159
15.3744	0.378042609548881
15.3904	0.37641911625343
15.4064	0.374855011181554
15.4224	0.373356783195834
15.4384	0.371929377790635
15.4544	0.37057634749953
15.4704	0.369299985722047
15.4864	0.368101319062944
15.5024	0.366980017688088
15.5184	0.365934405600151
15.5344	0.364961566807244
15.5504	0.364057626135188
15.5664	0.363218232728562
15.5824	0.362439046139913
15.5984	0.361716117996928
15.6144	0.361046106775727
15.6304	0.360426258554017
15.6464	0.359854132429828
15.6624	0.359327213182921
15.6784	0.358842564079405
15.6944	0.35839670457784
15.7104	0.357985756911442
15.7264	0.357605790371856
15.7424	0.357253281632371
15.7584	0.356925550670126
15.7744	0.356620955089312
15.7904	0.356338794120288
15.8064	0.356078976457633
15.8224	0.355841571927641
15.8384	0.355626408015399
15.8544	0.35543289000638
15.8704	0.355260031424716
15.8864	0.355106692729489
15.9024	0.354971894087071
15.9184	0.354855062162374
15.9344	0.354756061811689
15.9504	0.3546750350986
15.9664	0.35461209800273
15.9824	0.354567055433628
15.9984	0.354539267229901
16.0144	0.354527750124643
16.0304	0.35453134032582
16.0464	0.354548851798577
16.0624	0.354579173795207
16.0784	0.354621371070579
16.0944	0.354674699439059
16.1104	0.354738571133223
16.1264	0.354812621540068
16.1424	0.354896829211973
16.1584	0.354991533232895
16.1744	0.355097409370785
16.1904	0.355215357601428
16.2064	0.355346248160853
16.2224	0.355490627297504
16.2384	0.35564855854994
16.2544	0.355819555681291
16.2704	0.356002622763247
16.2864	0.356196429145388
16.3024	0.356399487819202
16.3184	0.356610287899739
16.3344	0.356827466826536
16.3504	0.357050035861668
16.3664	0.357277564589956
16.3824	0.357510312198357
16.3984	0.357749347702787
16.4144	0.357996629317362
16.4304	0.358255085136707
16.4464	0.35852869815485
16.4624	0.358822709281546
16.4784	0.359143769114155
16.4944	0.359499898039229
16.5104	0.35990031880111
16.5264	0.360355169256627
16.5424	0.360874996088652
16.5584	0.361470173502114
16.5744	0.36215045589047
16.5904	0.36292471331888
16.6064	0.363800842731712
16.6224	0.364785930739964
16.6384	0.365886461016445
16.6544	0.367108481419202
16.6704	0.368457739118032
16.6864	0.369939766282936
16.7024	0.371559775766193
16.7184	0.373322425003311
16.7344	0.375231461074243
16.7504	0.37728928132667
16.7664	0.37949640913657
16.7824	0.381851058361593
16.7984	0.384348916385146
16.8144	0.386983258926746
16.8304	0.389745284577605
16.8464	0.392624609411624
16.8624	0.395609752541697
16.8784	0.39868849431276
16.8944	0.401848002146179
16.9104	0.40507471661241
16.9264	0.408354077274494
16.9424	0.411670272337803
16.9584	0.415006177932
16.9744	0.418343560877941
16.9904	0.421663483751594
17.0064	0.424946795400279
17.0224	0.428174600411572
17.0384	0.431328589837324
17.0544	0.434391135254196
17.0704	0.437345231159219
17.0864	0.440174420642511
17.1024	0.442862755810838
17.1184	0.445394856515078
17.1344	0.447756081827975
17.1504	0.449932742496263
17.1664	0.451912308414856
17.1824	0.45368364815788
17.1984	0.455237260404417
17.2144	0.456565492524126
17.2304	0.457662785020795
17.2464	0.458525879058047
17.2624	0.459153901808029
17.2784	0.459548295273167
17.2944	0.459712607807826
17.3104	0.459652202976948
17.3264	0.459374011121638
17.3424	0.458886405435716
17.3584	0.458199241482597
17.3744	0.457324064135602
17.3904	0.456274413984935
17.4064	0.455066135928203
17.4224	0.453717584055777
17.4384	0.452249649084775
17.4544	0.450685548021011
17.4704	0.449050384408006
17.4864	0.447370516265118
17.5024	0.44567282983074
17.5184	0.443983936095936
17.5344	0.442329450032017
17.5504	0.440733378730453
17.5664	0.439217663699938
17.5824	0.4378018478706
17.5984	0.436502951123558
17.6144	0.435335465307921
17.6304	0.434311426822206
17.6464	0.433440560339647
17.6624	0.432730494038276
17.6784	0.432187002623598
17.6944	0.431814298921844
17.7104	0.431615270301998
17.7264	0.431591612112157
17.7424	0.431743763370468
17.7584	0.432070574168249
17.7744	0.432568721269731
17.7904	0.433232201782076
17.8064	0.434052085426906
17.8224	0.435016614426524
17.8384	0.436111692783283
17.8544	0.437321616846205
17.8704	0.438629724219851
17.8864	0.440018807404974
17.9024	0.441471303729807
17.9184	0.442969269222388
17.9344	0.444494266106554
17.9504	0.446027409388142
17.9664	0.447549609386078
17.9824	0.449041968171036
17.9984	0.450486260022668
18.0144	0.451865380605406
18.0304	0.453163674373108
18.0464	0.454367171112887
18.0624	0.455463804360361
18.0784	0.45644363505262
18.0944	0.457299051464707
18.1104	0.458024940103969
18.1264	0.458618805612666
18.1424	0.459080801014348
18.1584	0.459413592938301
18.1744	0.459622066883316
18.1904	0.459712896574044
18.2064	0.459694012735715
18.2224	0.459574052957155
18.2384	0.459361884413097
18.2544	0.459066255762767
18.2704	0.458695611687536
18.2864	0.458258050815518
18.3024	0.457761355462696
18.3184	0.457213029843875
18.3344	0.45662029343881
18.3504	0.455990005718232
18.3664	0.455328540615799
18.3824	0.45464168895668
18.3984	0.45393461866004
18.4144	0.453211890064932
18.4304	0.452477524680905
18.4464	0.45173512670789
18.4624	0.450987970773649
18.4784	0.450238986974267
18.4944	0.449490663893314
18.5104	0.448744883633454
18.5264	0.448002662371636
18.5424	0.447263906865845
18.5584	0.446527265857856
18.5744	0.445790094233358
18.5904	0.445048558522251
18.6064	0.44429791022121
18.6224	0.443532832474172
18.6384	0.442747830616157
18.6544	0.441937609464157
18.6704	0.441097400511823
18.6864	0.440223231739235
18.7024	0.439312127226241
18.7184	0.43836221771764
18.7344	0.437372751946353
18.7504	0.436343938513303
18.7664	0.435276594981539
18.7824	0.434171759430267
18.7984	0.43303033963063
18.8144	0.43185282571768
18.8304	0.430639163853077
18.8464	0.429388869846762
18.8624	0.428101190160137
18.8784	0.426775295996691
18.8944	0.425410489480548
18.9104	0.424006332823575
18.9264	0.422562712832808
18.9424	0.421079982565628
18.9584	0.419559122583496
18.9744	0.418001924228632
18.9904	0.416411136991531
19.0064	0.414790529770105
19.0224	0.413144808317425
19.0384	0.411479429337987
19.0544	0.40980031771362
19.0704	0.408113553620332
19.0864	0.406425049771086
19.1024	0.404740296461393
19.1184	0.403064186982915
19.1344	0.401400943525183
19.1504	0.399754203052933
19.1664	0.398127262723552
19.1824	0.396523443256374
