19.1984	0.599815239431223
19.2144	0.595931393662227
19.2304	0.592986926442222
19.2464	0.590841577669721
19.2624	0.589365333615547
19.2784	0.588437836840399
19.2944	0.587948324371951
19.3104	0.587796134339783
19.3264	0.587891443350031
19.3424	0.588155996162527
19.3584	0.588523615966437
19.3744	0.588940272754712
19.3904	0.589363619621849
19.4064	0.589761960696137
19.4224	0.59011280987977
19.4384	0.590401336423724
19.4544	0.590618881224486
19.4704	0.590761642663324
19.4864	0.590829680438105
19.5024	0.590826194938813
19.5184	0.590756908620619
19.5344	0.59062946679785
19.5504	0.590452819132565
19.5664	0.590236599019022
19.5824	0.589990578702213
19.5984	0.589724279007328
19.6144	0.589446758458848
19.6304	0.589166621520576
19.6464	0.588892186327371
19.6624	0.588631658566442
19.6784	0.58839322880965
19.6944	0.588185007641073
19.7104	0.588014778875163
19.7264	0.587889621070985
19.7424	0.587815445703541
19.7584	0.587796511595002
19.7744	0.58783499339404
19.7904	0.587930618697897
19.8064	0.588080385573789
19.8224	0.588278405142205
19.8384	0.588515914620871
19.8544	0.588781556409572
19.8704	0.589061894976453
19.8864	0.589342109018048
19.9024	0.589606828756018
19.9184	0.58984112242058
19.9344	0.590031420557693
19.9504	0.590166366187418
19.9664	0.590237641230374
19.9824	0.590240614662775
19.9984	0.590174711844952
20.0144	0.590043539444537
20.0304	0.589854693822303
20.0464	0.589619229902269
20.0624	0.58935086213603
20.0784	0.589064985817799
20.0944	0.588777615886897
20.1104	0.588504446294223
20.1264	0.588260076276924
20.1424	0.588057416492461
20.1584	0.587907323772811
20.1744	0.587818428768855
20.1904	0.587797068371742
20.2064	0.587847284711984
20.2224	0.587970946130895
20.2384	0.588168031252621
20.2544	0.588437067411519
20.2704	0.588775657847123
20.2864	0.589180974301939
20.3024	0.589650052800948
20.3184	0.590179852962024
20.3344	0.59076717080768
20.3504	0.591408549590938
20.3664	0.592100252399518
20.3824	0.592838363240276
20.3984	0.593618965460678
20.4144	0.594438209142368
20.4304	0.595292090249472
20.4464	0.596175991727591
20.4624	0.597084046608302
20.4784	0.598008488352548
20.4944	0.598939226213929
20.5104	0.599863878657175
20.5264	0.600768190185477
20.5424	0.601636842832136
20.5584	0.602454514866963
20.5744	0.603206911105076
20.5904	0.603881555399653
20.6064	0.604468318296654
20.6224	0.604959551233492
20.6384	0.605349868387179
20.6544	0.605635733143004
20.6704	0.605814993326817
20.6864	0.605886471106146
20.7024	0.605849746813306
20.7184	0.605705198150986
20.7344	0.60545428610601
20.7504	0.605099995518117
20.7664	0.604647259750777
20.7824	0.604103202251167
20.7984	0.603477094617915
20.8144	0.602779955257461
20.8304	0.602023958640871
20.8464	0.601221833316117
20.8624	0.600386373900051
20.8784	0.599530150530768
20.8944	0.598665466577472
20.9104	0.597804339703885
20.9264	0.596958460549445
20.9424	0.596138994976968
20.9584	0.595356226692161
20.9744	0.594619153608051
20.9904	0.593935229560316
21.0064	0.593310029870167
21.0224	0.592746978482751
21.0384	0.59224729918958
21.0544	0.591810063882235
21.0704	0.591432432913166
21.0864	0.591110279937652
21.1024	0.590839045631924
21.1184	0.590614573762537
21.1344	0.590434078338944
21.1504	0.590296719675621
21.1664	0.59020357443012
21.1824	0.590157112116117
21.1984	0.590160259596701
21.2144	0.590214994277062
21.2304	0.590321071283029
21.2464	0.590475200894957
21.2624	0.590670764235142
21.2784	0.59089803254335
21.2944	0.59114485384805
21.3104	0.59139749643316
21.3264	0.591641553279146
21.3424	0.591862766708232
21.3584	0.592047726516626
21.3744	0.592184342351061
21.3904	0.592262129809455
21.4064	0.592272237482916
21.4224	0.592207391840361
21.4384	0.592061743023237
21.4544	0.591830559785535
21.4704	0.591509984360869
21.4864	0.591097051655538
21.5024	0.590589941085796
21.5184	0.589988272865298
21.5344	0.589293422451078
21.5504	0.588508733288904
21.5664	0.587639516706417
21.5824	0.586692872603521
21.5984	0.585677570413168
21.6144	0.584604107587325
21.6304	0.583484598112477
21.6464	0.582332367030972
21.6624	0.58116125869617
21.6784	0.579984577169284
21.6944	0.578813802723175
21.7104	0.577657752619302
21.7264	0.576522379783796
21.7424	0.575411056204189
21.7584	0.574325314028442
21.7744	0.573265868155772
21.7904	0.572233222193404
21.8064	0.571227931246881
21.8224	0.570250719435421
21.8384	0.569302528252479
21.8544	0.568384502553613
21.8704	0.567498293178119
21.8864	0.566646429645857
21.9024	0.565832540816132
21.9184	0.565061293220765
21.9344	0.564338367421783
21.9504	0.563670426649765
21.9664	0.563065072228596
21.9824	0.562530559583934
21.9984	0.562075477873236
22.0144	0.561708067240829
22.0304	0.561435341846732
22.0464	0.561262364586469
22.0624	0.561191933349505
22.0784	0.56122462167184
22.0944	0.561359436503039
22.1104	0.561594847568244
22.1264	0.561929766103617
22.1424	0.562364180573582
22.1584	0.562899375173288
22.1744	0.563537466674802
22.1904	0.564280609355933
22.2064	0.565130053365806
22.2224	0.566085323173752
22.2384	0.567143793983064
22.2544	0.568300992179843
22.2704	0.569551360300807
22.2864	0.570889313976636
22.3024	0.572310268321303
22.3184	0.573811007672589
22.3344	0.575389212201458
22.3504	0.57704233544689
22.3664	0.578766048644752
22.3824	0.580552756420161
22.3984	0.582390770165034
22.4144	0.584264390160001
22.4304	0.586154651784341
22.4464	0.588040473727574
22.4624	0.589899962629147
22.4784	0.591711632950023
22.4944	0.59345535767568
22.5104	0.595113152145018
22.5264	0.596669922368505
22.5424	0.59811400126307
22.5584	0.599437411910344
22.5744	0.600635740925895
22.5904	0.601707539140421
22.6064	0.60265334876101
22.6224	0.603474705374424
22.6384	0.604173322768816
22.6544	0.604750613047486
22.6704	0.605207687778034
22.6864	0.605545804382359
22.7024	0.605767012455431
22.7184	0.605874832116001
22.7344	0.605874816958362
22.7504	0.605774881159391
22.7664	0.605585345576287
22.7824	0.605318705987315
22.7984	0.604989164304584
22.8144	0.604611988887314
22.8304	0.604202785071607
22.8464	0.603776807946247
22.8624	0.603348439461911
22.8784	0.60293085326191
22.8944	0.602535867453639
22.9104	0.602173958597518
22.9264	0.601854370796332
22.9424	0.601585237789891
22.9584	0.601373672035038
22.9744	0.60122585527813
22.9904	0.601147120521887
23.0064	0.6011419750306
23.0224	0.601213977123166
23.0384	0.601365435087587
23.0544	0.601596879897784
23.0704	0.601906370955817
23.0864	0.602288680088691
23.1024	0.602734475230932
23.1184	0.603229617616194
23.1344	0.603754755578734
23.1504	0.604285271338881
23.1664	0.604791668897064
23.1824	0.605240539601596
23.1984	0.605596142080117
23.2144	0.605822490779587
23.2304	0.605885736131654
23.2464	0.605756475914291
23.2624	0.605411684686601
23.2784	0.604835968251223
23.2944	0.604022005357251
23.3104	0.602970247760254
23.3264	0.601687973219555
23.3424	0.600187958748279
23.3584	0.598487109003486
23.3744	0.596605225639792
23.3904	0.594564183659145
23.4064	0.592387593682702
23.4224	0.590100707353827
23.4384	0.587730358045405
23.4544	0.585304962104487
23.4704	0.582854353400649
23.4864	0.580409375002432
23.5024	0.578001473444033
23.5184	0.575662288433591
23.5344	0.573423134625841
23.5504	0.571314395151944
23.5664	0.569364642802498
23.5824	0.567599581673107
23.5984	0.566041105072031
23.6144	0.564706632197044
23.6304	0.563608813706082
23.6464	0.562755725029888
23.6624	0.56215127930443
23.6784	0.561795632860935
23.6944	0.561685555925919
23.7104	0.561814539285365
23.7264	0.562172778719628
23.7424	0.562747253821158
23.7584	0.563522048154368
23.7744	0.564478677075272
23.7904	0.565596647484995
23.8064	0.566854120277981
23.8224	0.568228359211275
23.8384	0.569695981999644
23.8544	0.571233311920309
23.8704	0.572816686101191
23.8864	0.574422695471071
23.9024	0.576028621981436
23.9184	0.577612927216592
23.9344	0.57915559054743
23.9504	0.580638457956752
23.9664	0.582045643214201
23.9824	0.583363784671633
23.9984	0.58458212299945
24.0144	0.585692462148813
24.0304	0.586688959891376
24.0464	0.58756768571709
24.0624	0.588326230812868
24.0784	0.588963574351396
24.0944	0.589479986196125
24.1104	0.589876903546497
24.1264	0.590156847858339
24.1424	0.590323271756802
24.1584	0.590380199257083
24.1744	0.59033180040376
24.1904	0.590182001941116
24.2064	0.589934239016998
24.2224	0.589591445274777
24.2384	0.589156307858389
24.2544	0.588631585971484
24.2704	0.588020537806983
24.2864	0.587327346293819
24.3024	0.586557382944079
24.3184	0.585717353422183
24.3344	0.584815572159528
24.3504	0.583862166112681
24.3664	0.582869316623487
24.3824	0.581851435631847
24.3984	0.580825002196775
24.4144	0.579808078763449
24.4304	0.57881966177581
24.4464	0.577878704681439
24.4624	0.57700297463623
24.4784	0.576208213129007
24.4944	0.575507767580689
24.5104	0.57491255267621
24.5264	0.574431425265971
24.5424	0.574071794900988
24.5584	0.573840074615759
24.5744	0.573741920094903
24.5904	0.573782257551898
24.6064	0.573965079974982
24.6224	0.574293131847185
24.6384	0.574767569836126
24.6544	0.575387526696318
24.6704	0.576149728882115
24.6864	0.577048144434116
24.7024	0.578073727313381
24.7184	0.579214465132168
24.7344	0.580455893849717
24.7504	0.58178198765188
24.7664	0.583176330519905
24.7824	0.584623224284201
24.7984	0.586108389602373
24.8144	0.587619127297671
24.8304	0.589144008998915
24.8464	0.590672062720273
24.8624	0.592191844892
24.8784	0.593690884612329
24.8944	0.59515550921185
24.9104	0.596571126045887
24.9264	0.597922943220397
24.9424	0.599196826739785
24.9584	0.600380000323071
24.9744	0.601461603329767
24.9904	0.6024329262317
25.0064	0.603287408570282
25.0224	0.604020587306309
25.0384	0.604630089692705
25.0544	0.605115630124033
25.0704	0.605479051739508
25.0864	0.605724310238998
25.1024	0.605857300215916
25.1184	0.605885507577909
25.1344	0.605817543520402
25.1504	0.605662657258904
25.1664	0.605430318155754
25.1824	0.605129893655317
25.1984	0.604770431480915
25.2144	0.604360543459165
25.2304	0.603908405025663
25.2464	0.603421910855445
25.2624	0.602908951340282
25.2784	0.602377735442474
25.2944	0.601837124224744
25.3104	0.601296790538413
25.3264	0.600767087400868
25.3424	0.600258597785228
25.3584	0.599781472562768
25.3744	0.599344702221401
25.3904	0.598955492950495
25.4064	0.598618836339824
25.4224	0.59833734379697
25.4384	0.598111329023027
25.4544	0.597939064425077
25.4704	0.597817207815183
25.4864	0.597741378354272
25.5024	0.597706725606599
25.5184	0.597708381734151
25.5344	0.597741754552203
25.5504	0.597802518650838
25.5664	0.597886363826433
25.5824	0.597988750289801
25.5984	0.598104778408356
25.6144	0.598229127826357
25.6304	0.598356262132143
25.6464	0.598480784511025
25.6624	0.598597719683198
25.6784	0.598702636834219
25.6944	0.598791723161298
25.7104	0.598861707079209
25.7264	0.598909721159885
25.7424	0.598933274564274
25.7584	0.59893039733322
25.7744	0.598899774813958
25.7904	0.598840872081269
25.8064	0.59875401753095
25.8224	0.598640411164411
25.8384	0.598502014352903
25.8544	0.598341483895069
25.8704	0.598162079785084
25.8864	0.597967512098307
25.9024	0.597761799805426
25.9184	0.597549221782515
25.9344	0.597334206147366
25.9504	0.597121249571842
25.9664	0.596914940959664
25.9824	0.596719978150645
25.9984	0.596541091171616
26.0144	0.59638300183758
26.0304	0.596250304289583
26.0464	0.596147330107101
26.0624	0.596078100708723
26.0784	0.596046348198229
26.0944	0.596055515556486
26.1104	0.596108765109307
26.1264	0.596208960531271
26.1424	0.596358517816384
26.1584	0.596559201196555
26.1744	0.596811951717768
26.1904	0.597116793133296
26.2064	0.597472788599021
26.2224	0.597878006522819
26.2384	0.598329427076692
26.2544	0.59882278995417
26.2704	0.5993524671552
26.2864	0.599911480768583
26.3024	0.600491665575987
26.3184	0.601084016989603
26.3344	0.601679141821364
26.3504	0.602267689868654
26.3664	0.602840582775912
26.3824	0.603389056651736
26.3984	0.603904546306126
26.4144	0.604378518546923
26.4304	0.604802382678713
26.4464	0.605167544025221
26.4624	0.605465643101866
26.4784	0.605688994287789
26.4944	0.605831095853205
26.5104	0.60588708728335
26.5264	0.605854074880313
26.5424	0.605731240249384
26.5584	0.605519717616858
26.5744	0.605222324904275
26.5904	0.604843251824946
26.6064	0.604387832247426
26.6224	0.603862505972643
26.6384	0.603274949599268
26.6544	0.602634343382647
26.6704	0.60195178485526
26.6864	0.601240633391967
26.7024	0.60051660019451
26.7184	0.59979748770354
26.7344	0.599102454525905
26.7504	0.598450816419586
26.7664	0.597860719954838
26.7824	0.597348020963977
26.7984	0.59692566027104
26.8144	0.596603608926557
26.8304	0.596389227305622
26.8464	0.596287678484146
26.8624	0.596302173653726
26.8784	0.596433905814479
26.8944	0.596681824118036
26.9104	0.597042349394428
26.9264	0.597509135319683
26.9424	0.598072924877101
26.9584	0.598721613130124
26.9744	0.599440366617159
26.9904	0.600211713727617
27.0064	0.601015779477052
27.0224	0.601830712219339
27.0384	0.602633246962228
27.0544	0.603399326784142
27.0704	0.604104628704476
27.0864	0.604724896449511
27.1024	0.605236092122482
27.1184	0.605614489672803
27.1344	0.605836875963519
27.1504	0.605881008580923
27.1664	0.605726444012248
27.1824	0.605355732041403
27.1984	0.604755895236735
27.2144	0.603920130575148
27.2304	0.60284962031335
27.2464	0.601555339338461
27.2624	0.60005974824287
27.2784	0.598398269701988
27.2944	0.59662039158718
27.3104	0.594790185814304
27.3264	0.592985981076595
27.3424	0.591298942286244
27.3584	0.589830334554222
27.3744	0.588687544009531
27.3904	0.587979172232167
27.4064	0.587809728325169
27.4224	0.588274579430959
27.4384	0.589455617732142
27.4544	0.59141782280301
27.4704	0.594206869993172
27.4864	0.597847783044358
27.5024	0.602344388731012
27.5184	0.607679485811218
27.5344	0.613815565490654
27.5504	0.620695566481004
27.5664	0.628243779380568
27.5824	0.636366853235245
27.5984	0.644955346492111
27.6144	0.653886134219078
27.6304	0.663026240739214
27.6464	0.672237154855225
27.6624	0.681379357411402
27.6784	0.690315538049958
27.6944	0.698912493804869
27.7104	0.707041578502299
27.7264	0.714579507870781
27.7424	0.72141042709643
27.7584	0.727429851573447
27.7744	0.732548787999235
27.7904	0.736697952510781
27.8064	0.739831270114678
27.8224	0.741928202304166
27.8384	0.742993353448014
27.8544	0.74305519475854
27.8704	0.742164360778929
27.8864	0.740390639506927
27.9024	0.73781952729621
27.9184	0.734550455982912
27.9344	0.730693920944191
27.9504	0.726366689499969
27.9664	0.721686228012345
27.9824	0.716764239721101
27.9984	0.711699037481935
28.0144	0.706569790704975
28.0304	0.701433556332972
28.0464	0.696324579308907
28.0624	0.691257435109378
28.0784	0.686233865825102
28.0944	0.681249693383847
28.1104	0.676300905350558
28.1264	0.6713883787437
28.1424	0.666519430509993
28.1584	0.661706279652549
28.1744	0.65696417824654
28.1904	0.652309072065123
28.2064	0.647755855219089
28.2224	0.643317517938499
28.2384	0.639004763887783
28.2544	0.634825596987298
28.2704	0.630785792024994
28.2864	0.626889310110869
28.3024	0.623138572048788
28.3184	0.619535166472701
28.3344	0.616081175940849
28.3504	0.612780252963944
28.3664	0.609638716176391
28.3824	0.606666224468313
28.3984	0.603875478059194
28.4144	0.601281004847237
28.4304	0.598897734271645
28.4464	0.596739316498656
28.4624	0.594816587751097
28.4784	0.593136336807561
28.4944	0.591700629089587
28.5104	0.590506639542923
28.5264	0.589547082351942
28.5424	0.588811117940054
28.5584	0.588285530243752
28.5744	0.587955909990228
28.5904	0.587807573135592
28.6064	0.587826007942454
28.6224	0.587996932685542
28.6384	0.588306114247075
28.6544	0.588739124084327
28.6704	0.589281235157046
28.6864	0.589917497489182
28.7024	0.590632976879874
28.7184	0.591412994497091
28.7344	0.592243251306058
28.7504	0.593109812130365
28.7664	0.593999081657216
28.7824	0.594897785584067
