9.5344	0.270401685603918
9.5504	0.270516491701197
9.5664	0.270600907395903
9.5824	0.270654717625976
9.5984	0.270677751306457
9.6144	0.270669881650977
9.6304	0.270631053706763
9.6464	0.270561303580482
9.6624	0.270460764693248
9.6784	0.270329643502403
9.6944	0.270168152086524
9.7104	0.269976470360453
9.7264	0.269754791393892
9.7424	0.269503431067238
9.7584	0.269222971285536
9.7744	0.268914417216874
9.7904	0.268579314360427
9.8064	0.268219797927979
9.8224	0.267838530869771
9.8384	0.26743853795312
9.8544	0.267023006934454
9.8704	0.266595113063954
9.8864	0.266157869383569
9.9024	0.265714011798162
9.9184	0.265265928123445
9.9344	0.264815625905258
9.9504	0.2643647399833
9.9664	0.263914583662518
9.9824	0.263466232952771
9.9984	0.263020632168691
10.0144	0.262578679867336
10.0304	0.262141274080594
10.0464	0.261709306901121
10.0624	0.261283607135329
10.0784	0.260864847480987
10.0944	0.260453454715099
10.1104	0.260049533228126
10.1264	0.259652827070597
10.1424	0.259262774411288
10.1584	0.258878647039548
10.1744	0.258499726041363
10.1904	0.258125482957612
10.2064	0.257755746245025
10.2224	0.257390802232158
10.2384	0.257031412874842
10.2544	0.256678766788982
10.2704	0.256334367911693
10.2864	0.255999890231469
10.3024	0.255677069221806
10.3184	0.255367689742594
10.3344	0.255073619497236
10.3504	0.254796861076699
10.3664	0.254539599445566
10.3824	0.254304198113367
10.3984	0.254093097747171
10.4144	0.253908685221178
10.4304	0.253753155540468
10.4464	0.253628379788696
10.4624	0.25353581887108
10.4784	0.253476523075097
10.4944	0.253451142696457
10.5104	0.253459956906401
10.5264	0.253502911118108
10.5424	0.253579631355115
10.5584	0.253689406446219
10.5744	0.253831215736595
10.5904	0.254003779408622
10.6064	0.254205633374762
10.6224	0.254435233455103
10.6384	0.254691087019715
10.6544	0.254971811735951
10.6704	0.255276151173175
10.6864	0.255602951436486
10.7024	0.255951090327918
10.7184	0.256319350800607
10.7344	0.256706341017593
10.7504	0.257110465668324
10.7664	0.257529969156312
10.7824	0.257963068094118
10.7984	0.25840814978597
10.8144	0.258863927281117
10.8304	0.259329551242299
10.8464	0.259804655773285
10.8624	0.260289278407579
10.8784	0.260783678820627
10.8944	0.261288154322145
10.9104	0.261802874788314
10.9264	0.262327752925888
10.9424	0.262862394349413
10.9584	0.263406089370414
10.9744	0.263957847996749
10.9904	0.264516480051054
11.0064	0.265080689769488
11.0224	0.265649160675213
11.0384	0.266220700015449
11.0544	0.26679441161461
11.0704	0.267369826408386
11.0864	0.267946954894814
11.1024	0.268526275693271
11.1184	0.269108608968971
11.1344	0.26969490205864
11.1504	0.270285952335881
11.1664	0.270882147920091
11.1824	0.271483298274065
11.1984	0.272088608636092
11.2144	0.272696731565363
11.2304	0.273305899043115
11.2464	0.273914100355129
11.2624	0.274519238577209
11.2784	0.275119210979142
11.2944	0.275711958043501
11.3104	0.276295465116949
11.3264	0.276867738865242
11.3424	0.277426811185624
11.3584	0.277970763520891
11.3744	0.278497747200014
11.3904	0.27900608297792
11.4064	0.27949440728925
11.4224	0.279961782160247
11.4384	0.280407767130974
11.4544	0.280832485523132
11.4704	0.281236618750151
11.4864	0.281621363137511
11.5024	0.281988366186766
11.5184	0.282339625248985
11.5344	0.282677370522725
11.5504	0.283003967369749
11.5664	0.28332180031392
11.5824	0.283633141852604
11.5984	0.283940066446686
11.6144	0.284244425964073
11.6304	0.284547844937967
11.6464	0.284851760340832
11.6624	0.285157483992141
11.6784	0.285466278370582
11.6944	0.28577940849202
11.7104	0.286098155323735
11.7264	0.286423758678456
11.7424	0.286757341550283
11.7584	0.287099855542402
11.7744	0.287452043821956
11.7904	0.28781441656942
11.8064	0.288187279191722
11.8224	0.288570803004343
11.8384	0.288965105825727
11.8544	0.289370330482068
11.8704	0.289786706540597
11.8864	0.290214579366502
11.9024	0.290654408649276
11.9184	0.291106722853001
11.9344	0.2915720514124
11.9504	0.292050889843999
11.9664	0.29254366854964
11.9824	0.293050738042967
11.9984	0.293572385659981
12.0144	0.294108865504838
12.0304	0.294660389662282
12.0464	0.295227119168271
12.0624	0.295809141162485
12.0784	0.296406414434859
12.0944	0.297018699555861
12.1104	0.297645548780331
12.1264	0.298286327177512
12.1424	0.298940272911761
12.1584	0.299606592911601
12.1744	0.300284564809633
12.1904	0.300973575307923
12.2064	0.301673150821721
12.2224	0.302382980042993
12.2384	0.303102878265171
12.2544	0.303832700983628
12.2704	0.304572255316247
12.2864	0.30532116856344
12.3024	0.306078734424393
12.3184	0.306843834097381
12.3344	0.307614972741932
12.3504	0.30839039815149
12.3664	0.309168301833822
12.3824	0.309947060187013
12.3984	0.310725415216953
12.4144	0.311502546644902
12.4304	0.312278028109525
12.4464	0.313051676927709
12.4624	0.313823360064338
12.4784	0.314592844183815
12.4944	0.315359727693725
12.5104	0.316123457886136
12.5264	0.316883392178138
12.5424	0.317638875058521
12.5584	0.318389286773641
12.5744	0.319134030796187
12.5904	0.319872473439135
12.6064	0.320603870338346
12.6224	0.321327300803647
12.6384	0.322041634850285
12.6544	0.322745543947393
12.6704	0.323437575419879
12.6864	0.324116262351252
12.7024	0.324780247599635
12.7184	0.325428393530578
12.7344	0.326059876200016
12.7504	0.326674210705078
12.7664	0.327271245306575
12.7824	0.327851141100559
12.7984	0.328414337493554
12.8144	0.328961488032335
12.8304	0.329493397268669
12.8464	0.330010929603396
12.8624	0.330514881528458
12.8784	0.331005843277311
12.8944	0.331484098640478
12.9104	0.331949571422704
12.9264	0.332401877225658
12.9424	0.332840455715442
12.9584	0.333264754591438
12.9744	0.333674408683609
12.9904	0.334069385621908
13.0064	0.334450057259533
13.0224	0.334817186148396
13.0384	0.335171829098897
13.0544	0.335515199373958
13.0704	0.335848546293131
13.0864	0.336173054195509
13.1024	0.336489785017602
13.1184	0.336799675561051
13.1344	0.337103569967424
13.1504	0.337402265281305
13.1664	0.33769657799445
13.1824	0.337987387368659
13.1984	0.338275633640387
13.2144	0.33856228047995
13.2304	0.338848249642396
13.2464	0.339134331071027
13.2624	0.339421127202058
13.2784	0.339709036193471
13.2944	0.339998273589634
13.3104	0.340288907687061
13.3264	0.340580876469322
13.3424	0.340873953092131
13.3584	0.341167683297899
13.3744	0.341461312591719
13.3904	0.341753735594022
13.4064	0.342043498881208
13.4224	0.342328856390089
13.4384	0.342607866182214
13.4544	0.342878495764519
13.4704	0.343138704544392
13.4864	0.343386467016657
13.5024	0.343619770189973
13.5184	0.343836624705256
13.5344	0.344035126816515
13.5504	0.344213531311968
13.5664	0.344370311212344
13.5824	0.344504182131301
13.5984	0.344614083645783
13.6144	0.344699090922008
13.6304	0.344758297085562
13.6464	0.344790733675323
13.6624	0.344795384635067
13.6784	0.344771282324948
13.6944	0.344717645789243
13.7104	0.344634010594386
13.7264	0.344520328850216
13.7424	0.344377006466471
13.7584	0.344204875766753
13.7744	0.344005137860179
13.7904	0.343779339860054
13.8064	0.343529371890835
13.8224	0.343257463955564
13.8384	0.342966165824483
13.8544	0.342658309619843
13.8704	0.342336953749861
13.8864	0.342005314379747
13.9024	0.34166666520448
13.9184	0.341324236357745
13.9344	0.340981152095114
13.9504	0.340640401753868
13.9664	0.34030482391832
13.9824	0.339977139814129
13.9984	0.339660016836932
14.0144	0.339356155636898
14.0304	0.33906837628479
14.0464	0.338799689970196
14.0624	0.338553317406802
14.0784	0.338332644346825
14.0944	0.338141096671484
14.1104	0.337981969003453
14.1264	0.337858297971601
14.1424	0.337772811014097
14.1584	0.337727918341617
14.1744	0.337725768113688
14.1904	0.337768340309664
14.2064	0.337857514937246
14.2224	0.337995103272298
14.2384	0.338182852440136
14.2544	0.338422388757504
14.2704	0.338715137377936
14.2864	0.339062257967616
14.3024	0.339464577214617
14.3184	0.339922518900792
14.3344	0.340436080314326
14.3504	0.341004823864876
14.3664	0.341627865662755
14.3824	0.342303883164087
14.3984	0.343031163786958
14.4144	0.343807646407211
14.4304	0.344630975899986
14.4464	0.345498583435429
14.4624	0.346407756100121
14.4784	0.347355697877411
14.4944	0.348339621252761
14.5104	0.349356831457733
14.5264	0.350404759567784
14.5424	0.351480976587123
14.5584	0.352583195392751
14.5744	0.3537092252012
14.5904	0.35485693416201
14.6064	0.356024267503118
14.6224	0.357209275647555
14.6384	0.358410158493904
14.6544	0.35962533875195
14.6704	0.360853507346853
14.6864	0.36209362341909
14.7024	0.363344900386058
14.7184	0.364606767402125
14.7344	0.365878807149057
14.7504	0.36716071841686
14.7664	0.368452271543591
14.7824	0.369753260603825
14.7984	0.371063477738024
14.8144	0.372382685869253
14.8304	0.373710561530116
14.8464	0.375046653695229
14.8624	0.376390350183174
14.8784	0.377740850282921
14.8944	0.379097167697242
14.9104	0.380458155297703
14.9264	0.381822506682365
14.9424	0.383188768152669
14.9584	0.384555338064218
14.9744	0.385920423171016
14.9904	0.387281968714585
15.0064	0.388637628233187
15.0224	0.389984751925457
15.0384	0.391320409865957
15.0544	0.392641461311887
15.0704	0.393944643951945
15.0864	0.395226632391413
15.1024	0.396484080289452
15.1184	0.397713621080807
15.1344	0.398911841669339
15.1504	0.400075298869606
15.1664	0.401200611221595
15.1824	0.402284572362798
15.1984	0.403324287462588
15.2144	0.404317310816856
15.2304	0.405261696491355
15.2464	0.406155943253023
15.2624	0.406998909978459
15.2784	0.407789709925175
15.2944	0.408527644644772
15.3104	0.40921223288608
15.3264	0.40984330246437
15.3424	0.410421100349885
15.3584	0.410946426402934
15.3744	0.411420712646497
15.3904	0.4118460023319
15.4064	0.412224910395721
15.4224	0.412560603975427
15.4384	0.412856734456353
15.4544	0.413117363629267
15.4704	0.413346923516709
15.4864	0.413550148853979
15.5024	0.413731917082735
15.5184	0.413897032102541
15.5344	0.41404995507575
15.5504	0.414194528583455
15.5664	0.414333766995437
15.5824	0.414469768956769
15.5984	0.414603736258429
15.6144	0.414736105354535
15.6304	0.414866766728643
15.6464	0.414995273111581
15.6624	0.415120976324502
15.6784	0.415243092468001
15.6944	0.41536073512264
15.7104	0.415472889245392
15.7264	0.41557838739303
15.7424	0.415675947667858
15.7584	0.415764307398793
15.7744	0.415842349767949
15.7904	0.415909239831469
15.8064	0.41596453343366
15.8224	0.416008209765076
15.8384	0.416040619245699
15.8544	0.416062413359879
15.8704	0.416074421693675
15.8864	0.416077489300666
15.9024	0.416072310693891
15.9184	0.416059321949712
15.9344	0.416038617078317
15.9504	0.416009965819022
15.9664	0.415972944023534
15.9824	0.415927112983433
15.9984	0.415872208543369
16.0144	0.415808344331038
16.0304	0.415736138402155
16.0464	0.415656700307996
16.0624	0.415571512225328
16.0784	0.415482206221945
16.0944	0.415390237403188
16.1104	0.415296575439488
16.1264	0.415201494672579
16.1424	0.415104481226542
16.1584	0.415004265070305
16.1744	0.414898988086188
16.1904	0.414786413354201
16.2064	0.414664135537043
16.2224	0.41452976775119
16.2384	0.414381040573448
16.2544	0.41421582087919
16.2704	0.41403214661127
16.2864	0.413828254855926
16.3024	0.413602641159805
16.3184	0.413354167389271
16.3344	0.413082205857201
16.3504	0.412786734696682
16.3664	0.41246840760698
16.3824	0.412128542905466
16.3984	0.411769017727405
16.4144	0.411392111923209
16.4304	0.411000309537974
16.4464	0.410596043840318
16.4624	0.410181455767717
16.4784	0.409758247848518
16.4944	0.409327620830092
16.5104	0.408890306930092
16.5264	0.408446736702999
16.5424	0.407997319352691
16.5584	0.407542733397184
16.5744	0.407084181712475
16.5904	0.406623562633664
16.6064	0.406163553876187
16.6224	0.405707584578898
16.6384	0.405259737061336
16.6544	0.404824558300065
16.6704	0.404406816121747
16.6864	0.404011237660586
16.7024	0.403642277895189
16.7184	0.403303920297509
16.7344	0.402999572198612
16.7504	0.402732066725843
16.7664	0.402503754327507
16.7824	0.402316635259615
16.7984	0.402172510009642
16.8144	0.402073096800867
16.8304	0.402020089179048
16.8464	0.402015125775903
16.8624	0.402059704519379
16.8784	0.402155122242865
16.8944	0.402302463765017
16.9104	0.402502626727689
16.9264	0.402756361267132
16.9424	0.403064291750884
16.9584	0.403426872675087
16.9744	0.403844300238769
16.9904	0.404316397752126
17.0064	0.404842491974487
17.0224	0.40542133958486
17.0384	0.40605113239174
17.0544	0.406729576753242
17.0704	0.40745404525576
17.0864	0.408221758757517
17.1024	0.409029968111027
17.1184	0.409876110181312
17.1344	0.410757879235394
17.1504	0.411673230527633
17.1664	0.412620347428357
17.1824	0.413597545800537
17.1984	0.414603124176912
17.2144	0.415635221978869
17.2304	0.416691646708908
17.2464	0.417769682489509
17.2624	0.418865949111901
17.2784	0.419976326206854
17.2944	0.421095909027335
17.3104	0.422219105975649
17.3264	0.423339869087863
17.3424	0.424452048694478
17.3584	0.425549831514386
17.3744	0.426628179738303
17.3904	0.427683076636502
17.4064	0.428711616505576
17.4224	0.429711869732278
17.4384	0.430682500033314
17.4544	0.431622294247955
17.4704	0.432529793495057
17.4864	0.433402991979508
17.5024	0.43423915358042
17.5184	0.435034755741768
17.5344	0.435785578861692
17.5504	0.436486875642272
17.5664	0.437133656899091
17.5824	0.437721004949553
17.5984	0.438244453526085
17.6144	0.438700369381781
17.6304	0.439086239896774
17.6464	0.439400731499303
17.6624	0.439643535776385
17.6784	0.439815078428438
17.6944	0.439916201781733
17.7104	0.4399478697135
17.7264	0.439910966869196
17.7424	0.439806280791752
17.7584	0.439634623326571
17.7744	0.439396953987198
17.7904	0.439094540373126
17.8064	0.438729133076595
17.8224	0.4383030969513
17.8384	0.437819495856171
17.8544	0.437282160088089
17.8704	0.43669572331072
17.8864	0.4360656107309
17.9024	0.435397966363614
17.9184	0.434699509177701
17.9344	0.433977380769393
17.9504	0.433239026094481
17.9664	0.432492068080493
17.9824	0.431744226978817
17.9984	0.43100331223561
18.0144	0.430277232335962
18.0304	0.429574007737106
18.0464	0.428901806588185
18.0624	0.428268950457789
18.0784	0.427683890378838
18.0944	0.42715513266966
18.1104	0.426691066850488
18.1264	0.426299751237349
18.1424	0.425988756449869
18.1584	0.425765028810472
18.1744	0.425634781655128
18.1904	0.425603451477825
18.2064	0.425675728886509
18.2224	0.425855581937406
18.2384	0.426146270897093
18.2544	0.426550357346427
18.2704	0.427069717152148
18.2864	0.427705579697897
18.3024	0.428458616032037
18.3184	0.429329069807078
18.3344	0.430316887916891
18.3504	0.431421817228529
18.3664	0.43264346943269
18.3824	0.433981246657389
18.3984	0.435434115902285
18.4144	0.437000330187058
18.4304	0.438677106546136
18.4464	0.440460259108711
18.4624	0.442343940186736
18.4784	0.444320509809413
18.4944	0.446380492348436
18.5104	0.448512673258814
18.5264	0.450704338911427
18.5424	0.452941549310206
18.5584	0.45520947108476
18.5744	0.4574927229684
18.5904	0.459775647868445
18.6064	0.462042550394832
18.6224	0.464277983795414
18.6384	0.466466947692837
18.6544	0.468595006763368
18.6704	0.470648296530414
18.6864	0.472613405007632
18.7024	0.474477245085661
18.7184	0.476227005772051
18.7344	0.477850144192626
18.7504	0.479334571971135
18.7664	0.480669110446695
18.7824	0.48184402183748
18.7984	0.482851491790694
18.8144	0.483686018763382
18.8304	0.484344649185747
18.8464	0.484826962807186
18.8624	0.485134900912172
18.8784	0.485272438283628
18.8944	0.485245175902604
18.9104	0.485059910352063
18.9264	0.484724195264773
18.9424	0.484245845921361
18.9584	0.483632532269776
18.9744	0.482891535353979
18.9904	0.482029644825972
19.0064	0.481053154244809
19.0224	0.479967989206857
19.0384	0.478779856213117
19.0544	0.477494344325413
