19.0064	0.544242598122755
19.0224	0.544105918952374
19.0384	0.543937805004726
19.0544	0.543740099961097
19.0704	0.543514990920743
19.0864	0.543264889188167
19.1024	0.542992576251235
19.1184	0.542701423616402
19.1344	0.542395513523891
19.1504	0.542079692020392
19.1664	0.541759515905683
19.1824	0.541440943266425
19.1984	0.541129870716182
19.2144	0.540831609631313
19.2304	0.540550438704942
19.2464	0.540289389019398
19.2624	0.540050378257293
19.2784	0.539834504104986
19.2944	0.539642421437419
19.3104	0.539474663640407
19.3264	0.539331763083817
19.3424	0.539214118670101
19.3584	0.539121741048303
19.3744	0.539053966634205
19.3904	0.539009316843318
19.4064	0.538985530467363
19.4224	0.538979671622629
19.4384	0.538988282563428
19.4544	0.539007656308803
19.4704	0.53903404689993
19.4864	0.539063780285117
19.5024	0.539093388655315
19.5184	0.539119725586586
19.5344	0.539140001536799
19.5504	0.539151813496437
19.5664	0.53915314232148
19.5824	0.539142289074766
19.5984	0.53911786672831
19.6144	0.53907880592247
19.6304	0.539024299265355
19.6464	0.538953712567055
19.6624	0.538866524679085
19.6784	0.538762243892679
19.6944	0.538640292584736
19.7104	0.538499930452341
19.7264	0.538340336442014
19.7424	0.53816076612703
19.7584	0.537960779895874
19.7744	0.537740511849622
19.7904	0.537500880837088
19.8064	0.537243666282341
19.8224	0.536971465630577
19.8384	0.536687505419573
19.8544	0.536395366953743
19.8704	0.536098742151038
19.8864	0.53580122164786
19.9024	0.535506080219962
19.9184	0.535216129699061
19.9344	0.53493360015136
19.9504	0.534659986717072
19.9664	0.534395932277858
19.9824	0.534141225941136
19.9984	0.533894916784186
20.0144	0.533655602017019
20.0304	0.533421787821025
20.0464	0.533192177539716
20.0624	0.532965801349844
20.0784	0.532741941710116
20.0944	0.532519854609445
20.1104	0.532298484850577
20.1264	0.532076252300469
20.1424	0.531851007420679
20.1584	0.531620148009887
20.1744	0.531380904750113
20.1904	0.531130665101033
20.2064	0.530867294231497
20.2224	0.530589349385801
20.2384	0.530296164476292
20.2544	0.52998777257749
20.2704	0.52966472053758
20.2864	0.52932778219966
20.3024	0.52897769819665
20.3184	0.528615011433542
20.3344	0.528240032186309
20.3504	0.52785291754431
20.3664	0.527453843933317
20.3824	0.527043153787959
20.3984	0.526621394685085
20.4144	0.526189226025652
20.4304	0.525747264609903
20.4464	0.525295952965996
20.4624	0.524835568296142
20.4784	0.524366391860381
20.4944	0.523888995795398
20.5104	0.523404551562271
20.5264	0.522915066619754
20.5424	0.522423463322648
20.5584	0.521933503927217
20.5744	0.52144962152355
20.5904	0.520976728484884
20.6064	0.520520049017419
20.6224	0.520085003168768
20.6384	0.51967711925642
20.6544	0.519301931158106
20.6704	0.518964824141095
20.6864	0.518670850497257
20.7024	0.51842453261933
20.7184	0.518229708581034
20.7344	0.518089469911784
20.7504	0.518006183168486
20.7664	0.517981571932959
20.7824	0.518016844607116
20.7984	0.518112830005167
20.8144	0.518270090601701
20.8304	0.518489022207403
20.8464	0.518769926681854
20.8624	0.519113040500335
20.8784	0.5195185303683
20.8944	0.519986444239402
20.9104	0.520516608724401
20.9264	0.521108511386158
20.9424	0.521761201593863
20.9584	0.522473197628765
20.9744	0.523242435292262
20.9904	0.524066266688356
21.0064	0.524941473644278
21.0224	0.525864268734002
21.0384	0.526830337345464
21.0544	0.527834900135252
21.0704	0.52887269575792
21.0864	0.52993790195349
21.1024	0.531024044749868
21.1184	0.532123875711362
21.1344	0.53322924926872
21.1504	0.534331135698318
21.1664	0.535419809870204
21.1824	0.536485077645784
21.1984	0.537516500006239
21.2144	0.538503531074982
21.2304	0.539435488664003
21.2464	0.540301439511923
21.2624	0.541090205082762
21.2784	0.541790590060641
21.2944	0.542391860198139
21.3104	0.542884401054524
21.3264	0.543260392441544
21.3424	0.543514313743819
21.3584	0.54364317094881
21.3744	0.543646428703854
21.3904	0.543525771245326
21.4064	0.543284814902384
21.4224	0.54292885989843
21.4384	0.542464615783773
21.4544	0.541899880174183
21.4704	0.541243150948086
21.4864	0.540503221474014
21.5024	0.539688813194056
21.5184	0.53880838283426
21.5344	0.537870120479814
21.5504	0.536882131113684
21.5664	0.53585260003136
21.5824	0.53478988216788
21.5984	0.533702461593085
21.6144	0.532598890873883
21.6304	0.531487681206285
21.6464	0.530377194460014
21.6624	0.529275529680456
21.6784	0.528190441748221
21.6944	0.527129259191346
21.7104	0.526098881115226
21.7264	0.525105747324817
21.7424	0.524155828170292
21.7584	0.523254661566066
21.7744	0.522407464047204
21.7904	0.521619207508335
21.8064	0.520894729627456
21.8224	0.520238846477552
21.8384	0.519656441372215
21.8544	0.519152497630481
21.8704	0.518732076417285
21.8864	0.518400218547361
21.9024	0.518161775962804
21.9184	0.518021171133951
21.9344	0.51798212898227
21.9504	0.518047447022001
21.9664	0.518218870661338
21.9824	0.518497094390982
21.9984	0.518881860096132
22.0144	0.519372114479046
22.0304	0.519966170555902
22.0464	0.520661807270956
22.0624	0.521456288921305
22.0784	0.522346358868672
22.0944	0.523328249460429
22.1104	0.524397704475808
22.1264	0.525550071293624
22.1424	0.526780485798993
22.1584	0.52808408487366
22.1744	0.52945617828418
22.1904	0.530892333088472
22.2064	0.532388290954094
22.2224	0.533939754111353
22.2384	0.535542111188684
22.2544	0.537190125565312
22.2704	0.538877621650899
22.2864	0.54059734291665
22.3024	0.542341013628514
22.3184	0.544099519667279
22.3344	0.545863152648499
22.3504	0.547621896449035
22.3664	0.54936564724329
22.3824	0.551084339772599
22.3984	0.552767994986473
22.4144	0.554406679161792
22.4304	0.555990538695307
22.4464	0.557509908436506
22.4624	0.558955464270332
22.4784	0.560318458322497
22.4944	0.561591069458048
22.5104	0.562766668165571
22.5264	0.563839979511796
22.5424	0.564807031616214
22.5584	0.565664941935777
22.5744	0.566411686865516
22.5904	0.56704602351302
22.6064	0.567567508193262
22.6224	0.567976678133641
22.6384	0.568275320762369
22.6544	0.568466648438976
22.6704	0.568555109242057
22.6864	0.568546010843816
22.7024	0.568445057060726
22.7184	0.568257897976144
22.7344	0.567989848548928
22.7504	0.567645918038329
22.7664	0.567231037441433
22.7824	0.566750343412524
22.7984	0.566209393116695
22.8144	0.565614154048513
22.8304	0.564970672821007
22.8464	0.564284620732492
22.8624	0.563560893890957
22.8784	0.562803297864173
22.8944	0.562014367697222
22.9104	0.561195545051257
22.9264	0.560347630550465
22.9424	0.559471310361625
22.9584	0.558567713260834
22.9744	0.557638977903276
22.9904	0.556688609909342
23.0064	0.55572147233964
23.0224	0.554743461282174
23.0384	0.553760933752452
23.0544	0.552780005675109
23.0704	0.551805959591254
23.0864	0.550842852991417
23.1024	0.549893424345465
23.1184	0.548959307465035
23.1344	0.54804144401516
23.1504	0.547140531718332
23.1664	0.546257370586622
23.1824	0.545393059097515
23.1984	0.544549077010609
23.2144	0.543727287464757
23.2304	0.542929820734747
23.2464	0.542158967477333
23.2624	0.541417171795027
23.2784	0.540707042721278
23.2944	0.540031311964986
23.3104	0.539392831979649
23.3264	0.538794561658095
23.3424	0.538239521466574
23.3584	0.537730690389102
23.3744	0.537270893329042
23.3904	0.536862699997959
23.4064	0.536508445206087
23.4224	0.536210242537672
23.4384	0.535970035559307
23.4544	0.535789653435023
23.4704	0.535670864226619
23.4864	0.53561530159166
23.5024	0.5356243123778
23.5184	0.535698708731173
23.5344	0.535838604521468
23.5504	0.536043383719351
23.5664	0.536311836833582
23.5824	0.536642401792134
23.5984	0.537033504464796
23.6144	0.537483830069926
23.6304	0.537992420122761
23.6464	0.538558532402545
23.6624	0.539181369633075
23.6784	0.539859733711301
23.6944	0.540591784161263
23.7104	0.541374951028851
23.7264	0.542206064920938
23.7424	0.543081604587888
23.7584	0.543997959857583
23.7744	0.544951601499319
23.7904	0.545939112492624
23.8064	0.546957142953959
23.8224	0.548002427359789
23.8384	0.549071859724679
23.8544	0.550162606565008
23.8704	0.551272266061462
23.8864	0.552398965045166
23.9024	0.553541277161946
23.9184	0.554698092040868
23.9344	0.555868510773765
23.9504	0.557051735083819
23.9664	0.558247023617456
23.9824	0.559453763253531
23.9984	0.560671570228918
24.0144	0.561900336351561
24.0304	0.563140314706418
24.0464	0.564392176465999
24.0624	0.565657025688081
24.0784	0.566936390670511
24.0944	0.568232201328284
24.1104	0.569546776776667
24.1264	0.570882882110714
24.1424	0.572243817863486
24.1584	0.573633580385644
24.1744	0.575057079554787
24.1904	0.576520339203933
24.2064	0.578030528135889
24.2224	0.579595817365499
24.2384	0.581224994438747
24.2544	0.582926861417031
24.2704	0.584709594994917
24.2864	0.586580186091075
24.3024	0.588544015503471
24.3184	0.59060466972616
24.3344	0.592763972661496
24.3504	0.595022085521125
24.3664	0.597377595374597
24.3824	0.599827575745659
24.3984	0.602367578499157
24.4144	0.604991615740813
24.4304	0.607692256331609
24.4464	0.610460847264315
24.4624	0.613287924008107
24.4784	0.616163825178246
24.4944	0.619079318851542
24.5104	0.622025996659049
24.5264	0.624996352208667
24.5424	0.627983572656953
24.5584	0.630981050503825
24.5744	0.633981816413732
24.5904	0.636978000017885
24.6064	0.639960499980196
24.6224	0.642918843500935
24.6384	0.645841207695023
24.6544	0.648714496731175
24.6704	0.651524560644303
24.6864	0.654256518654721
24.7024	0.656895147696295
24.7184	0.659425223623517
24.7344	0.661831827478737
24.7504	0.664100505742669
24.7664	0.6662173096581
24.7824	0.668168705949638
24.7984	0.669941510600003
24.8144	0.671522922520113
24.8304	0.672900747629162
24.8464	0.674063804018362
24.8624	0.675002419139334
24.8784	0.675708915400525
24.8944	0.676177968257393
24.9104	0.676406714731547
24.9264	0.676394606866557
24.9424	0.676143113706418
24.9584	0.675655407659471
24.9744	0.674936195480894
24.9904	0.673991798861517
25.0064	0.672830452021973
25.0224	0.671462686789353
25.0384	0.669901631380249
25.0544	0.668163092442063
25.0704	0.666265398251332
25.0864	0.664229067523356
25.1024	0.662076422761272
25.1184	0.659831268725243
25.1344	0.657518682831027
25.1504	0.655164875583433
25.1664	0.652797068531942
25.1824	0.650443306389105
25.1984	0.648132217370195
25.2144	0.645892694038372
25.2304	0.643753357106712
25.2464	0.641741777665368
25.2624	0.639883576835176
25.2784	0.638201390503452
25.2944	0.636713868015081
25.3104	0.635434960540008
25.3264	0.634373769389969
25.3424	0.633534928434445
25.3584	0.632919321465996
25.3744	0.632524821905209
25.3904	0.632346843940562
25.4064	0.632378570050934
25.4224	0.632610879173674
25.4384	0.633032201943445
25.4544	0.633628447567425
25.4704	0.63438314697291
25.4864	0.635277904958492
25.5024	0.636293027319621
25.5184	0.637408290948086
25.5344	0.638603681126009
25.5504	0.6398599918936
25.5664	0.641159202201516
25.5824	0.642484780453252
25.5984	0.643821818954502
25.6144	0.645156947267266
25.6304	0.646478242414075
25.6464	0.647775135758577
25.6624	0.649038290551909
25.6784	0.650259557758003
25.6944	0.651432089604716
25.7104	0.652550580937861
25.7264	0.653611531020909
25.7424	0.654613387912351
25.7584	0.655556424741205
25.7744	0.656442467263261
25.7904	0.657274508265258
25.8064	0.658056289821328
25.8224	0.65879197327339
25.8384	0.659485935180525
25.8544	0.660142632829769
25.8704	0.660766570640646
25.8864	0.661362256064605
25.9024	0.661934036459881
25.9184	0.662485970553794
25.9344	0.663021788088839
25.9504	0.663544824203015
25.9664	0.664058034619261
25.9824	0.664564135481813
25.9984	0.665065725767272
26.0144	0.665565333924356
26.0304	0.666065387879216
26.0464	0.666568082308691
26.0624	0.667075206598922
26.0784	0.667588055934802
26.0944	0.668107393959763
26.1104	0.66863343103333
26.1264	0.669165792881909
26.1424	0.669703482599131
26.1584	0.670244830283588
26.1744	0.670787459770752
26.1904	0.671328264668956
26.2064	0.671863480067667
26.2224	0.672388859968772
26.2384	0.672899852191286
26.2544	0.673391760769139
26.2704	0.673859914974868
26.2864	0.674299785036107
26.3024	0.674707047043048
26.3184	0.675077683014299
26.3344	0.675408117036964
26.3504	0.675695360402797
26.3664	0.675937109552732
26.3824	0.676131756069724
26.3984	0.676278291330485
26.4144	0.676376146420482
26.4304	0.676425017058301
26.4464	0.676424729711167
26.4624	0.676375175189802
26.4784	0.676276297366281
26.4944	0.676128099583236
26.5104	0.675930638294242
26.5264	0.675683989932383
26.5424	0.675388189992061
26.5584	0.675043181040943
26.5744	0.674648806375343
26.5904	0.674204891076593
26.6064	0.673711412590441
26.6224	0.673168749266656
26.6384	0.672577957007443
26.6544	0.6719410310403
26.6704	0.671261062077859
26.6864	0.670542220604437
26.7024	0.669789585763302
26.7184	0.669008878786661
26.7344	0.668206136528996
26.7504	0.66738744963804
26.7664	0.666558858481187
26.7824	0.665726415703608
26.7984	0.664896381490566
26.8144	0.664075476728955
26.8304	0.663271110536067
26.8464	0.662491500749931
26.8624	0.661745671890513
26.8784	0.66104335882247
26.8944	0.660394795164931
26.9104	0.659810424634509
26.9264	0.659300590043754
26.9424	0.658875175577327
26.9584	0.658543217877265
26.9744	0.658312550704435
26.9904	0.658189519060263
27.0064	0.658178768551592
27.0224	0.658283155766208
27.0384	0.658503733469873
27.0544	0.658839739114059
27.0704	0.659288572993754
27.0864	0.659845781441026
27.1024	0.660505028374915
27.1184	0.661258089114638
27.1344	0.662094943862177
27.1504	0.663004007826212
27.1664	0.663972431681378
27.1824	0.664986395875379
27.1984	0.666031333632974
27.2144	0.667092140308155
27.2304	0.668153380054127
27.2464	0.669199555822098
27.2624	0.670215469236878
27.2784	0.671186666088735
27.2944	0.672099890086463
27.3104	0.67294346571464
27.3264	0.673707537571088
27.3424	0.674384187983202
27.3584	0.674967497570284
27.3744	0.675453560903764
27.3904	0.675840478139955
27.4064	0.67612830405554
27.4224	0.676318928782878
27.4384	0.676415864614635
27.4544	0.676423951666679
27.4704	0.676349021544587
27.4864	0.676197581180743
27.5024	0.675976543244934
27.5184	0.675692997995837
27.5344	0.675354027385945
27.5504	0.674966547973872
27.5664	0.674537189913613
27.5824	0.674072226135964
27.5984	0.673577574405453
27.6144	0.673058841089331
27.6304	0.672521402362015
27.6464	0.671970466043538
27.6624	0.67141109944116
27.6784	0.670848213457591
27.6944	0.670286559986929
27.7104	0.669730762108896
27.7264	0.669185379873683
27.7424	0.668654972267998
27.7584	0.668144107638465
27.7744	0.667657281189934
27.7904	0.667198740565732
27.8064	0.666772277135975
27.8224	0.666381075351905
27.8384	0.666027683746515
27.8544	0.665714156830273
27.8704	0.665442335723009
27.8864	0.665214196506856
27.9024	0.665032137064502
27.9184	0.664899069757061
27.9344	0.664818266698722
27.9504	0.664793042623222
27.9664	0.664826300413484
27.9824	0.66492001059853
27.9984	0.665074784234122
28.0144	0.665289611035993
28.0304	0.665561731545596
28.0464	0.665886683210763
28.0624	0.666258543243957
28.0784	0.666670286703562
28.0944	0.667114238052042
28.1104	0.667582564664327
28.1264	0.668067690579059
28.1424	0.668562574388696
28.1584	0.669060879913637
28.1744	0.669556974703868
28.1904	0.670045826030888
28.2064	0.670522921187171
28.2224	0.67098425898841
28.2384	0.671426376499133
28.2544	0.671846452011929
28.2704	0.67224240254073
28.2864	0.672612896464253
28.3024	0.672957285512592
28.3184	0.673275487604338
28.3344	0.673567812472379
28.3504	0.673834806328481
28.3664	0.674077151762235
28.3824	0.674295601979894
28.3984	0.67449094873407
28.4144	0.674664045984896
28.4304	0.674815846870247
28.4464	0.674947427570688
28.4624	0.675060021150644
28.4784	0.675155025356359
28.4944	0.675233958249022
