9.5824	0.349159526166176
9.5984	0.348088369855333
9.6144	0.34699291815005
9.6304	0.345883137029119
9.6464	0.344769999932993
9.6624	0.343664969627724
9.6784	0.342579389791439
9.6944	0.341523802391322
9.7104	0.3405074134632
9.7264	0.339537744775583
9.7424	0.338620494301978
9.7584	0.337759559692728
9.7744	0.336957201442516
9.7904	0.336214267961992
9.8064	0.335530489667718
9.8224	0.334904752796916
9.8384	0.334335323587794
9.8544	0.333819992206912
9.8704	0.333356113762846
9.8864	0.332940556083685
9.9024	0.332569640655976
9.9184	0.332239137195842
9.9344	0.331944332807183
9.9504	0.331680233586866
9.9664	0.331441844602494
9.9824	0.33122449411357
9.9984	0.331024177699049
10.0144	0.330837832672415
10.0304	0.330663424903008
10.0464	0.33049988234697
10.0624	0.330346900865067
10.0784	0.330204670513723
10.0944	0.330073611339316
10.1104	0.329954234103042
10.1264	0.32984708485813
10.1424	0.329752764567814
10.1584	0.32967197755184
10.1744	0.329605559663577
10.1904	0.329554458970819
10.2064	0.329519711651898
10.2224	0.329502436196009
10.2384	0.329503869670049
10.2544	0.329525466120657
10.2704	0.329569061212254
10.2864	0.329637064381274
10.3024	0.329732642991729
10.3184	0.329859851052987
10.3344	0.330023683258304
10.3504	0.330230041614669
10.3664	0.330485613077684
10.3824	0.330797692868856
10.3984	0.331173962125291
10.4144	0.33162222380119
10.4304	0.332150135253784
10.4464	0.332764982968826
10.4624	0.333473455583345
10.4784	0.334281385198466
10.4944	0.3351934516688
10.5104	0.336212836550175
10.5264	0.337340845151658
10.5424	0.33857659295839
10.5584	0.339916883966708
10.5744	0.341356343558033
10.5904	0.342887824326993
10.6064	0.344503000889716
10.6224	0.346192957017962
10.6384	0.347948513138959
10.6544	0.349760147442936
10.6704	0.351617496394653
10.6864	0.35350857061556
10.7024	0.355418964385905
10.7184	0.357331407759744
10.7344	0.359225737222488
10.7504	0.361079211431246
10.7664	0.362867104315598
10.7824	0.364563482207046
10.7984	0.366142033907835
10.8144	0.367576975561832
10.8304	0.368844014387065
10.8464	0.369921253535864
10.8624	0.37078994001368
10.8784	0.371434911922194
10.8944	0.371844698708543
10.9104	0.372011358283231
10.9264	0.371930258077924
10.9424	0.371599961918747
10.9584	0.371022353133213
10.9744	0.370202961194451
10.9904	0.369151359362064
11.0064	0.367881511470699
11.0224	0.366411864743981
11.0384	0.364765141608274
11.0544	0.362967857193695
11.0704	0.361049575264786
11.0864	0.359041982017828
11.1024	0.356977983957137
11.1184	0.354890777738575
11.1344	0.352812958089515
11.1504	0.350775774386562
11.1664	0.348808541735849
11.1824	0.346938088464213
11.1984	0.345188370639477
11.2144	0.343580245893946
11.2304	0.34213137537941
11.2464	0.340856344393643
11.2624	0.339766905989023
11.2784	0.338872114678594
11.2944	0.338178337328515
11.3104	0.337689168814137
11.3264	0.337405248860961
11.3424	0.337324173898566
11.3584	0.337440773157169
11.3744	0.337747751102739
11.3904	0.338236480770234
11.4064	0.338897752311055
11.4224	0.339722312699138
11.4384	0.340700826425888
11.4544	0.341823257430775
11.4704	0.343077972097291
11.4864	0.344450882493817
11.5024	0.34592504771561
11.5184	0.347480957116801
11.5344	0.349097310238477
11.5504	0.350751998098218
11.5664	0.352423057247421
11.5824	0.354089411043361
11.5984	0.355731249520971
11.6144	0.357330227950655
11.6304	0.35886968342632
11.6464	0.360334996816704
11.6624	0.361714025341286
11.6784	0.362997476462539
11.6944	0.364179095809192
11.7104	0.365255622999456
11.7264	0.366226462438163
11.7424	0.367093229261485
11.7584	0.367859317189271
11.7744	0.36852957813872
11.7904	0.36911007002405
11.8064	0.369607846302216
11.8224	0.370030704658831
11.8384	0.37038688125088
11.8544	0.370684686099338
11.8704	0.370932150232903
11.8864	0.371136749599117
11.9024	0.371305224647273
11.9184	0.371443497983279
11.9344	0.371556684989599
11.9504	0.371649150146169
11.9664	0.371724583723136
11.9824	0.371786083477474
11.9984	0.371836231152571
12.0144	0.371877150678785
12.0304	0.371910559538179
12.0464	0.371937820133354
12.0624	0.371959983005496
12.0784	0.37197782454669
12.0944	0.371991889009706
12.1104	0.372002526792159
12.1264	0.372009924366949
12.1424	0.372014125604693
12.1584	0.372015044479355
12.1744	0.372012474514037
12.1904	0.37200611020566
12.2064	0.371995592633283
12.2224	0.371980585857756
12.2384	0.371960879221177
12.2544	0.371936486044859
12.2704	0.371907708241366
12.2864	0.371875142951495
12.3024	0.371839635834505
12.3184	0.371802191884996
12.3344	0.371763883154841
12.3504	0.371725781325523
12.3664	0.371688943086525
12.3824	0.371654425843786
12.3984	0.37162332248036
12.4144	0.371596777573387
12.4304	0.371575961288187
12.4464	0.371561989591243
12.4624	0.371555818218241
12.4784	0.371558111071096
12.4944	0.371569128883635
12.5104	0.371588680974781
12.5264	0.371616133560934
12.5424	0.371650444823928
12.5584	0.371690232083694
12.5744	0.37173385151462
12.5904	0.371779472577117
12.6064	0.37182516341889
12.6224	0.37186900488544
12.6384	0.371909220205254
12.6544	0.371944293580015
12.6704	0.371973054799724
12.6864	0.371994700026306
12.7024	0.372008734748903
12.7184	0.372014862299267
12.7344	0.372012859506611
12.7504	0.372002471636421
12.7664	0.371983349156409
12.7824	0.371955030986584
12.7984	0.371916958509161
12.8144	0.371868506045331
12.8304	0.37180901576258
12.8464	0.371737824235339
12.8624	0.371654284629955
12.8784	0.371557792825143
12.8944	0.371447794418401
12.9104	0.371323771232738
12.9264	0.371185228715234
12.9424	0.371031674033105
12.9584	0.370862589201323
12.9744	0.370677417623853
12.9904	0.370475567919726
13.0064	0.370256403711579
13.0224	0.370019228481539
13.0384	0.369763261164195
13.0544	0.369487622047956
13.0704	0.369191366721822
13.0864	0.368873567341808
13.1024	0.3685334151576
13.1184	0.368170318566087
13.1344	0.367783953041595
13.1504	0.367374204311403
13.1664	0.366941034862435
13.1824	0.366484320128762
13.1984	0.366003710334468
13.2144	0.365498586193354
13.2304	0.364968118974758
13.2464	0.364411436966094
13.2624	0.363827920648333
13.2784	0.363217554289889
13.2944	0.362581300121604
13.3104	0.36192146528461
13.3264	0.3612420553508
13.3424	0.360549024457015
13.3584	0.359850493117648
13.3744	0.359156846892375
13.3904	0.358480670256682
13.4064	0.357836521727592
13.4224	0.357240551945921
13.4384	0.35670982797015
13.4544	0.356261426468024
13.4704	0.3559114624193
13.4864	0.355674137906846
13.5024	0.355560928296228
13.5184	0.355580106716872
13.5344	0.355736626946538
13.5504	0.356032209658764
13.5664	0.356465575666817
13.5824	0.357032735582976
13.5984	0.357727188565178
13.6144	0.358539962518677
13.6304	0.359459590078387
13.6464	0.360471984556995
13.6624	0.36156023002772
13.6784	0.362704380414613
13.6944	0.363881493940227
13.7104	0.365066092657941
13.7264	0.366231080897052
13.7424	0.36734900322611
13.7584	0.368393419084356
13.7744	0.369340127167021
13.7904	0.370167966378204
13.8064	0.370859092631548
13.8224	0.371398819670702
13.8384	0.37177523030627
13.8544	0.371978857370465
13.8704	0.372002609477448
13.8864	0.371841914806936
13.9024	0.371495005331639
13.9184	0.370963161230492
13.9344	0.370250734094867
13.9504	0.369364961373805
13.9664	0.368315634870299
13.9824	0.367114749943966
13.9984	0.36577627207933
14.0144	0.364316038209409
14.0304	0.362751698391747
14.0464	0.361102592385492
14.0624	0.359389418825714
14.0784	0.357633639298939
14.0944	0.355856803342789
14.1104	0.35407997675523
14.1264	0.35232334476305
14.1424	0.350606024617747
14.1584	0.348945941854851
14.1744	0.347359549580432
14.1904	0.345861356872234
14.2064	0.344463332391484
14.2224	0.343174401609218
14.2384	0.342000192694996
14.2544	0.340943126221106
14.2704	0.340002814761448
14.2864	0.339176767890336
14.3024	0.33846108232305
14.3184	0.337850889889552
14.3344	0.337340555235954
14.3504	0.336923707823843
14.3664	0.336593145507351
14.3824	0.336340787080445
14.3984	0.336157696051004
14.4144	0.336034169737019
14.4304	0.335959915243023
14.4464	0.335924285073389
14.4624	0.335916408359907
14.4784	0.335925294380132
14.4944	0.335939992615096
14.5104	0.335949775526245
14.5264	0.335944313807175
14.5424	0.335913909847164
14.5584	0.335849801767239
14.5744	0.335744507599173
14.5904	0.335592059729464
14.6064	0.33538805718527
14.6224	0.335129573071782
14.6384	0.334815036224398
14.6544	0.334444141594503
14.6704	0.334017928421844
14.6864	0.333539100176012
14.7024	0.333012605011078
14.7184	0.33244632538927
14.7344	0.331851742319117
14.7504	0.331244344538533
14.7664	0.330643698591899
14.7824	0.330073161801721
14.7984	0.329559325398037
14.8144	0.329131314439138
14.8304	0.328820068244937
14.8464	0.328657637458576
14.8624	0.328676509016219
14.8784	0.328908919155907
14.8944	0.329386167632691
14.9104	0.330137937965816
14.9264	0.331191636020918
14.9424	0.332571804701246
14.9584	0.334299557337232
14.9744	0.336391905242152
14.9904	0.338860916521099
15.0064	0.341712680382756
15.0224	0.344945992742538
15.0384	0.348551005040548
15.0544	0.352508153332593
15.0704	0.35678751945116
15.0864	0.361348877576376
15.1024	0.366142786935058
15.1184	0.371112155312773
15.1344	0.376193772817174
15.1504	0.381319723001155
15.1664	0.386418493327966
15.1824	0.391415388269564
15.1984	0.396233215031288
15.2144	0.400794129026309
15.2304	0.405022389586264
15.2464	0.408847778176067
15.2624	0.41220979590301
15.2784	0.4150610219763
15.2944	0.41736867138016
15.3104	0.419114317468853
15.3264	0.420292081885265
15.3424	0.42090604989275
15.3584	0.420968517766852
15.3744	0.420499421481765
15.3904	0.419526139696217
15.4064	0.418084010806894
15.4224	0.416216866474628
15.4384	0.413976145423447
15.4544	0.411418600043675
15.4704	0.408603449795947
15.4864	0.40558929201822
15.5024	0.402431869938852
15.5184	0.399182988818069
15.5344	0.395890180976807
15.5504	0.392596722316881
15.5664	0.38934148161988
15.5824	0.386158106446686
15.5984	0.383073658827385
15.6144	0.380107602422953
15.6304	0.37727158713497
15.6464	0.374569853975373
15.6624	0.372000272392341
15.6784	0.369556096776336
15.6944	0.367227665125739
15.7104	0.365003699703806
15.7264	0.362872366833386
15.7424	0.36082209280093
15.7584	0.358842010675431
15.7744	0.356922671456033
15.7904	0.355056843824883
15.8064	0.353239959993545
15.8224	0.351470106066955
15.8384	0.349747805156227
15.8544	0.348075226733471
15.8704	0.346455274814986
15.8864	0.344890867367582
15.9024	0.34338430179136
15.9184	0.341936809752809
15.9344	0.340548660051212
15.9504	0.33921946446921
15.9664	0.337948621430911
15.9824	0.336735985106401
15.9984	0.335582532694133
16.0144	0.334490782508084
16.0304	0.333465088587417
16.0464	0.332511698953482
16.0624	0.331638566487783
16.0784	0.330855080616544
16.0944	0.330171777615561
16.1104	0.329599961269054
16.1264	0.329151304161797
16.1424	0.328837359035703
16.1584	0.328668906737136
16.1744	0.328655216953592
16.1904	0.328803368226005
16.2064	0.32911773938676
16.2224	0.329599785353736
16.2384	0.330248134630466
16.2544	0.331058915172349
16.2704	0.332026152351233
16.2864	0.333142111680644
16.3024	0.334397525738183
16.3184	0.335781649040172
16.3344	0.337282167696259
16.3504	0.338885088930482
16.3664	0.340574705357454
16.3824	0.34233372114457
16.3984	0.344143611953001
16.4144	0.345985200752494
16.4304	0.347839314265599
16.4464	0.349687444974421
16.4624	0.351512279982302
16.4784	0.353298012998124
16.4944	0.355030470146318
16.5104	0.356697237379962
16.5264	0.358287822930862
16.5424	0.359793809182662
16.5584	0.36120895062183
16.5744	0.36252918879066
16.5904	0.363752477624786
16.6064	0.364878442495211
16.6224	0.365907975167858
16.6384	0.366842870574004
16.6544	0.367685544732836
16.6704	0.368438876642273
16.6864	0.36910611539318
16.7024	0.369690828095969
16.7184	0.370196874671166
16.7344	0.370628416904225
16.7504	0.370989965351356
16.7664	0.371286431595962
16.7824	0.371523132587839
16.7984	0.371705727266345
16.8144	0.371840093965289
16.8304	0.371932169462383
16.8464	0.371987794991043
16.8624	0.372012595306131
16.8784	0.37201190388933
16.8944	0.371990735516562
16.9104	0.371953800227828
16.9264	0.371905547269165
16.9424	0.371850222164682
16.9584	0.371791912140935
16.9744	0.371734548170508
16.9904	0.371681849125395
17.0064	0.371637195944601
17.0224	0.371603458337205
17.0384	0.371582811123886
17.0544	0.371576584958945
17.0704	0.371585169838312
17.0864	0.37160799642507
17.1024	0.371643586932151
17.1184	0.371689651871321
17.1344	0.371743227489134
17.1504	0.371800857086697
17.1664	0.371858762564699
17.1824	0.371912975765184
17.1984	0.371959443526151
17.2144	0.371994096266832
17.2304	0.372012897496717
17.2464	0.372011908183396
17.2624	0.371987371669803
17.2784	0.371935813827605
17.2944	0.371854154476608
17.3104	0.371739818056454
17.3264	0.371590844940926
17.3424	0.371405987415443
17.3584	0.371184761141336
17.3744	0.37092746435431
17.3904	0.370635168469363
17.4064	0.37030966071805
17.4224	0.369953369805131
17.4384	0.36956931662715
17.4544	0.369161071402601
17.4704	0.368732733656117
17.4864	0.368288923422966
17.5024	0.367834734072488
17.5184	0.367375676977218
17.5344	0.36691764725569
17.5504	0.366466863477939
17.5664	0.366029781494689
17.5824	0.365613037860356
17.5984	0.365223338515619
17.6144	0.364867209853088
17.6304	0.364550687701723
17.6464	0.364279025312129
17.6624	0.36405642934281
17.6784	0.363885934633942
17.6944	0.363769445289478
17.7104	0.363707857983201
17.7264	0.363701257591032
17.7424	0.363749098444345
17.7584	0.363850281225524
17.7744	0.364003111267465
17.7904	0.364205189917101
17.8064	0.364453289557019
17.8224	0.364743308839735
17.8384	0.365070325376195
17.8544	0.365428722454084
17.8704	0.36581239912735
17.8864	0.366214992547185
17.9024	0.366630084562161
17.9184	0.367051408732522
17.9344	0.367473043857302
17.9504	0.367889538261608
17.9664	0.368296021959594
17.9824	0.368688330744277
17.9984	0.369063022585721
18.0144	0.369417325970375
18.0304	0.369749078874776
18.0464	0.370056657940637
18.0624	0.370338900228347
18.0784	0.370595076302919
18.0944	0.370824906756667
18.1104	0.371028588552946
18.1264	0.371206817844183
18.1424	0.371360785177359
18.1584	0.371492108620174
18.1744	0.371602735707626
18.1904	0.371694827931861
18.2064	0.371770630972179
18.2224	0.371832355040539
18.2384	0.371882080828385
18.2544	0.371921685021476
18.2704	0.371952782805039
18.2864	0.371976684864563
18.3024	0.371994370425824
18.3184	0.372006485762
18.3344	0.372013362462354
18.3504	0.372015046458188
18.3664	0.372011326272656
18.3824	0.372001746422285
18.3984	0.371985593701908
18.4144	0.371961849522535
18.4304	0.371929111613468
18.4464	0.371885500541993
18.4624	0.371828574840862
18.4784	0.371755264048687
18.4944	0.371661845999967
18.5104	0.371543980346388
18.5264	0.371396800440124
18.5424	0.371215047263746
18.5584	0.370993226954084
18.5744	0.370725748168326
18.5904	0.370407023732042
18.6064	0.370031558718637
18.6224	0.36959407553698
18.6384	0.369089697997396
18.6544	0.368514214800456
18.6704	0.367864383543775
18.6864	0.367138195425269
18.7024	0.366334998978829
18.7184	0.36545551071228
18.7344	0.364501718890239
18.7504	0.363476737421678
18.7664	0.362384700830859
18.7824	0.361230782531862
18.7984	0.360021203655634
18.8144	0.358763184406513
18.8304	0.35746482613402
18.8464	0.356134921780296
18.8624	0.354782669705145
18.8784	0.35341753475555
18.8944	0.352049372766857
18.9104	0.350688671916515
18.9264	0.349346684351332
18.9424	0.34803547571849
18.9584	0.346767740380443
18.9744	0.345556380094337
18.9904	0.344414046712501
19.0064	0.343352930164571
19.0224	0.342384717723149
19.0384	0.341520829812708
19.0544	0.340772857059079
19.0704	0.340152810334899
19.0864	0.339672922438041
19.1024	0.339345166019626
19.1184	0.339180435044824
19.1344	0.339187424301628
19.1504	0.339371577062394
