19.1344	0.595156910541263
19.1504	0.595129842073376
19.1664	0.59509170856704
19.1824	0.595043926831707
19.1984	0.594988238815418
19.2144	0.594926615141148
19.2304	0.594861087361025
19.2464	0.594793565423473
19.2624	0.594725704586764
19.2784	0.594658821227156
19.2944	0.594593872299683
19.3104	0.594531508810931
19.3264	0.594472157929133
19.3424	0.594416097025473
19.3584	0.594363524660153
19.3744	0.594314605834299
19.3904	0.594269475515048
19.4064	0.594228212583189
19.4224	0.594190801143966
19.4384	0.594157117415946
19.4544	0.594126956868095
19.4704	0.594100104720084
19.4864	0.594076432803703
19.5024	0.594056000754293
19.5184	0.594039134817692
19.5344	0.594026481717165
19.5504	0.594019045705224
19.5664	0.594018227683549
19.5824	0.594025887735839
19.5984	0.594044436654016
19.6144	0.594076942188607
19.6304	0.594127224862447
19.6464	0.594199898096221
19.6624	0.594300309743787
19.6784	0.594434369789681
19.6944	0.594608256311759
19.7104	0.594828016574141
19.7264	0.595099110131045
19.7424	0.595425921000285
19.7584	0.595811274346161
19.7744	0.596255995651418
19.7904	0.596758517815502
19.8064	0.59731453083127
19.8224	0.59791672009213
19.8384	0.598554618084435
19.8544	0.59921460424583
19.8704	0.599880116687942
19.8864	0.600532100181297
19.9024	0.601149639129304
19.9184	0.601710732576223
19.9344	0.602193170413457
19.9504	0.602575464113485
19.9664	0.602837794164898
19.9824	0.602962932467747
19.9984	0.602937081318075
20.0144	0.602750543152567
20.0304	0.602398144424441
20.0464	0.601879381537074
20.0624	0.601198296791225
20.0784	0.600363152982922
20.0944	0.599386018684626
20.1104	0.598282332042189
20.1264	0.597070453616752
20.1424	0.595771163515522
20.1584	0.594407017270001
20.1744	0.593001539492846
20.1904	0.59157830450259
20.2064	0.590159979815482
20.2224	0.588767470441823
20.2384	0.587419276190346
20.2544	0.586131063745242
20.2704	0.584915457742213
20.2864	0.583782047641208
20.3024	0.582737542008019
20.3184	0.581786015271646
20.3344	0.580929210629066
20.3504	0.58016687699795
20.3664	0.579497095380063
20.3824	0.578916549842276
20.3984	0.578420724187296
20.4144	0.578004044805354
20.4304	0.577660025419945
20.4464	0.577381451015029
20.4624	0.577160654418364
20.4784	0.576989869926919
20.4944	0.576861626784208
20.5104	0.576769123632587
20.5264	0.57670651965249
20.5424	0.576669095251688
20.5584	0.57665328161751
20.5744	0.576656576273919
20.5904	0.576677362569868
20.6064	0.576714681753899
20.6224	0.576768029347747
20.6384	0.5768372013667
20.6544	0.576922195570049
20.6704	0.577023170678459
20.6864	0.577140453165057
20.7024	0.577274521240994
20.7184	0.577425953061905
20.7344	0.577595357109843
20.7504	0.577783268509464
20.7664	0.577990025520265
20.7824	0.578215699632054
20.7984	0.578460058487551
20.8144	0.578722528571902
20.8304	0.579002199294123
20.8464	0.579297843670204
20.8624	0.579607858574477
20.8784	0.579930177160051
20.8944	0.580262209312806
20.9104	0.580600771872199
20.9264	0.580942084233399
20.9424	0.581281899221736
20.9584	0.581615701445585
20.9744	0.581938928426595
20.9904	0.582247218839726
21.0064	0.582536580629423
21.0224	0.582803424630512
21.0384	0.583044501956081
21.0544	0.583256778956596
21.0704	0.583437274442119
21.0864	0.583582978383319
21.1024	0.583690851628759
21.1184	0.583757929933725
21.1344	0.583781480462292
21.1504	0.5837591661532
21.1664	0.583689153084023
21.1824	0.583570186165545
21.1984	0.583401607527875
21.2144	0.583183378075418
21.2304	0.582916105101745
21.2464	0.582601109321033
21.2624	0.582240558818469
21.2784	0.581837670852153
21.2944	0.581396867688724
21.3104	0.580923864020988
21.3264	0.58042568372251
21.3424	0.579910566676446
21.3584	0.579387770502152
21.3744	0.578867364674821
21.3904	0.578360050090239
21.4064	0.577877044442275
21.4224	0.577430061717976
21.4384	0.577031331507285
21.4544	0.576693585784298
21.4704	0.576430012509022
21.4864	0.576254135393285
21.5024	0.576179607815291
21.5184	0.576219976216819
21.5344	0.576388458799542
21.5504	0.57669772050933
21.5664	0.57715960226956
21.5824	0.577784759527802
21.5984	0.578582168788145
21.6144	0.579558525441641
21.6304	0.580717614856937
21.6464	0.582059824432278
21.6624	0.58358194201476
21.6784	0.585277341127878
21.6944	0.587136556675475
21.7104	0.589148196261519
21.7264	0.591299963015658
21.7424	0.593579630299857
21.7584	0.595975792118949
21.7744	0.598478322695243
21.7904	0.601078370276511
21.8064	0.603768059142951
21.8224	0.60654000959282
21.8384	0.609386808114536
21.8544	0.612300328113221
21.8704	0.615271263860436
21.8864	0.61828892428467
21.9024	0.621341186257766
21.9184	0.62441441717867
21.9344	0.627493675040043
21.9504	0.630562798595278
21.9664	0.63360420432808
21.9824	0.636598341758699
21.9984	0.639523007205398
22.0144	0.642352233840015
22.0304	0.645055461155877
22.0464	0.647596940574019
22.0624	0.649935592756762
22.0784	0.652025334528773
22.0944	0.653816622050542
22.1104	0.655258803977389
22.1264	0.656302877467439
22.1424	0.656904231731048
22.1584	0.657025180219236
22.1744	0.656636524758298
22.1904	0.655717987828822
22.2064	0.654257939935107
22.2224	0.652253098834578
22.2384	0.649708652602882
22.2544	0.646639156376565
22.2704	0.643070025981203
22.2864	0.639039400161991
22.3024	0.634599471950295
22.3184	0.629816569668364
22.3344	0.624769896683389
22.3504	0.619549440248292
22.3664	0.614252978014903
22.3824	0.608982591706067
22.3984	0.603841305305011
22.4144	0.598929539944024
22.4304	0.594341445232359
22.4464	0.590161432703368
22.4624	0.586460999153857
22.4784	0.583295855682749
22.4944	0.58070388072413
22.5104	0.57870413875564
22.5264	0.577297066966608
22.5424	0.576465865318639
22.5584	0.576178818870019
22.5744	0.576392117098024
22.5904	0.577052746244433
22.6064	0.578101196764621
22.6224	0.579473939820403
22.6384	0.581105715711729
22.6544	0.582931671588838
22.6704	0.584889298979292
22.6864	0.58691993957207
22.7024	0.58896978087536
22.7184	0.590990380738461
22.7344	0.592938806044017
22.7504	0.594777592392902
22.7664	0.596474738928592
22.7824	0.59800376732538
22.7984	0.599343829025784
22.8144	0.600479829979847
22.8304	0.601402483766051
22.8464	0.602108255361301
22.8624	0.602599227483282
22.8784	0.602882863321057
22.8944	0.602971629676901
22.9104	0.602882445678247
22.9264	0.602635964137207
22.9424	0.602255701440825
22.9584	0.601767043225564
22.9744	0.601196187273175
22.9904	0.600569080952582
23.0064	0.599910413080877
23.0224	0.599242771010879
23.0384	0.598586026720014
23.0544	0.597956918676076
23.0704	0.597368814583447
23.0864	0.596831637576727
23.1024	0.59635192507595
23.1184	0.595933024757883
23.1344	0.595575435056347
23.1504	0.595277247589436
23.1664	0.595034668465971
23.1824	0.594842605887791
23.1984	0.59469527224995
23.2144	0.594586762349351
23.2304	0.594511592044555
23.2464	0.594465172789583
23.2624	0.594444179451941
23.2784	0.594446771324883
23.2944	0.594472668199003
23.3104	0.594523080890625
23.3264	0.594600511135909
23.3424	0.594708431159162
23.3584	0.594850874625493
23.3744	0.595031973037138
23.3904	0.595255487414974
23.4064	0.595524381246648
23.4224	0.595840475169737
23.4384	0.596204182111492
23.4544	0.59661430446765
23.4704	0.597067888599824
23.4864	0.597560132417883
23.5024	0.598084351328353
23.5184	0.598632066486473
23.5344	0.5991932265119
23.5504	0.599756540791802
23.5664	0.600309899006803
23.5824	0.600840836176971
23.5984	0.601336964448919
23.6144	0.601786345359827
23.6304	0.60217777598946
23.6464	0.602500940809946
23.6624	0.602746422801189
23.6784	0.602905605437073
23.6944	0.602970520904464
23.7104	0.602933730132222
23.7264	0.602788300705598
23.7424	0.602527913223369
23.7584	0.602147095484966
23.7744	0.601641547301895
23.7904	0.601008514429751
23.8064	0.600247172007968
23.8224	0.599358986829387
23.8384	0.598348010041676
23.8544	0.597221040187193
23.8704	0.595987624514819
23.8864	0.594659906225374
23.9024	0.593252354869108
23.9184	0.591781470444417
23.9344	0.590265550279256
23.9504	0.588724536864973
23.9664	0.587179881908312
23.9824	0.585654324942752
23.9984	0.584171490337567
24.0144	0.582755293217716
24.0304	0.581429230181882
24.0464	0.580215618178997
24.0624	0.579134875728343
24.0784	0.578204853944456
24.0944	0.577440201821631
24.1104	0.576851752018555
24.1264	0.576445990291759
24.1424	0.576224677253137
24.1584	0.576184724556256
24.1744	0.576318384230134
24.1904	0.576613728984924
24.2064	0.577055272921442
24.2224	0.577624548575827
24.2384	0.578300469516748
24.2544	0.579059415701366
24.2704	0.579875141288383
24.2864	0.580718683841795
24.3024	0.581558461201624
24.3184	0.58236080886708
24.3344	0.583091055690588
24.3504	0.58371511807006
24.3664	0.584201547067536
24.3824	0.584523800755264
24.3984	0.584662372165369
24.4144	0.58460653785896
24.4304	0.584355534103608
24.4464	0.583918974471558
24.4624	0.583316398334361
24.4784	0.582576075280471
24.4944	0.581733235723092
24.5104	0.580827988631157
24.5264	0.579903096263948
24.5424	0.579001896433297
24.5584	0.578166537690024
24.5744	0.577436496892872
24.5904	0.576847360236528
24.6064	0.57642982419172
24.6224	0.576208832554229
24.6384	0.576202883277759
24.6544	0.576423566248806
24.6704	0.576875415566533
24.6864	0.577556131830178
24.7024	0.57845710877082
24.7184	0.579564158559251
24.7344	0.580858321866046
24.7504	0.582316671064987
24.7664	0.583913053168104
24.7824	0.585618761199683
24.7984	0.587403094612867
24.8144	0.58923388619813
24.8304	0.591077957219468
24.8464	0.592901467802605
24.8624	0.594670202480543
24.8784	0.596349852444732
24.8944	0.597906327321667
24.9104	0.599306242948231
24.9264	0.600517684474752
24.9424	0.601511293477571
24.9584	0.602261708886928
24.9744	0.602749289663464
24.9904	0.602961964965587
25.0064	0.602897031502394
25.0224	0.60256270022019
25.0384	0.601979207282497
25.0544	0.601179297883832
25.0704	0.600207930242661
25.0864	0.599121119706822
25.1024	0.597983880103655
25.1184	0.59686736489779
25.1344	0.59584547506843
25.1504	0.594991217901722
25.1664	0.59437309231707
25.1824	0.594051742292507
25.1984	0.594076961064317
25.2144	0.594485084337279
25.2304	0.595296830226559
25.2464	0.596515675742197
25.2624	0.598126991517105
25.2784	0.600098135257795
25.2944	0.602379555318194
25.3104	0.604906922888361
25.3264	0.607604188172431
25.3424	0.610387110448755
25.3584	0.613166970436353
25.3744	0.615854388350485
25.3904	0.618363108896673
25.4064	0.620613743719431
25.4224	0.62253743607792
25.4384	0.624079165069162
25.4544	0.625200289128074
25.4704	0.625880126500775
25.4864	0.626116187748238
25.5024	0.625922975257581
25.5184	0.6253295813151
25.5344	0.624376535483208
25.5504	0.623112216174079
25.5664	0.621589426254928
25.5824	0.619862539689862
25.5984	0.617985298049305
25.6144	0.616009146129784
25.6304	0.613982133862478
25.6464	0.611948119156196
25.6624	0.6099461707214
25.6784	0.608010169458225
25.6944	0.606168531243526
25.7104	0.604443924719092
25.7264	0.602853079242848
25.7424	0.601406827373765
25.7584	0.600110478307172
25.7744	0.598964506690677
25.7904	0.59796547552402
25.8064	0.597107001501783
25.8224	0.596380642745302
25.8384	0.595776608259698
25.8544	0.595284230117201
25.8704	0.594892251855342
25.8864	0.594589114337069
25.9024	0.594363264250674
25.9184	0.594203470264929
25.9344	0.594099103550704
25.9504	0.594040356640804
25.9664	0.594018361382226
25.9824	0.59402523190947
25.9984	0.594054073756936
26.0144	0.594098983562887
26.0304	0.5941550406868
26.0464	0.594218262031561
26.0624	0.594285501884897
26.0784	0.594354318318537
26.0944	0.594422828219209
26.1104	0.594489565458744
26.1264	0.594553392731271
26.1424	0.594613470237775
26.1584	0.594669245551685
26.1744	0.594720445188855
26.1904	0.594767068726483
26.2064	0.594809345022455
26.2224	0.594847666620282
26.2384	0.594882523965722
26.2544	0.59491442949529
26.2704	0.594943839347607
26.2864	0.594971125981616
26.3024	0.594996579227356
26.3184	0.595020421730183
26.3344	0.595042854540665
26.3504	0.595064124154888
26.3664	0.595084567168541
26.3824	0.595104646627973
26.3984	0.595124976526634
26.4144	0.595146343794241
26.4304	0.595169731276187
26.4464	0.59519633691049
26.4624	0.595227559605561
26.4784	0.595264963160858
26.4944	0.595310197755438
26.5104	0.595364885479583
26.5264	0.595430507578655
26.5424	0.595508330862359
26.5584	0.595599381900954
26.5744	0.595704486237949
26.5904	0.595824327554155
26.6064	0.595959481034285
26.6224	0.596110412404713
26.6384	0.596277447063684
26.6544	0.596460693957184
26.6704	0.596659972769984
26.6864	0.596874797066064
26.7024	0.597104412075552
26.7184	0.597347868849354
26.7344	0.597604108120478
26.7504	0.597872024156729
26.7664	0.598150485054745
26.7824	0.598438294381069
26.7984	0.598734113162593
26.8144	0.599036400003584
26.8304	0.599343367536434
26.8464	0.599652947076763
26.8624	0.599962776557234
26.8784	0.600270232256079
26.8944	0.600572468163435
26.9104	0.600866485023843
26.9264	0.601149239811136
26.9424	0.601417780631451
26.9584	0.601669381782344
26.9744	0.601901689135232
26.9904	0.602112835118831
27.0064	0.602301483428661
27.0224	0.602466806810568
27.0384	0.602608420791753
27.0544	0.602726278695442
27.0704	0.602820566173008
27.0864	0.602891635026921
27.1024	0.602939968256848
27.1184	0.602966152763528
27.1344	0.602970851529747
27.1504	0.602954762391718
27.1664	0.602918560193487
27.1824	0.602862836308006
27.1984	0.602788040955645
27.2144	0.602694423990485
27.2304	0.60258196382533
27.2464	0.602450265119856
27.2624	0.602298417652534
27.2784	0.602124845264385
27.2944	0.601927193975584
27.3104	0.601702291993107
27.3264	0.601446193946074
27.3424	0.601154324866613
27.3584	0.60082168554446
27.3744	0.600443063246772
27.3904	0.600013215781175
27.4064	0.599527045177254
27.4224	0.598979745128148
27.4384	0.598366958436301
27.4544	0.597684957786882
27.4704	0.59693084182156
27.4864	0.596102717046946
27.5024	0.595199874137862
27.5184	0.594222920202881
27.5344	0.593173887046007
27.5504	0.592056396530253
27.5664	0.590875932346549
27.5824	0.589640168521484
27.5984	0.588359332040184
27.6144	0.58704650105868
27.6304	0.58571776450087
27.6464	0.584392119609092
27.6624	0.583091077001328
27.6784	0.581837970828317
27.6944	0.580657023206626
27.7104	0.579572254467436
27.7264	0.578606395761582
27.7424	0.577779970521348
27.7584	0.577110708799822
27.7744	0.57661335158717
27.7904	0.576299751447962
27.8064	0.576179157446987
27.8224	0.576258580597298
27.8384	0.57654315186052
27.8544	0.577036461563878
27.8704	0.577740913987881
27.8864	0.578658091854734
27.9024	0.579789043808248
27.9184	0.581134330724424
27.9344	0.582693639777219
27.9504	0.584464999226824
27.9664	0.586443675882535
27.9824	0.588621069632822
27.9984	0.590983975061405
28.0144	0.593514632222295
28.0304	0.596191550374996
28.0464	0.598990979961272
28.0624	0.601888660740528
28.0784	0.604861425085502
28.0944	0.607888255433963
28.1104	0.610950769962969
28.1264	0.61403288912912
28.1424	0.617120021521927
28.1584	0.620197969842351
28.1744	0.623251751134418
28.1904	0.626264199183581
28.2064	0.629214744694522
28.2224	0.632078396952451
28.2384	0.634825195065943
28.2544	0.637420441461515
28.2704	0.639825997672276
28.2864	0.642002302512864
28.3024	0.643911004181163
28.3184	0.645517552542046
28.3344	0.646793287279522
28.3504	0.647716787111833
28.3664	0.648274285539671
28.3824	0.648458893358892
28.3984	0.648269300292199
28.4144	0.647708425094535
28.4304	0.646782116989002
28.4464	0.645498193106718
28.4624	0.643865956954855
28.4784	0.641896312274795
28.4944	0.63960222941499
28.5104	0.636999612754082
28.5264	0.634108707822165
28.5424	0.630955829869592
28.5584	0.627574897151518
28.5744	0.624008062851587
28.5904	0.620304891287944
28.6064	0.61652028536956
28.6224	0.612711612510608
28.6384	0.608935685622882
28.6544	0.60524589398652
28.6704	0.601690151868226
28.6864	0.598309780375288
