0.0144	0.0161448284313863
0.0304	0.0158156042474005
0.0464	0.0154916315568947
0.0624	0.0151733197552595
0.0784	0.0148611275309101
0.0944	0.0145555394515462
0.1104	0.0142570465251843
0.1264	0.013966130354877
0.1424	0.0136832497872597
0.1584	0.0134088292433425
0.1744	0.0131432535722773
0.1904	0.0128868664721509
0.2064	0.0126399714388299
0.2224	0.0124028374761522
0.2384	0.0121757063308436
0.2544	0.0119588023799295
0.2704	0.0117523466195593
0.2864	0.0115565682567365
0.3024	0.0113717106108631
0.3184	0.0111980337358695
0.3344	0.0110358080235535
0.3504	0.0108853006491962
0.3664	0.0107467601341575
0.3824	0.0106204040984643
0.3984	0.010506411659204
0.4144	0.010404926203254
0.4304	0.0103160643383582
0.4464	0.0102399280844736
0.4624	0.0101766220688866
0.4784	0.0101262712356274
0.4944	0.010089032027917
0.5104	0.0100650987947297
0.5264	0.0100547064592078
0.5424	0.0100581285137515
0.5584	0.0100756726470941
0.5744	0.0101076776987306
0.5904	0.0101545105991647
0.6064	0.0102165641981351
0.6224	0.0102942535749015
0.6384	0.0103880075047265
0.6544	0.010498254252564
0.6704	0.0106254034729112
0.6864	0.0107698278145989
0.7024	0.0109318483593093
0.7184	0.0111117239869927
0.7344	0.0113096452512984
0.7504	0.0115257341523254
0.7664	0.0117600469262236
0.7824	0.0120125755271694
0.7984	0.0122832487419551
0.8144	0.0125719322565274
0.8304	0.0128784267276423
0.8464	0.0132024667246071
0.8624	0.0135437224717343
0.8784	0.0139018026517697
0.8944	0.0142762617083463
0.9104	0.0146666129506698
0.9264	0.0150723440222826
0.9424	0.0154929324741993
0.9584	0.0159278610607707
0.9744	0.0163766282684712
0.9904	0.0168387530240963
1.0064	0.0173137722790422
1.0224	0.0178012340782097
1.0384	0.0183006914918877
1.0544	0.0188117002949255
1.0704	0.0193338208633982
1.0864	0.0198666232513105
1.1024	0.0204096890020224
1.1184	0.0209626080768537
1.1344	0.0215249697854318
1.1504	0.0220963462413941
1.1664	0.0226762712163726
1.1824	0.0232642245483632
1.1984	0.0238596252979733
1.2144	0.0244618363105076
1.2304	0.0250701817416292
1.2464	0.0256839738386923
1.2624	0.0263025403758057
1.2784	0.0269252512881373
1.2944	0.0275515341874062
1.3104	0.0281808765164087
1.3264	0.028812816996318
1.3424	0.0294469331196723
1.3584	0.0300828229906855
1.3744	0.0307200924556561
1.3904	0.0313583448486803
1.4064	0.0319971704801567
1.4224	0.0326361309449048
1.4384	0.033274741117868
1.4544	0.03391244675284
1.4704	0.0345486048516399
1.4864	0.0351824736134212
1.5024	0.035813220982142
1.5184	0.0364399459142319
1.5344	0.0370617126197068
1.5504	0.0376775875370576
1.5664	0.0382866714284056
1.5824	0.0388881204377185
1.5984	0.0394811624759406
1.6144	0.0400651094747992
1.6304	0.0406393696079839
1.6464	0.0412034655578175
1.6624	0.0417570560238616
1.6784	0.0422999491683846
1.6944	0.042832106408202
1.7104	0.0433536456252526
1.7264	0.0438648499277257
1.7424	0.0443661980856724
1.7584	0.0448584338857962
1.7744	0.0453426865480644
1.7904	0.0458206456194361
1.8064	0.0462947784781527
1.8224	0.0467685511490892
1.8384	0.0472466067845687
1.8544	0.0477348290525441
1.8704	0.0482401761357494
1.8864	0.0487701084889451
1.9024	0.049331362041606
1.9184	0.0499277313931117
1.9344	0.0505564533911276
1.9504	0.0504128802657675
1.9664	0.0503388917633067
1.9824	0.0503495551163873
1.9984	0.0504608936720423
2.0144	0.0506890577824564
2.0304	0.0510495965809739
2.0464	0.0515568721374997
2.0624	0.0522235933560111
2.0784	0.0530603690854186
2.0944	0.0540753179937674
2.1104	0.0552735606242045
2.1264	0.0566566172845029
2.1424	0.0582218075849958
2.1584	0.059961733577989
2.1744	0.0618638839713306
2.1904	0.0639106284063899
2.2064	0.0660795216741086
2.2224	0.0683438957570424
2.2384	0.0706736595084827
2.2544	0.0730362563620872
2.2704	0.0753976887926946
2.2864	0.0777235676848029
2.3024	0.0799802091845656
2.3184	0.0821358031892458
2.3344	0.0841615697250866
2.3504	0.0860328025973196
2.3664	0.0877297119870342
2.3824	0.089238059118582
2.3984	0.0905495001965839
2.4144	0.0916616488453883
2.4304	0.0925778652234968
2.4464	0.0933067948699389
2.4624	0.093861700024835
2.4784	0.0942596503802804
2.4944	0.0945206367940017
2.5104	0.0946666793333257
2.5264	0.0947210019760298
2.5424	0.0947073045377387
2.5584	0.0946491471196715
2.5744	0.0945694527719603
2.5904	0.0944901228803268
2.6064	0.0944317548723994
2.6224	0.0944134471331317
2.6384	0.0944526727713573
2.6544	0.0945652010827054
2.6704	0.0947650436831502
2.6864	0.0950644136442911
2.7024	0.0954736906564229
2.7184	0.0960013831972937
2.7344	0.0966540921591807
2.7504	0.0974364754669246
2.7664	0.098351233829856
2.7824	0.0993991252705193
2.7984	0.100578997778864
2.8144	0.101887839532719
2.8304	0.103320893926924
2.8464	0.104871807408163
2.8624	0.106532829491488
2.8784	0.108295065010726
2.8944	0.110148765489459
2.9104	0.112083611749075
2.9264	0.114088994494491
2.9424	0.116154216709486
2.9584	0.118268646103967
2.9744	0.120421864121699
2.9904	0.122603852309989
3.0064	0.124805171780071
3.0224	0.127017133562173
3.0384	0.129231935322085
3.0544	0.131442701778422
3.0704	0.13364331263455
3.0864	0.13582806888159
3.1024	0.137991285409523
3.1184	0.140126911606242
3.1344	0.142228263501305
3.1504	0.14428802106691
3.1664	0.146298424780266
3.1824	0.148251640177353
3.1984	0.150140272668697
3.2144	0.151957804472335
3.2304	0.153698824777972
3.2464	0.155359133306806
3.2624	0.156935726864067
3.2784	0.15842666110451
3.2944	0.159830949650992
3.3104	0.161148530708413
3.3264	0.16238019110617
3.3424	0.163527423641671
3.3584	0.164592237660447
3.3744	0.165576843540894
3.3904	0.166483277183115
3.4064	0.167313071232204
3.4224	0.168067024303941
3.4384	0.168745059448657
3.4544	0.169346226110004
3.4704	0.169868796764877
3.4864	0.170310402661695
3.5024	0.170668204476979
3.5184	0.170939142255872
3.5344	0.171120256080929
3.5504	0.171209000329842
3.5664	0.171203553503549
3.5824	0.171103071965764
3.5984	0.170907744256088
3.6144	0.170618585691745
3.6304	0.170237035420303
3.6464	0.169764430606616
3.6624	0.169201503866379
3.6784	0.168548016007559
3.6944	0.167802641290539
3.7104	0.166963119178899
3.7264	0.166026665969408
3.7424	0.164990446148511
3.7584	0.163851979137657
3.7744	0.162609421899628
3.7904	0.161261755439053
3.8064	0.15980890101196
3.8224	0.158251772465231
3.8384	0.156592305423057
3.8544	0.154833566482456
3.8704	0.152979888544738
3.8864	0.151036871829586
3.9024	0.149011221737783
3.9184	0.146910552447824
3.9344	0.144743118341527
3.9504	0.14251749961279
3.9664	0.140242351554679
3.9824	0.137926311719422
3.9984	0.135578015948017
4.0144	0.133206223967459
4.0304	0.130820017231475
4.0464	0.128428976072382
4.0624	0.126043255542161
4.0784	0.123673584708317
4.0944	0.121331151362842
4.1104	0.119027410113421
4.1264	0.116773858966877
4.1424	0.114581868873177
4.1584	0.112462497129446
4.1744	0.11042636848784
4.1904	0.108483656890545
4.2064	0.106644045851152
4.2224	0.104916607664766
4.2384	0.103309676082258
4.2544	0.101830678414654
4.2704	0.100485880628373
4.2864	0.0992800994134733
4.3024	0.0982164397893008
4.3184	0.0972960273330052
4.3344	0.0965177449495407
4.3504	0.0958779904411635
4.3664	0.0953704781021649
4.3824	0.0949861433328287
4.3984	0.0947132285945891
4.4144	0.0945375906032417
4.4304	0.0944432405862834
4.4464	0.0944130884618524
4.4624	0.0944298043341654
4.4784	0.09447670821476
4.4944	0.0945386120012195
4.5104	0.0946025442737088
4.5264	0.094658298823223
4.5424	0.0946987623426985
4.5584	0.0947199957274485
4.5744	0.0947210696802436
4.5904	0.0947036816818745
4.6064	0.094671605201178
4.6224	0.09463003447323
4.6384	0.0945848871205186
4.6544	0.0945421172050231
4.6704	0.0945070803037815
4.6864	0.0944839929706447
4.7024	0.0944755250984208
4.7184	0.0944825571396315
4.7344	0.0945041240581261
4.7504	0.0945375547480829
4.7664	0.0945787822461774
4.7824	0.0946227847729908
4.7984	0.0946641064959977
4.8144	0.0946974119569468
4.8304	0.0947180352203993
4.8464	0.0947224936679127
4.8624	0.0947089401980001
4.8784	0.0946775296747155
4.8944	0.0946306794955269
4.9104	0.0945732116449172
4.9264	0.0945123717623098
4.9424	0.0944577279536283
4.9584	0.0944209500429061
4.9744	0.0944154734052951
4.9904	0.0944560712293985
5.0064	0.0945583677215716
5.0224	0.0947383309901078
5.0384	0.0950117843780767
5.0544	0.0953939512021158
5.0704	0.0958990368575492
5.0864	0.0965398474752739
5.1024	0.097327440892446
5.1184	0.0982708387098405
5.1344	0.0993768327511013
5.1504	0.100649889657692
5.1664	0.102092130791046
5.1824	0.103703370369391
5.1984	0.105481120448719
5.2144	0.107420517269535
5.2304	0.109514208903729
5.2464	0.111752262515079
5.2624	0.114122204049071
5.2784	0.116609326018345
5.2944	0.119197241733058
5.3104	0.121868593234478
5.3264	0.124605758192924
5.3424	0.127391463227081
5.3584	0.130209155249918
5.3744	0.133043180970414
5.3904	0.135878842661537
5.4064	0.138702457258471
5.4224	0.141501495757655
5.4384	0.144264814388091
5.4544	0.146982864909209
5.4704	0.149647796514532
5.4864	0.15225343668391
5.5024	0.154795152837554
5.5184	0.157269621102277
5.5344	0.159674550381208
5.5504	0.162008342328082
5.5664	0.164269679636295
5.5824	0.16645704186578
5.5984	0.168568245154884
5.6144	0.170600126596721
5.6304	0.17254845323772
5.6464	0.174408122316951
5.6624	0.176173564491155
5.6784	0.177839185354753
5.6944	0.179399719263781
5.7104	0.180850431613916
5.7264	0.182187156441504
5.7424	0.183406203746177
5.7584	0.184504233885296
5.7744	0.185478115886415
5.7904	0.186324770193995
5.8064	0.187040972260238
5.8224	0.187623125361544
5.8384	0.18806707604843
5.8544	0.188368077602963
5.8704	0.188520953367902
5.8864	0.188520462824616
5.9024	0.188361795487456
5.9184	0.188041090373549
5.9344	0.187555905284544
5.9504	0.186905587391085
5.9664	0.186091546574293
5.9824	0.185117459391751
5.9984	0.183989346350518
6.0144	0.182715545581519
6.0304	0.181306620902991
6.0464	0.179775172927339
6.0624	0.178135560740134
6.0784	0.176403782084069
6.0944	0.174597472914972
6.1104	0.172735939552172
6.1264	0.170840238145008
6.1424	0.16893325147031
6.1584	0.167039415932127
6.1744	0.165184217139501
6.1904	0.163393465860072
6.2064	0.161692438882202
6.2224	0.160105061044366
6.2384	0.158653433836381
6.2544	0.157357460083166
6.2704	0.156234487193505
6.2864	0.155298982591649
6.3024	0.154562260415876
6.3184	0.154032182910829
6.3344	0.153712960468855
6.3504	0.153605275735647
6.3664	0.153706737193833
6.3824	0.154012417764054
6.3984	0.154515266420493
6.4144	0.155206180387555
6.4304	0.156073779302123
6.4464	0.157104069965104
6.4624	0.158280263439398
6.4784	0.159582970487737
6.4944	0.160990932370414
6.5104	0.162482062120265
6.5264	0.164034577330415
6.5424	0.1656278938916
6.5584	0.167243250331953
6.5744	0.168863942741087
6.5904	0.170475325754783
6.6064	0.172064522875647
6.6224	0.173620006205201
6.6384	0.175131221458773
6.6544	0.176588434587632
6.6704	0.177982639462346
6.6864	0.179305671320964
6.7024	0.180550389637762
6.7184	0.181710883436796
6.7344	0.182782563732975
6.7504	0.183762202533689
6.7664	0.184647861232737
6.7824	0.185438799488171
6.7984	0.186135310153464
6.8144	0.186738543806147
6.8304	0.187250317631896
6.8464	0.18767291738013
6.8624	0.188008866623765
6.8784	0.188260739926609
6.8944	0.188431047400844
6.9104	0.188522208537268
6.9264	0.188536578463587
6.9424	0.188476484883399
6.9584	0.18834423588719
6.9744	0.188142087044032
6.9904	0.187872187240107
7.0064	0.187536546425921
7.0224	0.187137058597632
7.0384	0.186675572899677
7.0544	0.186153987300134
7.0704	0.185574320046999
7.0864	0.184938764539414
7.1024	0.184249707446714
7.1184	0.183509721547868
7.1344	0.182721589497067
7.1504	0.181888417510581
7.1664	0.181013771198796
7.1824	0.180101797779802
7.1984	0.179157344214897
7.2144	0.17818604164405
7.2304	0.177194308481919
7.2464	0.176189325065341
7.2624	0.175178902597981
7.2784	0.174171250631272
7.2944	0.173174671474182
7.3104	0.172197174280544
7.3264	0.171246038723272
7.3424	0.170327460755896
7.3584	0.169446339692481
7.3744	0.168606244052665
7.3904	0.167809548307265
7.4064	0.167057707075916
7.4224	0.166351596614948
7.4384	0.165691847070004
7.4544	0.16507907745677
7.4704	0.164513950816183
7.4864	0.163997045903347
7.5024	0.163528627872306
7.5184	0.163108330345491
7.5344	0.162734829399692
7.5504	0.162405623735236
7.5664	0.1621169384788
7.5824	0.161863733431357
7.5984	0.161639768553531
7.6144	0.161437746009714
7.6304	0.161249505987801
7.6464	0.161066318303678
7.6624	0.160879273185206
7.6784	0.160679772574003
7.6944	0.160460071896839
7.7104	0.160213810770539
7.7264	0.1599363862377
7.7424	0.159625023136133
7.7584	0.159278589377582
7.7744	0.158897231717145
7.7904	0.158481912860776
7.8064	0.158033973392104
7.8224	0.157554896148664
7.8384	0.157046268396375
7.8544	0.156509870217928
7.8704	0.155947887354142
7.8864	0.155363218673681
7.9024	0.154759681217026
7.9184	0.154142155102516
7.9344	0.153516671288887
7.9504	0.152890414284517
7.9664	0.152271635812209
7.9824	0.151669623880036
7.9984	0.151094463007038
8.0144	0.150556604664192
8.0304	0.150066355237907
8.0464	0.14963332329474
8.0624	0.149265766132668
8.0784	0.148970123168635
8.0944	0.148750821289486
8.1104	0.148610278620769
8.1264	0.148549044109952
8.1424	0.148566120566404
8.1584	0.14865927840491
8.1744	0.148825296513802
8.1904	0.149060111049064
8.2064	0.149358911877197
8.2224	0.149716144738857
8.2384	0.150125522331084
8.2544	0.150580046800055
8.2704	0.151072046455905
8.2864	0.151593276295809
8.3024	0.152135141083146
8.3184	0.15268906324842
8.3344	0.15324687897181
8.3504	0.15380117411318
8.3664	0.154345542340071
8.3824	0.154874715896273
8.3984	0.155384523166365
8.4144	0.155871796755694
8.4304	0.156334312313721
8.4464	0.156770746362408
8.4624	0.157180681649312
8.4784	0.157564716789746
8.4944	0.157924509010261
8.5104	0.158262708914695
8.5264	0.158582838440932
8.5424	0.158889054782914
8.5584	0.159185801841698
8.5744	0.159477489336606
8.5904	0.159768229981243
8.6064	0.160061648063095
8.6224	0.160360837575329
8.6384	0.16066837757602
8.6544	0.160986406347558
8.6704	0.161316818711885
8.6864	0.161661427292753
8.7024	0.162022036557357
8.7184	0.162400569874915
8.7344	0.162799181596203
8.7504	0.163220294679608
8.7664	0.163666640437544
8.7824	0.164141231923612
8.7984	0.164647197431488
8.8144	0.165187630980068
8.8304	0.165765440389695
8.8464	0.166383134866745
8.8624	0.167042638848439
8.8784	0.167745175202956
8.8944	0.168491121105493
8.9104	0.169279840884226
8.9264	0.17010959183504
8.9424	0.17097752500214
8.9584	0.171879785134994
8.9744	0.172811691864577
8.9904	0.173768041450497
9.0064	0.174743435976335
9.0224	0.175732573885458
9.0384	0.176730379861308
9.0544	0.177731978183441
9.0704	0.17873250169205
9.0864	0.179726788683364
9.1024	0.18070908359444
9.1184	0.18167280295302
9.1344	0.182610383902233
9.1504	0.183513290153815
9.1664	0.184372128077857
9.1824	0.185176860209939
9.1984	0.185917106492074
9.2144	0.186582543591673
9.2304	0.187163337499786
9.2464	0.187650590299402
9.2624	0.188036771307356
9.2784	0.188316059916449
9.2944	0.188484535378297
9.3104	0.18854019191264
9.3264	0.188482779556697
9.3424	0.188313517283579
9.3584	0.188034764316686
9.3744	0.187649733170449
9.3904	0.187162321853709
9.4064	0.186577104866647
9.4224	0.185899466124031
9.4384	0.185135849840552
9.4544	0.184294037173931
9.4704	0.183383418682457
9.4864	0.182415214310243
9.5024	0.18140263165866
9.5184	0.180360903860294
9.5344	0.179307239979412
9.5504	0.178260619044924
9.5664	0.177241401623295
