0.036	0.0579453646320651
0.076	0.0533378103583821
0.116	0.0514240634319201
0.156	0.0517373549280897
0.196	0.0538619750482248
0.236	0.0574293287729226
0.276	0.0621141922279982
0.316	0.0676311777368248
0.356	0.0737314083207927
0.396	0.0801993964674175
0.436	0.0868501177911547
0.476	0.0935262713336265
0.516	0.100095717936124
0.556	0.106449078128886
0.596	0.112497477962076
0.636	0.118170436156998
0.676	0.123413887329445
0.716	0.128188337101474
0.756	0.132467150465086
0.796	0.136234969192554
0.836	0.139486253175971
0.876	0.142223936560978
0.916	0.144458189526542
0.956	0.146205276933113
0.996	0.1474865103641
1.036	0.148327292797855
1.076	0.148756256232982
1.116	0.148804489875314
1.156	0.148504853788477
1.196	0.147891369399414
1.236	0.146998677637821
1.276	0.145861556503402
1.316	0.144514491426786
1.356	0.142991295109479
1.396	0.14132477548527
1.436	0.139546450510775
1.476	0.137686308332643
1.516	0.135772611403166
1.556	0.133831740352047
1.596	0.131888074413137
1.636	0.129963904799919
1.676	0.128079376664953
1.716	0.12625245837965
1.756	0.124498937324287
1.796	0.122832438897685
1.836	0.121264465522
1.876	0.119804455028582
1.916	0.118459854622639
1.956	0.117236204695896
1.996	0.116137229082053
2.036	0.115164929864147
2.076	0.114319683456426
2.116	0.11360033783107
2.156	0.113004312259459
2.196	0.11252770075026
2.236	0.112165380414137
2.276	0.111911127115231
2.316	0.111757738920371
2.356	0.11169716639051
2.396	0.111720648470634
2.436	0.111818851851748
2.476	0.111982011014359
2.516	0.11220006730154
2.556	0.112462805506066
2.596	0.112759986952693
2.636	0.113081478927679
2.676	0.113417380036022
2.716	0.113758140127171
2.756	0.114094673860276
2.796	0.114418467083649
2.836	0.114721675191202
2.876	0.114997212813872
2.916	0.11523883463995
2.956	0.115441205791807
2.996	0.115599959235109
3.036	0.115711739180835
3.076	0.115774230430045
3.116	0.11578617445576
3.156	0.115747373749084
3.196	0.115658684284693
3.236	0.115521997319799
3.276	0.115340212150894
3.316	0.115117202475272
3.356	0.114857777249551
3.396	0.114567639491948
3.436	0.114253342191187
3.476	0.113922237885031
3.516	0.113582418425818
3.556	0.113242643421611
3.596	0.112912254542078
3.636	0.112601077795883
3.676	0.112319316570773
3.716	0.112077441351342
3.756	0.111886080568421
3.796	0.111755915775287
3.836	0.111697579718903
3.876	0.111721558132114
3.916	0.111838094672134
3.956	0.112057095714359
3.996	0.112388030140661
4.036	0.112839815467932
4.076	0.113420678587556
4.116	0.114137979036141
4.156	0.114997983443882
4.196	0.116005581010821
4.236	0.117163934128552
4.276	0.118474063936969
4.316	0.119934373600028
4.356	0.121540119621056
4.396	0.123282846803416
4.436	0.125149812700226
4.476	0.127123443472211
4.516	0.12918090295349
4.556	0.131293904880319
4.596	0.133428949052128
4.636	0.135548200414799
4.676	0.137611235848464
4.716	0.139577770749849
4.756	0.14141123380109
4.796	0.143192858307369
4.836	0.144789582050915
4.876	0.146165373694824
4.916	0.147286035277599
4.956	0.148120494321585
4.996	0.148641936715503
5.036	0.148828703450018
5.076	0.148664884725871
5.116	0.148140553390672
5.156	0.147251629914617
5.196	0.14599951005307
5.236	0.14439062360854
5.276	0.1424360602993
5.316	0.140151357277514
5.356	0.137556301075204
5.396	0.134674514754533
5.436	0.13153268369987
5.476	0.128159449102565
5.516	0.124584177124472
5.556	0.120835997418364
5.596	0.116943512287047
5.636	0.112935268316942
5.676	0.108840713918834
5.716	0.104691261328494
5.756	0.100520989284359
5.796	0.0963665732836141
5.836	0.092266279640409
5.876	0.0882581988151792
5.916	0.084378206447564
5.956	0.0806579403895036
5.996	0.0771232900496024
6.036	0.0737938420065056
6.076	0.0706832843149137
6.116	0.0678003924681256
6.156	0.0651501801250696
6.196	0.0627350041605759
6.236	0.0605553819218123
6.276	0.0586105789054265
6.316	0.0568991414314404
6.356	0.0554194098508454
6.396	0.0541699392416994
6.436	0.0531496994462266
6.476	0.0523576218052035
6.516	0.0517912777313221
6.556	0.05144484769529
6.596	0.0513067533917315
6.636	0.0513574752943207
6.676	0.051568278106199
6.716	0.0519013489451119
6.756	0.052311464150872
6.796	0.0527490374505497
6.836	0.0531640892092433
6.876	0.0535105236208047
6.916	0.0537501353450942
6.956	0.0538558739660822
6.996	0.0538141371401188
7.036	0.0536261422830258
7.076	0.0533084597732447
7.116	0.0528927762507188
7.156	0.0524249516697886
7.196	0.0519633734353171
7.236	0.0515765476401562
7.276	0.051340014051096
7.316	0.0513327823256269
7.356	0.0516334426532374
7.396	0.0523161635798637
7.436	0.0534467968182035
7.476	0.0550792459777334
7.516	0.0572522429826812
7.556	0.0599867189429837
7.596	0.063284038734988
7.636	0.0671253853873743
7.676	0.0714723987866854
7.716	0.076269027375556
7.756	0.0814442950076533
7.796	0.086915561551745
7.836	0.0925918103110597
7.876	0.098376914064243
7.916	0.104172866520639
7.956	0.109882760945393
7.996	0.11541361200096
8.036	0.12067919614061
8.076	0.125602806123023
8.116	0.130119650579996
8.156	0.134178754860198
8.196	0.13774416524485
8.236	0.140795306898791
8.276	0.143326513542458
8.316	0.145345754309457
8.356	0.146872697929691
8.396	0.147936391652987
8.436	0.148572728373264
8.476	0.148821894503012
8.516	0.148726028850771
8.556	0.14832722305928
8.596	0.147665938246089
8.636	0.146779985420121
8.676	0.145704108462493
8.716	0.144470083971182
8.756	0.143107197298573
8.796	0.141642856497537
8.836	0.140103099657278
8.876	0.138512872891251
8.916	0.136895938398734
8.956	0.135274386101568
8.996	0.133668000295298
9.036	0.13209371813242
9.076	0.130565299168676
9.116	0.129093357573677
9.156	0.127685792999923
9.196	0.126348385004302
9.236	0.125085303679594
9.276	0.123899485166614
9.316	0.122792822656844
9.356	0.121766111220335
9.396	0.120818903301394
9.436	0.119949504902035
9.476	0.119155124529794
9.516	0.118432086834741
9.556	0.117776113270391
9.596	0.117182599388979
9.636	0.116646765744928
9.676	0.116163733351893
9.716	0.115728570245391
9.756	0.1153363692551
9.796	0.114982367490438
9.836	0.114662135454221
9.876	0.114371754127372
9.916	0.114107934641336
9.956	0.113868046838615
9.996	0.11365006192484
10.036	0.113452405074309
10.076	0.113273760605718
10.116	0.113112888792624
10.156	0.112968510391507
10.196	0.112839249641691
10.236	0.112723612350035
10.276	0.112619996314276
10.316	0.112526742268056
10.356	0.11244220087104
10.396	0.11236482047266
10.436	0.112293240595104
10.476	0.112226366443519
10.516	0.112163412751226
10.556	0.112103916123228
10.596	0.112047703388779
10.636	0.11199483002336
10.676	0.111945521111419
10.716	0.11190012365746
10.756	0.111859055042029
10.796	0.111822736018635
10.836	0.11179151318775
10.876	0.111765578358142
10.916	0.111744900941243
10.956	0.111729192190534
10.996	0.111717918691308
11.036	0.111710369725227
11.076	0.111705770003038
11.116	0.111703428391646
11.156	0.111702908267855
11.196	0.111704196968187
11.236	0.111707855633366
11.276	0.111715121767443
11.316	0.11172795740671
11.356	0.111749064080538
11.396	0.111781921861901
11.436	0.111830860335854
11.476	0.111901129920891
11.516	0.111998931111128
11.556	0.112131360409006
11.596	0.112306216373621
11.636	0.112531758476248
11.676	0.112816484818989
11.716	0.113168940595724
11.756	0.113597540360953
11.796	0.114110377071651
11.836	0.114714783122491
11.876	0.11541661832096
11.916	0.1162193882986
11.956	0.117123410250738
11.996	0.118125209527829
12.036	0.119217298179517
12.076	0.120388335079763
12.116	0.121623644368281
12.156	0.122905945519374
12.196	0.124216266099463
12.236	0.125534926569639
12.276	0.126842604351094
12.316	0.128121336104126
12.356	0.129355366061301
12.396	0.130531716960913
12.436	0.131640417866375
12.476	0.132674309711188
12.516	0.133628605647768
12.556	0.134500324303698
12.596	0.135287737710851
12.636	0.135989890720051
12.676	0.136606291935617
12.716	0.137136772347187
12.756	0.137581449532586
12.796	0.137940701412159
12.836	0.13821516101218
12.876	0.13840565278856
12.916	0.138513032004862
12.956	0.138538004182859
12.996	0.138480958635053
13.036	0.138341872584714
13.076	0.138120390121696
13.116	0.137816106601985
13.156	0.137428960177015
13.196	0.136959645585616
13.236	0.13640991914745
13.276	0.135782663150206
13.316	0.135081677748669
13.356	0.134311300085724
13.396	0.133475973922895
13.436	0.132579919733455
13.476	0.131627017236593
13.516	0.130620862709332
13.556	0.129564983294241
13.596	0.1284631589299
13.636	0.127319734970737
13.676	0.12613981078287
13.716	0.124929393255723
13.756	0.1236955243434
13.796	0.122446335929521
13.836	0.121191198506647
13.876	0.1199410708148
13.916	0.118708982451874
13.956	0.117510513578079
13.996	0.116364165268418
14.036	0.115291359573643
14.076	0.114315827592062
14.116	0.113462403545238
14.156	0.112755311767568
14.196	0.112216163291759
14.236	0.111862046757221
14.276	0.111703914699643
14.316	0.111745355069214
14.356	0.111981858135575
14.396	0.112400602144017
14.436	0.112980827052876
14.476	0.113694873422187
14.516	0.114509724743339
14.556	0.115388829385989
14.596	0.116293959280068
14.636	0.117186843903323
14.676	0.118030531656284
14.716	0.118790657427251
14.756	0.119436614232182
14.796	0.119942625018222
14.836	0.120288831299359
14.876	0.120462140334705
14.916	0.120456619097279
14.956	0.120273451869604
14.996	0.119920589559523
15.036	0.119412084952426
15.076	0.118767392163544
15.116	0.118010834462819
15.156	0.117171219451688
15.196	0.116281336366352
15.236	0.115377286726183
15.276	0.114497497561612
15.316	0.113681230449753
15.356	0.112966490864434
15.396	0.112387587193634
15.436	0.111972670083613
15.476	0.111741682365928
15.516	0.111705131983182
15.556	0.111863813163236
15.596	0.112209308491412
15.636	0.112725083407266
15.676	0.113387993316717
15.716	0.114170070809674
15.756	0.115040555082171
15.796	0.115967980678359
15.836	0.11692209470716
15.876	0.11787537273889
15.916	0.118803936539191
15.956	0.119687726530298
15.996	0.120510107693516
16.036	0.121257239631756
16.076	0.121917480524512
16.116	0.122480979459564
16.156	0.122939642466289
16.196	0.123287336956547
16.236	0.123520148037169
16.276	0.123636479912772
16.316	0.123637048502655
16.356	0.123524717977869
16.396	0.123304260698671
16.436	0.122982135605294
16.476	0.122566270278195
16.516	0.12206588074039
16.556	0.121491380055428
16.596	0.120854258216351
16.636	0.120166849573163
16.676	0.119442040697262
16.716	0.118692984460434
16.756	0.11793279183814
16.796	0.117174254029219
16.836	0.116429633599079
16.876	0.115710516661249
16.916	0.115027649818838
16.956	0.114390764601449
16.996	0.113808421352442
17.036	0.113287942981
17.076	0.112835394767412
17.116	0.112455564327089
17.156	0.112151846210022
17.196	0.111926014064519
17.236	0.111777899418865
17.276	0.111705072780918
17.316	0.111702649039071
17.356	0.111763339627952
17.396	0.111877770495038
17.436	0.11203501838288
17.476	0.112223253373255
17.516	0.112430355313574
17.556	0.11264445696602
17.596	0.11285442220932
17.636	0.113050297817988
17.676	0.113223691271966
17.716	0.113368044599948
17.756	0.113478742834513
17.796	0.113553042946105
17.836	0.113589781418877
17.876	0.11358897134718
17.916	0.113551445682415
17.956	0.11347868395492
17.996	0.113372804731451
18.036	0.113236757849233
18.076	0.113074621606568
18.116	0.112891870541713
18.156	0.112695454593972
18.196	0.112493648971874
18.236	0.112295688749537
18.276	0.112111289526592
18.316	0.11195015879316
18.356	0.111821612411941
18.396	0.11173435360487
18.436	0.111696432957469
18.476	0.111715278702473
18.516	0.111797657678164
18.556	0.111949511906484
18.596	0.11217570389999
18.636	0.112479777681951
18.676	0.112863880147696
18.716	0.113328927536141
18.756	0.113874951971479
18.796	0.114501512321606
18.836	0.115208001205584
18.876	0.115993670780153
18.916	0.116857348746048
18.956	0.117797048606899
18.996	0.118809568109736
19.036	0.119890200097711
19.076	0.121032660948952
19.116	0.122229248591577
19.156	0.123471036861769
19.196	0.124748117393079
19.236	0.126049780094615
19.276	0.127364710652909
19.316	0.128681240845804
19.356	0.129987725549693
19.396	0.131272985658722
19.436	0.132526887984849
19.476	0.133740896885637
19.516	0.134908464452732
19.556	0.13602519928396
19.596	0.13708874349464
19.636	0.138098433821536
19.676	0.139054906412309
19.716	0.139959690770279
19.756	0.140814790451071
19.796	0.141622398079203
19.836	0.142384663956914
19.876	0.143103455562152
19.916	0.143780247378967
19.956	0.144416154351443
19.996	0.145011957549496
20.036	0.145568182167704
20.076	0.146085182218865
20.116	0.146563101207814
20.156	0.147001705186053
20.196	0.147400193677338
20.236	0.147756998546225
20.276	0.148069667502934
20.316	0.148334868227263
20.356	0.148548464518424
20.396	0.148705626191425
20.436	0.148800940579061
20.476	0.148828487059202
20.516	0.148781894656661
20.556	0.148654422668695
20.596	0.148439084818317
20.636	0.148128842275664
20.676	0.147716887675923
20.716	0.147197098683588
20.756	0.146564672601865
20.796	0.145816805102069
20.836	0.1449533365011
20.876	0.143977249131805
20.916	0.142894748033935
20.956	0.141714960946029
20.996	0.140449523153418
21.036	0.139112171719272
21.076	0.1377184661992
21.116	0.136285730050655
21.156	0.134832942219926
21.196	0.133380295397043
21.236	0.131948406970363
21.276	0.130557190023392
21.316	0.12922458321415
21.356	0.127965663707581
21.396	0.126792466676275
21.436	0.125714481035299
21.476	0.124739536239385
21.516	0.123874744916659
21.556	0.123127130834487
21.596	0.122503767959824
21.636	0.122011430799272
21.676	0.121656139144857
21.716	0.121442644574454
21.756	0.121374083155839
21.796	0.121451873753482
21.836	0.12167574656301
21.876	0.122043690922961
21.916	0.122551950089044
21.956	0.123195015764562
21.996	0.123965751179906
22.036	0.124855663440652
22.076	0.12585531808379
22.116	0.126954567186271
22.156	0.128142719356443
22.196	0.12940855512937
22.236	0.130740087618658
22.276	0.132124261443277
22.316	0.133546995523869
22.356	0.134993445179784
22.396	0.13644842316479
22.436	0.137896849495885
22.476	0.139323932737422
22.516	0.140715062778394
22.556	0.142055457927707
22.596	0.143329568565459
22.636	0.144520439840161
22.676	0.145609322775723
22.716	0.146575673437223
22.756	0.147397588173245
22.796	0.148052726466869
22.836	0.148519611346298
22.876	0.148779073769756
22.916	0.148815587689182
22.956	0.148618287447189
22.996	0.148181585284231
23.036	0.147505418706626
23.076	0.14659519117998
23.116	0.145461506110021
23.156	0.144119789746664
23.196	0.14258979719315
23.236	0.140894995373426
23.276	0.139061791707132
23.316	0.137118656372589
23.356	0.135095198411388
23.396	0.133021302167247
23.436	0.130926354115029
23.476	0.128838638597895
23.516	0.126784903283887
23.556	0.124790087564715
23.596	0.122877098440579
23.636	0.121066726349664
23.676	0.119377620339645
23.716	0.346963116870129
23.756	0.34747482837685
23.796	0.347970644211774
23.836	0.348451267629816
23.876	0.348917325249793
23.916	0.349369383081016
23.956	0.349807997831262
23.996	0.350233791221512
24.036	0.350647490182012
24.076	0.351049952831925
24.116	0.351442168951465
24.156	0.351825237815477
24.196	0.352200320808491
24.236	0.352568600558077
24.276	0.352931230543668
24.316	0.353289296438543
24.356	0.353643802088918
24.396	0.353995655622686
24.436	0.354345655080301
24.476	0.35469449446718
24.516	0.355042779425944
24.556	0.355391023217529
24.596	0.355739640898322
24.636	0.356088952793058
24.676	0.356439173908188
24.716	0.35679039487199
24.756	0.357142576384197
24.796	0.357495556490327
24.836	0.357849072502405
24.876	0.358202795883807
24.916	0.358556371741199
24.956	0.358909438106324
24.996	0.359261627626458
25.036	0.359612567499778
25.076	0.359961898981531
25.116	0.360309296319796
25.156	0.360654478398008
25.196	0.360997209035156
25.236	0.361337271020152
25.276	0.361674409956986
25.316	0.362008239951876
25.356	0.362338138460664
25.396	0.362663150261162
25.436	0.362981940439889
25.476	0.363292826317652
25.516	0.363593905039538
25.556	0.363883224743984
25.596	0.364158962094604
25.636	0.364419585815975
25.676	0.364663935001924
25.716	0.364891159853615
25.756	0.365100599573755
25.796	0.365291655712349
25.836	0.365463646901289
25.876	0.365615697932267
25.916	0.365746730431615
25.956	0.365855492257959
25.996	0.36594058757893
26.036	0.366000527381184
26.076	0.36603376758116
26.116	0.366038745173477
26.156	0.366013959252994
26.196	0.365958087495523
26.236	0.365870071540507
26.276	0.365749167611661
26.316	0.365594949840494
26.356	0.365407253827436
26.396	0.365186091975504
26.436	0.364931601236807
26.476	0.364644040899788
26.516	0.364323852068384
26.556	0.363971717100597
26.596	0.363588573367779
26.636	0.363175564264661
26.676	0.362733955217134
26.716	0.362265041423804
26.756	0.361770072689233
26.796	0.361250229265107
26.836	0.360706654604612
26.876	0.360140522108504
26.916	0.359553096720931
26.956	0.358945734704029
26.996	0.3583198197323
27.036	0.357676647605852
27.076	0.35701729825592
27.116	0.356342519127756
27.156	0.355652681080605
27.196	0.354947780958152
27.236	0.354227494844595
27.276	0.353491258196706
27.316	0.352738335636862
27.356	0.351967836796122
27.396	0.351178709432187
27.436	0.350369709103713
27.476	0.349539368939283
27.516	0.348685979264703
27.556	0.347807607177037
27.596	0.346902129517976
27.636	0.345967300978154
27.676	0.345000849142129
27.716	0.344000587595669
27.756	0.342964516736484
27.796	0.341890912019234
27.836	0.340778384499115
27.876	0.339625907127307
27.916	0.338432801851156
27.956	0.337198749775544
27.996	0.33592387495176
28.036	0.334608918809304
28.076	0.333255441289998
28.116	0.331865993434799
28.156	0.330444192218173
28.196	0.3289946530979
28.236	0.327522731667571
28.276	0.326034157552912
28.316	0.324534670692427
28.356	0.323029776670166
28.396	0.321524655492797
28.436	0.320024250926733
28.476	0.318533399284137
28.516	0.317056942582372
28.556	0.315599787525426
28.596	0.314166881787908
28.636	0.312763054195549
28.676	0.311392845966845
28.716	0.310060351241703
28.756	0.308769107282561
28.796	0.307522051921601
28.836	0.306321574329354
28.876	0.305169611806518
28.916	0.304067783504457
28.956	0.303017493662069
28.996	0.302020003855095
29.036	0.301076439621435
29.076	0.300187705495372
29.116	0.299354366380515
29.156	0.298576529219838
29.196	0.297853718622735
29.236	0.297184807943218
29.276	0.296568080971858
29.316	0.296001362681676
29.356	0.29548221609132
29.396	0.295008200915474
29.436	0.294577084592725
29.476	0.29418693714296
29.516	0.293836164907393
29.556	0.293523468121234
29.596	0.293247730590996
29.636	0.293007924370061
29.676	0.292803052785218
29.716	0.29263211881724
29.756	0.292494145046745
29.796	0.29238820501977
29.836	0.292313445227891
29.876	0.292269123393743
29.916	0.292254654914495
29.956	0.292269659004179
29.996	0.29231401708863
30.036	0.292387940101285
30.076	0.292492007428345
30.116	0.292627190723024
30.156	0.292794834844533
30.196	0.292996583254977
30.236	0.293234261881415
30.276	0.293509768852667
30.316	0.293824946128066
30.356	0.29418147582751
30.396	0.294580809976302
30.436	0.295024121219359
30.476	0.295512257827051
30.516	0.296045741634041
30.556	0.296624785427785
30.596	0.297249316345603
30.636	0.297918987411979
30.676	0.298633190029689
30.716	0.299391029603263
30.756	0.30019126314777
30.796	0.301032208253452
30.836	0.301911687993078
30.876	0.302827020793297
30.916	0.303775096493949
30.956	0.30475255566392
30.996	0.30575605814228
31.036	0.306782559702143
31.076	0.307829484421701
31.116	0.308894726765521
31.156	0.309976446182833
31.196	0.311072762685938
31.236	0.312181409310952
31.276	0.313299461100611
31.316	0.314423247295333
31.356	0.315548469703052
31.396	0.31667043431088
31.436	0.317784363136749
31.476	0.31888570982638
31.516	0.319970426286753
31.556	0.32103514718066
31.596	0.322077319788986
31.636	0.323095201631778
31.676	0.324087772077246
31.716	0.325054551581455
31.756	0.325995340388913
31.796	0.32690991742735
31.836	0.327797840995858
31.876	0.32865838428856
31.916	0.329490613895125
31.956	0.330293584151078
31.996	0.331066567619362
32.036	0.331809231500886
32.076	0.332521721448782
32.116	0.333204621503747
32.156	0.333858819910356
32.196	0.334485315537783
32.236	0.335085027230708
32.276	0.335658635448472
32.316	0.336206472566888
32.356	0.336728486690099
32.396	0.337224279641848
32.436	0.337693202627308
32.476	0.338134487978537
32.516	0.338547367959982
32.556	0.338931147119692
32.596	0.33928523366924
32.636	0.339609170737945
32.676	0.339902662267898
32.716	0.340165619334807
32.756	0.340398251209947
32.796	0.34060117792406
32.836	0.340775491264684
32.876	0.340922758064574
32.916	0.341044968273064
32.956	0.341144445416414
32.996	0.341223706000134
33.036	0.34128531123703
33.076	0.341331726469347
33.116	0.341365202519429
33.156	0.341387658478425
33.196	0.341400616432085
33.236	0.341405183986873
33.276	0.341402101531506
33.316	0.341391874017851
33.356	0.341374965256982
33.396	0.341351961376748
33.436	0.341323702724523
33.476	0.34129137173942
33.516	0.341256515089492
33.556	0.341220975035032
33.596	0.341186820461865
33.636	0.341156263518017
33.676	0.341131535044987
33.716	0.34111473299652
33.756	0.341107676164167
33.796	0.341111768077837
33.836	0.341127929487395
33.876	0.341156628256311
33.916	0.34119798195978
33.956	0.341251915829935
33.996	0.341318345338752
34.036	0.341397289640127
34.076	0.341488867871791
34.116	0.341593214861582
34.156	0.34171036559784
34.196	0.341840141130119
34.236	0.341982108987055
34.276	0.342135635054708
34.316	0.342299980748828
34.356	0.342474435511779
34.396	0.34265841609777
34.436	0.342851494225519
34.476	0.343053369156331
34.516	0.34326383056589
34.556	0.343482697142148
34.596	0.343709778892196
34.636	0.343944894931766
34.676	0.344187937549506
34.716	0.344438931180975
34.756	0.344698078595527
34.796	0.344965786637892
34.836	0.345242648445251
34.876	0.345529394409455
34.916	0.34582683175484
34.956	0.346135771365616
34.996	0.346456965764439
35.036	0.346791080232251
35.076	0.347138694489285
35.116	0.34750032370674
35.156	0.347876473671547
35.196	0.34826771910125
35.236	0.348674743943407
35.276	0.349098334247811
35.316	0.349539345418524
35.356	0.349998634448016
35.396	0.350476967859427
35.436	0.350974955549813
35.476	0.351493015301949
35.516	0.35203136851349
35.556	0.352590084516467
35.596	0.353169160845898
35.636	0.353768630509017
35.676	0.354388666398304
35.716	0.355029665605244
35.756	0.355692298517391
35.796	0.356377523505311
35.836	0.357086568718593
35.876	0.357820887816787
35.916	0.358582117258641
35.956	0.359372043984735
35.996	0.360192540684828
36.036	0.361045482986605
36.076	0.361932648751504
36.116	0.362855574495722
36.156	0.363815345057062
36.196	0.364812375607223
36.236	0.365846218399936
36.276	0.366915426514314
36.316	0.368017523585469
36.356	0.36914907715742
36.396	0.370305835195465
36.436	0.371482931429388
36.476	0.372675105653177
36.516	0.373876846247977
36.556	0.375082419537465
36.596	0.376285848516861
36.636	0.377480805712019
36.676	0.378660508222413
36.716	0.379817659504835
36.756	0.380944526995126
36.796	0.382033145499532
36.836	0.383075597163241
36.876	0.384064245569198
36.916	0.384991963733506
36.956	0.385852317565984
36.996	0.386639610307183
37.036	0.38734883642338
37.076	0.387975611128669
37.116	0.388515993021105
37.156	0.388966209702826
37.196	0.389322439061391
37.236	0.389580724836759
37.276	0.389737030784901
37.316	0.389787389632782
37.356	0.389728133441351
37.396	0.389556131870259
37.436	0.38926892410446
37.476	0.38886478696654
37.516	0.38834286237461
37.556	0.387703378772288
37.596	0.386947991151737
37.636	0.386080133887758
37.676	0.385105243910991
37.716	0.384030766819354
37.756	0.382865958545717
37.796	0.38162150317883
37.836	0.380309035215754
37.876	0.378940785329553
37.916	0.377529360578958
37.956	0.376087572377999
37.996	0.374628220680493
38.036	0.373163796211872
38.076	0.371706125886629
38.116	0.37026598485949
38.156	0.368852698061688
38.196	0.367473850663566
38.236	0.366135179449642
38.276	0.364840599140984
38.316	0.363592349757176
38.356	0.362391268814752
38.396	0.36123708779804
38.436	0.360128718163402
38.476	0.359064522022318
38.516	0.358042546841205
38.556	0.357060695198965
38.596	0.356116852774319
38.636	0.355208977805591
38.676	0.3543351542204
38.716	0.353493633799161
38.756	0.352682898347026
38.796	0.35190171742316
38.836	0.351149194890792
38.876	0.35042480164852
38.916	0.349728389813521
38.956	0.349060147766038
38.996	0.348420522475255
39.036	0.347810130776439
39.076	0.347229674551216
39.116	0.346679876718125
39.156	0.346161474417804
39.196	0.345675210251767
39.236	0.345221797556831
39.276	0.344801870440796
39.316	0.344415878458006
39.356	0.34406394476867
39.396	0.343745758399826
39.436	0.343460513360877
39.476	0.343206890579488
39.516	0.342983116951536
39.556	0.342787074737471
39.596	0.342616433519159
39.636	0.342468818181542
39.676	0.342341966231922
39.716	0.342233830827733
39.756	0.342142645133768
39.796	0.342066925177235
39.836	0.342005394213732
39.876	0.341956878989841
39.916	0.341920226488849
39.956	0.341894250686897
39.996	0.341877758823664
40.036	0.341869638627562
40.076	0.341868962670139
40.116	0.341875081241517
40.156	0.341887685910901
40.196	0.341906776734986
40.236	0.341932547807349
40.276	0.341965231550307
40.316	0.342004942820407
40.356	0.342051545764914
40.396	0.342104602476921
40.436	0.342163419605233
40.476	0.342227191257819
40.516	0.342295188480094
40.556	0.342366959509657
40.596	0.342442491502317
40.636	0.34252229506522
40.676	0.34260734895792
40.716	0.342698962755071
40.756	0.342798552022583
40.796	0.342907390539301
40.836	0.343026419380292
40.876	0.343156182429118
40.916	0.343296835418462
40.956	0.343448259518434
40.996	0.343610258071067
41.036	0.343782746141881
41.076	0.343965859410312
41.116	0.344160031890123
41.156	0.344365979289926
41.196	0.344584586081115
41.236	0.344816764758898
41.276	0.345063336494385
41.316	0.345324912776989
41.356	0.345601841879698
41.396	0.345894234192275
41.436	0.346202046321306
41.476	0.346525220806041
41.516	0.346863865131666
41.556	0.34721839497229
41.596	0.34758960920491
41.636	0.347978709357791
41.676	0.348387263230851
41.716	0.34881711401891
41.756	0.349270281407369
41.796	0.349748906070273
41.836	0.350255231863359
41.876	0.350791640353868
41.916	0.35136070545945
41.956	0.351965271046365
41.996	0.35260854732541
42.036	0.353294206101056
42.076	0.354026426806656
42.116	0.354809926316124
42.156	0.355649993871227
42.196	0.356552530153332
42.236	0.357524096898246
42.276	0.358572006699645
42.316	0.35970442304655
42.356	0.360930459432914
42.396	0.362260267645626
42.436	0.36370508737576
42.476	0.36527723506654
42.516	0.366990026649318
42.556	0.368857566292245
42.596	0.37089436313582
42.636	0.373114782573867
42.676	0.375532312256929
42.716	0.378158632804035
42.756	0.381002560016223
42.796	0.384068968098569
42.836	0.387357755750178
42.876	0.390863005827639
42.916	0.394572387715097
42.956	0.398466885109443
42.996	0.402520940634022
43.036	0.406703157605141
43.076	0.410977428003747
43.116	0.415304445685121
43.156	0.419643474963163
43.196	0.423953974088619
43.236	0.428196670088161
43.276	0.432333895094301
43.316	0.436329324631702
43.356	0.440147468157355
43.396	0.443753255957713
43.436	0.447112194387673
43.476	0.450191463342363
43.516	0.4529619045766
43.556	0.455400127966859
43.596	0.457490091222071
43.636	0.459223800068471
43.676	0.460600765799452
43.716	0.461626388573052
43.756	0.462309924313778
43.796	0.46266259029804
43.836	0.462696146315133
43.876	0.462422536204898
43.916	0.461854241818987
43.956	0.461004788341306
43.996	0.459889359450199
44.036	0.458525276734212
44.076	0.45693176283559
44.116	0.455129224432644
44.156	0.45313859304236
44.196	0.450980835153224
44.236	0.448676635370016
44.276	0.446246346372882
44.316	0.443709993422036
44.356	0.441087304346459
44.396	0.438397610369184
44.436	0.435659478032575
44.476	0.432890220652928
44.516	0.430105638393449
44.556	0.427319855288557
44.596	0.424545333897378
44.636	0.421793083983864
44.676	0.419072817456878
44.716	0.416393072960383
44.756	0.413761402586993
44.796	0.411184409660131
44.836	0.408667621460022
44.876	0.406215465466032
44.916	0.403831336227451
44.956	0.40151757192682
44.996	0.399275397962331
45.036	0.397104977298726
45.076	0.395005506659471
45.116	0.39297541162492
45.156	0.391012738258423
45.196	0.38911559380111
45.236	0.387282502194857
45.276	0.385512749886104
45.316	0.383806570343065
45.356	0.382165052780812
45.396	0.380589841963602
45.436	0.379082830019747
45.476	0.37764581768179
45.516	0.376280169070945
45.556	0.374986600567046
45.596	0.37376515035168
45.636	0.372615273706285
45.676	0.371535979583981
45.716	0.370525951967047
45.756	0.369583642251607
45.796	0.368707285504654
45.836	0.36789481650799
45.876	0.367143736699541
45.916	0.366450986490992
45.956	0.365812875106367
45.996	0.365225137979004
46.036	0.36468308706568
46.076	0.364181810336775
46.116	0.363716427999686
46.156	0.363282350080786
46.196	0.362875417123719
46.236	0.362491944847918
46.276	0.362128724593837
46.316	0.361782966413532
46.356	0.361452190161171
46.396	0.361134171436065
46.436	0.360826947273039
46.476	0.360528854646815
46.516	0.360238562488628
46.556	0.359955111321922
46.596	0.359677931034707
46.636	0.359406824377426
46.676	0.359141898539377
46.716	0.358883495289205
46.756	0.358632121854951
46.796	0.358388408496222
46.836	0.358153085330792
46.876	0.357926961806181
46.916	0.357710908412794
46.956	0.35750584624651
46.996	0.357312725085325
47.036	0.357132480299833
47.076	0.35696600823566
47.116	0.356814176834603
47.156	0.356677815778967
47.196	0.356557677804446
47.236	0.356454404556879
47.276	0.356368514310171
47.316	0.356300422815049
47.356	0.356250512660741
47.396	0.356219263739724
47.436	0.544038979179607
47.476	0.544046304238329
47.516	0.544072303387333
47.556	0.544119048071602
47.596	0.544189152040424
47.636	0.544285679368807
47.676	0.544412000651675
47.716	0.544571622935887
47.756	0.544768050038369
47.796	0.545004670108053
47.836	0.545284683084221
47.876	0.545611074422979
47.916	0.545986623017042
47.956	0.546413919530405
47.996	0.546895388873882
48.036	0.547433293449888
48.076	0.548029688323361
48.116	0.548686344470724
48.156	0.549404665559136
48.196	0.550185610152592
48.236	0.551029639935701
48.276	0.551936732362645
48.316	0.552906426583171
48.356	0.553937872833272
48.396	0.555029885156499
48.436	0.556180981366607
48.476	0.557389349055072
48.516	0.558652788985437
48.556	0.55996865395038
48.596	0.561333785917729
48.636	0.562744479590531
48.676	0.56419651031778
48.716	0.565685169168358
48.756	0.567205314138583
48.796	0.568751451190913
48.836	0.570317792529277
48.876	0.571898318236212
48.916	0.573486885870917
48.956	0.575077351080493
48.996	0.576663689540872
49.036	0.578240173850713
49.076	0.579801561238593
49.116	0.581343265647018
49.156	0.582861496775065
49.196	0.584353326343891
49.236	0.585816676178833
49.276	0.587250268242204
49.316	0.588653507897519
49.356	0.590026303013783
49.396	0.591368877112581
49.436	0.592681573581611
49.476	0.593964680686888
49.516	0.595218289147915
49.556	0.596442170747718
49.596	0.597635681286352
49.636	0.598797750977546
49.676	0.599926933280965
49.716	0.601021475740662
49.756	0.602079407784647
49.796	0.603098619855562
49.836	0.60407687654148
49.876	0.60501179546922
49.916	0.605900803215921
49.956	0.606741120738466
49.996	0.607529832012833
50.036	0.608264073896422
50.076	0.608941251141548
50.116	0.609559277830755
50.156	0.610116766527526
50.196	0.610613054837874
50.236	0.611048078009848
50.276	0.611422146667785
50.316	0.611735668402179
50.356	0.61198893290382
50.396	0.61218206851391
50.436	0.61231513117021
50.476	0.612388323218902
50.516	0.612402317221228
50.556	0.612358534263628
50.596	0.612259293681415
50.636	0.612107854946967
50.676	0.611908294475345
50.716	0.611665231810949
50.756	0.611383506336573
50.796	0.611067865226985
50.836	0.610722652501877
50.876	0.610351602558705
50.916	0.609957746735258
50.956	0.609543459601127
50.996	0.609110649135651
51.036	0.608660993880971
51.076	0.608196119654732
51.116	0.607717717846665
51.156	0.607227575583487
51.196	0.606727498547649
51.236	0.60621916549109
51.276	0.605704008366342
51.316	0.605183162429896
51.356	0.604657505018746
51.396	0.60412775532598
51.436	0.603594582781444
51.476	0.603058705453577
51.516	0.602520958339188
51.556	0.601982307193179
51.596	0.601443786825619
51.636	0.600906416757955
51.676	0.600371111983925
51.716	0.59983860327301
51.756	0.599309385252266
51.796	0.598783721565788
51.836	0.598261723585825
51.876	0.597743465101676
51.916	0.597229091804451
51.956	0.596718887517167
51.996	0.596213282485632
52.036	0.595712797519802
52.076	0.595217930115449
52.116	0.594729014886394
52.156	0.594246124575999
52.196	0.593769034203081
52.236	0.593297246926813
52.276	0.59283003625016
52.316	0.592366519224315
52.356	0.591905686200711
52.396	0.591446379538493
52.436	0.590987231035577
52.476	0.590526625784547
52.516	0.590062670371015
52.556	0.589593221491073
52.596	0.589115969696367
52.636	0.588628552339468
52.676	0.588128673044142
52.716	0.5876142469571
52.756	0.587083506538628
52.796	0.586535045938327
52.836	0.585967834573307
52.876	0.585381203140766
52.916	0.584774767398274
52.956	0.584148319759603
52.996	0.583501725044853
53.036	0.582834846104838
53.076	0.582147483983103
53.116	0.581439342451048
53.156	0.580710045022053
53.196	0.579959190021288
53.236	0.579186376787126
53.276	0.578391181334649
53.316	0.577573115475186
53.356	0.576731569573015
53.396	0.575865763337742
53.436	0.574974743283923
53.476	0.574057412326116
53.516	0.573112599743098
53.556	0.572139180746646
53.596	0.571136216445453
53.636	0.570103022131621
53.676	0.5690391854758
53.716	0.56794456646551
53.756	0.566819303415684
53.796	0.565663810978373
53.836	0.564478816515305
53.876	0.563265496819787
53.916	0.56202565406543
53.956	0.560761883014488
53.996	0.559477758642696
54.036	0.558178005330786
54.076	0.556868576033283
54.116	0.555556669715209
54.156	0.554250686176795
54.196	0.552960021160819
54.236	0.551694759002823
54.276	0.550465352669315
54.316	0.54928226208793
54.356	0.548155524563034
54.396	0.547094329044803
54.436	0.546106622463363
54.476	0.545198739161465
54.516	0.544375106192721
54.556	0.543638101164365
54.596	0.542988062741895
54.636	0.542423447913627
54.676	0.541941118872684
54.716	0.541536688781804
54.756	0.541204837166738
54.796	0.540939592987337
54.836	0.540734559177128
54.876	0.540583053760747
54.916	0.540478193014714
54.956	0.540412978315905
54.996	0.540380409177137
55.036	0.540373638863894
55.076	0.540386169906766
55.116	0.540412057007652
55.156	0.540446069951665
55.196	0.540483776591715
55.236	0.540521534247734
55.276	0.540556407157895
55.316	0.540586057612776
55.356	0.540608660118549
55.396	0.540622870422702
55.436	0.540627847598012
55.476	0.540623315630688
55.516	0.54060961504122
55.556	0.540587709447955
55.596	0.540559140554965
55.636	0.540525932916768
55.676	0.540490457806973
55.716	0.540455307370648
55.756	0.540423200729512
55.796	0.540396926339181
55.836	0.540379320383794
55.876	0.540373263985604
55.916	0.540381673632536
55.956	0.540407483842682
55.996	0.540453622887211
56.036	0.540522982707575
56.076	0.540618387595472
56.116	0.540742554324666
56.156	0.540898033842462
56.196	0.54108713655349
56.236	0.541311852018042
56.276	0.541573774114314
56.316	0.541874056659989
56.356	0.54221341769639
56.396	0.54259217269388
56.436	0.543010278948369
56.476	0.54346739840515
56.516	0.543962966886999
56.556	0.544496246224131
56.596	0.545066375102401
56.636	0.545672418951019
56.676	0.546313361868798
56.716	0.5469880212225
56.756	0.547694923139108
56.796	0.548432159549995
56.836	0.549197288030221
56.876	0.549987336033462
56.916	0.550798901834565
56.956	0.551628318986518
56.996	0.552471839903955
57.036	0.553325788730957
57.076	0.554186671379471
57.116	0.555051259338532
57.156	0.555916670649301
57.196	0.556780475466486
57.236	0.557640785250607
57.276	0.558496314296562
57.316	0.559346409180316
57.356	0.560191006504034
57.396	0.561030531027258
57.436	0.561865792730121
57.476	0.562697898670633
57.516	0.563528157133414
57.556	0.564357997953435
57.596	0.565188880012947
57.636	0.566022164726837
57.676	0.566858988354676
57.716	0.567700181059388
57.756	0.568546211169004
57.796	0.569397156511284
57.836	0.57025271410135
57.876	0.5711122301228
57.916	0.571974735013056
57.956	0.572839007562358
57.996	0.573703624784542
58.036	0.574567014988258
58.076	0.575427526288816
58.116	0.576283518537281
58.156	0.577133445736727
58.196	0.577975920060569
58.236	0.578809737734964
58.276	0.579633883888189
58.316	0.580447519363474
58.356	0.581249959265223
58.396	0.5820406386082
58.436	0.582819072905824
58.476	0.58358481153066
58.516	0.584337377311657
58.556	0.585076212124822
58.596	0.58580066811929
58.636	0.586510057059845
58.676	0.587203696254431
58.716	0.587880945536785
58.756	0.588541228859402
58.796	0.589184022495601
58.836	0.589808797140211
58.876	0.590414961061516
58.916	0.591001837632712
58.956	0.591568662756014
58.996	0.59211463997454
59.036	0.592639009913052
59.076	0.593141063349638
59.116	0.593620101008863
59.156	0.594075385568654
59.196	0.594506067120321
59.236	0.594911112586857
59.276	0.595289315992538
59.316	0.595639347229959
59.356	0.595959770760732
59.396	0.59624907072077
59.436	0.596505652848926
59.476	0.596727812029894
59.516	0.596913728534698
59.556	0.597061571047579
59.596	0.597169658984473
59.636	0.597236675275425
59.676	0.597261872672661
59.716	0.597245165559144
59.756	0.597187083953759
59.796	0.597088651072209
59.836	0.59695119062485
59.876	0.596776104941316
59.916	0.59656473012641
59.956	0.596318285508996
59.996	0.596037905710585
60.036	0.595724714292903
60.076	0.595379895411849
60.116	0.595004741737519
60.156	0.59460066691377
60.196	0.594169168817999
60.236	0.593711770448596
60.276	0.593229956234172
60.316	0.592725128558989
60.356	0.592198574582323
60.396	0.591651465686091
60.436	0.591084874759693
60.476	0.590499857142316
60.516	0.589897576397377
60.556	0.589279420071479
60.596	0.588647061814049
60.636	0.588002519639716
60.676	0.587348171669396
60.716	0.586686734248516
60.756	0.586021185469475
60.796	0.585354632571097
60.836	0.58469013037295
60.876	0.584030493976904
60.916	0.583378087056944
60.956	0.582734655957903
60.996	0.582101290130403
61.036	0.581478476836642
61.076	0.580866212941093
61.116	0.580264164214935
61.156	0.579671820220057
61.196	0.579088580897434
61.236	0.578513798424382
61.276	0.5779468006694
61.316	0.577386897418528
61.356	0.57683346596999
61.396	0.57628611172861
61.436	0.575744801369863
61.476	0.5752099445066
61.516	0.57468244269263
61.556	0.574163674847554
61.596	0.573655420660668
61.636	0.573159775880301
61.676	0.572679082307888
61.716	0.572215837963507
61.756	0.571772614958054
61.796	0.571351920176154
61.836	0.570956050902344
61.876	0.570586963902457
61.916	0.570246203816868
61.956	0.569934834345833
61.996	0.569653457932125
62.036	0.569402276028633
62.076	0.56918114367364
62.116	0.568989554180472
62.156	0.56882660349836
62.196	0.568690908268854
62.236	0.568580575051854
62.276	0.568493246548799
62.316	0.568426260971929
62.356	0.56837688451207
62.396	0.568342612022251
62.436	0.568321469272375
62.476	0.568312226868134
62.516	0.56831448194864
62.556	0.568328632896005
62.596	0.568355742952438
62.636	0.56839731192529
62.676	0.568455035093598
62.716	0.568530613998986
62.756	0.568625592847969
62.796	0.568741234728542
62.836	0.568878472914998
62.876	0.569037930848925
62.916	0.569220008231303
62.956	0.569424994255749
62.996	0.569653160618651
63.036	0.569904814408803
63.076	0.570180303069911
63.116	0.570479989151547
63.156	0.570804190335947
63.196	0.571153100251461
63.236	0.571526702008075
63.276	0.571924731323556
63.316	0.572346625047516
63.356	0.572791454107445
63.396	0.573257882751319
63.436	0.573744152081172
63.476	0.574248084646241
63.516	0.574767164304145
63.556	0.575298663520663
63.596	0.57583977401076
63.636	0.576387758945781
63.676	0.576940105405185
63.716	0.577494613941951
63.756	0.578049478041191
63.796	0.578603393311464
63.836	0.579155653742674
63.876	0.579706181460606
63.916	0.580255472307806
63.956	0.580804437675226
63.996	0.581354145112421
64.036	0.581905512207257
64.076	0.582459047319158
64.116	0.583014708728705
64.156	0.583571896757295
64.196	0.584129573521192
64.236	0.584686466263502
64.276	0.585241265673707
64.316	0.585792767782785
64.356	0.58633996807238
64.396	0.586882105336374
64.436	0.587418644828631
64.476	0.587949233161051
64.516	0.588473648577025
64.556	0.588991750552424
64.596	0.589503423546631
64.636	0.590008557533903
64.676	0.590507054858612
64.716	0.590998859131863
64.756	0.591484006562625
64.796	0.591962671662952
64.836	0.592435133653236
64.876	0.592901679527785
64.916	0.593362469497695
64.956	0.593817393599618
64.996	0.594265959647046
65.036	0.594707263718309
65.076	0.595140015723636
65.116	0.595562614409747
65.156	0.595973242031388
65.196	0.596369975459492
65.236	0.596750872359216
65.276	0.597114053296007
65.316	0.597457773511039
65.356	0.597780481699523
65.396	0.598080877625648
65.436	0.598357991282185
65.476	0.598611287646257
65.516	0.598840793876342
65.556	0.599047202414702
65.596	0.599231914099406
65.636	0.599396985748552
65.676	0.599544988589951
65.716	0.599678787436737
65.756	0.59980129071846
65.796	0.599915190346817
65.836	0.600022791456812
65.876	0.600125943273863
65.916	0.600226048705171
65.956	0.600324112800568
65.996	0.600420864587534
66.036	0.600516905895539
66.076	0.600612867653147
66.116	0.600709548092407
66.156	0.600808034049333
66.196	0.600909747429622
66.236	0.601016424155617
66.276	0.601130033913808
66.316	0.601252661294783
66.356	0.601386402723037
66.396	0.601533296100055
66.436	0.601695254121857
66.476	0.601873996449655
66.516	0.602070971823803
66.556	0.602287239643502
66.596	0.602523336382959
66.636	0.602779144505622
66.676	0.603053819575354
66.716	0.60334579594215
66.756	0.603652899958327
66.796	0.603972488991655
66.836	0.604301638146328
66.876	0.604637309547002
66.916	0.604976494851268
66.956	0.605316321530051
66.996	0.605654161490325
67.036	0.605987695942652
67.076	0.606314964246128
67.116	0.606634403370798
67.156	0.606944882274629
67.196	0.607245734841232
67.236	0.607536839226992
67.276	0.607818711975977
67.316	0.608092572538364
67.356	0.608360334178244
67.396	0.608624536845007
67.436	0.608888196183557
67.476	0.609154608694812
67.516	0.609427150918084
67.556	0.609709126072161
67.596	0.610003677600655
67.636	0.610313798381998
67.676	0.610642396446917
67.716	0.610992340218573
67.756	0.611366442318111
67.796	0.611767434528822
67.836	0.612197924134556
67.876	0.61266036685144
67.916	0.613157109269032
67.956	0.613690510215605
67.996	0.614263080754608
68.036	0.614877605117783
68.076	0.615537190988988
68.116	0.616245276392934
68.156	0.617005603072982
68.196	0.617822150011104
68.236	0.618699038475182
68.276	0.619640375703177
68.316	0.620650055813687
68.356	0.621731561243735
68.396	0.622887786810946
68.436	0.624120891198451
68.476	0.625432266506369
68.516	0.626822636914572
68.556	0.628292232771969
68.596	0.629840998318031
68.636	0.631468771178678
68.676	0.633175343032853
68.716	0.634960387164273
68.756	0.636823279825162
68.796	0.638762894959431
68.836	0.640777469907608
68.876	0.642864542545968
68.916	0.645020890643252
68.956	0.647242481974001
68.996	0.649524385099522
69.036	0.651860632272129
69.076	0.654244194993524
69.116	0.656667106457476
69.156	0.659120666606999
69.196	0.661595759946728
69.236	0.664083260182686
69.276	0.666574384310636
69.316	0.669061059127039
69.356	0.671536359018436
69.396	0.67399488792362
69.436	0.676433109417445
69.476	0.67884957789034
69.516	0.681245084330417
69.556	0.683622485420759
69.596	0.6859861904728
69.636	0.68834137648135
69.676	0.690693129172793
69.716	0.693045521847871
69.756	0.695400786222294
69.796	0.697758673323477
69.836	0.70011598376875
69.876	0.702466232645357
69.916	0.704799655760791
69.956	0.707103420471107
69.996	0.709361999624669
70.036	0.711557698178716
70.076	0.713671231941174
70.116	0.715681992657835
70.156	0.717568251655148
70.196	0.719307469014755
70.236	0.72087683274766
70.276	0.722254009827147
70.316	0.723418099212264
70.356	0.724350521722013
70.396	0.725035598085853
70.436	0.725460597288471
70.476	0.725615460789857
70.516	0.725492537462404
70.556	0.725086445486845
70.596	0.724394003705847
70.636	0.723414253138962
70.676	0.722148447469415
70.716	0.720599856568207
70.756	0.718773446063313
70.796	0.716675712576262
70.836	0.714314788286224
70.876	0.711701038226561
70.916	0.708847868482152
70.956	0.705772138065196
70.996	0.702493985915584
71.036	0.699036117188072
71.076	0.69542262500455
71.116	0.691677826269409
71.156	0.757326375383179
71.196	0.761776224134233
71.236	0.76622350677984
71.276	0.770634619249278
71.316	0.774976922482739
71.356	0.779219202152514
71.396	0.783332173937693
71.436	0.787288852793476
71.476	0.79106484674499
71.516	0.794638446944602
71.556	0.797990719653469
71.596	0.801105829522547
71.636	0.803971661652606
71.676	0.806580496753283
71.716	0.808929508922115
71.756	0.811020896428793
71.796	0.812861642573892
71.836	0.814462909330433
71.876	0.815839256581376
71.916	0.817007857554962
71.956	0.817987768648194
71.996	0.818799283557069
72.036	0.819463384874104
72.076	0.820001265332311
72.116	0.820433908575661
72.156	0.82078171743576
72.196	0.821064177901628
72.236	0.821299563772008
72.276	0.821504689837368
72.316	0.821694718129407
72.356	0.821883032894195
72.396	0.822081188675052
72.436	0.822298922982951
72.476	0.822544218760572
72.516	0.822823405943605
72.556	0.823141275117151
72.596	0.823501189099825
72.636	0.823905195401156
72.676	0.82435412969886
72.716	0.824847681998114
72.756	0.825384456613228
72.796	0.825962039921719
72.836	0.826577075561274
72.876	0.827225357139112
72.916	0.827901971535673
72.956	0.828601459697768
72.996	0.829317970668856
73.036	0.830045400319849
73.076	0.830777515992124
73.116	0.831508064038014
73.156	0.832230881783803
73.196	0.832940037167478
73.236	0.833630006929762
73.276	0.834295834513166
73.316	0.834933230897977
73.356	0.835538580758974
73.396	0.836108872807723
73.436	0.836641558165129
73.476	0.837134404876049
73.516	0.837585404110874
73.556	0.837992766652227
73.596	0.838354960733397
73.636	0.838670740997812
73.676	0.838939113376145
73.716	0.839159277903039
73.756	0.83933055207025
73.796	0.839452293631882
73.836	0.839523819044934
73.876	0.83954443043634
73.916	0.839513540479184
73.956	0.83943084830318
73.996	0.839296495827962
74.036	0.839111224020924
74.076	0.838876486006508
74.116	0.838594458946736
74.156	0.83826788358829
74.196	0.837899787287244
74.236	0.837493141383425
74.276	0.837050561464824
74.316	0.836574091626662
74.356	0.836065154173208
74.396	0.835524679919632
74.436	0.834953434749269
74.476	0.834352410812115
74.516	0.833723129330607
74.556	0.833067847036275
74.596	0.832389683517767
74.636	0.831692622968919
74.676	0.830981446021506
74.716	0.830261635266722
74.756	0.829539280811615
74.796	0.828820967976319
74.836	0.828113639541697
74.876	0.827424376661674
74.916	0.826760118427205
74.956	0.826127344664104
74.996	0.825531731275286
75.036	0.824977837298976
75.076	0.824468906913324
75.116	0.82400677833284
75.156	0.823591878676722
75.196	0.823223272799289
75.236	0.822898718541928
75.276	0.822614696893061
75.316	0.822366430365903
75.356	0.822147894567215
75.396	0.821951838786599
75.436	0.821769836180891
75.476	0.821592386937161
75.516	0.821409085499588
75.556	0.821208865052067
75.596	0.820980323474187
75.636	0.820712112297971
75.676	0.820393339117319
75.716	0.820013933327949
75.756	0.81956493718173
75.796	0.819038696895279
75.836	0.818428952475382
75.876	0.817730839364081
75.916	0.816940836121261
75.956	0.816056673598317
75.996	0.815077235568576
76.036	0.814002450653422
76.076	0.812833209483368
76.116	0.811571327050561
76.156	0.810219535416929
76.196	0.808781417903417
76.236	0.807261329119878
76.276	0.805664239689746
76.316	0.803995569056069
76.356	0.802260995110855
76.396	0.800466303256957
76.436	0.798617194361607
76.476	0.796719220180274
76.516	0.794777767418636
76.556	0.792798097172315
76.596	0.790785414116598
76.636	0.78874509388644
76.676	0.786682895414525
76.716	0.784605165301012
76.756	0.782518937125956
76.796	0.780431872727177
76.836	0.77835205804326
76.876	0.776287866893138
76.916	0.77424768757066
76.956	0.772239728003199
76.996	0.770272078250662
77.036	0.768353014155649
77.076	0.766491309690639
77.116	0.764696657993485
77.156	0.762979952542827
77.196	0.761353290248649
77.236	0.759829882876267
77.276	0.758423930743898
77.316	0.75715037675075
77.356	0.756024819117946
77.396	0.755063737172175
77.436	0.754284650154452
77.476	0.753705894568223
77.516	0.753345885646389
77.556	0.753221989073228
77.596	0.753349046449848
77.636	0.75373782090687
77.676	0.754393849639725
77.716	0.75531699922671
77.756	0.756501422044969
77.796	0.757936056072949
77.836	0.759605432666524
77.876	0.761490429941804
77.916	0.763568805055701
77.956	0.765815873206399
77.996	0.768204982918081
78.036	0.77070791377099
78.076	0.773295400913066
78.116	0.775937713256694
78.156	0.778605128892909
78.196	0.78126866958119
78.236	0.783900989971921
78.276	0.786477187775062
78.316	0.788975523383121
78.356	0.7913779145737
78.396	0.793670039969899
78.436	0.795841213370859
78.476	0.797884114648858
78.516	0.799794427037955
78.556	0.801570476042555
78.596	0.803212869319917
78.636	0.804724114194712
78.676	0.806108270088255
78.716	0.807370626109083
78.756	0.808517340044737
78.796	0.80955512376332
78.836	0.810490983280569
78.876	0.811332045385249
78.916	0.812085435713949
78.956	0.812758197269214
78.996	0.813357210825621
79.036	0.813889127282702
79.076	0.81436027843468
79.116	0.814776604136731
79.156	0.815143617113221
79.196	0.815466406095918
79.236	0.815749675321551
79.276	0.815997831851145
79.316	0.816215072699744
79.356	0.816405449768413
79.396	0.816572898979294
79.436	0.816721212232554
79.476	0.816853929832429
79.516	0.816974213850805
79.556	0.817084734510103
79.596	0.817187612567436
79.636	0.817284453327104
79.676	0.817376454583651
79.716	0.817464544242603
79.756	0.817549538369508
79.796	0.81763226701015
79.836	0.817713625596709
79.876	0.817794561952367
79.916	0.817876028588958
79.956	0.817958900171688
79.996	0.818043880609003
80.036	0.818131430775348
80.076	0.818221727013731
80.116	0.818314656274622
80.156	0.818409877509775
80.196	0.818506918551985
80.236	0.818605280295201
80.276	0.818704529328339
80.316	0.818804366183115
80.356	0.818904618322938
80.396	0.819005173355584
80.436	0.81910588943791
80.476	0.81920651445937
80.516	0.819306624944711
80.556	0.819405620737043
80.596	0.81950277303472
80.636	0.819597283826638
80.676	0.819688344983947
80.716	0.819775199692784
80.756	0.819857188580406
80.796	0.81993378791574
80.836	0.82000464555778
80.876	0.820069609046565
80.916	0.820128735285738
80.956	0.820182279154678
80.996	0.820230664597651
81.036	0.820274447623048
81.076	0.820314275346152
81.116	0.820350848830979
81.156	0.82038490125501
81.196	0.820417181272265
81.236	0.820448429452425
81.276	0.820479355425742
81.316	0.820510615688689
81.356	0.820542776201154
81.396	0.820576281012129
81.436	0.82061144881139
81.476	0.820648483853012
81.516	0.820687493959755
81.556	0.820728521871021
81.596	0.820771567590575
81.636	0.820816594193707
81.676	0.82086352668443
81.716	0.82091224474945
81.756	0.820962573884336
81.796	0.821014287388262
81.836	0.821067115754061
81.876	0.82112076687796
81.916	0.821174959278387
81.956	0.821229461411462
81.996	0.821284123181765
82.036	0.821338897267455
82.076	0.82139384198124
82.116	0.821449108706171
82.156	0.82150492475749
82.196	0.821561576804192
82.236	0.82161939433055
82.276	0.821678744257556
82.316	0.82174003726564
82.356	0.821803737973346
82.396	0.821870376210845
82.436	0.821940561492457
82.476	0.822014989412696
82.516	0.822094437034038
82.556	0.822179747099578
82.596	0.822271801063194
82.636	0.822371482848935
82.676	0.822479636111637
82.716	0.822597015956105
82.756	0.822724242666324
82.796	0.822861764060487
82.836	0.823009828245826
82.876	0.823168467722918
82.916	0.823337507650726
82.956	0.823516591576037
82.996	0.823705223691298
83.036	0.823902827283692
83.076	0.824108808278402
83.116	0.824322592153336
83.156	0.824543630596408
83.196	0.824771366279779
83.236	0.825005168250352
83.276	0.825244272012891
83.316	0.825487757300176
83.356	0.825734554681151
83.396	0.825983497740078
83.436	0.826233408896011
83.476	0.826483187342862
83.516	0.826731848799056
83.556	0.826978529807817
83.596	0.82722246252258
83.636	0.827462924358385
83.676	0.827699176950289
83.716	0.827930419353968
83.756	0.82815574268984
83.796	0.828374109107954
83.836	0.828584356859731
83.876	0.828785197277894
83.916	0.828975197851551
83.956	0.82915277859833
83.996	0.829316235882184
84.036	0.829463749540966
84.076	0.829593418404015
84.116	0.829703309342562
84.156	0.829791504535335
84.196	0.829856129105006
84.236	0.829895366803536
84.276	0.829907443555842
84.316	0.82989064764342
84.356	0.829843393784784
84.396	0.829764318624611
84.436	0.829652400045691
84.476	0.829507104414396
84.516	0.829328473903753
84.556	0.829117152185971
84.596	0.828874358604454
84.636	0.828601835420552
84.676	0.828301775820008
84.716	0.827976801300273
84.756	0.827629950554534
84.796	0.827264648411211
84.836	0.826884649759815
84.876	0.826493984246116
84.916	0.826096869611045
84.956	0.825697608165586
84.996	0.825300508108223
85.036	0.824909840796436
85.076	0.824529782551521
85.116	0.824164336428754
85.156	0.823817212853586
85.196	0.823491640224034
85.236	0.823190115422121
85.276	0.822914161797903
85.316	0.822664125588434
85.356	0.822439035730308
85.396	0.822236549933129
85.436	0.822052990857734
85.476	0.821883440720124
85.516	0.821721876208993
85.556	0.821561329143768
85.596	0.821394060759295
85.636	0.821211748489339
85.676	0.821005687995096
85.716	0.820767002448423
85.756	0.820486851320072
85.796	0.820156637630382
85.836	0.819768213889023
85.876	0.819314092864309
85.916	0.818787687850118
85.956	0.818183599380741
85.996	0.817497961099021
86.036	0.816728840895968
86.076	0.815876669092751
86.116	0.814944613165347
86.156	0.813938845194126
86.196	0.812868673088288
86.236	0.811746471576817
86.276	0.810587439138426
86.316	0.809409268896643
86.356	0.808231768403096
86.396	0.807076402817748
86.436	0.805965730700808
86.476	0.804922698075486
86.516	0.80396969207825
86.556	0.803127420963121
86.596	0.802413793633646
86.636	0.801842969022082
86.676	0.80142467043797
86.716	0.801163905808326
86.756	0.801061064567519
86.796	0.801112162003959
86.836	0.801309275306546
86.876	0.801641194519852
86.916	0.802094216714546
86.956	0.802653057484405
86.996	0.803301845520763
87.036	0.804024903104518
87.076	0.804807209428062
87.116	0.805634612446691
87.156	0.806493834752724
87.196	0.807372358526556
87.236	0.808258479947003
87.276	0.809141482357748
87.316	0.810011822625984
87.356	0.810861307930089
87.396	0.811683229796944
87.436	0.812472311694513
87.476	0.813224573396748
87.516	0.813937156255537
87.556	0.814608141737692
87.596	0.815236377075258
87.636	0.815821352368924
87.676	0.816363094167531
87.716	0.816862099164623
87.756	0.817319306571473
87.796	0.817736094470354
87.836	0.818114266177825
87.876	0.818456007916963
87.916	0.818763811917868
87.956	0.819040377263835
87.996	0.819288498300565
88.036	0.819510961146306
88.076	0.819710464469479
88.116	0.819889569508148
88.156	0.820050664361363
88.196	0.820195942446417
88.236	0.820327393543116
88.276	0.820446800859684
88.316	0.820555743142704
88.356	0.820655602945524
88.396	0.820747589097805
88.436	0.820832766485981
88.476	0.820912088116294
88.516	0.820986423156103
88.556	0.821056580198781
88.596	0.821123316027996
88.636	0.821187334392383
88.676	0.821249277446934
88.716	0.821309715390927
88.756	0.821369139472863
88.796	0.821427967331178
88.836	0.821486557051425
88.876	0.821545229867012
88.916	0.821604296507394
88.956	0.821664083008549
88.996	0.821724942911046
89.036	0.821787255865398
89.076	0.821851413439606
89.116	0.821917799273485
89.156	0.821986765790032
89.196	0.822058611189123
89.236	0.822133563206381
89.276	0.822211777463841
89.316	0.822293344237145
89.356	0.822378301449162
89.396	0.822466656378498
89.436	0.822558409104075
89.476	0.822653566096931
89.516	0.822752143089796
89.556	0.822854156185787
89.596	0.822959600765166
89.636	0.823068423372447
89.676	0.823180500484013
89.716	0.823295628038784
89.756	0.82341353160854
89.796	0.823533898960274
89.836	0.8236564332967
89.876	0.8237809058479
89.916	0.823907200375483
89.956	0.824035348713557
89.996	0.824165563867488
90.036	0.824298255932844
90.076	0.824434047697841
90.116	0.824573791749237
90.156	0.824718564699977
90.196	0.824869616031314
90.236	0.824976925158981
90.276	0.825103350073564
90.316	0.82525224880533
90.356	0.825426063206847
90.396	0.825626536887451
90.436	0.825854912106585
90.476	0.826112085204733
90.516	0.826398718354993
90.556	0.826715316180414
90.596	0.827062275946708
90.636	0.827439919642141
90.676	0.827848514722649
90.716	0.828288289484905
90.756	0.828759444160247
90.796	0.829262159884542
90.836	0.829796607272615
90.876	0.830362954228316
90.916	0.830961370752564
90.956	0.831592033682983
90.996	0.832255129394119
91.036	0.832950854846174
91.076	0.833679419473746
91.116	0.834441049203806
91.156	0.835235989409205
91.196	0.836064508663809
91.236	0.836926902317503
91.276	0.837823491131529
91.316	0.838754613866402
91.356	0.839720618793023
91.396	0.840721853421203
91.436	0.841758653498743
91.476	0.842831335512641
91.516	0.843940193238875
91.556	0.845085494303347
91.596	0.846267480517066
91.636	0.847486371611285
91.676	0.848742369385373
91.716	0.850035663008959
91.756	0.851366437140519
91.796	0.852734878220747
91.836	0.854141175882801
91.876	0.85558552141952
91.916	0.857068102559114
91.956	0.858589093409551
91.996	0.86014864541758
92.036	0.861746881744856
92.076	0.86338389255955
92.116	0.865059733087956
92.156	0.866774423706587
92.196	0.868527947422343
92.236	0.870320243312654
92.276	0.872151198075691
92.316	0.874020634902169
92.356	0.875928300435125
92.396	0.87787385109378
92.436	0.879856840092011
92.476	0.881876704254389
92.516	0.883932752282171
92.556	0.886024155429141
92.596	0.888149940818013
92.636	0.890308986057213
92.676	0.892500016120686
92.716	0.894721601486311
92.756	0.896972155768643
92.796	0.899249931258844
92.836	0.901553012594952
92.876	0.903879307785584
92.916	0.906226536310123
92.956	0.908592215806807
92.996	0.910973649376474
93.036	0.913367914900872
93.076	0.9157718570197
93.116	0.91818208179864
93.156	0.920594952624996
93.196	0.923006585674741
93.236	0.92541284376228
93.276	0.927809327801422
93.316	0.930191365223066
93.356	0.93255399593358
93.396	0.934891956696661
93.436	0.937199663561059
93.476	0.939471192643565
93.516	0.941700259859602
93.556	0.94388019966716
93.596	0.94600394266882
93.636	0.948063994212947
93.676	0.950052414821207
93.716	0.951960802274344
93.756	0.95378027469265
93.796	0.955501454162531
93.836	0.957114449958447
93.876	0.958608841643026
93.916	0.959973661837352
93.956	0.961197379303464
93.996	0.96226788420353
94.036	0.963172475851127
94.076	0.963897851668333
94.116	0.964430096893085
94.156	0.964754674548671
94.196	0.964856413932956
94.236	0.964719497272994
94.276	0.9643274453605
94.316	0.963663103261235
94.356	0.962708627943692
94.396	0.96144547941856
94.436	0.959854416443371
94.476	0.957915496810867
94.516	0.955608079858393
94.556	0.952910826814834
94.596	0.949801697401456
94.636	0.946257941551948
94.676	0.942256088547931
94.716	0.937771935448594
94.756	0.93278053456756
94.796	0.927256179953068
94.836	0.921172389105068
94.876	0.914501871038442
94.916	0.907216478741023
