0.036	-0.0741968360666201
0.076	-0.0468527472029878
0.116	-0.0220402914786382
0.156	0.000416414108891594
0.196	0.0206833976170637
0.236	0.0389172635087141
0.276	0.0552656245354557
0.316	0.0698675284178316
0.356	0.0828538753768475
0.396	0.0943478137848652
0.436	0.104465119053477
0.476	0.113314548197635
0.516	0.12099817653968
0.556	0.127611722842285
0.596	0.133244860977645
0.636	0.13798152158595
0.676	0.141900186335058
0.716	0.145074173009454
0.756	0.147571910294125
0.796	0.149457201511928
0.836	0.150789476577525
0.876	0.151624031808772
0.916	0.152012258613294
0.956	0.152001861771338
0.996	0.151637067692291
1.036	0.15095882251586
1.076	0.150004980362982
1.116	0.14881048282342
1.156	0.14740753103099
1.196	0.145825751222421
1.236	0.144092353842217
1.276	0.142232285657204
1.316	0.140268373330144
1.356	0.138221457608029
1.396	0.136110517625766
1.436	0.133952786433663
1.476	0.131763858915099
1.516	0.129557794383666
1.556	0.12734721455348
1.596	0.125143398643726
1.636	0.1229563760885
1.676	0.120795017255637
1.716	0.118667121349074
1.756	0.116579502771297
1.796	0.114538074906956
1.836	0.112547929500837
1.876	0.110613409950928
1.916	0.108738177087724
1.956	0.106925266672802
1.996	0.105177139502987
2.036	0.103495725318331
2.076	0.101882461905794
2.116	0.100338331676499
2.156	0.0988638967949766
2.196	0.0974593333511455
2.236	0.0961244656738485
2.276	0.0948588018250964
2.316	0.0936615696599068
2.356	0.0925317525213698
2.396	0.0914681225464333
2.436	0.0904692699508756
2.476	0.089533626530705
2.516	0.088659483589292
2.556	0.087845004672416
2.596	0.0870882356049405
2.636	0.0863871139798809
2.676	0.0857394808513474
2.716	0.0851430949453897
2.756	0.0845956490741662
2.796	0.0840947874483708
2.836	0.0836381228258274
2.876	0.0832232514039992
2.916	0.0828477648610244
2.956	0.082509261574077
2.996	0.0822053578328932
3.036	0.0819336994977595
3.076	0.0816919751185585
3.116	0.0814779296092665
3.156	0.0812893761320295
3.196	0.0811242051738281
3.236	0.0809803903549584
3.276	0.0808559904871364
3.316	0.0807491498998152
3.356	0.0806580998188862
3.396	0.0805811617152221
3.436	0.0805167533946536
3.476	0.0804633979677787
3.516	0.0804197346776112
3.556	0.0803845301756985
3.596	0.0803566900692863
3.636	0.0803352704695284
3.676	0.0803194897353441
3.716	0.0803087410504899
3.756	0.080302606107856
3.796	0.0803008697805856
3.836	0.0803035358857853
3.876	0.0803108440946572
3.916	0.0803232878109368
3.956	0.0803416330123055
3.996	0.0803669380944347
4.036	0.080400574358797
4.076	0.0804442465774811
4.116	0.0805000127438822
4.156	0.0805703015279375
4.196	0.0806579258027993
4.236	0.0807660901523333
4.276	0.0808983890791444
4.316	0.0810587909309417
4.356	0.0812516006605746
4.396	0.0814813908044831
4.436	0.0817528860618308
4.476	0.0820707841407318
4.516	0.0824394970249633
4.556	0.0828628003285656
4.596	0.0833433933982723
4.636	0.0838824025602944
4.676	0.0844789075108983
4.716	0.0851296456553952
4.756	0.0858291490538603
4.796	0.0865706837200575
4.836	0.0872596185435013
4.876	0.0879776073748593
4.916	0.0887217226026982
4.956	0.0894889556865968
4.996	0.0902762456852058
5.036	0.0910804802185146
5.076	0.0918984842980199
5.116	0.0927269767912611
5.156	0.0935625191976142
5.196	0.0944014652355163
5.236	0.0952399354456679
5.276	0.0960737948402608
5.316	0.0968986309575355
5.356	0.0977098495150832
5.396	0.0985028483359391
5.436	0.0992732256733069
5.476	0.100017011425062
5.516	0.100730888231836
5.556	0.101412305371428
5.596	0.10205950643262
5.636	0.102671502313199
5.676	0.103248032646301
5.716	0.103789537688939
5.756	0.104297110800405
5.796	0.104772389004277
5.836	0.105217411527145
5.876	0.105634530590215
5.916	0.106026388380204
5.956	0.106395954060139
5.996	0.106746652640029
6.036	0.107082509922029
6.076	0.107408225813585
6.116	0.107729156170079
6.156	0.10805122365139
6.196	0.108380754011075
6.236	0.10872428133555
6.276	0.109088392803126
6.316	0.109479525707964
6.356	0.109903706128384
6.396	0.110366246987074
6.436	0.110871427465336
6.476	0.11142213762056
6.516	0.112019699787251
6.556	0.11266396813713
6.596	0.113353633864951
6.636	0.114086660834285
6.676	0.114860760257169
6.716	0.115673743959449
6.756	0.116523661432885
6.796	0.117408753166262
6.836	0.118327282485878
6.876	0.119277291859819
6.916	0.120256335774161
6.956	0.121261247612771
6.996	0.122288007784833
7.036	0.123331763789186
7.076	0.124387046473131
7.116	0.125448206052519
7.156	0.126509967991939
7.196	0.127568000677123
7.236	0.128619359536077
7.276	0.12966268675912
7.316	0.130698050546038
7.356	0.131726507697624
7.396	0.132749493457287
7.436	0.133768201105535
7.476	0.134783103087766
7.516	0.135793758570336
7.556	0.13679887171459
7.596	0.137796507874845
7.636	0.138784284018798
7.676	0.139759408005378
7.716	0.14071862624967
7.756	0.141658129898816
7.796	0.142573493939994
7.836	0.143459812422319
7.876	0.144312073465808
7.916	0.145125627406574
7.956	0.14589661167271
7.996	0.146622236570011
8.036	0.147300788985867
8.076	0.147931381088317
8.116	0.148513660858973
8.156	0.149047574389496
8.196	0.149533272937036
8.236	0.149971221537506
8.276	0.150362385410108
8.316	0.150708316738121
8.356	0.151011078558194
8.396	0.151272981619896
8.436	0.151496182218366
8.476	0.151682276783698
8.516	0.151831971865206
8.556	0.151944869564482
8.596	0.152019386016168
8.636	0.152052761223563
8.676	0.152041082487286
8.716	0.151979281408836
8.756	0.151861090654362
8.796	0.15167898194366
8.836	0.151424140794098
8.876	0.151086515382029
8.916	0.150655002919648
8.956	0.150117785719567
8.996	0.14946277111662
9.036	0.148678028337623
9.076	0.147752172286618
9.116	0.146674617551848
9.156	0.145435692701198
9.196	0.144026742661072
9.236	0.142440464284744
9.276	0.140671399851059
9.316	0.138716600276488
9.356	0.136576300436389
9.396	0.134254351308249
9.436	0.131758252582059
9.476	0.129098981138054
9.516	0.126290623486054
9.556	0.123349939283618
9.596	0.120296129141878
9.636	0.117150761166944
9.676	0.113937746123793
9.716	0.110683567642336
9.756	0.107417520511812
9.796	0.104171814699114
9.836	0.100981646846988
9.876	0.0978853486922615
9.916	0.0949241969245316
9.956	0.0921417967949347
9.996	0.0895831738447699
10.036	0.0872936105368725
10.076	0.0853174950951656
10.116	0.0836972446609474
10.156	0.0824723663945592
10.196	0.0816784452211889
10.236	0.0813460492291211
10.276	0.081499673084914
10.316	0.0821566480892448
10.356	0.0833261596681689
10.396	0.085008465464381
10.436	0.0871942090636475
10.476	0.0898636624945874
10.516	0.092986212882642
10.556	0.0965204844780194
10.596	0.100414920131345
10.636	0.104608818933905
10.676	0.109033740229093
10.716	0.113614983825962
10.756	0.118273023423172
10.796	0.122925015434757
10.836	0.127486406500966
10.876	0.13187264647823
10.916	0.136001141830522
10.956	0.139793322688795
10.996	0.143176559913477
11.036	0.146085803078022
11.076	0.148464903567215
11.116	0.150267611408004
11.156	0.151458360211373
11.196	0.152012996818349
11.236	0.151919471039949
11.276	0.151178418312536
11.316	0.149803493338662
11.356	0.147821253967169
11.396	0.145270473017876
11.436	0.142200896210322
11.476	0.138671613391058
11.516	0.134749326027916
11.556	0.130506872664408
11.596	0.12602206545026
11.636	0.121376672270944
11.676	0.116655274244592
11.716	0.11194368552868
11.756	0.107326763942271
11.796	0.10288591955545
11.836	0.0986966508286136
11.876	0.0948264693938752
11.916	0.0913335198423679
11.956	0.0882658914415009
11.996	0.0856613464576546
12.036	0.083547398666556
12.076	0.0819416197302223
12.116	0.080852073855179
12.156	0.0802779240556388
12.196	0.0802102226403383
12.236	0.0806327800696485
12.276	0.0815230777279288
12.316	0.082853165545365
12.356	0.0845905117045573
12.396	0.0866988867582519
12.436	0.0891392633749204
12.476	0.0918706664590827
12.516	0.0948510074380655
12.556	0.0980378999989275
12.596	0.1013893227462
12.636	0.104864167755109
12.676	0.108422764950954
12.716	0.112027311094539
12.756	0.115642064225624
12.796	0.11923344987711
12.836	0.122770114299828
12.876	0.126222783315899
12.916	0.129564104664587
12.956	0.132768600737356
12.996	0.135812507622187
13.036	0.138673566747502
13.076	0.141330950484625
13.116	0.143765232842195
13.156	0.145958404113609
13.196	0.147894100353652
13.236	0.149557889892509
13.276	0.150937506207856
13.316	0.15202311324705
13.356	0.152807600836364
13.396	0.153286864036786
13.436	0.153460059910731
13.476	0.153329856697435
13.516	0.152902542917061
13.556	0.152187931928565
13.596	0.151198851688544
13.636	0.149950316189329
13.676	0.148458578179119
13.716	0.14674021850757
13.756	0.144811401407572
13.796	0.142687439116457
13.836	0.140382698957718
13.876	0.137910802875267
13.916	0.135284975069388
13.956	0.132518469064123
13.996	0.129625203813091
14.036	0.12662034476067
14.076	0.123520768273614
14.116	0.120345405080697
14.156	0.117115355217925
14.196	0.113853707938566
14.236	0.110585326357135
14.276	0.107336591669028
14.316	0.104135138360518
14.356	0.101009659266711
14.396	0.0979898282689069
14.436	0.0951061342160413
14.476	0.0923895559032628
14.516	0.089871092970383
14.556	0.087581240294397
14.596	0.0855495057786291
14.636	0.0838041260416515
14.676	0.0823719875029587
14.716	0.0812786218368968
14.756	0.0805481539303186
14.796	0.0802030477467239
14.836	0.0802634938366031
14.876	0.080746425814147
14.916	0.0816643463317268
14.956	0.0830241348239502
14.996	0.08482601302899
15.036	0.0870628040137147
15.076	0.0897194145057325
15.116	0.0927724853191192
15.156	0.0961901495915383
15.196	0.0999319537959407
15.236	0.10394902142676
15.276	0.108184589954479
15.316	0.112574899194064
15.356	0.117050452522618
15.396	0.121537574926688
15.436	0.125960191131081
15.476	0.13024172382702
15.516	0.134307100235492
15.556	0.138084752889266
15.596	0.141508597256558
15.636	0.144519877459591
15.676	0.147068817675664
15.716	0.149116047580852
15.756	0.150633775050538
15.796	0.151606623206407
15.836	0.152032085770554
15.876	0.151920548899288
15.916	0.151294864718895
15.956	0.15018953722065
15.996	0.148649637397418
16.036	0.146729571699086
16.076	0.144491767187104
16.116	0.142005310907236
16.156	0.139344482156912
16.196	0.136587015781161
16.236	0.133812069280178
16.276	0.131098012646205
16.316	0.128519990790308
16.356	0.126147377520609
16.396	0.12404139672146
16.436	0.122253028116332
16.476	0.120821388824358
16.516	0.119773021205474
16.556	0.119121957910644
16.596	0.118870466760625
16.636	0.119010358829853
16.676	0.11952453873655
16.716	0.120388345146414
16.756	0.121570791027305
16.796	0.123035637675559
16.836	0.12474240169399
16.876	0.126647406011274
16.916	0.128705038439938
16.956	0.130869086841289
16.996	0.133094156316264
17.036	0.135336800791324
17.076	0.137556253886069
17.116	0.139714802028048
17.156	0.14177794044305
17.196	0.143714336651738
17.236	0.1454958033482
17.276	0.14709739614512
17.316	0.148497684424812
17.356	0.149679182656974
17.396	0.15062883026761
17.436	0.151338409087182
17.476	0.151804801356081
17.516	0.15202997721597
17.556	0.15202063997167
17.596	0.151787533348481
17.636	0.151344457649798
17.676	0.150707114116021
17.716	0.149891937424155
17.756	0.148915110409576
17.796	0.147791923586568
17.836	0.14653651830328
17.876	0.14516196683516
17.916	0.143680555450323
17.956	0.142104098154307
17.996	0.140444165968485
18.036	0.138712149552837
18.076	0.136919151716593
18.116	0.135075874178281
18.156	0.133192650054824
18.196	0.131279596559353
18.236	0.129346897678396
18.276	0.127405147376764
18.316	0.12546559170602
18.356	0.123540137417915
18.396	0.1216411932657
18.436	0.119781247371718
18.476	0.11797228988669
18.516	0.116225257010437
18.556	0.114549626448585
18.596	0.112953165463485
18.636	0.111441902909681
18.676	0.110020287475584
18.716	0.108691350986592
18.756	0.107456739712656
18.796	0.106316796227435
18.836	0.105270641488878
18.876	0.104316273580461
18.916	0.103450735611555
18.956	0.102670411484595
18.996	0.101971271155718
19.036	0.101349135339396
19.076	0.100799910876108
19.116	0.100319745223326
19.156	0.0999051036180694
19.196	0.0995528476390666
19.236	0.0992602029056746
19.276	0.0990247237546198
19.316	0.0988442937002381
19.356	0.0987171272464975
19.396	0.098641713722226
19.436	0.0986168277409751
19.476	0.0986415377267624
19.516	0.09871519924243
19.556	0.0988374548924069
19.596	0.0990081674091199
19.636	0.0992272770790512
19.676	0.0994946828993859
19.716	0.0998102115696424
19.756	0.100173635792994
19.796	0.100584735366996
19.836	0.10104338792065
19.876	0.101549622243875
19.916	0.102103592033152
19.956	0.102705511554539
19.996	0.10335556418359
20.036	0.104053833079418
20.076	0.10480024815694
20.116	0.105594533818354
20.156	0.106436168710608
20.196	0.107324387477393
20.236	0.1082582050354
20.276	0.109236479892451
20.316	0.110258008256294
20.356	0.111321650473733
20.396	0.112426484204376
20.436	0.113571906444233
20.476	0.114757599331939
20.516	0.115983407904937
20.556	0.117249213827594
20.596	0.118554803494521
20.636	0.119899719180567
20.676	0.121283184899325
20.716	0.122704043706784
20.756	0.124160655733614
20.796	0.125650711393326
20.836	0.127171007864336
20.876	0.12871718764442
20.916	0.130283545841201
20.956	0.131862902123296
20.996	0.133446596618733
21.036	0.135024576837414
21.076	0.136585680272286
21.116	0.13811804753673
21.156	0.139609584049365
21.196	0.141048435187986
21.236	0.142423480566618
21.276	0.143724644987883
21.316	0.144943095928387
21.356	0.146071383221915
21.396	0.147103520468455
21.436	0.148035025189201
21.476	0.148863048249033
21.516	0.149586500683353
21.556	0.150206147572223
21.596	0.150724627734664
21.636	0.151146361014459
21.676	0.151477324676867
21.716	0.151724766507258
21.756	0.151896835603076
21.796	0.152002172407118
21.836	0.15204954110454
21.876	0.152047518862488
21.916	0.152004254451863
21.956	0.151927321831049
21.996	0.151823655435993
22.036	0.151699554171301
22.076	0.15156074158175
22.116	0.151412467332821
22.156	0.151259647860061
22.196	0.151107024876006
22.236	0.150959271790378
22.276	0.150821028494048
22.316	0.150696865723099
22.356	0.150591184790273
22.396	0.150508030128116
22.436	0.150450883835476
22.476	0.150422476735666
22.516	0.150424618035305
22.556	0.150458029826861
22.596	0.150522211753747
22.636	0.150615361172959
22.676	0.150734375562386
22.716	0.150874954866366
22.756	0.151031781649187
22.796	0.151198726868837
22.836	0.151369067761631
22.876	0.151535682120421
22.916	0.151691201831556
22.956	0.151828126604094
22.996	0.151938925411083
23.036	0.152016130196993
23.076	0.152052403209383
23.116	0.152040561141216
23.156	0.151973563283851
23.196	0.151844473229885
23.236	0.15164640756494
23.276	0.151372494686687
23.316	0.151015858792936
23.356	0.150569630460422
23.396	0.150026960729149
23.436	0.149381037861347
23.476	0.148625084665432
23.516	0.147752309625871
23.556	0.146755855419861
23.596	0.145628826770047
23.636	0.14436443327243
23.676	0.142956309571692
23.716	0.141399034645883
23.756	0.13968870534348
23.796	0.296113546479392
23.836	0.296362818900062
23.876	0.296662968704396
23.916	0.297019196642082
23.956	0.297436835290387
23.996	0.297921363299678
24.036	0.29847841174143
24.076	0.299113739662734
24.116	0.299833149952508
24.156	0.300642349879409
24.196	0.301546771799366
24.236	0.302551363194405
24.276	0.303660370047185
24.316	0.304877148974023
24.356	0.306204049808729
24.396	0.307642352403969
24.436	0.309192262680889
24.476	0.310852964141978
24.516	0.312622678155374
24.556	0.31449867757856
24.596	0.316477299184002
24.636	0.318553964554786
24.676	0.320723246072266
24.716	0.322978931672035
24.756	0.325314099680364
24.796	0.327721175360284
24.836	0.330191958128512
24.876	0.332717598536461
24.916	0.335288613124508
24.956	0.337894956559548
24.996	0.340526154683462
25.036	0.343171486554426
25.076	0.345820196726171
25.116	0.348461583622104
25.156	0.351084985043493
25.196	0.353679756297274
25.236	0.356235235573951
25.276	0.358740722429344
25.316	0.361185608393214
25.356	0.36355961360678
25.396	0.365853017947592
25.436	0.36805684041445
25.476	0.370162950216178
25.516	0.372164081206933
25.556	0.374053820280792
25.596	0.375826606738696
25.636	0.377477797566867
25.676	0.379003786871454
25.716	0.380402134412884
25.756	0.381671646210169
25.796	0.382812387410811
25.836	0.383825555440653
25.876	0.384713260330126
25.916	0.38547825360889
25.956	0.386123613572391
25.996	0.386652434360906
26.036	0.387067670204701
26.076	0.387372045420051
26.116	0.387568018160175
26.156	0.387657763309681
26.196	0.387643158597254
26.236	0.387525681962666
26.276	0.387306312122169
26.316	0.386985415061699
26.356	0.386562658004963
26.396	0.386036982161897
26.436	0.385406689355006
26.476	0.384669535439112
26.516	0.383822893377378
26.556	0.382863926500283
26.596	0.381789770037422
26.636	0.380597691233382
26.676	0.379285298133938
26.716	0.377850741287975
26.756	0.376292921535012
26.796	0.374611682746447
26.836	0.37280791794345
26.876	0.370883530770617
26.916	0.368841294566565
26.956	0.366684690316657
26.996	0.364417771095479
27.036	0.362045159748683
27.076	0.359572190996069
27.116	0.357005125790128
27.156	0.354351358636257
27.196	0.351619579418905
27.236	0.348819796104098
27.276	0.345963274388409
27.316	0.343062399212428
27.356	0.340130536314017
27.396	0.337181883568057
27.436	0.334231386018118
27.476	0.331294593400293
27.516	0.328387468110041
27.556	0.325526167165948
27.596	0.322726832291894
27.636	0.320005322954511
27.676	0.317376962673459
27.716	0.314856325578633
27.756	0.312457006241398
27.796	0.310191330042191
27.836	0.308070084901934
27.876	0.306102316522896
27.916	0.304295209530395
27.956	0.302654062149855
27.996	0.301182356659447
28.036	0.299881872489038
28.076	0.298752841234094
28.116	0.297794110353061
28.156	0.29700326734063
28.196	0.296376699901283
28.236	0.295909591130055
28.276	0.295595826150277
28.316	0.29542783084485
28.356	0.295396406080545
28.396	0.295490622751942
28.436	0.295697813692191
28.476	0.296003677177697
28.516	0.296392470854126
28.556	0.296847251970441
28.596	0.297350143814774
28.636	0.297882616067683
28.676	0.298425795855564
28.716	0.298960825142055
28.756	0.29946926708521
28.796	0.299933546177181
28.836	0.300337414618337
28.876	0.300666406317929
28.916	0.300908257217769
28.956	0.30105327608504
28.996	0.301094645614472
29.036	0.301028636838514
29.076	0.300854732618078
29.116	0.300575658398004
29.156	0.300197335547281
29.196	0.299728767582694
29.236	0.299181850619449
29.276	0.298571104203589
29.316	0.297913307660418
29.356	0.297227039349294
29.396	0.296532111861592
29.436	0.295848901759527
29.476	0.295197606648458
29.516	0.294597479705176
29.556	0.294066054812171
29.596	0.293618456903417
29.636	0.293266910662004
29.676	0.293020445751431
29.716	0.292884748965294
29.756	0.292862175810482
29.796	0.292951851223899
29.836	0.293149834267238
29.876	0.293449340520735
29.916	0.293841025547767
29.956	0.294313326553034
29.996	0.294852899447536
30.036	0.295445084655445
30.076	0.296074301112587
30.116	0.296724370829849
30.156	0.29737882550134
30.196	0.298021215502893
30.236	0.298635472058457
30.276	0.299206340189597
30.316	0.299719875890982
30.356	0.300163929477191
30.396	0.300528548429425
30.436	0.300806261966488
30.476	0.300992245873111
30.516	0.301084371652174
30.556	0.301083166348366
30.596	0.300991702816777
30.636	0.300815425013044
30.676	0.300561915289568
30.716	0.300240608449426
30.756	0.299862463605132
30.796	0.299439611496486
30.836	0.298984987088826
30.876	0.298511956815047
30.916	0.29803395094109
30.956	0.297564107476853
30.996	0.29711494983122
31.036	0.296698132836491
31.076	0.296324266441707
31.116	0.296002823178259
31.156	0.295742134922058
31.196	0.295549450665751
31.236	0.295431004510046
31.276	0.295392048378876
31.316	0.295436824882283
31.356	0.295568485944963
31.396	0.295788991305254
31.436	0.296099039255324
31.476	0.296498066463633
31.516	0.296984321974876
31.556	0.297554986805163
31.596	0.298206296068598
31.636	0.29893362058422
31.676	0.299731517736099
31.716	0.300593778994917
31.756	0.301513507432419
31.796	0.302483268690108
31.836	0.303495335489475
31.876	0.304541977720343
31.916	0.305615757159597
31.956	0.306709812191306
31.996	0.307818096055815
32.036	0.308935524924163
32.076	0.310058040844807
32.116	0.311182544155189
32.156	0.312306674297177
32.196	0.313428466677069
32.236	0.314545963102779
32.276	0.315656859533944
32.316	0.3167582419725
32.356	0.317846481356297
32.396	0.318917305793016
32.436	0.319966010563787
32.476	0.320987711117188
32.516	0.321977589542811
32.556	0.32293112334485
32.596	0.323844259756067
32.636	0.324713514176955
32.676	0.325535991798363
32.716	0.326309330377287
32.756	0.327031575307845
32.796	0.327701006957445
32.836	0.328316000855843
32.876	0.328874934156288
32.916	0.329376191590717
32.956	0.329818264330516
32.996	0.330199946976311
33.036	0.330520524607819
33.076	0.330779913716644
33.116	0.330978631495858
33.156	0.331117573826417
33.196	0.331197657710426
33.236	0.331219459974576
33.276	0.331182980538501
33.316	0.331087676618152
33.356	0.330932700481687
33.396	0.330717258439523
33.436	0.330441005624568
33.476	0.330104333526867
33.516	0.329708439208119
33.556	0.329255206081081
33.596	0.328746994058383
33.636	0.328186446745753
33.676	0.327576410808408
33.716	0.326919991977682
33.756	0.32622066928637
33.796	0.325482388382776
33.836	0.324709587168646
33.876	0.323907132394362
33.916	0.323080181464046
33.956	0.322234037085496
33.996	0.321374055585396
34.036	0.32050559813475
34.076	0.319633981794613
34.116	0.318764460592713
34.156	0.3179022360811
34.196	0.317052480663262
34.236	0.316220325139931
34.276	0.315410756799298
34.316	0.314628382864986
34.356	0.313877183368512
34.396	0.313160267682236
34.436	0.312479681625482
34.476	0.311836342299934
34.516	0.311230156395991
34.556	0.310660248094106
34.596	0.310125282035135
34.636	0.30962378101522
34.676	0.309154366515682
34.716	0.308715919637448
34.756	0.308307670027174
34.796	0.30792916996749
34.836	0.307580209632206
34.876	0.307260755928141
34.916	0.30697091839405
34.956	0.306710928306649
34.996	0.306481135661684
35.036	0.306282014500501
35.076	0.306114189029546
35.116	0.305978466036678
35.156	0.305875834087233
35.196	0.305807433237113
35.236	0.305774542032056
35.276	0.305778559243174
35.316	0.305820971411284
35.356	0.305903331281863
35.396	0.306027233497628
35.436	0.30619427784608
35.476	0.306406033836716
35.516	0.306664026540592
35.556	0.306969747378859
35.596	0.307324721600777
35.636	0.30773061844257
35.676	0.30818934873922
35.716	0.308703138412155
35.756	0.309274581384585
35.796	0.309906627653297
35.836	0.310602530038407
35.876	0.311365788485772
35.916	0.312200106655647
35.956	0.31310934615339
35.996	0.314097500784895
36.036	0.315168663243814
36.076	0.316326991326649
36.116	0.317576658598785
36.156	0.318921792189659
36.196	0.320366380920206
36.236	0.32191416447674
36.276	0.323568483589385
36.316	0.325332108513302
36.356	0.327207040381568
36.396	0.329194309452323
36.436	0.331293797461438
36.476	0.333504143431719
36.516	0.335822711294695
36.556	0.338245667197614
36.596	0.340768127212497
36.636	0.343384259754587
36.676	0.346087276121299
36.716	0.348869380147164
36.756	0.351721638406044
36.796	0.354633814763636
36.836	0.357594280512523
36.876	0.360590070273282
36.916	0.363606988923809
36.956	0.366629884458939
36.996	0.369643019210501
37.036	0.372630392540677
37.076	0.375576021187235
37.116	0.378464215184526
37.156	0.381279764700539
37.196	0.384008113626748
37.236	0.386635654455362
37.276	0.389150065554293
37.316	0.391540606046983
37.356	0.393798361750019
37.396	0.39591640412969
37.436	0.397889797542898
37.476	0.399715455597828
37.516	0.401391885156826
37.556	0.40291886878187
37.596	0.404297166927044
37.636	0.405528319171672
37.676	0.406614553018255
37.716	0.407558820038804
37.756	0.408364947278727
37.796	0.409037834085332
37.836	0.409583608505851
37.876	0.410009670377771
37.916	0.410324620787635
37.956	0.410538077905142
37.996	0.410660426911825
38.036	0.410702565658117
38.076	0.41067567954702
38.116	0.410591027785835
38.156	0.41045972799342
38.196	0.410292538355872
38.236	0.410099671494906
38.276	0.409890682536992
38.316	0.409674435445805
38.356	0.40945916298575
38.396	0.409252578063884
38.436	0.409061942265685
38.476	0.408894013137309
38.516	0.4087548796388
38.556	0.408649702779682
38.596	0.408582428020518
38.636	0.408555568208484
38.676	0.408570078226334
38.716	0.408625323385366
38.756	0.408719146176052
38.796	0.40884797918873
38.836	0.409006969054364
38.876	0.409190136926531
38.916	0.409390590827953
38.956	0.40960076408261
38.996	0.409812661314666
39.036	0.4100181297482
39.076	0.410209138244958
39.116	0.410378019761504
39.156	0.410517670948239
39.196	0.410621734200861
39.236	0.410684769081413
39.276	0.410702407459148
39.316	0.410671464591599
39.356	0.410589977965996
39.396	0.410457172286787
39.436	0.41027336906113
39.476	0.410039885044552
39.516	0.409758972976761
39.556	0.409433816481189
39.596	0.409068538084644
39.636	0.408668183306421
39.676	0.408238630060772
39.716	0.407786409876875
39.756	0.407318475182392
39.796	0.406841960780292
39.836	0.406364003945936
39.876	0.40589163670121
39.916	0.405431712730609
39.956	0.404990827121906
39.996	0.404575211283915
40.036	0.404190602362323
40.076	0.403842130653543
40.116	0.403534289778903
40.156	0.403270971689212
40.196	0.403055506283794
40.236	0.402890648954453
40.276	0.402778499461936
40.316	0.402720341373885
40.356	0.402716454803793
40.396	0.40276599041227
40.436	0.40286696329613
40.476	0.403016376420369
40.516	0.403210466404578
40.556	0.403444974210465
40.596	0.403715402866455
40.636	0.40401724650739
40.676	0.404346146207514
40.716	0.404697915406175
40.756	0.405068496574487
40.796	0.405453885043073
40.836	0.405850037306101
40.876	0.406252778870028
40.916	0.406657789667802
40.956	0.407060698457535
40.996	0.407457228898344
41.036	0.407843335849225
41.076	0.408215289934552
41.116	0.408569689100443
41.156	0.408903404529969
41.196	0.409213534266824
41.236	0.409497408213585
41.276	0.409752680680388
41.316	0.409977494149364
41.356	0.410170660275997
41.396	0.410331786824365
41.436	0.410461325609192
41.476	0.410560545423938
41.516	0.4106314331094
41.556	0.410676555649471
41.596	0.410698918605565
41.636	0.41070182325358
41.676	0.410688722089606
41.716	0.410663076338312
41.756	0.410628220976052
41.796	0.410587248240938
41.836	0.410542925999537
41.876	0.410497659119103
41.916	0.410453500404831
41.956	0.410412195917945
41.996	0.410375243760345
42.036	0.410343938435442
42.076	0.410319392548581
42.116	0.410302513437965
42.156	0.410293948308811
42.196	0.410294033587875
42.236	0.410302763542698
42.276	0.410319777955053
42.316	0.410344385742571
42.356	0.410375601527562
42.396	0.410412176565135
42.436	0.410452627367881
42.476	0.41049527337501
42.516	0.410538276056276
42.556	0.410579704630652
42.596	0.410617630291494
42.636	0.410650236881531
42.676	0.410675938314637
42.716	0.410693483380347
42.756	0.410702022045324
42.796	0.410701126574162
42.836	0.410690771269558
42.876	0.410671283367077
42.916	0.410643283999206
42.956	0.410607634153592
42.996	0.410565393713177
43.036	0.410517787026371
43.076	0.410466158415481
43.116	0.410411908494311
43.156	0.41035640706469
43.196	0.410300894078076
43.236	0.410246398862506
43.276	0.410193694985487
43.316	0.410143287718598
43.356	0.410095439995235
43.396	0.410050226538067
43.436	0.410007581671769
43.476	0.409967329538492
43.516	0.409929200814632
43.556	0.409892825002187
43.596	0.409857698790205
43.636	0.409823159302064
43.676	0.409788367549262
43.716	0.409752312498231
43.756	0.409713853858832
43.796	0.409671778940412
43.836	0.409624830906769
43.876	0.409571735570479
43.916	0.409511220798552
43.956	0.409441984905355
43.996	0.409362632419381
44.036	0.409271619224341
44.076	0.409167200464112
44.116	0.409047391615298
44.156	0.4089099610185
44.196	0.408752422736412
44.236	0.40857203345753
44.276	0.408365814723084
44.316	0.408130574073232
44.356	0.407862894093219
44.396	0.407559146985054
44.436	0.407215534255593
44.476	0.406828139735663
44.516	0.406392979361699
44.556	0.405906081391897
44.596	0.405363594738196
44.636	0.404761949149295
44.676	0.404098035566829
44.716	0.40336939407833
44.756	0.402574416112307
44.796	0.401712543952208
44.836	0.400784412807555
44.876	0.399791951534643
44.916	0.398738425346825
44.956	0.39762841164408
44.996	0.396467677780644
45.036	0.395263006545066
45.076	0.394021955299256
45.116	0.392752603841231
45.156	0.391463248451769
45.196	0.390162052317309
45.236	0.388856697424155
45.276	0.387554099620177
45.316	0.386260168664393
45.356	0.384979723139915
45.396	0.383716585987429
45.436	0.38247381732606
45.476	0.381254006040056
45.516	0.380059592000422
45.556	0.378893081761189
45.596	0.377757199679074
45.636	0.376654970633837
45.676	0.375589753173015
45.716	0.374565201509467
45.756	0.373585266637291
45.796	0.372654178607843
45.836	0.371776313610648
45.876	0.370955911003865
45.916	0.370196742869271
45.956	0.369501804899391
45.996	0.368873095624416
46.036	0.368311541812967
46.076	0.367817149580076
46.116	0.367389331228481
46.156	0.367027307953311
46.196	0.36673044550197
46.236	0.366498481831496
46.276	0.36633156971282
46.316	0.366230163966834
46.356	0.366194828948544
46.396	0.366225996417504
46.436	0.366323671109158
46.476	0.366487210447689
46.516	0.366715215206776
46.556	0.367005445648369
46.596	0.367354813649676
46.636	0.367759448036541
46.676	0.36821476221225
46.716	0.368715530695247
46.756	0.369256005506396
46.796	0.369830037648093
46.836	0.370431187533912
46.876	0.371052859039726
46.916	0.371688414524752
46.956	0.372331259163264
46.996	0.372974945640019
47.036	0.373613283932076
47.076	0.374240479493154
47.116	0.374851294783975
47.156	0.375441174805365
47.196	0.376006239435126
47.236	0.376543132849007
47.276	0.377048723078491
47.316	0.377519714180356
47.356	0.377952292610942
47.396	0.378341880451602
47.436	0.378683096110946
47.476	0.378969943406985
47.516	0.379196113632478
47.556	0.379355318896202
47.596	0.643796820701987
47.636	0.643803335069056
47.676	0.643741256812131
47.716	0.643605989259808
47.756	0.643391939282158
47.796	0.643092318616834
47.836	0.642699047456905
47.876	0.642202688956577
47.916	0.641592354015384
47.956	0.640855673523906
47.996	0.639978890860025
48.036	0.638947058235637
48.076	0.637744409325343
48.116	0.63635489339163
48.156	0.634762789129436
48.196	0.632953532109909
48.236	0.630914722787459
48.276	0.628637071417629
48.316	0.626115298746548
48.356	0.623348995423954
48.396	0.62034318581361
48.436	0.617108391894775
48.476	0.613660372331385
48.516	0.610019611162809
48.556	0.606210555815388
48.596	0.602260749907874
48.636	0.5981999546805
48.676	0.5940592999793
48.716	0.589870578716461
48.756	0.585665772201442
48.796	0.581476490720441
48.836	0.577333354437315
48.876	0.573265485665438
48.916	0.56930011698691
48.956	0.565462212131355
48.996	0.561774296458829
49.036	0.558256484407778
49.076	0.554926592263631
49.116	0.55180022694665
49.156	0.548890851751964
49.196	0.546209707480501
49.236	0.543765632039609
49.276	0.541564759002693
49.316	0.539610229584927
49.356	0.537902008252626
49.396	0.53643680513806
49.436	0.535208111495451
49.476	0.534206319990475
49.516	0.53341887823051
49.556	0.532830501543242
49.596	0.532423500025271
49.636	0.53217820538281
49.676	0.532073515568691
49.716	0.532087524218142
49.756	0.532198171253917
49.796	0.532383867220137
49.836	0.532624031801202
49.876	0.532899496658022
49.916	0.533192766904323
49.956	0.533488155968657
49.996	0.533771809528478
50.036	0.534031683400722
50.076	0.534257505015095
50.116	0.534440774621555
50.156	0.534574854426753
50.196	0.534655113819535
50.236	0.534679046805918
50.276	0.53464632705822
50.316	0.534558777259277
50.356	0.534420208533432
50.396	0.534236221336247
50.436	0.534014028318719
50.476	0.533762292959067
50.516	0.533490965229646
50.556	0.533211117646188
50.596	0.532934764785641
50.636	0.532674673904971
50.676	0.53244417182966
50.716	0.532256956667262
50.756	0.532126933354585
50.796	0.532068062772656
50.836	0.532094203323549
50.876	0.532218955754047
50.916	0.532455532992355
50.956	0.532816695435557
50.996	0.533314786031629
51.036	0.533961812568446
51.076	0.53476950872253
51.116	0.535749304159819
51.156	0.536912132839984
51.196	0.538268112999916
51.236	0.539826216117586
51.276	0.541593972632935
51.316	0.54357728566971
51.356	0.545780388012205
51.396	0.548205935021269
51.436	0.550855074352285
51.476	0.553727506406645
51.516	0.55682146809976
51.556	0.560133693618643
51.596	0.563659263776863
51.636	0.567391523579535
51.676	0.571321949575598
51.716	0.57543985941755
51.756	0.579731947188734
51.796	0.584181828318002
51.836	0.588769519939291
51.876	0.593471013990794
51.916	0.598258027950291
51.956	0.603097918827104
51.996	0.607953562661564
52.036	0.612783313192232
52.076	0.617540841573121
52.116	0.622174865568642
52.156	0.62662904366945
52.196	0.630842216853516
52.236	0.634749069817364
52.276	0.638281447336877
52.316	0.641370276232117
52.356	0.643947708658285
52.396	0.645949342851012
52.436	0.64731643183773
52.476	0.64799793401522
52.516	0.647952434094794
52.556	0.647150008345065
52.596	0.645573988975926
52.636	0.643222507989343
52.676	0.640109594818825
52.716	0.63626559898874
52.756	0.631736897332744
52.796	0.626584906264423
52.836	0.620884560709648
52.876	0.614722475210698
52.916	0.60819478808384
52.956	0.601404513775098
52.996	0.594458413575869
53.036	0.58746357494487
53.076	0.580524127117219
53.116	0.573738767237817
53.156	0.567199369490105
53.196	0.560990842413525
53.236	0.555191902580653
53.276	0.549875956787404
53.316	0.545111427426328
53.356	0.540961252879118
53.396	0.537481293065657
53.436	0.534718330420415
53.476	0.532708943209539
53.516	0.531479325041702
53.556	0.531045575177647
53.596	0.531414118460941
53.636	0.532581719917971
53.676	0.534534676995723
53.716	0.537248209338813
53.756	0.540686549968168
53.796	0.544803698261579
53.836	0.549545115198207
53.876	0.554849875446778
53.916	0.560651850792042
53.956	0.566879859148518
53.996	0.573457347350395
54.036	0.580301749075137
54.076	0.587323745797165
54.116	0.594427297069544
54.156	0.601510424605487
54.196	0.608466399805561
54.236	0.615185332912589
54.276	0.621556077870054
54.316	0.627468324631004
54.356	0.632814899833261
54.396	0.637494261587922
54.436	0.641412882383275
54.476	0.644487488049628
54.516	0.646647264985952
54.556	0.647836179509806
54.596	0.648015482909607
54.636	0.647166389113729
54.676	0.645292588087795
54.716	0.64242200214126
54.756	0.638607264623304
54.796	0.633924575279359
54.836	0.628470881302715
54.876	0.622359819474501
54.916	0.615717072978012
54.956	0.608675695387725
54.996	0.601371987867417
55.036	0.59394215663389
55.076	0.586519403787158
55.116	0.579231263922868
55.156	0.572197108000783
55.196	0.565525661368327
55.236	0.559312610601588
55.276	0.553638800453929
55.316	0.548569126379651
55.356	0.544152034002483
55.396	0.540419514537601
55.436	0.537387479677197
55.476	0.535056446390211
55.516	0.533412620362484
55.556	0.532429434108295
55.596	0.532069491195682
55.636	0.532286767786421
55.676	0.533028789492395
55.716	0.534238509679389
55.756	0.535855793609832
55.796	0.537818586122587
55.836	0.54006389671697
55.876	0.542528727621683
55.916	0.54515102592384
55.956	0.547870686230242
55.996	0.550630485108524
56.036	0.553376863184323
56.076	0.556060614312955
56.116	0.558637457357547
56.156	0.561068475878776
56.196	0.563320402128526
56.236	0.565365616075804
56.276	0.567181903490406
56.316	0.568752062108315
56.356	0.570063499973964
56.396	0.571107868071977
56.436	0.571880849727063
56.476	0.572382057761772
56.516	0.57261486693564
56.556	0.572586112650722
56.596	0.572305557621898
56.636	0.571785174601923
56.676	0.571038414849122
56.716	0.570079574549915
56.756	0.568923414138592
56.796	0.567585120099111
56.836	0.566080659155676
56.876	0.564427329369871
56.916	0.562644333135602
56.956	0.560753066067037
56.996	0.558777081413379
57.036	0.556741646663259
57.076	0.554672832126663
57.116	0.552596403489681
57.156	0.550536860712449
57.196	0.5485167290285
57.236	0.546556174492878
57.276	0.544673033958933
57.316	0.542883058884096
57.356	0.541200105367431
57.396	0.539636294201085
57.436	0.538202064209166
57.476	0.536906146413524
57.516	0.535755593562155
57.556	0.534755879173549
57.596	0.533911008098765
57.636	0.53322370120357
57.676	0.532695595532763
57.716	0.53232735547484
57.756	0.532118734597063
57.796	0.532068652750333
57.836	0.532175293753526
57.876	0.532436239815454
57.916	0.532848637889604
57.956	0.533409377512438
57.996	0.534115266085796
58.036	0.534963193258698
58.076	0.535950337427658
58.116	0.537074419982876
58.156	0.53833394087922
58.196	0.539728334028979
58.236	0.541258005235833
58.276	0.542924197033102
58.316	0.544728670981094
58.356	0.54667325264191
58.396	0.548759273955586
58.436	0.55098696855993
58.476	0.553354843993425
58.516	0.555859010058804
58.556	0.558492532447023
58.596	0.561244969160626
58.636	0.564102186712568
58.676	0.567046549050542
58.716	0.570057527798153
58.756	0.573112697938467
58.796	0.576188793868696
58.836	0.579262567534748
58.876	0.582311355637508
58.916	0.585313352029261
58.956	0.588247648807557
58.996	0.591094292206595
59.036	0.593834583310514
59.076	0.59645159138275
59.116	0.598930784132059
59.156	0.601260495088795
59.196	0.603432064212804
59.236	0.605439568563899
59.276	0.607279288709151
59.316	0.608948910447012
59.356	0.61044677307897
59.396	0.611771412187494
59.436	0.612921449323612
59.476	0.613895672524774
59.516	0.614693367644002
59.556	0.615314671696134
59.596	0.615760913004845
59.636	0.616034947834035
59.676	0.616141359859036
59.716	0.616086291068154
59.756	0.615877183192378
59.796	0.615522483779096
59.836	0.615031217993107
59.876	0.61441264009849
59.916	0.613676163247235
59.956	0.612831402068036
59.996	0.611888237809055
60.036	0.610856890147311
60.076	0.609747898148612
60.116	0.608571950652774
60.156	0.607339599477168
60.196	0.606060941252953
60.236	0.604745351504548
60.276	0.603401304418917
60.316	0.602036233424933
60.356	0.600656476586935
60.396	0.599267288420372
60.436	0.597872937001324
60.476	0.596477006860024
60.516	0.595082943723174
60.556	0.593694541542196
60.596	0.592316304840136
60.636	0.590953671563739
60.676	0.58961286170089
60.716	0.588300392747069
60.756	0.587022521295304
60.796	0.585784702204233
60.836	0.584591135193417
60.876	0.583444600469179
60.916	0.582346670121347
60.956	0.581298115094363
60.996	0.580299333129816
61.036	0.579350713012307
61.076	0.578452837487792
61.116	0.577606506445985
61.156	0.576812663652714
61.196	0.576072320560215
61.236	0.575386513244486
61.276	0.574756354384221
61.316	0.574183118042914
61.356	0.573668331917905
61.396	0.573213813939504
61.436	0.572821702303966
61.476	0.57249451537081
61.516	0.572235213044888
61.556	0.572047316216878
61.596	0.571935023279974
61.636	0.571903206136128
61.676	0.571957161525024
61.716	0.57210214383343
61.756	0.57234278703298
61.796	0.572682623890799
61.836	0.573123839160559
61.876	0.573667300148415
61.916	0.574312761277458
61.956	0.575059236045242
61.996	0.575905369950239
62.036	0.57684959196687
62.076	0.577889941520312
62.116	0.579023759059833
62.156	0.580247275372451
62.196	0.581555297845416
62.236	0.582941133063848
62.276	0.584396752009824
62.316	0.585913004376355
62.356	0.587479924816126
62.396	0.589087015855025
62.436	0.590723361748037
62.476	0.59237761290801
62.516	0.594038030414144
62.556	0.595692542877885
62.596	0.59732884088594
62.636	0.59893455355002
62.676	0.600497542309438
62.716	0.602006185049302
62.756	0.60344967949273
62.796	0.604818370608875
62.836	0.606104110668096
62.876	0.607300618289444
62.916	0.608403916634356
62.956	0.609412547155703
62.996	0.610327378762126
63.036	0.611151126709484
63.076	0.611887739826518
63.116	0.612541675975763
63.156	0.613117407791166
63.196	0.613619243463273
63.236	0.614051345312248
63.276	0.614417791029766
63.316	0.614722592558611
63.356	0.614969420385368
63.396	0.615161208905498
63.436	0.61529979332379
63.476	0.615385647372328
63.516	0.615417763000842
63.556	0.61539390438
63.596	0.615311015469765
63.636	0.615165698923431
63.676	0.614954733772671
63.716	0.614675595986196
63.756	0.614326870991125
63.796	0.613908681583315
63.836	0.613422915617026
63.876	0.612873222318971
63.916	0.61226482779005
63.956	0.611604169404039
63.996	0.610898327412617
64.036	0.61015454829839
64.076	0.609379944480342
64.116	0.608581308693087
64.156	0.607765109081221
64.196	0.60693767609202
64.236	0.606105342833175
64.276	0.605274513165398
64.316	0.604451757774431
64.356	0.603643615817465
64.396	0.60285615068819
64.436	0.602094562925931
64.476	0.601362932626366
64.516	0.600664114462838
64.556	0.600000110927475
64.596	0.599372688639879
64.636	0.59878392894575
64.676	0.59823660217262
64.716	0.597734351621608
64.756	0.597281387976839
64.796	0.596882043874178
64.836	0.596540502080025
64.876	0.596260670156373
64.916	0.596046101092576
64.956	0.595900101633838
64.996	0.595825734717558
65.036	0.595825565213027
65.076	0.595901330997535
65.116	0.596053701768849
65.156	0.59628210554412
65.196	0.596584884828456
65.236	0.59695973654635
65.276	0.597404152114983
65.316	0.597915694601014
65.356	0.598492216197596
65.396	0.599131883980487
65.436	0.599833123201841
65.476	0.600594619959644
65.516	0.601415361863773
65.556	0.602294663317683
65.596	0.60323221385
65.636	0.604228021745354
65.676	0.605282200234474
65.716	0.606394681647338
65.756	0.607564971617923
65.796	0.608791909112842
65.836	0.610073528483984
65.876	0.611406994619479
65.916	0.612788554798759
65.956	0.614213560316334
65.996	0.615676545382105
66.036	0.6171713336844
66.076	0.618691154323287
66.116	0.620228897101111
66.156	0.62177740495218
66.196	0.623329659608487
66.236	0.624878976845608
66.276	0.626419260572704
66.316	0.62794515260649
66.356	0.62945195839242
66.396	0.630935442755114
66.436	0.632391508320464
66.476	0.633815818675736
66.516	0.635203515951364
66.556	0.636549131590407
66.596	0.637846671519594
66.636	0.63908989672439
66.676	0.640272669240737
66.716	0.641389224233788
66.756	0.6424343314748
66.796	0.643403369261656
66.836	0.644292249403965
66.876	0.64509725672734
66.916	0.645814850427567
66.956	0.646441458577808
66.996	0.646973275884467
67.036	0.647406083496577
67.076	0.647735149083946
67.116	0.647955239491726
67.156	0.648060722428973
67.196	0.648045710392996
67.236	0.64790421524549
67.276	0.647630284238141
67.316	0.647218138549793
67.356	0.646662383435985
67.396	0.64595835870826
67.436	0.645102704910809
67.476	0.644094097507342
67.516	0.642934054155422
67.556	0.641627654145758
67.596	0.640183992676406
67.636	0.638616246023748
67.676	0.636941407955316
67.716	0.635179648022952
67.756	0.633353481179132
67.796	0.631487010832199
67.836	0.629605288689462
67.876	0.627733688559634
67.916	0.625897470354684
67.956	0.624121615832149
67.996	0.622430851275461
68.036	0.620849823180695
68.076	0.619403198060298
68.116	0.618115372509934
68.156	0.617009751087036
68.196	0.616107512026826
68.236	0.615425846225709
68.276	0.614976197678815
68.316	0.614763033112194
68.356	0.614783408774969
68.396	0.615027384501439
68.436	0.615479202541423
68.476	0.61611912626146
68.516	0.616925516173318
68.556	0.61787648394547
68.596	0.618950868705003
68.636	0.620128665041716
68.676	0.621390947438972
68.716	0.622719533359373
68.756	0.624096694544456
68.796	0.625505100543986
68.836	0.626928084270113
68.876	0.628350272132711
68.916	0.629758179319233
68.956	0.631140578910678
68.996	0.632488582928016
69.036	0.633795517237133
69.076	0.63505656382991
69.116	0.636268375578361
69.156	0.637428648906497
69.196	0.638535739425376
69.236	0.639588397936163
69.276	0.640585551718818
69.316	0.641526094554604
69.356	0.642408775604875
69.396	0.643232158001315
69.436	0.643994576101058
69.476	0.64469413641081
69.516	0.64532881234889
69.556	0.645896644953258
69.596	0.646396080944524
69.636	0.646826369754408
69.676	0.647187893388385
69.716	0.647482328992979
69.756	0.647712557988328
69.796	0.647882307032486
69.836	0.647995633988704
69.876	0.648056415848803
69.916	0.648067953562383
69.956	0.648032771138873
69.996	0.647952629464428
70.036	0.647828727450634
70.076	0.647662039457537
70.116	0.647453713360932
70.156	0.647205463430268
70.196	0.646919885454811
70.236	0.646600615204055
70.276	0.646252298090989
70.316	0.645880404360952
70.356	0.645490928196143
70.396	0.645090068947216
70.436	0.644683974384215
70.476	0.644278572509599
70.516	0.643879440639232
70.556	0.643491697461208
70.596	0.643119839014141
70.636	0.642767577399515
70.676	0.642437720978837
70.716	0.642132149511668
70.756	0.64185187768678
70.796	0.641597275477811
70.836	0.641368342160149
70.876	0.641164979289503
70.916	0.640987167416018
70.956	0.640835062264014
70.996	0.640708959216074
71.036	0.640609198417981
71.076	0.640536067273967
71.116	0.640489727178711
71.156	0.6404700984512
71.196	0.640476739852624
71.236	0.640508727180368
71.276	0.640564513686631
71.316	0.640641825550536
71.356	0.640737669880764
71.396	0.784918114108507
71.436	0.784624936825992
71.476	0.784315937774466
71.516	0.783999706098541
71.556	0.783682761099669
71.596	0.783369110597221
71.636	0.78306019335497
71.676	0.7827553334659
71.716	0.782452517116837
71.756	0.782149182276783
71.796	0.781842715482014
71.836	0.781530839887694
71.876	0.781211577765532
71.916	0.780882833397129
71.956	0.780542109342434
71.996	0.780186704990513
72.036	0.779814175305376
72.076	0.779423154934364
72.116	0.779014390528744
72.156	0.778591396525087
72.196	0.778160417433526
72.236	0.777729862463559
72.276	0.777309275869186
72.316	0.776908126326646
72.356	0.776534773447736
72.396	0.776195738021954
72.436	0.77589531642576
72.476	0.775635570527413
72.516	0.775416579080058
72.556	0.775236769627611
72.596	0.775093303676442
72.636	0.774982499107125
72.676	0.774900248362144
72.716	0.774842419731215
72.756	0.774805201923925
72.796	0.774785333586408
72.836	0.774780204510023
72.876	0.774787830508842
72.916	0.774806746939419
72.956	0.774835902065263
72.996	0.774874625690188
73.036	0.774922651117265
73.076	0.774980181571038
73.116	0.775048011850515
73.156	0.775127675236547
73.196	0.775221580628397
73.236	0.775333160351863
73.276	0.775467003271103
73.316	0.775628907268981
73.356	0.775825874703344
73.396	0.776066069532646
73.436	0.776358627884463
73.476	0.776713317922656
73.516	0.777140148875731
73.556	0.777648974315355
73.596	0.778249052487297
73.636	0.778948763973574
73.676	0.779755500500698
73.716	0.780675680121533
73.756	0.781714896403685
73.796	0.782878174281848
73.836	0.784169953641992
73.876	0.785593977125757
73.916	0.787153237968425
73.956	0.788849909029011
73.996	0.790685176460954
74.036	0.79265930989078
74.076	0.794771652145585
74.116	0.797020340748134
74.156	0.799401868646612
74.196	0.801910664816262
74.236	0.804538556309979
74.276	0.807274730297479
74.316	0.810106164872934
74.356	0.813018145314516
74.396	0.815994928243811
74.436	0.819020879745551
74.476	0.822081493724966
74.516	0.825164238720447
74.556	0.828259430210267
74.596	0.831360973945891
74.636	0.834466527525194
74.676	0.837577237757216
74.716	0.840696806641574
74.756	0.843830069308126
74.796	0.846981484718242
74.836	0.850154039862616
74.876	0.853348295636636
74.916	0.856561715328837
74.956	0.859787937272642
74.996	0.863015791111195
75.036	0.866227881862699
75.076	0.869399267420761
75.116	0.872496566349639
75.156	0.87547805971775
75.196	0.878294754401793
75.236	0.880892360712267
75.276	0.883213851822745
75.316	0.885202128572644
75.356	0.88680233444785
75.396	0.88796380100888
75.436	0.888641638901333
75.476	0.888798084380767
75.516	0.888403829389006
75.556	0.887439456279424
75.596	0.885896902783486
75.636	0.883780825140605
75.676	0.88110960690625
75.716	0.877915582343519
75.756	0.874244202399893
75.796	0.870152214276402
75.836	0.865704996092802
75.876	0.860973484968838
75.916	0.856030909479216
75.956	0.850949613540308
75.996	0.845798231945366
76.036	0.840639510851304
76.076	0.835528663067464
76.116	0.830512315379849
76.156	0.825628160595613
76.196	0.820905280268391
76.236	0.816364780088861
76.276	0.81202045491483
76.316	0.807879469066904
76.356	0.803943187989603
76.396	0.800207837232051
76.436	0.796665104100327
76.476	0.793302960535698
76.516	0.790107079841846
76.556	0.78706218299709
76.596	0.784153343143828
76.636	0.78136726893996
76.676	0.77869351386488
76.716	0.776125493899883
76.756	0.773661462561222
76.796	0.771305036934905
76.836	0.769065038248186
76.876	0.766954601062423
76.916	0.764989466296413
76.956	0.763185414550492
76.996	0.761555788878979
77.036	0.760109719855507
77.076	0.758851331250469
77.116	0.757780017120808
77.156	0.756891911365074
77.196	0.756181935895597
77.236	0.755645941621026
77.276	0.755282350304583
77.316	0.755092990102867
77.356	0.755083102645756
77.396	0.755260880962794
77.436	0.755636748146799
77.476	0.756222472363106
77.516	0.757030089566115
77.556	0.758070922477771
77.596	0.75935463241575
77.636	0.760888302526212
77.676	0.762675719611423
77.716	0.764717300786344
77.756	0.767010220206373
77.796	0.769548438771324
77.836	0.772322732939472
77.876	0.775320887396902
77.916	0.77852776410856
77.956	0.78192569337989
77.996	0.785495104679001
78.036	0.789214986730315
78.076	0.793063152134152
78.116	0.797016564488899
78.156	0.801051194400372
78.196	0.805141600432137
78.236	0.809260848861413
78.276	0.813381153842499
78.316	0.817474999523597
78.356	0.821516819738292
78.396	0.825484848208703
78.436	0.829362492320911
78.476	0.833138867014043
78.516	0.836808690089413
78.556	0.840371377074405
78.596	0.843829617846211
78.636	0.84718766797954
78.676	0.850449637151257
78.716	0.853617874611416
78.756	0.856691909826338
78.796	0.859668198477891
78.836	0.862540852371751
78.876	0.865302835683281
78.916	0.867947278376789
78.956	0.870468596048966
78.996	0.872863097712923
79.036	0.875128748803206
79.076	0.877264398525142
79.116	0.879268405974415
79.156	0.881136768208933
79.196	0.882861088464722
79.236	0.884426627219966
79.276	0.885810713186572
79.316	0.886982153582551
79.356	0.887901853350229
79.396	0.888524447232101
79.436	0.888800750417033
79.476	0.888680537604898
79.516	0.888115107044371
79.556	0.887059486014266
79.596	0.885474260698686
79.636	0.883327198091877
79.676	0.880594859433074
79.716	0.877264103032815
79.756	0.873333445262404
79.796	0.868814498727545
79.836	0.863733109890575
79.876	0.858130148893736
79.916	0.852061940339865
79.956	0.845600172310753
79.996	0.83883100188956
80.036	0.831853802130524
80.076	0.824779525253064
80.116	0.817728711953066
80.156	0.81082902082079
80.196	0.804211920959631
80.236	0.798008188157894
80.276	0.792342484474659
80.316	0.7873274151587
80.356	0.783057980956698
80.396	0.779607414475493
80.436	0.77702495181876
80.476	0.775335479898388
80.516	0.774540660334708
80.556	0.774620771848788
80.596	0.775536865072297
80.636	0.777233215130821
80.676	0.779640106967975
80.716	0.782676995852455
80.756	0.786255985823175
80.796	0.790285156540506
80.836	0.794671069985213
80.876	0.799320368034785
80.916	0.804140034170302
80.956	0.809036559338381
80.996	0.81391501649631
81.036	0.818679518093688
81.076	0.823234536526854
81.116	0.82748741428037
81.156	0.831351983830189
81.196	0.83475205769588
81.236	0.837623662999533
81.276	0.839916823488636
81.316	0.84159664237319
81.356	0.84264387621721
81.396	0.843055740131661
81.436	0.842847268710159
81.476	0.842051658302069
81.516	0.84071923084224
81.556	0.838914533266404
81.596	0.836711289893572
81.636	0.834185746182186
81.676	0.831410470453932
81.716	0.828450290402941
81.756	0.825360481169866
81.796	0.82218683566731
81.836	0.818967431778617
81.876	0.815735206307124
81.916	0.812520123618071
81.956	0.809350116738358
81.996	0.80625109125782
82.036	0.803246218702554
82.076	0.800355074515608
82.116	0.797593171125698
82.156	0.794972278140392
82.196	0.792501334093288
82.236	0.790187715122499
82.276	0.78803830171347
82.316	0.786059882707775
82.356	0.784258689127398
82.396	0.782639479802071
82.436	0.781204196175565
82.476	0.779950804634211
82.516	0.778872766535585
82.556	0.777959396536687
82.596	0.777196772610239
82.636	0.776569024639741
82.676	0.776059586710119
82.716	0.775652206613529
82.756	0.775331581503053
82.796	0.775083661210658
82.836	0.774895706684504
82.876	0.77475630487055
82.916	0.77465539247504
82.956	0.774584296465321
82.996	0.774535767490249
83.036	0.774503967317685
83.076	0.774484385735093
83.116	0.774473704623176
83.156	0.774469640423092
83.196	0.774470803112251
83.236	0.77447660116178
83.276	0.774487219745708
83.316	0.774503684625699
83.356	0.774528009873677
83.396	0.774563422056701
83.436	0.774614633094473
83.476	0.77468811868988
83.516	0.774792368059764
83.556	0.774938056929443
83.596	0.775138073306664
83.636	0.775407425336368
83.676	0.775763043590302
83.716	0.776223430102107
83.756	0.776808089359236
83.796	0.777536755927542
83.836	0.778428295800097
83.876	0.779499391438719
83.916	0.780763261494428
83.956	0.782228755664562
83.996	0.783899970908635
84.036	0.785776528504414
84.076	0.787854160916766
84.116	0.790125246196965
84.156	0.792579074569005
84.196	0.795201808880904
84.236	0.797975961652071
84.276	0.800879929320956
84.316	0.803887906796206
84.356	0.806970473811759
84.396	0.810095861249067
84.436	0.813231738481761
84.476	0.816346855035874
84.516	0.819412438462848
84.556	0.822402938441371
84.596	0.825296060173798
84.636	0.828072484807933
84.676	0.83071589376658
84.716	0.833213042317141
84.756	0.83555393845603
84.796	0.837732336688248
84.836	0.839746074787229
84.876	0.841596767830254
84.916	0.843289138948933
84.956	0.844829972475338
84.996	0.846226722856215
85.036	0.847486243671426
85.076	0.8486137908464
85.116	0.849612438528595
85.156	0.850482987551288
85.196	0.851224336194775
85.236	0.851833918142745
85.276	0.852308157368668
85.316	0.852642978526262
85.356	0.85283424267999
85.396	0.852877689632408
85.436	0.852768810179157
85.476	0.852502859730805
85.516	0.852074865607449
85.556	0.851479668440504
85.596	0.850712348352147
85.636	0.849768698634932
85.676	0.848645707981007
85.716	0.847342025490491
85.756	0.845858315210933
85.796	0.844197443675228
85.836	0.842364976374995
85.876	0.84036973571375
85.916	0.838224170174783
85.956	0.835944778902842
85.996	0.833552482733865
86.036	0.831072201879863
86.076	0.828532078893261
86.116	0.825962566211899
86.156	0.823395234524412
86.196	0.820861576394293
86.236	0.818392020363433
86.276	0.81601494850571
86.316	0.813755841937621
86.356	0.811636711868061
86.396	0.809675522836017
86.436	0.807885982650134
86.476	0.806277996276833
86.516	0.804858472712169
86.556	0.803632161553367
86.596	0.802602669943383
86.636	0.801773255468618
86.676	0.801147321230303
86.716	0.800728821039968
86.756	0.800522664896391
86.796	0.800535104535413
86.836	0.800774276463869
86.876	0.801250478403347
86.916	0.801975976597475
86.956	0.802964355485813
86.996	0.804229354207052
87.036	0.805783318103693
87.076	0.807635616043456
87.116	0.809791337718877
87.156	0.812250362767543
87.196	0.815006797906847
87.236	0.818048452535947
87.276	0.821356490143955
87.316	0.824905596954579
87.356	0.828664615270839
87.396	0.832597638725417
87.436	0.836665689798053
87.476	0.84082834150712
87.516	0.845044597146455
87.556	0.849273243127698
87.596	0.853472714207157
87.636	0.857600640083263
87.676	0.861613922577419
87.716	0.865469698222626
87.756	0.86912682816984
87.796	0.872547630257202
87.836	0.875699232898512
87.876	0.878554111197047
87.916	0.881089695348066
87.956	0.883287559379539
87.996	0.885132490712692
88.036	0.886612003709786
88.076	0.887716462699984
88.116	0.888439756019295
88.156	0.888780320403555
88.196	0.888742115396383
88.236	0.88833513378944
88.276	0.88757523169221
88.316	0.886483278135245
88.356	0.885084004744442
88.396	0.883404989012149
88.436	0.881475962388834
88.476	0.879328648379499
88.516	0.876997094392834
88.556	0.874518001828562
88.596	0.871930811306186
88.636	0.869277449836034
88.676	0.866601665994551
88.716	0.863947950975728
88.756	0.861360236286203
88.796	0.858880273404736
88.836	0.856545956383172
88.876	0.854389914264914
88.916	0.852438369905883
88.956	0.850710632394168
88.996	0.849219490204007
89.036	0.847972080669308
89.076	0.84697079543372
89.116	0.846214288366639
89.156	0.84569812400963
89.196	0.845415131182051
89.236	0.845355892645955
89.276	0.845509483495846
89.316	0.845864016699068
89.356	0.846407269168992
89.396	0.847127271813008
89.436	0.848012388151858
89.476	0.849051088974022
89.516	0.850231942962807
89.556	0.85154318352869
89.596	0.852971946178911
89.636	0.854503778662604
89.676	0.856122253735123
89.716	0.8578086122331
89.756	0.859542014356009
89.796	0.86130055737857
89.836	0.863062685997022
89.876	0.864808721528163
89.916	0.866522026759469
89.956	0.868189508282114
89.996	0.869801400240647
90.036	0.871350616966595
90.076	0.872832006665874
90.116	0.874241874028769
90.156	0.875577930563566
90.196	0.876839451922194
90.236	0.87802737779856
90.276	0.879144122404398
90.316	0.880193165508274
90.356	0.881178568990379
90.396	0.882804936337777
90.436	0.884155697430003
90.476	0.885271673602517
90.516	0.886183997918749
90.556	0.886919025175246
90.596	0.887500302977003
90.636	0.887949188381924
90.676	0.888284950090963
90.716	0.888524748560201
90.756	0.888683649526286
90.796	0.888774709762458
90.836	0.888809120850567
90.876	0.888796387699074
90.916	0.88874452283261
90.956	0.888660241978243
90.996	0.888549152295184
91.036	0.888415926907612
91.076	0.888264461323558
91.116	0.888098010283272
91.156	0.887919302535522
91.196	0.887730633989406
91.236	0.887533944561198
91.276	0.887330881341825
91.316	0.887122848913634
91.356	0.886911050337801
91.396	0.886696519757095
91.436	0.886480148988824
91.476	0.886262713482495
91.516	0.886044899131377
91.556	0.885827329503911
91.596	0.885610594582829
91.636	0.885395274795485
91.676	0.885181954726306
91.716	0.884971227816834
91.756	0.884763692393278
91.796	0.884559941945383
91.836	0.884360557597063
91.876	0.884166105821862
91.916	0.883977139477622
91.956	0.883794202159663
91.996	0.883617833071582
92.036	0.883448566230697
92.076	0.883286927984557
92.116	0.883133436813239
92.156	0.882988607879668
92.196	0.882852963699804
92.236	0.882727050667825
92.276	0.882611452652043
92.316	0.882506798680822
92.356	0.882413761819009
92.396	0.882333046962287
92.436	0.882265370413108
92.476	0.882211438605566
92.516	0.882171929663457
92.556	0.882147482052517
92.596	0.882138690015779
92.636	0.882146104384958
92.676	0.88217023326041
92.716	0.882211540911896
92.756	0.882270440813329
92.796	0.882347284016021
92.836	0.882442344384174
92.876	0.882555802204308
92.916	0.882687729040697
92.956	0.882838075300299
92.996	0.883006660442959
93.036	0.883193164654074
93.076	0.883397120959046
93.116	0.883617905208609
93.156	0.883854724069977
93.196	0.884106602056647
93.236	0.884372367402023
93.276	0.88465063806774
93.316	0.884939809588161
93.356	0.885238045917447
93.396	0.885543273213273
93.436	0.885853175560271
93.476	0.886165192881151
93.516	0.886476520154531
93.556	0.886784106902098
93.596	0.887084656563673
93.636	0.887374625741188
93.676	0.887650223137541
93.716	0.887907407724867
93.756	0.888141886663391
93.796	0.888349113648644
93.836	0.888524288389306
93.876	0.888662357302849
93.916	0.888758015679002
93.956	0.888805710980989
93.996	0.888799646664609
94.036	0.888733786313821
94.076	0.888601858677305
94.116	0.888397364528544
94.156	0.88811358665015
94.196	0.887743603595879
94.236	0.887280307443632
94.276	0.886716426012129
94.316	0.886044546995493
94.356	0.885257140719148
94.396	0.884346581016359
94.436	0.883305163643115
94.476	0.8821251217135
94.516	0.880798642337538
94.556	0.879317891286121
94.596	0.877675047958803
94.636	0.875862351873195
94.676	0.873872159025552
94.716	0.871697004960367
94.756	0.869329672014771
94.796	0.86676326259709
94.836	0.863991281369238
94.876	0.861007733841973
94.916	0.857807252865484
94.956	0.854385244544972
94.996	0.850738043348372
95.036	0.846863066538219
95.076	0.842758960741946
95.116	0.838425742917309
