0.036	-0.0434085457486546
0.076	-0.0260662000686906
0.116	-0.0109438088828924
0.156	0.0021737123384824
0.196	0.0134857173362732
0.236	0.0231766529746906
0.276	0.0314169039996059
0.316	0.0383636335559814
0.356	0.0441616002134211
0.396	0.0489439294739
0.436	0.0528328554063435
0.476	0.0559404181636367
0.516	0.0583691181297539
0.556	0.0602125272990932
0.596	0.0615558618411924
0.636	0.0624765250532917
0.676	0.0630446267711946
0.716	0.0633234802685152
0.756	0.0633700765515144
0.796	0.0632355349351101
0.836	0.0629655286471476
0.876	0.0626006847459237
0.916	0.0621769586276528
0.956	0.0617259842470688
0.996	0.0612754011821792
1.036	0.060849160269278
1.076	0.0604678097776983
1.116	0.0601487638525739
1.156	0.059906554441632
1.196	0.0597530681210756
1.236	0.0596977688305529
1.276	0.0597479073938771
1.316	0.0599087190910055
1.356	0.0601836108666944
1.396	0.0605743395069354
1.436	0.061081181908186
1.476	0.0617030979974587
1.516	0.0624378862800157
1.556	0.0632823317734861
1.596	0.064232345799546
1.636	0.0652830966715854
1.676	0.0664291310684533
1.716	0.067664486359682
1.756	0.068982794197801
1.796	0.0703773759202662
1.836	0.0718413310392876
1.876	0.073367618643708
1.916	0.0749491309538612
1.956	0.0765787586768383
1.996	0.0782494479325138
2.036	0.0799542469613002
2.076	0.0816863437315263
2.116	0.083439095811606
2.156	0.0852060547543303
2.196	0.0869809868275198
2.236	0.0887578920680951
2.276	0.0905310210758259
2.316	0.092294888210013
2.356	0.0940442792875089
2.396	0.0957742537059474
2.436	0.0974801415412756
2.476	0.0991575382234018
2.516	0.100802298587858
2.556	0.10241053258482
2.596	0.103978603843096
2.636	0.105503131601587
2.676	0.106980993279628
2.716	0.108409325339956
2.756	0.109785518499017
2.796	0.111107206018453
2.836	0.112372243697543
2.876	0.113578682382261
2.916	0.114724738804235
2.956	0.115808770178909
2.996	0.116829256313004
3.036	0.117784791227216
3.076	0.118674083984878
3.116	0.11949596217962
3.156	0.120249369730011
3.196	0.120933357723338
3.236	0.121547074625575
3.276	0.122089759436655
3.316	0.122560742991233
3.356	0.122959460585967
3.396	0.123285473073175
3.436	0.123538488562538
3.476	0.123718380587654
3.516	0.123825193023414
3.556	0.123859130407816
3.596	0.123820549266675
3.636	0.123709958814878
3.676	0.123528028846145
3.716	0.123275613380862
3.756	0.122953791524132
3.796	0.122563907373866
3.836	0.122107601054587
3.876	0.121586833412529
3.916	0.121003897762087
3.956	0.120361426128476
3.996	0.119662397195732
4.036	0.118910148088979
4.076	0.118108400893895
4.116	0.117261318560843
4.156	0.116373580982462
4.196	0.11545046928466
4.236	0.114497951483834
4.276	0.113522752146388
4.316	0.112532386230193
4.356	0.111535148935211
4.396	0.110540043492414
4.436	0.10955663580939
4.476	0.10859480595915
4.516	0.107664340174757
4.556	0.106774284021391
4.596	0.105931957345724
4.636	0.105141483655423
4.676	0.104401681555068
4.716	0.10370319214163
4.756	0.103024771235276
4.796	0.101756015279385
4.836	0.100407288768274
4.876	0.0989758668694449
4.916	0.0974611666693974
4.956	0.0958646232601339
4.996	0.0941896551103483
5.036	0.0924415187552725
5.076	0.090627103511089
5.116	0.0887547852150377
5.156	0.0868341164396398
5.196	0.0848757651425061
5.236	0.0828917189705081
5.276	0.0808955682681827
5.316	0.0789027219647025
5.356	0.0769303135485941
5.396	0.0749967661984741
5.436	0.0731210551400139
5.476	0.0713218438904519
5.516	0.0696167083109245
5.556	0.0680215721740112
5.596	0.0665503220712722
5.636	0.0652144992474106
5.676	0.0640230187767727
5.716	0.0629818388562811
5.756	0.062093664117107
5.796	0.0613577583328393
5.836	0.0607699231123391
5.876	0.0603226831718402
5.916	0.0600057294626666
5.956	0.0598065540155019
5.996	0.0597112003820328
6.036	0.0597050562125858
6.076	0.0597735921267102
6.116	0.0599029628063832
6.156	0.0600804399904362
6.196	0.0602946671761586
6.236	0.0605357492978627
6.276	0.060795207664178
6.316	0.0610658332789811
6.356	0.0613414814605804
6.396	0.0616168458967721
6.436	0.0618872285424814
6.476	0.0621483204247184
6.516	0.0623960019355891
6.556	0.0626261643618093
6.596	0.0628345461154893
6.636	0.0630165953422548
6.676	0.0631673804064761
6.716	0.0632815689852251
6.756	0.0633534968311338
6.796	0.0633773411516714
6.836	0.0633473912358014
6.876	0.0632583902639183
6.916	0.0631059108703269
6.956	0.0628867415303276
6.996	0.0625992680449272
7.036	0.06224383862682
7.076	0.0618230968216906
7.116	0.0613422486291384
7.156	0.060809218684291
7.196	0.0602346643144998
7.236	0.0596318265309961
7.276	0.0590162074869127
7.316	0.0584051208906615
7.356	0.0578171484019734
7.396	0.0572715318373369
7.436	0.056787514450015
7.476	0.056383651554718
7.516	0.0560769892653141
7.556	0.0558821301998549
7.596	0.0558102083337886
7.636	0.055867882656834
7.676	0.0560565116363492
7.716	0.0563716812330668
7.756	0.0568032248474211
7.796	0.0573357914194119
7.836	0.0579498183979936
7.876	0.058622671703354
7.916	0.0593297298103224
7.956	0.0600453240563255
7.996	0.0607436041548866
8.036	0.0613994355948435
8.076	0.061989377658854
8.116	0.0624927250576732
8.156	0.0628925550415502
8.196	0.0631766109292258
8.236	0.0633379023238163
8.276	0.0633749787063849
8.316	0.0632919196133983
8.356	0.0630981059157492
8.396	0.0628078090924262
8.436	0.0624396166630632
8.476	0.0620156974708053
8.516	0.0615609109001767
8.556	0.0611018520404016
8.596	0.0606659679421355
8.636	0.0602808334246347
8.676	0.0599736322796858
8.716	0.0597707975407005
8.756	0.0596977070439451
8.796	0.059778326359698
8.836	0.0600347409666782
8.876	0.0604866209716377
8.916	0.061150751443499
8.956	0.0620407503032325
8.996	0.0631670526594164
9.036	0.0645371623436617
9.076	0.0661560536811194
9.116	0.0680265829508713
9.156	0.0701497610686275
9.196	0.0725248695176575
9.236	0.0751494543255333
9.276	0.078019229009108
9.316	0.0811279301743824
9.356	0.0844673245039402
9.396	0.0880273431248142
9.436	0.0917963686789349
9.476	0.0957617145535252
9.516	0.0999101924966865
9.556	0.104228478531816
9.596	0.108703130850067
9.636	0.113320149632024
9.676	0.118064160332942
9.716	0.122917431319713
9.756	0.127858870238889
9.796	0.132862989694381
9.836	0.137899106183845
9.876	0.142930905381384
9.916	0.147916337345855
9.956	0.152807833489653
9.996	0.157552885609512
10.036	0.162094921454731
10.076	0.166374407323637
10.116	0.170330135069456
10.156	0.17390075837978
10.196	0.177026587052602
10.236	0.179651692003226
10.276	0.181726309423787
10.316	0.18320957756692
10.356	0.184072307168741
10.396	0.184299380322408
10.436	0.183891427212096
10.476	0.182865401032849
10.516	0.181253932032398
10.556	0.179103673400853
10.596	0.176472911186472
10.636	0.173428958144221
10.676	0.170045862539205
10.716	0.166402417299231
10.756	0.162580350341877
10.796	0.158662545714755
10.836	0.154730941283809
10.876	0.150864063618066
10.916	0.147134835632023
10.956	0.143608962063006
10.996	0.140343632130701
11.036	0.13738681946321
11.076	0.134777149068448
11.116	0.132543837380162
11.156	0.130706718976178
11.196	0.129276636370456
11.236	0.128256335849251
11.276	0.127641719452164
11.316	0.127423671852235
11.356	0.127589765035388
11.396	0.128125459914592
11.436	0.129014767279919
11.476	0.130240455256391
11.516	0.131783957205279
11.556	0.133625187598405
11.596	0.135741949768807
11.636	0.138109054442829
11.676	0.140697629342675
11.716	0.143474508006101
11.756	0.146401803314554
11.796	0.149437345408849
11.836	0.152535942447848
11.876	0.155651132370188
11.916	0.158737341082322
11.956	0.161752053932766
11.996	0.164657542091994
12.036	0.16742201272185
12.076	0.170020007370574
12.116	0.172431871503129
12.156	0.174642893701112
12.196	0.176642163301516
12.236	0.178421283996961
12.276	0.179973398954878
12.316	0.181292726312584
12.356	0.182374570310806
12.396	0.183215838192332
12.436	0.183815857560624
12.476	0.184177096938434
12.516	0.184305519716055
12.556	0.184210328277651
12.596	0.183903077069822
12.636	0.183396362831921
12.676	0.182702431101369
12.716	0.18183212031547
12.756	0.180794408771597
12.796	0.179596543632847
12.836	0.178244573643703
12.876	0.176743982729214
12.916	0.175100099747873
12.956	0.173318188608995
12.996	0.171403176172966
13.036	0.169359294942247
13.076	0.167190017154546
13.116	0.164898285886245
13.156	0.162486916794727
13.196	0.159959196642468
13.236	0.157319423526182
13.276	0.154573102922548
13.316	0.151726865810168
13.356	0.148788152799931
13.396	0.145764790149165
13.436	0.142664737179153
13.476	0.139496044821634
13.516	0.136267039972829
13.556	0.132986774506968
13.596	0.129665587109322
13.636	0.126315519541883
13.676	0.122950494641607
13.716	0.119586202481777
13.756	0.116239641191079
13.796	0.112928341836984
13.836	0.109669430128783
13.876	0.10647879159405
13.916	0.103370531714781
13.956	0.10035671509268
13.996	0.0974474224550548
14.036	0.0946510097711339
14.076	0.0919744292071911
14.116	0.0894235645092962
14.156	0.0870035070868269
14.196	0.0847186427350053
14.236	0.0825726418026207
14.276	0.080568378486582
14.316	0.0787077257955744
14.356	0.076991375463912
14.396	0.0754187989592552
14.436	0.0739882526813815
14.476	0.0726968667324925
14.516	0.0715407984792833
14.556	0.0705153391784918
14.596	0.0696150422286834
14.636	0.0688339565929041
14.676	0.0681658696344201
14.716	0.0676045599108832
14.756	0.067144119793916
14.796	0.0667792388223702
14.836	0.0665054165905516
14.876	0.066319122377827
14.916	0.0662178763521055
14.956	0.0662002507012502
14.996	0.0662658172867694
15.036	0.0664150454603671
15.076	0.0666491778013594
15.116	0.0669701090862347
15.156	0.0673802612529428
15.196	0.0678824708011021
15.236	0.0684798719062272
15.276	0.0691757812615847
15.316	0.0699735975210913
15.356	0.0708767281563283
15.396	0.071888446498896
15.436	0.0730117180263861
15.476	0.0742490576626054
15.516	0.075602430219881
15.556	0.0770731884554507
15.596	0.0786621173631588
15.636	0.0803695139448521
15.676	0.0821952106862156
15.716	0.0841384911290888
15.756	0.0861979547700926
15.796	0.0883713625301894
15.836	0.0906554955728822
15.876	0.093046095203924
15.916	0.0955379419350137
15.956	0.0981249893104987
15.996	0.100800539920293
16.036	0.103557395494356
16.076	0.106387926742549
16.116	0.109284023795389
16.156	0.112237013198957
16.196	0.11523756201472
16.236	0.118275643746152
16.276	0.121340538400439
16.316	0.124420960416607
16.356	0.127505218971955
16.396	0.13058132005883
16.436	0.133637009388842
16.476	0.136659949215037
16.516	0.139637826177555
16.556	0.142558413441144
16.596	0.14540972592382
16.636	0.148180326317338
16.676	0.150859701983997
16.716	0.153438812616422
16.756	0.155910668239251
16.796	0.158270814236253
16.836	0.160517663320654
16.876	0.162652456027367
16.916	0.164678725267002
16.956	0.166601441106856
16.996	0.16842603260158
17.036	0.17015733766042
17.076	0.171798788860194
17.116	0.17335198868745
17.156	0.174816680407538
17.196	0.176190975531433
17.236	0.177471711110663
17.276	0.178654864636577
17.316	0.179735999398609
17.356	0.180710711495429
17.396	0.181575002220221
17.436	0.18232550161202
17.476	0.182959456521694
17.516	0.183474528614759
17.556	0.183868456999512
17.596	0.184138691450052
17.636	0.18428218623945
17.676	0.184295465751951
17.716	0.184174928237034
17.756	0.183917331354642
17.796	0.183520311775617
17.836	0.182982778213606
17.876	0.182305133450903
17.916	0.181489286363707
17.956	0.180538520445033
17.996	0.179457335012437
18.036	0.178251205820708
18.076	0.176926284370658
18.116	0.175489158063961
18.156	0.173946686548582
18.196	0.172305938943161
18.236	0.170574375641174
18.276	0.168760233328506
18.316	0.166872998592261
18.356	0.164924011335138
18.396	0.16292698764466
18.436	0.160898271532723
18.476	0.158856836013207
18.516	0.156824012711304
18.556	0.154822920260536
18.596	0.152877727340446
18.636	0.151012912215741
18.676	0.149252631422677
18.716	0.14762011297173
18.756	0.146136975126701
18.796	0.144822585950983
18.836	0.143693878764999
18.876	0.142765337332982
18.916	0.142049232215861
18.956	0.141555811693685
18.996	0.141293242109377
19.036	0.141266956417006
19.076	0.141478796856894
19.116	0.141926086192775
19.156	0.142600993011648
19.196	0.143490548058985
19.236	0.144577473349138
19.276	0.14584147193515
19.316	0.147260685253435
19.356	0.148813068478539
19.396	0.15047723091353
19.436	0.152232670055234
19.476	0.154059812755612
19.516	0.155940028697465
19.556	0.157855648819783
19.596	0.159790006804208
19.636	0.161727402553105
19.676	0.163652990201932
19.716	0.165552684963323
19.756	0.167413214310606
19.796	0.169222286313179
19.836	0.170968833825192
19.876	0.172643209380503
19.916	0.174237266343034
19.956	0.175744111634749
19.996	0.177157492891602
20.036	0.178471051218274
20.076	0.17967760386454
20.116	0.180768612121092
20.156	0.181734049845453
20.196	0.182562790671362
20.236	0.183243242211724
20.276	0.183764125104339
20.316	0.18411524415459
20.356	0.184288122763157
20.396	0.184276463744389
20.436	0.184076464191612
20.476	0.183686944773591
20.516	0.183109363136957
20.556	0.182347792533342
20.596	0.181408879999772
20.636	0.180301883344093
20.676	0.179038763471347
20.716	0.177634300005899
20.756	0.176106081228035
20.796	0.174474278231308
20.836	0.172760999491679
20.876	0.170989443167052
20.916	0.169182966113986
20.956	0.167364237118896
20.996	0.165554540134885
21.036	0.163773287162705
21.076	0.162037491877264
21.116	0.160361298478513
21.156	0.158755639878869
21.196	0.157228076579123
21.236	0.155782993156244
21.276	0.154422248746862
21.316	0.153146037773929
21.356	0.151953830532314
21.396	0.150845320308129
21.436	0.149821184784038
21.476	0.148883520943095
21.516	0.148036028507455
21.556	0.147283895009714
21.596	0.146633339452954
21.636	0.146090901402054
21.676	0.145662286559663
21.716	0.145351113577355
21.756	0.14515789131972
21.796	0.14507953824819
21.836	0.145109535015045
21.876	0.145238870604267
21.916	0.145457340122711
21.956	0.145754783249409
21.996	0.146121948786238
22.036	0.146550847086083
22.076	0.147034584660354
22.116	0.147566948948089
22.156	0.148141987431181
22.196	0.148753746914743
22.236	0.149396199505638
22.276	0.150063415684407
22.316	0.150749750112375
22.356	0.151449879182415
22.396	0.152158830098109
22.436	0.152872099005485
22.476	0.153585719486266
22.516	0.154296173371925
22.556	0.155000368062836
22.596	0.155695695434211
22.636	0.15638012501767
22.676	0.157052321460533
22.716	0.157711830425789
22.756	0.158359226600417
22.796	0.1589961919179
22.836	0.159625389172511
22.876	0.160250109165951
22.916	0.160873775577436
22.956	0.161499452490069
22.996	0.162129444925519
23.036	0.16276509674632
23.076	0.163406801541065
23.116	0.164054243407342
23.156	0.164706771574167
23.196	0.165363701609117
23.236	0.166024498634293
23.276	0.166688911145506
23.316	0.167356964335816
23.356	0.168028716303304
23.396	0.16870402611719
23.436	0.169382385202418
23.476	0.170062819974682
23.516	0.170743957625739
23.556	0.171424231770864
23.596	0.172101971271523
23.636	0.172775423098379
23.676	0.173442745266819
23.716	0.174101845091023
23.756	0.304685414860678
23.796	0.303781959471515
23.836	0.30289598196827
23.876	0.302032413907092
23.916	0.301195689075307
23.956	0.300389099420308
23.996	0.299614388095158
24.036	0.298871606822708
24.076	0.298159325434192
24.116	0.297475123698668
24.156	0.296816092261203
24.196	0.296179302906815
24.236	0.295562206523734
24.276	0.294962916636926
24.316	0.294380381731465
24.356	0.293814470434789
24.396	0.293265910187621
24.436	0.292736140098548
24.476	0.29222707427521
24.516	0.291740761072766
24.556	0.291278984456419
24.596	0.290843025445191
24.636	0.290433615303776
24.676	0.290050985599457
24.716	0.289694996721629
24.756	0.289365319003231
24.796	0.289061568171654
24.836	0.288783381640634
24.876	0.288530462182656
24.916	0.288302570940139
24.956	0.288099459844453
24.996	0.287920776706876
25.036	0.287765954318893
25.076	0.287634096742273
25.116	0.287523915348565
25.156	0.287433736423488
25.196	0.287361562824891
25.236	0.287305186757784
25.276	0.28726232010407
25.316	0.287230717152845
25.356	0.28720829448492
25.396	0.28719323682332
25.436	0.287184086161524
25.476	0.287179825508254
25.516	0.28717994702658
25.556	0.287184494939901
25.596	0.287194083687872
25.636	0.287209898279706
25.676	0.287233679355147
25.716	0.287267698893778
25.756	0.287314716093313
25.796	0.287377896886007
25.836	0.287460671468132
25.876	0.287566528496392
25.916	0.287698750254087
25.956	0.287860132046625
25.996	0.288052729569308
26.036	0.288277705259283
26.076	0.288535316844126
26.116	0.2888250279047
26.156	0.289145677895881
26.196	0.289495687981351
26.236	0.28987321059541
26.276	0.290276199482939
26.316	0.290702368252504
26.356	0.291149067076368
26.396	0.291613148953523
26.436	0.292090915643747
26.476	0.292578146164736
26.516	0.293070257903203
26.556	0.293562649896622
26.596	0.294051097941015
26.636	0.294532086857394
26.676	0.295003033308241
26.716	0.295462375371223
26.756	0.295909555947823
26.796	0.296344981168822
26.836	0.296770002365783
26.876	0.297186857655667
26.916	0.297598571435365
26.956	0.298008806353671
26.996	0.298421686833144
27.036	0.298841575023083
27.076	0.299272872736658
27.116	0.299719988150791
27.156	0.300187351522787
27.196	0.300679464114218
27.236	0.301200995007484
27.276	0.301756785476677
27.316	0.302351680251242
27.356	0.302990195651425
27.396	0.303675901991632
27.436	0.30441055585451
27.476	0.305193220116344
27.516	0.306019541889604
27.556	0.30688129837592
27.596	0.307766501019692
27.636	0.308660046290605
27.676	0.309544619858904
27.716	0.310401716858955
27.756	0.311212472668764
27.796	0.311958035247279
27.836	0.312619595666185
27.876	0.313178353833557
27.916	0.3136154950842
27.956	0.3139124554475
27.996	0.314051612067594
28.036	0.314017286179698
28.076	0.313796873542749
28.116	0.313381970512161
28.156	0.312769200666928
28.196	0.311960745141597
28.236	0.310964433008159
28.276	0.30979334164244
28.316	0.308465014618612
28.356	0.307000716627904
28.396	0.305424738155274
28.436	0.303763875947133
28.476	0.302047047347209
28.516	0.30030484632659
28.556	0.298568837908697
28.596	0.29687064748429
28.636	0.295240836316886
28.676	0.293707716979192
28.716	0.292296432259967
28.756	0.291028485580163
28.796	0.289921546468612
28.836	0.288989409011656
28.876	0.288242035155925
28.916	0.287685550672315
28.956	0.28732216717227
28.996	0.287150167822183
29.036	0.287164003092279
29.076	0.287354477354846
29.116	0.28770897294833
29.156	0.288211654754413
29.196	0.288843719695528
29.236	0.289583800585241
29.276	0.290408597866751
29.316	0.291293815044135
29.356	0.292215338261535
29.396	0.293150395822884
29.436	0.294078476040646
29.476	0.29498180077848
29.516	0.295845306030593
29.556	0.296656233625889
29.596	0.297403572751556
29.636	0.298077505847679
29.676	0.298669161224815
29.716	0.299170793734881
29.756	0.299576408194589
29.796	0.29988257450389
29.836	0.300089259947519
29.876	0.300200309029854
29.916	0.300223364169959
29.956	0.300169085874394
29.996	0.300049865897527
30.036	0.299878200280837
30.076	0.299665265548434
30.116	0.299419990332332
30.156	0.29914877205433
30.196	0.298855712239138
30.236	0.298543387807321
30.276	0.298213705219474
30.316	0.297868531414416
30.356	0.297509993604599
30.396	0.297140528598099
30.436	0.296762638486847
30.476	0.296378667614881
30.516	0.295990752478438
30.556	0.295600999739598
30.596	0.295211736927776
30.636	0.294825782493014
30.676	0.29444650809868
30.716	0.294077605443256
30.756	0.293722677894401
30.796	0.293384749200236
30.836	0.293065770519199
30.876	0.29276628534658
30.916	0.292485419878339
30.956	0.2922210748334
30.996	0.291970347325311
31.036	0.291730202607233
31.076	0.29149820708728
31.116	0.291273076672532
31.156	0.29105498364823
31.196	0.290845458532168
31.236	0.290646895261894
31.276	0.29046185197236
31.316	0.290292398030893
31.356	0.290139610729248
31.396	0.29000339559645
31.436	0.289882637612529
31.476	0.289775546725203
31.516	0.289679996430941
31.556	0.289593784159386
31.596	0.28951482173256
31.636	0.289441177071872
31.676	0.289371018543712
31.716	0.289302538510917
31.756	0.289233865201886
31.796	0.289162922233878
31.836	0.289087334941179
31.876	0.289004400415912
31.916	0.288911129359043
31.956	0.288804493800079
31.996	0.288681901911112
32.036	0.288541703310678
32.076	0.288383649728623
32.116	0.288209306382363
32.156	0.28802235364909
32.196	0.287828772690652
32.236	0.287636963720011
32.276	0.287457768180751
32.316	0.28730434287278
32.356	0.287191810787824
32.396	0.287136643284121
32.436	0.287155884900834
32.476	0.28726639095094
32.516	0.287484230407621
32.556	0.287824300214616
32.596	0.288300084683861
32.636	0.288923415976306
32.676	0.289704052263723
32.716	0.290649072740159
32.756	0.291762220153181
32.796	0.293043325480333
32.836	0.294487947843784
32.876	0.296087448653346
32.916	0.297829372293585
32.956	0.299698104299345
32.996	0.301675799818234
33.036	0.303743334609074
33.076	0.305880974795677
33.116	0.308069008867854
33.156	0.310288305283528
33.196	0.312520687174917
33.236	0.314749394645297
33.276	0.316959849495539
33.316	0.319140432106231
33.356	0.32128322503852
33.396	0.323384602945175
33.436	0.325445374017413
33.476	0.327470388204752
33.516	0.329467872538793
33.556	0.33144845354979
33.596	0.333424006943879
33.636	0.335406754290524
33.676	0.337408568485152
33.716	0.339440401808481
33.756	0.341511839256647
33.796	0.343630812364488
33.836	0.345803431606747
33.876	0.348034051898701
33.916	0.350325418942184
33.956	0.35267883214923
33.996	0.355094445754524
34.036	0.357571588616885
34.076	0.360108740198676
34.116	0.362703463297628
34.156	0.36535235541222
34.196	0.36805072961274
34.236	0.37079210957419
34.276	0.373567898245348
34.316	0.376367032962186
34.356	0.379175788255417
34.396	0.381978065806372
34.436	0.384756019066891
34.476	0.387490808710915
34.516	0.390163655887498
34.556	0.39275700428599
34.596	0.395255376679948
34.636	0.397645904852247
34.676	0.399918580011509
34.716	0.402065941829811
34.756	0.404082471804522
34.796	0.405964009443174
34.836	0.407707222890913
34.876	0.409309191087054
34.916	0.41076727717175
34.956	0.412079244530837
34.996	0.413243454394355
35.036	0.414259011524329
35.076	0.415125764468847
35.116	0.415844187433969
35.156	0.416415259924968
35.196	0.416840467169258
35.236	0.41712195311873
35.276	0.417262752756322
35.316	0.417267008477715
35.356	0.417140064039351
35.396	0.416888378739507
35.436	0.416519294778844
35.476	0.416040801830029
35.516	0.41546146828528
35.556	0.414790551238944
35.596	0.414038289089255
35.636	0.413216292273965
35.676	0.412337824068622
35.716	0.411417792332891
35.756	0.410472319178119
35.796	0.409517972868109
35.836	0.408570855163596
35.876	0.407645726580149
35.916	0.406755357976202
35.956	0.405910204603025
35.996	0.405118274707114
36.036	0.404385029180538
36.076	0.403713345214548
36.116	0.40310346534401
36.156	0.402552930210639
36.196	0.402056627994888
36.236	0.401607094188186
36.276	0.401195011883409
36.316	0.400809943508698
36.356	0.400441167298588
36.396	0.400078386831687
36.436	0.399712128354828
36.476	0.399333907212188
36.516	0.39893616134885
36.556	0.398511963825818
36.596	0.39805463249953
36.636	0.397557487522526
36.676	0.397013824004212
36.716	0.396417106603586
36.756	0.395761400723494
36.796	0.39504192769666
36.836	0.394255623124842
36.876	0.393401529207516
36.916	0.392480814777564
36.956	0.391496311541566
36.996	0.390451830258577
37.036	0.38935145384081
37.076	0.388198960347488
37.116	0.386997610355188
37.156	0.385750337763703
37.196	0.384459980711362
37.236	0.383129556989168
37.276	0.381762396037821
37.316	0.380361862525938
37.356	0.378930814973877
37.396	0.377471035006643
37.436	0.375982671662847
37.476	0.374463778898921
37.516	0.372910155832834
37.556	0.371315449778997
37.596	0.36967159498051
37.636	0.367969527819092
37.676	0.366200126513895
37.716	0.364355331099169
37.756	0.362429335298508
37.796	0.36041943253597
37.836	0.35832641126165
37.876	0.35615443048102
37.916	0.353910456820579
37.956	0.351603608363341
37.996	0.34924467833067
38.036	0.346845607383621
38.076	0.344419176038947
38.116	0.341978946381452
38.156	0.339539180598798
38.196	0.337114610201162
38.236	0.334720281317011
38.276	0.332371426362762
38.316	0.330083273789647
38.356	0.327870847562075
38.396	0.32574880233485
38.436	0.323731136704588
38.476	0.321830832414143
38.516	0.320059397601234
38.556	0.318426383088088
38.596	0.316939088387265
38.636	0.315602678066121
38.676	0.314420613334697
38.716	0.313395209955026
38.756	0.312528339364839
38.796	0.311822174654729
38.836	0.311279785229594
38.876	0.31090545510056
38.916	0.310704827651158
38.956	0.31068489172312
38.996	0.310853918080376
39.036	0.311221508017532
39.076	0.311798853832379
39.116	0.312599218269732
39.156	0.313638522242549
39.196	0.314935818848859
39.236	0.316513401922201
39.276	0.318396280141947
39.316	0.320610962349242
39.356	0.323183582671227
39.396	0.326137547098263
39.436	0.329490952639681
39.476	0.333254289033952
39.516	0.337428775667142
39.556	0.342005429455575
39.596	0.346964738149971
39.636	0.352276807036525
39.676	0.357901611052249
39.716	0.363789277535012
39.756	0.36988047363365
39.796	0.376107232089247
39.836	0.382394375546234
39.876	0.388661790484456
39.916	0.394827522046931
39.956	0.400811274184129
39.996	0.406537642959954
40.036	0.411938740363944
40.076	0.416955885929376
40.116	0.421540447436307
40.156	0.425654084106121
40.196	0.429268697466505
40.236	0.432366225532199
40.276	0.434938393800131
40.316	0.436986356993906
40.356	0.438520135335118
40.396	0.439557814671041
40.436	0.440124534398301
40.476	0.440251419886231
40.516	0.439974553847087
40.556	0.439334134037146
40.596	0.438373922981462
40.636	0.437140918831425
40.676	0.435685114420828
40.716	0.434059162630057
40.756	0.432317685036729
40.796	0.430516156523218
40.836	0.428709479112705
40.876	0.426950297809121
40.916	0.425287303021513
40.956	0.423763826754474
40.996	0.422416726924745
41.036	0.421275535762526
41.076	0.420361982671857
41.116	0.419689847723042
41.156	0.419265029771388
41.196	0.419085860628222
41.236	0.41914359470055
41.276	0.419423005957036
41.316	0.419903144044063
41.356	0.420558280163696
41.396	0.421359028608514
41.436	0.422273658485402
41.476	0.423269417558195
41.516	0.424313636008314
41.556	0.425374595296937
41.596	0.426422176953331
41.636	0.427428317004107
41.676	0.428367537887162
41.716	0.429217588243255
41.756	0.429960099784658
41.796	0.430581246789522
41.836	0.431072278738405
41.876	0.431429500525063
41.916	0.4316537988148
41.956	0.431749843557519
41.996	0.431725180070366
42.036	0.431589348238951
42.076	0.431353288072891
42.116	0.431028947859737
42.156	0.430629157499361
42.196	0.430167579022843
42.236	0.429658527869258
42.276	0.429116573686137
42.316	0.428555996220091
42.356	0.427990120663161
42.396	0.427430716612513
42.436	0.426887538206778
42.476	0.426368156545543
42.516	0.425878106015482
42.556	0.425421214696762
42.596	0.424999886218323
42.636	0.424615341916613
42.676	0.424267781975963
42.716	0.423956460036628
42.756	0.423679720060584
42.796	0.423435074189449
42.836	0.423219332326646
42.876	0.423028779181031
42.916	0.422859381966099
42.956	0.42270699129147
42.996	0.422567497854935
43.036	0.422436921417834
43.076	0.42231147540442
43.116	0.422187658004212
43.156	0.422062352991354
43.196	0.421932898335307
43.236	0.421797130699751
43.276	0.421653342135606
43.316	0.421500128761799
43.356	0.421336243352265
43.396	0.421160529189272
43.436	0.420971952293534
43.476	0.420769841573836
43.516	0.420554374668136
43.556	0.420327186631845
43.596	0.420092027237011
43.636	0.419855370682846
43.676	0.419626768396107
43.716	0.419418801138725
43.756	0.419246648504149
43.796	0.419127344997939
43.836	0.419078852404162
43.876	0.419119117299054
43.916	0.419265208223116
43.956	0.419532587440379
43.996	0.419934519853449
44.036	0.42048155031997
44.076	0.421181028574033
44.116	0.422036647849374
44.156	0.423047908415377
44.196	0.424209490720465
44.236	0.425510616467214
44.276	0.42693444214634
44.316	0.42845763761661
44.356	0.430050339365913
44.396	0.431676518570917
44.436	0.433294697997546
44.476	0.43485890317077
44.516	0.436319679740784
44.556	0.437625200455379
44.596	0.438722617602274
44.636	0.439559710895615
44.676	0.440086836282653
44.716	0.440259129302028
44.756	0.440038762305242
44.796	0.439396995468165
44.836	0.438315817343344
44.876	0.436788996929558
44.916	0.434822413707856
44.956	0.432433622494919
44.996	0.429650710091629
45.036	0.42651069868716
45.076	0.423057810844504
45.116	0.419341868459234
45.156	0.415417073851764
45.196	0.411341219216318
45.236	0.407175055503139
45.276	0.402981365840752
45.316	0.398823612862778
45.356	0.394764328411803
45.396	0.390863376710094
45.436	0.387176395184873
45.476	0.383753822649972
45.516	0.380640521134914
45.556	0.377875747827566
45.596	0.375493172668008
45.636	0.373520698330402
45.676	0.371979916996629
45.716	0.370885510217327
45.756	0.370244840520336
45.796	0.370057854636734
45.836	0.370317401837646
45.876	0.371010079476072
45.916	0.372117333487203
45.956	0.373616445489851
45.996	0.375481278264793
46.036	0.377682746483707
46.076	0.380188852695561
46.116	0.38296439699095
46.156	0.385970707930504
46.196	0.3891656741067
46.236	0.39250409902251
46.276	0.395938597845976
46.316	0.399420992407649
46.356	0.402903864808614
46.396	0.406342098204142
46.436	0.409694322915747
46.476	0.412923982883363
46.516	0.416000097942309
46.556	0.418897909923153
46.596	0.421599263972574
46.636	0.424092662473548
46.676	0.426372906128442
46.716	0.42844027467725
46.756	0.430299328874064
46.796	0.431957656775076
46.836	0.433424756177736
46.876	0.434711204545287
46.916	0.435828151580232
46.956	0.436787118545574
46.996	0.437599899128621
47.036	0.438278443010084
47.076	0.438834698381108
47.116	0.439280474521574
47.156	0.439627315957516
47.196	0.439886451295898
47.236	0.440068794790015
47.276	0.44018494954468
47.316	0.440245139030161
47.356	0.440259058797885
47.396	0.440235674356039
47.436	0.440183035679716
47.476	0.440108161037976
47.516	0.582664303474902
47.556	0.582516944546279
47.596	0.582386368441694
47.636	0.582270757075773
47.676	0.582168455904509
47.716	0.582077970782274
47.756	0.581997952706575
47.796	0.581927181654427
47.836	0.581864553180539
47.876	0.58180905254092
47.916	0.58175972292884
47.956	0.581715634472015
47.996	0.581675863129239
48.036	0.581639484757158
48.076	0.581605596682301
48.116	0.5815733579014
48.156	0.581542037029711
48.196	0.581511059963534
48.236	0.581480047273949
48.276	0.581448823264678
48.316	0.581417390513144
48.356	0.581385885319606
48.396	0.581354531878418
48.436	0.581323596302676
48.476	0.581293356954604
48.516	0.581264101178701
48.556	0.581236128324053
48.596	0.581209742635231
48.636	0.581185234807515
48.676	0.581162852029001
48.716	0.581142763047319
48.756	0.581125032997243
48.796	0.58110961714586
48.836	0.581096372579903
48.876	0.581085086876865
48.916	0.581075512032584
48.956	0.581067395583315
48.996	0.581060501075416
49.036	0.581054618342066
49.076	0.581049565387568
49.116	0.581045188060802
49.156	0.581041356795469
49.196	0.581037966743465
49.236	0.581034943577097
49.276	0.581032251325173
49.316	0.581029899286665
49.356	0.581027949170028
49.396	0.581026515589603
49.436	0.581025753340143
49.476	0.581025830291443
49.516	0.581026886841966
49.556	0.581028986556833
49.596	0.581032069643055
49.636	0.58103592241946
49.676	0.581040174693541
49.716	0.581044330407074
49.756	0.581047825411907
49.796	0.581050103390004
49.836	0.581050704103266
49.876	0.581049353454275
49.916	0.581046047946289
49.956	0.581041127492213
49.996	0.581035331387093
50.036	0.581029824626067
50.076	0.581026190352773
50.116	0.58102639044529
50.156	0.581032700304636
50.196	0.581047625612583
50.236	0.581073813890287
50.276	0.581113968422806
50.316	0.581170766025059
50.356	0.581246782670733
50.396	0.581344415406327
50.436	0.581465791354106
50.476	0.581612679696014
50.516	0.58178640690738
50.556	0.581987776630239
50.596	0.58221702834455
50.636	0.58247385585552
50.676	0.582757455901325
50.716	0.583066612441167
50.756	0.583399796743841
50.796	0.583755235029095
50.836	0.584130914734508
50.876	0.584524566040963
50.916	0.584933628485504
50.956	0.585355216752732
50.996	0.585786122094286
51.036	0.586222861178718
51.076	0.586661737208141
51.116	0.587098916733699
51.156	0.587530516091866
51.196	0.587952671980887
51.236	0.58836158176616
51.276	0.588753544193092
51.316	0.58912498361964
51.356	0.589472415622041
51.396	0.589792406882441
51.436	0.590081578222213
51.476	0.590336644338101
51.516	0.590554485545931
51.556	0.590732272404689
51.596	0.590867582897884
51.636	0.590958486449546
51.676	0.591003566459338
51.716	0.59100187419282
51.756	0.590952843697586
51.796	0.590856232004235
51.836	0.590712121207787
51.876	0.590520976152542
51.916	0.590283725914639
51.956	0.59000184814897
51.996	0.589677403181253
52.036	0.589312998012435
52.076	0.588911695472719
52.116	0.588476934557941
52.156	0.588012481841605
52.196	0.587522438668024
52.236	0.58701128928413
52.276	0.586483964330571
52.316	0.58594589235366
52.356	0.585403024202711
52.396	0.584861823269644
52.436	0.584329214485615
52.476	0.583812488657947
52.516	0.583319168334583
52.556	0.582856846591145
52.596	0.58243298597759
52.636	0.582054661667683
52.676	0.581728303001893
52.716	0.58145946470569
52.756	0.581252648905754
52.796	0.581111196019613
52.836	0.581037238289734
52.876	0.581031672122185
52.916	0.581094126645732
52.956	0.581222906881336
52.996	0.581414916658572
53.036	0.581665597535445
53.076	0.581968905618131
53.116	0.582317362261564
53.156	0.582702195948169
53.196	0.583113572786018
53.236	0.583540894528371
53.276	0.583973143515961
53.316	0.584399232092993
53.356	0.58480837791764
53.396	0.585190509306888
53.436	0.585536670502817
53.476	0.585839393469438
53.516	0.586093035613234
53.556	0.586294009224755
53.596	0.586440797541418
53.636	0.586533764148453
53.676	0.58657481191294
53.716	0.58656698410987
53.756	0.586514102905261
53.796	0.58642052490594
53.836	0.586290968652828
53.876	0.586130334166178
53.916	0.585943505832564
53.956	0.585735131798729
53.996	0.585509361709112
54.036	0.585269672686428
54.076	0.585018869226276
54.116	0.584759209575089
54.156	0.584492604581191
54.196	0.584220873992105
54.236	0.583945940446826
54.276	0.583669896199279
54.316	0.583394992572688
54.356	0.583123585780463
54.396	0.582858061463965
54.436	0.582600795910414
54.476	0.582354168438363
54.516	0.58212058310487
54.556	0.581902488484813
54.596	0.581702399117939
54.636	0.581522904704522
54.676	0.581366665968308
54.716	0.581236408774238
54.756	0.581134919914133
54.796	0.581065032512195
54.836	0.581029607190822
54.876	0.581031517594578
54.916	0.581073642742126
54.956	0.581158868535841
54.996	0.581290098677826
55.036	0.581470271616482
55.076	0.581702367769176
55.116	0.581989396857651
55.156	0.582334355594722
55.196	0.58274015387198
55.236	0.583209497275775
55.276	0.583744718021188
55.316	0.584347576107941
55.356	0.585019085996435
55.396	0.58575937935371
55.436	0.586567605698753
55.476	0.587441858930011
55.516	0.588379110963721
55.556	0.589375118281719
55.596	0.590424293380713
55.636	0.591519557132857
55.676	0.592652239508237
55.716	0.593812072720166
55.756	0.594987275595572
55.796	0.59616469145209
55.836	0.597329986669898
55.876	0.598467893716594
55.916	0.599562457307848
55.956	0.600597295564948
55.996	0.601555865289387
56.036	0.60242168473646
56.076	0.603178490268882
56.116	0.603810329884114
56.156	0.604301652327415
56.196	0.60463749327576
56.236	0.604803811491575
56.276	0.60478798006973
56.316	0.604579372679184
56.356	0.604169931567879
56.396	0.603554610495693
56.436	0.602731631306931
56.476	0.601702561022106
56.516	0.600472271796983
56.556	0.599048822867702
56.596	0.597443297097881
56.636	0.59566963521259
56.676	0.593744442732606
56.716	0.591686754403285
56.756	0.589517815586856
56.796	0.58726083297033
56.836	0.584940683592355
56.876	0.582583556951902
56.916	0.580216529630902
56.956	0.577866999263139
56.996	0.575562132275679
57.036	0.57332830257433
57.076	0.571190644994145
57.116	0.569172752971621
57.156	0.567296555507791
57.196	0.565582227133952
57.236	0.564048142663253
57.276	0.562710776455199
57.316	0.561584561667615
57.356	0.56068169246143
57.396	0.560012021301998
57.436	0.559583007953789
57.476	0.559399756609093
57.516	0.55946502670056
57.556	0.55977919077023
57.596	0.560340122780227
57.636	0.561143022977398
57.676	0.562180216813782
57.716	0.563440990739645
57.756	0.564911577275608
57.796	0.566575380875244
57.836	0.568413428276487
57.876	0.570404796927001
57.916	0.572526967223792
57.956	0.57475615234352
57.996	0.577067462416132
58.036	0.579434863497056
58.076	0.581831168309775
58.116	0.584228130073893
58.156	0.58659669688097
58.196	0.588907546199181
58.236	0.591131921978797
58.276	0.593242592758325
58.316	0.59521490524661
58.356	0.597027779997309
58.396	0.598664394932529
58.436	0.600112521026526
58.476	0.601364552510274
58.516	0.602417222702068
58.556	0.603271105128592
58.596	0.603930054824675
58.636	0.604400673452838
58.676	0.604691844038132
58.716	0.604814314756739
58.756	0.604780284670308
58.796	0.604602962720135
58.836	0.604296065283623
58.876	0.60387328856989
58.916	0.603347862438867
58.956	0.60273226945345
58.996	0.602038176512291
59.036	0.601276568192701
59.076	0.60045798147595
59.116	0.599592709538416
59.156	0.598690863612298
59.196	0.597762222715349
59.236	0.596815941105861
59.276	0.595860250218946
59.316	0.594902275481309
59.356	0.593948001764834
59.396	0.593002397822094
59.436	0.592069650466209
59.476	0.591153424728189
59.516	0.590257072591777
59.556	0.58938379050109
59.596	0.588536743062824
59.636	0.587719133430008
59.676	0.58693421322531
59.716	0.586185251856338
59.756	0.585475497746824
59.796	0.584808135246836
59.836	0.584186245264923
59.876	0.583612779336559
59.916	0.583090543967419
59.956	0.582622172959802
59.996	0.582210107449764
60.036	0.581856567107787
60.076	0.581563521818958
60.116	0.5813326623155
60.156	0.581165391866353
60.196	0.581062825226994
60.236	0.581025798065572
60.276	0.581054871296446
60.316	0.581150332723718
60.356	0.581312212284713
60.396	0.581540329829267
60.436	0.581834377954921
60.476	0.582194015200177
60.516	0.582618947352464
60.556	0.583108962662391
60.596	0.583663881358499
60.636	0.584283394482597
60.676	0.584966854351985
60.716	0.585713048590874
60.756	0.586520020069326
60.796	0.587384993267457
60.836	0.58830440431085
60.876	0.589274031701688
60.916	0.590289197336292
60.956	0.591344928192754
60.996	0.592436019449128
61.036	0.59355703567663
61.076	0.594702231089206
61.116	0.595865380981342
61.156	0.597039589262909
61.196	0.5982170669055
61.236	0.599388830488715
61.276	0.600544426487604
61.316	0.601671712921621
61.356	0.602756726438364
61.396	0.60378380200529
61.436	0.604735978800012
61.476	0.605595599754613
61.516	0.606345127934541
61.556	0.606968077432416
61.596	0.607449837402326
61.636	0.607778390882025
61.676	0.607945005072505
61.716	0.607944750070525
61.756	0.607776799529584
61.796	0.607444585754041
61.836	0.606955727034206
61.876	0.606321637502067
61.916	0.605556934581925
61.956	0.604678729649276
61.996	0.603705934746098
62.036	0.602658681263122
62.076	0.601557716201867
62.116	0.600423722415684
62.156	0.599276645477801
62.196	0.598135072972179
62.236	0.597015702455034
62.276	0.595932941220356
62.316	0.594898665618314
62.356	0.593922145945427
62.396	0.593010113971815
62.436	0.592166943198387
62.476	0.591394918136558
62.516	0.590694652736597
62.556	0.590065618168098
62.596	0.589506685405384
62.636	0.589016559195623
62.676	0.588594034571434
62.716	0.588238061302401
62.756	0.58794768413248
62.796	0.587721909682662
62.836	0.587559636588339
62.876	0.587459722910565
62.916	0.587421159462472
62.956	0.587443290873006
62.996	0.587526037158904
63.036	0.587670015515246
63.076	0.587876570086974
63.116	0.588147709309296
63.156	0.58848599127735
63.196	0.588894395839258
63.236	0.589376282912251
63.276	0.589935427641811
63.316	0.590576137530759
63.356	0.591303414549
63.396	0.592123089331652
63.436	0.59304188031675
63.476	0.59406736016354
63.516	0.595207761276902
63.556	0.596471668832411
63.596	0.597867677929205
63.636	0.599404030883191
63.676	0.601088309417176
63.716	0.602927256282855
63.756	0.604926647046876
63.796	0.607091138623164
63.836	0.609424037509587
63.876	0.611926860931028
63.916	0.614598764730717
63.956	0.617436005671516
63.996	0.620431547276383
64.036	0.623574891767691
64.076	0.626852255619215
64.116	0.630246902274908
64.156	0.633739549095476
64.196	0.637308759542499
64.236	0.640931178306707
64.276	0.64458168526752
64.316	0.648233784053817
64.356	0.651860008439184
64.396	0.655432215438577
64.436	0.658922022731202
64.476	0.662301391258011
64.516	0.665542841354361
64.556	0.668619362208107
64.596	0.671504232383
64.636	0.674170665296347
64.676	0.676591417889862
64.716	0.678738740066851
64.756	0.68058462186844
64.796	0.68210172749071
64.836	0.683265082608533
64.876	0.684053781864783
64.916	0.684452219773537
64.956	0.684451012648695
64.996	0.68404718540259
65.036	0.683243475443166
65.076	0.682047288468156
65.116	0.68046992517473
65.156	0.678526279600324
65.196	0.676235026196074
65.236	0.673619037264466
65.276	0.670705845503009
65.316	0.667528056010311
65.356	0.664123065257923
65.396	0.660531962964865
65.436	0.656798057056786
65.476	0.652965013603815
65.516	0.649074855246338
65.556	0.645166408747232
65.596	0.641274316668719
65.636	0.637428738214916
65.676	0.633655678758485
65.716	0.629977547434151
65.756	0.626413646971296
65.796	0.622980624504778
65.836	0.619692655127601
65.876	0.616561253605547
65.916	0.613595014486541
65.956	0.610799456342353
65.996	0.608176901907626
66.036	0.605726555625134
66.076	0.60344479710028
66.116	0.601325620352053
66.156	0.599361200445258
66.196	0.597542556276282
66.236	0.595860206618759
66.276	0.594304855435283
66.316	0.592867878573669
66.356	0.591541563623261
66.396	0.59031914971638
66.436	0.589194759161493
66.476	0.588163175081273
66.516	0.587219606267278
66.556	0.586359493738591
66.596	0.585578374744365
66.636	0.584871809871834
66.676	0.584235427019018
66.716	0.58366498906804
66.756	0.58315651105666
66.796	0.582706427795978
66.836	0.582311776325122
66.876	0.581970352369355
66.916	0.581680851421218
66.956	0.581442919320495
66.996	0.581257079982669
67.036	0.581124557178588
67.076	0.581047014898714
67.116	0.581026249169019
67.156	0.581063887693717
67.196	0.581161138019979
67.236	0.581318616540959
67.276	0.581536271318649
67.316	0.581813375164259
67.356	0.582148555455868
67.396	0.582539829216285
67.436	0.582984621220303
67.476	0.58347975153723
67.516	0.584021407238887
67.556	0.584605112450412
67.596	0.585225716594528
67.636	0.585877425056705
67.676	0.586553899027667
67.716	0.587248419373247
67.756	0.587954092047329
67.796	0.588664093822313
67.836	0.589371912202069
67.876	0.590071522859013
67.916	0.590757506627566
67.956	0.591425098026543
67.996	0.592070131760723
68.036	0.592688937474542
68.076	0.593278250470745
68.116	0.593835156283743
68.156	0.59435707955401
68.196	0.594841804346293
68.236	0.595287489099975
68.276	0.595692680858735
68.316	0.596056287072367
68.356	0.596377497800677
68.396	0.59665570644616
68.436	0.596890474877779
68.476	0.597081531301622
68.516	0.597228803898609
68.556	0.597332488661896
68.596	0.597393106030251
68.636	0.597411525210088
68.676	0.597388942888355
68.716	0.597326778672581
68.756	0.597226520115055
68.796	0.597089599006955
68.836	0.596917316258234
68.876	0.596710792333043
68.916	0.596470959392286
68.956	0.596198599399254
68.996	0.595894380441541
69.036	0.595558885810161
69.076	0.595192656877844
69.116	0.594796275744446
69.156	0.594370471411892
69.196	0.593916249615183
69.236	0.593435005395597
69.276	0.592928608625051
69.316	0.592399440477218
69.356	0.591850355983589
69.396	0.591284572181671
69.436	0.590705553657111
69.476	0.590116935548175
69.516	0.589522491129562
69.556	0.588926145700157
69.596	0.588332027447908
69.636	0.587744513414803
69.676	0.587168240584358
69.716	0.586608036830817
69.756	0.586068769749078
69.796	0.585555117332381
69.836	0.585071309836341
69.876	0.58462086912504
69.916	0.584206391463123
69.956	0.583829435139843
69.996	0.583490533755379
70.036	0.583189297198377
70.076	0.582924575399872
70.116	0.582694673808212
70.156	0.582497573468959
70.196	0.582331104175407
70.236	0.582193069810733
70.276	0.582081334901552
70.316	0.581993874928946
70.356	0.58192881639676
70.396	0.58188447162767
70.436	0.581859354868044
70.476	0.58185218034745
70.516	0.581861841871979
70.556	0.581887352179486
70.596	0.5819277464525
70.636	0.581981976398476
70.676	0.582048803166129
70.716	0.582126711714082
70.756	0.582213879660826
70.796	0.582308207747117
70.836	0.582407410216631
70.876	0.582509147806692
70.916	0.582611156474452
70.956	0.582711342595258
70.996	0.582807862720271
71.036	0.582899178636522
71.076	0.58298407746115
71.116	0.583061685341228
71.156	0.583131478186932
71.196	0.583193261628989
71.236	0.583247124841814
71.276	0.815767240582794
71.316	0.815736245395236
71.356	0.815711171622361
71.396	0.815691084929533
71.436	0.815675139310706
71.476	0.815662564897387
71.516	0.815652662150036
71.556	0.815644815160972
71.596	0.815638528628106
71.636	0.815633467993358
71.676	0.815629474303456
71.716	0.815626555065016
71.756	0.815624855172935
71.796	0.815624614519756
71.836	0.815626121390316
71.876	0.815629684274505
71.916	0.815635619374568
71.956	0.815644256177798
71.996	0.81565595029307
72.036	0.815671104398866
72.076	0.815690194278851
72.116	0.815713800325248
72.156	0.815742629637974
72.196	0.815777524500611
72.236	0.815819442407481
72.276	0.815869395090324
72.316	0.815928345756298
72.356	0.815997087166089
72.396	0.816076126378881
72.436	0.816165605966908
72.476	0.816265283962942
72.516	0.816374572114491
72.556	0.816492606707151
72.596	0.816618333880392
72.636	0.816750558491712
72.676	0.816887951350644
72.716	0.8170290275281
72.756	0.81717212022027
72.796	0.817315371519122
72.836	0.817456796046407
72.876	0.817594376287765
72.916	0.81772616895929
72.956	0.817850416020782
72.996	0.817965615043057
73.036	0.818070514072055
73.076	0.818164121256196
73.116	0.818245687969515
73.156	0.818314643154672
73.196	0.818370550704664
73.236	0.818413112584174
73.276	0.818442153112535
73.316	0.818457651580438
73.356	0.8184598026317
73.396	0.818449027771699
73.436	0.818425970180449
73.476	0.818391505513326
73.516	0.818346692475039
73.556	0.818292689390937
73.596	0.818230696401649
73.636	0.818161901466731
73.676	0.818087420838772
73.716	0.818008291667219
73.756	0.817925487640117
73.796	0.817839953444697
73.836	0.817752673731029
73.876	0.817664739204041
73.916	0.817577374277384
73.956	0.817491946308714
73.996	0.817409952511177
74.036	0.817332959435895
74.076	0.817262528927593
74.116	0.81720016031219
74.156	0.817147244565824
74.196	0.817105020772409
74.236	0.817074550674455
74.276	0.81705669926334
74.316	0.817052130046967
74.356	0.817061333553816
74.396	0.817084670145427
74.436	0.817122397764827
74.476	0.817174733552726
74.516	0.817241912056268
74.556	0.817324195733583
74.596	0.817421827451462
74.636	0.817534964612044
74.676	0.817663578783645
74.716	0.817807314825693
74.756	0.817965337868991
74.796	0.818136207496174
74.836	0.818317779119873
74.876	0.818507126336847
74.916	0.818700514126142
74.956	0.818893450723259
74.996	0.819080822296804
75.036	0.819257093835965
75.076	0.819416542064978
75.116	0.819553479303472
75.156	0.819662444919949
75.196	0.819738348349411
75.236	0.819776581745252
75.276	0.819773097382175
75.316	0.81972451284819
75.356	0.819628256853569
75.396	0.819482742152069
75.436	0.819287545587777
75.476	0.819043647289611
75.516	0.818753670052409
75.556	0.818422081542543
75.596	0.818055312645818
75.636	0.817661808856919
75.676	0.817251948903611
75.716	0.816837902206935
75.756	0.816433486082865
75.796	0.816054087944728
75.836	0.815716649668836
75.876	0.815439740668815
75.916	0.815243632671603
75.956	0.815150260964437
75.996	0.81518290778083
76.036	0.815365485698059
76.076	0.815721375882752
76.116	0.816271875366958
76.156	0.817034409420991
76.196	0.818020706706072
76.236	0.819235167713266
76.276	0.820673589994563
76.316	0.822322376255848
76.356	0.824158220461065
76.396	0.826148215726313
76.436	0.82825025694833
76.476	0.830413659515067
76.516	0.832579917769081
76.556	0.834683578958696
76.596	0.836653191450388
76.636	0.838412397100761
76.676	0.839881308795619
76.716	0.84097836508797
76.756	0.841622755294374
76.796	0.841737429665891
76.836	0.841252535520219
76.876	0.840108955871749
76.916	0.838261625605419
76.956	0.835682361685848
76.996	0.832361990375176
77.036	0.828311746506529
77.076	0.823564051180718
77.116	0.818172630919868
77.156	0.812211988455736
77.196	0.805776140020704
77.236	0.798976450537687
77.276	0.791938732806564
77.316	0.784799734071321
77.356	0.777703036786271
77.396	0.770794616375994
77.436	0.764218322495246
77.476	0.758111256401222
77.516	0.752599443927018
77.556	0.747793978754437
77.596	0.743787714697476
77.636	0.740652750636748
77.676	0.738438933911326
77.716	0.737173284973231
77.756	0.736860768515818
77.796	0.737485963697303
77.836	0.739015092122493
77.876	0.741398131989548
77.916	0.744571040628564
77.956	0.748457305221216
77.996	0.752969369681644
78.036	0.758010429056583
78.076	0.763476649945211
78.116	0.76925999479456
78.156	0.775251776805213
78.196	0.781346112059396
78.236	0.787443081685588
78.276	0.793451412651841
78.316	0.799290068112569
78.356	0.804888871232428
78.396	0.810188485063534
78.436	0.815139924570623
78.476	0.819703821398065
78.516	0.823849943978793
78.556	0.827557060762089
78.596	0.830812914337251
78.636	0.833614129209401
78.676	0.835965917796734
78.716	0.837881372517835
78.756	0.839380327593041
78.796	0.840487905550297
78.836	0.841232993844706
78.876	0.841646854197755
78.916	0.841761968762405
78.956	0.841611113554059
78.996	0.841226690151579
79.036	0.840640268516736
79.076	0.83988225503893
79.116	0.83898164327892
79.156	0.837965804826716
79.196	0.836860271201076
79.236	0.8356885602877
79.276	0.834472040223865
79.316	0.833229809336366
79.356	0.831978667243355
79.396	0.830733138638671
79.436	0.829505474355919
79.476	0.828305756655361
79.516	0.827142138796681
79.556	0.82602111348438
79.596	0.824947812619662
79.636	0.823926383356302
79.676	0.822960325305864
79.716	0.822052712618408
79.756	0.821206265375245
79.796	0.820423271140164
79.836	0.819705381483566
79.876	0.81905339653192
79.916	0.818467140773201
79.956	0.817945430077934
79.996	0.817486116539605
80.036	0.817086210458875
80.076	0.81674202304594
80.116	0.816449286189773
80.156	0.816203274717431
80.196	0.815998952210329
80.236	0.815831131916049
80.276	0.815694645630082
80.316	0.815584525244937
80.356	0.815496177270369
80.396	0.815425514113194
80.436	0.81536902109908
80.476	0.815323755525434
80.516	0.81528730874961
80.556	0.815257754022618
80.596	0.815233584631052
80.636	0.815213652859704
80.676	0.815197119281869
80.716	0.81518340223554
80.756	0.815172122744023
80.796	0.815163046503919
80.836	0.815156024191644
80.876	0.815150935849381
80.916	0.815147647504809
80.956	0.815145982762338
80.996	0.815145709145575
81.036	0.8151465389953
81.076	0.8151481383453
81.116	0.815150139288527
81.156	0.8151521598
81.196	0.815153831583139
81.236	0.815154834784714
81.276	0.815154940038319
81.316	0.815154054539455
81.356	0.815152266331047
81.396	0.815149884395844
81.436	0.81514746965528
81.476	0.815145850349232
81.516	0.8151461177873
81.556	0.815149601683338
81.596	0.815157827858663
81.636	0.815172466556483
81.676	0.815195278158704
81.716	0.815228060172082
81.756	0.815272593581476
81.796	0.815330585419751
81.836	0.815403609649699
81.876	0.815493060528702
81.916	0.815600126913573
81.956	0.815725792343308
81.996	0.815870859689817
82.036	0.81603597575684
82.076	0.816221618932509
82.116	0.816428032437507
82.156	0.816655106384594
82.196	0.816902212966177
82.236	0.817168049939035
82.276	0.817450534031458
82.316	0.817746762750794
82.356	0.818053027642556
82.396	0.818364930192296
82.436	0.818677565969757
82.476	0.818985733011708
82.516	0.819284148178134
82.556	0.819567695311143
82.596	0.819831592450917
82.636	0.82007150541714
82.676	0.820283627861293
82.716	0.820464750088512
82.756	0.820612269620291
82.796	0.820724226088679
82.836	0.82079930963733
82.876	0.820836846216118
82.916	0.820836736614403
82.956	0.820799387512785
82.996	0.820725633144868
83.036	0.82061667900097
83.076	0.820474049913535
83.116	0.820299563707088
83.156	0.820095289938756
83.196	0.819863468777307
83.236	0.81960644491128
83.276	0.819326659312871
83.316	0.819026681781345
83.356	0.818709327014581
83.396	0.818377848513045
83.436	0.818036072722187
83.476	0.817688452571254
83.516	0.81734003555669
83.556	0.816996361162488
83.596	0.816663306763111
83.636	0.816346968149254
83.676	0.816053594309501
83.716	0.815789598099137
83.756	0.815561594314254
83.796	0.815376411539667
83.836	0.815241063436453
83.876	0.815162711462413
83.916	0.815148618163526
83.956	0.815206086834429
83.996	0.815342363562003
84.036	0.815564475452213
84.076	0.815879001145753
84.116	0.816291808711632
84.156	0.816807844679083
84.196	0.817431070840179
84.236	0.818164556348314
84.276	0.819010656372178
84.316	0.819971182445265
84.356	0.821047455772593
84.396	0.822240067178164
84.436	0.823548319002377
84.476	0.824969490582696
84.516	0.826498150368259
84.556	0.828125656202452
84.596	0.829840027228151
84.636	0.831626248244326
84.676	0.833467004902893
84.716	0.835343690951397
84.756	0.83723757220708
84.796	0.839130843493272
84.836	0.841007409047656
84.876	0.842853298146885
84.916	0.844656787968994
84.956	0.846408149433323
84.996	0.848099238955506
85.036	0.849723250835389
85.076	0.851274693183647
85.116	0.852749404358015
85.156	0.854144815164624
85.196	0.855460282382815
85.236	0.856697236829596
85.276	0.857859111192319
85.316	0.858951116860617
85.356	0.859979620321205
85.396	0.860951393267037
85.436	0.861872964762675
85.476	0.862750079098738
85.516	0.863587289194491
85.556	0.864387792400812
85.596	0.865153347337049
85.636	0.86588425518206
85.676	0.866579502357361
85.716	0.867236981661215
85.756	0.867853824620816
85.796	0.86842697777606
85.836	0.868953827937666
85.876	0.869432819291099
85.916	0.869863989412941
85.956	0.870249151825767
85.996	0.870591681693945
86.036	0.870896074336436
86.076	0.871167209117964
86.116	0.871409514422247
86.156	0.87162647228336
86.196	0.871820393236995
86.236	0.871992349859518
86.276	0.872142317216991
86.316	0.872269367562915
86.356	0.872371747652259
86.396	0.872446971815044
86.436	0.872491949842335
86.476	0.872503093632965
86.516	0.872476524815831
86.556	0.872408474886221
86.596	0.872295662676571
86.636	0.87213562604564
86.676	0.87192689949773
86.716	0.871669000733796
86.756	0.87136220336415
86.796	0.871007363837201
86.836	0.870605774110636
86.876	0.870159125439095
86.916	0.869669574881819
86.956	0.869139957917049
86.996	0.868573915814956
87.036	0.867975926665501
87.076	0.867351092064375
87.116	0.866704687314019
87.156	0.866041566667384
87.196	0.865365649452166
87.236	0.86467951212601
87.276	0.863984308758482
87.316	0.86328005039487
87.356	0.862566035638061
87.396	0.861841287192782
87.436	0.861104925361865
87.476	0.86035632582189
87.516	0.85959512379943
87.556	0.858821094244682
87.596	0.85803397022709
87.636	0.857233316027042
87.676	0.856418681029673
87.716	0.855589770310353
87.756	0.8547465099522
87.796	0.853889030102529
87.836	0.853017520893992
87.876	0.852132045267659
87.916	0.851232390502837
87.956	0.850317980033118
87.996	0.849387833973189
88.036	0.848440631847474
88.076	0.847474825585728
88.116	0.846488665434741
88.156	0.845480208154235
88.196	0.844447407513478
88.236	0.843388340469922
88.276	0.842301571598391
88.316	0.841186569874274
88.356	0.840044098272621
88.396	0.838876479245052
88.436	0.837687713105133
88.476	0.83648320152782
88.516	0.835269216065591
88.556	0.834052327296995
88.596	0.832838855946356
88.636	0.831634413555882
88.676	0.83044371552004
88.716	0.82927070618711
88.756	0.828118830904437
88.796	0.82699141242059
88.836	0.825892025468782
88.876	0.824824659888328
88.916	0.823793723847878
88.956	0.822803959329015
88.996	0.821860243032908
89.036	0.820967310160945
89.076	0.82012956080542
89.116	0.819350961330507
89.156	0.818634945547309
89.196	0.817984297623688
89.236	0.817401047480111
89.276	0.816886410446834
89.316	0.816440771550212
89.356	0.81606374706616
89.396	0.815754302644102
89.436	0.815510850948577
89.476	0.815331335840263
89.516	0.815213324815481
89.556	0.815154137164747
89.596	0.815151041090864
89.636	0.815201542943818
89.676	0.815303706575186
89.716	0.815456428739388
89.756	0.815659607911918
89.796	0.815914132651891
89.836	0.816221678597607
89.876	0.816584391641577
89.916	0.817004518537807
89.956	0.817484027231053
89.996	0.818024274370082
90.036	0.818625698967885
90.076	0.819287518571251
90.116	0.820007441656053
90.156	0.82078145026103
90.196	0.821603709017062
90.236	0.822466669362122
90.276	0.823361397099468
90.316	0.824278029764393
90.356	0.825049053900919
90.396	0.825786740689558
90.436	0.826475523764394
90.476	0.827105300545263
90.516	0.827670627444142
90.556	0.828169666776482
90.596	0.82860313425325
90.636	0.828973390151312
90.676	0.829283729195332
90.716	0.82953786942938
90.756	0.829739609742369
90.796	0.829892617348925
90.836	0.83000031097496
90.876	0.830065808019079
90.916	0.830091908229299
90.956	0.830081100350178
90.996	0.830035582218763
91.036	0.829957286432723
91.076	0.829847908643693
91.116	0.829708938486043
91.156	0.829541689896423
91.196	0.82934733033084
91.236	0.829126909245481
91.276	0.828881383469202
91.316	0.828611638044642
91.356	0.828318506221159
91.396	0.828002788575681
91.436	0.827665270907481
91.476	0.827306742032512
91.516	0.826928012763425
91.556	0.826529933595545
91.596	0.826113410897968
91.636	0.825679422499228
91.676	0.825229032873828
91.716	0.824763406778878
91.756	0.824283823238183
91.796	0.823791690188493
91.836	0.823288559625233
91.876	0.822776143579141
91.916	0.82225633047883
91.956	0.821731200006674
91.996	0.821203036695529
92.036	0.820674342125294
92.076	0.820147844867769
92.116	0.819626509484657
92.156	0.819113545701278
92.196	0.818612417939029
92.236	0.818126854490096
92.276	0.817660856228947
92.316	0.817218704433991
92.356	0.816804967190812
92.396	0.81642450430784
92.436	0.816082470436065
92.476	0.815784317173062
92.516	0.815535794267866
92.556	0.815342949119575
92.596	0.815212123460292
92.636	0.815149946132657
92.676	0.815163321069157
92.716	0.815259410649112
92.756	0.815445615160975
92.796	0.815729549206345
92.836	0.816119015575318
92.876	0.816621976109225
92.916	0.817246518746963
92.956	0.818000820002176
92.996	0.818893102465786
93.036	0.819931587493805
93.076	0.821124444149369
93.116	0.822479734787187
93.156	0.824005357258123
93.196	0.825708983102253
93.236	0.827597989924307
93.276	0.829679386300192
93.316	0.831959728977147
93.356	0.834445031516672
93.396	0.837140665073839
93.436	0.840051251952012
93.476	0.843180552495447
93.516	0.846531345889936
93.556	0.850105305776346
93.596	0.853902869720862
93.636	0.857923100898638
93.676	0.862163541346085
93.716	0.866620055595426
93.756	0.871286663916983
93.796	0.87615536443078
93.836	0.881215944709759
93.876	0.886455783140555
93.916	0.8918596390236
93.956	0.897409429713228
93.996	0.903083994215812
94.036	0.908858843454688
94.076	0.914705897127511
94.116	0.920593208020129
94.156	0.926484674258198
94.196	0.932339734858523
94.236	0.938113046440144
94.276	0.94375413789745
94.316	0.949207043761213
94.356	0.954409917458925
94.396	0.959294637415759
94.436	0.96378641518897
94.476	0.967803410551618
94.516	0.97125635779441
94.556	0.974048205379809
94.596	0.976073759628044
94.636	0.97721932298905
94.676	0.977362323510228
94.716	0.976370930036616
94.756	0.974103651078515
94.796	0.970408918850673
94.836	0.965124654332705
94.876	0.958077807002731
94.916	0.949083861282141
94.956	0.937946301459
94.996	0.924456036554666
95.036	0.908390794686717
