0.036	0.03991523610439
0.076	0.0392312196847984
0.116	0.0385491323861702
0.156	0.0378692596376125
0.196	0.0371918969909197
0.236	0.0365173499159086
0.276	0.035845933220048
0.316	0.0351779697185526
0.356	0.0345137874108046
0.396	0.0338537176838072
0.436	0.0331980941691867
0.476	0.0325472528375919
0.516	0.031901533224846
0.556	0.0312612800522309
0.596	0.0306268451336491
0.636	0.0299985898281454
0.676	0.0293768877954266
0.716	0.0287621273676333
0.756	0.0281547130148772
0.796	0.0275550655063741
0.836	0.0269636208465078
0.876	0.0263808285104341
0.916	0.0258071483341196
0.956	0.0252430470319736
0.996	0.0246889954908633
1.036	0.0241454667524232
1.076	0.0236129337409423
1.116	0.0230918670745845
1.156	0.0225827330543469
1.196	0.0220859914666702
1.236	0.0216020939065507
1.276	0.0211314832600804
1.316	0.0206745941963407
1.356	0.0202318547704285
1.396	0.0198036888420798
1.436	0.0193905180939327
1.476	0.0189927624060875
1.516	0.0186108384756354
1.556	0.0182451572164357
1.596	0.017896120383817
1.636	0.0175641170938183
1.676	0.0172495213728103
1.716	0.0169526912561997
1.756	0.0166739683049508
1.796	0.0164136773098011
1.836	0.0161721265614512
1.876	0.0159496075588059
1.916	0.0157463938329929
1.956	0.0155627398616147
1.996	0.0153988803918059
2.036	0.0152550293921312
2.076	0.0151313796834707
2.116	0.0150281029247692
2.156	0.0149453488687357
2.196	0.0148832439376738
2.236	0.0148418898815388
2.276	0.0148213619831976
2.316	0.0148217072390739
2.356	0.0148429431587065
2.396	0.0148850571850572
2.436	0.0149480062995293
2.476	0.0150317176170143
2.516	0.0151360898017563
2.556	0.015260994601908
2.596	0.0154062781255861
2.636	0.0155717618933116
2.676	0.0157572433871964
2.716	0.0159624959969706
2.756	0.0161872693320451
2.796	0.0164312898555172
2.836	0.0166942619931474
2.876	0.0169758693014783
2.916	0.0172757756303179
2.956	0.0175936255576881
2.996	0.0179290443749149
3.036	0.0182816371161421
3.076	0.0186509869613474
3.116	0.0190366540924467
3.156	0.0194381756337441
3.196	0.0198550658954053
3.236	0.0202868177558306
3.276	0.0207329049003109
3.316	0.0211927838736035
3.356	0.0216658955662767
3.396	0.0221516660595826
3.436	0.0226495058671174
3.476	0.0231588081217886
3.516	0.0236789469861529
3.556	0.0242092760522317
3.596	0.0247491278171141
3.636	0.0252978148903393
3.676	0.0258546327860367
3.716	0.0264188625734505
3.756	0.0269897731121818
3.796	0.027566622922266
3.836	0.028148661434992
3.876	0.0287351294805083
3.916	0.0293252605008529
3.956	0.0299182827851006
3.996	0.0305134230027679
4.036	0.0311099104298505
4.076	0.0317069817352023
4.116	0.0323038845175967
4.156	0.0328998793536348
4.196	0.0334942408277792
4.236	0.0340862591963829
4.276	0.034675243937758
4.316	0.0352605322022201
4.356	0.0358415056666415
4.396	0.0364176194141583
4.436	0.0369884464389392
4.476	0.0375537402212656
4.516	0.0381135180481111
4.556	0.0386681691010216
4.596	0.0392185880960882
4.636	0.0397663341202197
4.676	0.0403138097907965
4.716	0.0408644464286674
4.756	0.0414228748659893
4.796	0.0422123036718185
4.836	0.0430026987922334
4.876	0.0437945269821407
4.916	0.0445884786930781
4.956	0.0453854132692042
4.996	0.0461862726231228
5.036	0.0469919848984359
5.076	0.047803370688432
5.116	0.0486210421220994
5.156	0.0494453270225295
5.196	0.0502762243401271
5.236	0.0511134159331066
5.276	0.0519563069585525
5.316	0.052804065383226
5.356	0.0536556876138405
5.396	0.054510086771816
5.436	0.055366184835429
5.476	0.0562230045250223
5.516	0.0570797499101401
5.556	0.0579358321534729
5.596	0.058790855840388
5.636	0.0596445856885959
5.676	0.0604968707546449
5.716	0.0613475663978917
5.756	0.0621965153665496
5.796	0.0630435694751688
5.836	0.0638886147141209
5.876	0.064731609210912
5.916	0.0655726057348707
5.956	0.0664117246129221
5.996	0.0672490979831579
6.036	0.0680848057235668
6.076	0.0689188126404465
6.116	0.0697509373355567
6.156	0.0705808654369591
6.196	0.0714081852136266
6.236	0.072232417597629
6.276	0.0730530282253445
6.316	0.0738694260677084
6.356	0.0746809524053935
6.396	0.07548686813844
6.436	0.0762863572473167
6.476	0.0770785618199854
6.516	0.077862617415648
6.556	0.0786376740214889
6.596	0.0794029221632035
6.636	0.0801576066759706
6.676	0.0809010173658953
6.716	0.0816324931213908
6.756	0.0823514492282582
6.796	0.0830573967787087
6.836	0.0837499761454206
6.876	0.0844289985826174
6.916	0.0850944544449606
6.956	0.0857464746644068
6.996	0.0863852629662398
7.036	0.0870110012680252
7.076	0.087623739997519
7.116	0.0882233122702791
7.156	0.0888092910591487
7.196	0.0893809736971649
7.236	0.0899374013572638
7.276	0.0904774041671574
7.316	0.0909996421038555
7.356	0.0915026332967797
7.396	0.0919847619065335
7.436	0.0924442717000273
7.476	0.0928792634391948
7.516	0.093287730089064
7.556	0.0936676238355778
7.596	0.0940169549763725
7.636	0.0943338945041914
7.676	0.0946168694116425
7.716	0.0948646298543396
7.756	0.0950762941478933
7.796	0.095251363061112
7.836	0.0953897168034983
7.876	0.0954916086083211
7.916	0.0955576558712581
7.956	0.0955888129622808
7.996	0.0955863253292444
8.036	0.0955516695515533
8.076	0.0954864883168094
8.116	0.0953925167156315
8.156	0.0952715109273408
8.196	0.0951251952722236
8.236	0.0949552366706614
8.276	0.094763225166683
8.316	0.0945506602038195
8.356	0.094318940790953
8.396	0.0940693602254337
8.436	0.0938031086809934
8.476	0.0935212868661486
8.516	0.0932249223882957
8.556	0.0929149918904129
8.596	0.0925924536307319
8.636	0.0922582860543306
8.676	0.0919135182823743
8.716	0.0915592499388724
8.756	0.0911966667694832
8.796	0.0908270552426584
8.836	0.0904517953990789
8.876	0.0900723413586304
8.916	0.0896902008445251
8.956	0.0893069033269027
8.996	0.0889239529415571
9.036	0.0885427827528931
9.076	0.0881647035441793
9.116	0.0877908497297719
9.156	0.0874221498551551
9.196	0.0870593267448951
9.236	0.0867029163784752
9.276	0.0863533120819424
9.316	0.0860108421403885
9.356	0.0856758450912869
9.396	0.0853487289382917
9.436	0.0850300180739216
9.476	0.0847203670067538
9.516	0.0844205385998853
9.556	0.0841313669309534
9.596	0.0838537270310882
9.636	0.0835884904851332
9.676	0.0833364860996904
9.716	0.0830984827156067
9.756	0.0828751907532039
9.796	0.0826672690491703
9.836	0.0824753376611183
9.876	0.0822999833051492
9.916	0.082141745902967
9.956	0.0820011048318561
9.996	0.0818784675815545
10.036	0.0817741522613646
10.076	0.0816883941400013
10.116	0.0816213791908167
10.156	0.0815732742423227
10.196	0.0815442499771235
10.236	0.081534501353512
10.276	0.0815442580865318
10.316	0.0815737787987372
10.356	0.0816233514569857
10.396	0.0816932780785846
10.436	0.0817838656692986
10.476	0.0818954262854374
10.516	0.0820282848975831
10.556	0.0821827795796066
10.596	0.0823592840636325
10.636	0.0825582428236808
10.676	0.0827801919615707
10.716	0.0830257725258319
10.756	0.083295729653476
10.796	0.0835908785378381
10.836	0.0839120459201519
10.876	0.0842600100429616
10.916	0.0846354395378865
10.956	0.0850388517719631
10.996	0.0854705873363661
11.036	0.0859308097154452
11.076	0.0864195248263124
11.116	0.0869366157209219
11.156	0.0874818713845551
11.196	0.0880550332562757
11.236	0.0886558333569747
11.276	0.0892840290420098
11.316	0.089939428218222
11.356	0.0906219168533395
11.396	0.0913314688493942
11.436	0.0920681626650941
11.476	0.0928322061610443
11.516	0.0936239510573182
11.556	0.094443876669934
11.596	0.0952925682165189
11.636	0.0961706833379532
11.676	0.0970788945330971
11.716	0.0980178170745587
11.756	0.0989879417984829
11.796	0.0999895618940014
11.836	0.101022703350446
11.876	0.102087089620018
11.916	0.103182137863496
11.956	0.104306968585282
11.996	0.105460465102683
12.036	0.106641375306332
12.076	0.107848398589222
12.116	0.109080261989658
12.156	0.110335803772601
12.196	0.111614035699067
12.236	0.112914180769494
12.276	0.114235689660082
12.316	0.115578223920015
12.356	0.116941589875167
12.396	0.118325637835938
12.436	0.119730132351854
12.476	0.121154609880707
12.516	0.122598281631231
12.556	0.124059999813517
12.596	0.125538265595922
12.636	0.127031265807443
12.676	0.128536933464912
12.716	0.130053012140999
12.756	0.131577092851091
12.796	0.133106618905603
12.836	0.134638864176774
12.876	0.136170910226338
12.916	0.137699619920009
12.956	0.139221621627544
12.996	0.140733307216176
13.036	0.142230861265717
13.076	0.143710325517223
13.116	0.145167679387183
13.156	0.146598926341434
13.196	0.148000180445911
13.236	0.149367738898222
13.276	0.15069815060687
13.316	0.15198825448094
13.356	0.153235212400012
13.396	0.154436541391699
13.436	0.155590133007091
13.476	0.156694247214541
13.516	0.15774751662081
13.556	0.158748957259783
13.596	0.159697977132404
13.636	0.16059439473866
13.676	0.161438478321615
13.716	0.162230971467578
13.756	0.162973099921216
13.796	0.163666554316321
13.836	0.164313433278918
13.876	0.164916169820484
13.916	0.165477477422532
13.956	0.166000298784415
13.996	0.166487732932857
14.036	0.166942962589146
14.076	0.167369168197383
14.116	0.167769400636142
14.156	0.168146421384226
14.196	0.168502565163293
14.236	0.168839639852203
14.276	0.169158887908588
14.316	0.169461040375121
14.356	0.16974646656207
14.396	0.170015383674568
14.436	0.170268066142376
14.476	0.170504989600656
14.516	0.170726878002831
14.556	0.170934665305942
14.596	0.171129408804446
14.636	0.171312183522844
14.676	0.171483971475898
14.716	0.171645597157867
14.756	0.171797745589344
14.796	0.171941018409053
14.836	0.172075979408331
14.876	0.17220320534537
14.916	0.172323333637389
14.956	0.172437098061196
14.996	0.172545372588522
15.036	0.172649243304748
15.076	0.172750048188044
15.116	0.172849390496384
15.156	0.172949118629306
15.196	0.17305122726868
15.236	0.173157708682802
15.276	0.17327044024904
15.316	0.173391107406418
15.356	0.173521168837632
15.396	0.173661921448878
15.436	0.173814625369364
15.476	0.173980617383099
15.516	0.174161409832121
15.556	0.174358737457045
15.596	0.174574519648751
15.636	0.174810754068692
15.676	0.17506938900378
15.716	0.17535218160431
15.756	0.17566056597308
15.796	0.17599555371133
15.836	0.176357677295996
15.876	0.176746968578782
15.916	0.177162959574454
15.956	0.17760469443339
15.996	0.178070755193599
16.036	0.178559305444531
16.076	0.179068138962804
16.116	0.1795947395298
16.156	0.180136343977369
16.196	0.180689995466071
16.236	0.181252596334054
16.276	0.181820970438616
16.316	0.182391926256559
16.356	0.18296234450166
16.396	0.183529286098024
16.436	0.184090121370363
16.476	0.184642644066741
16.516	0.185185135919936
16.556	0.185716365833257
16.596	0.186235546254674
16.636	0.186742271339408
16.676	0.187236476503805
16.716	0.187718428147114
16.756	0.188188744543523
16.796	0.188648399266344
16.836	0.189098695023133
16.876	0.189541189603577
16.916	0.189977565580356
16.956	0.190409464541129
16.996	0.190838340958382
17.036	0.191265357684457
17.076	0.191691326674504
17.116	0.192116696026477
17.156	0.192541563181773
17.196	0.192965698731459
17.236	0.193388572368657
17.276	0.193809381647262
17.316	0.194227099324112
17.356	0.19464054579215
17.396	0.195048469499219
17.436	0.195449627103382
17.476	0.195842865500686
17.516	0.196227172762884
17.556	0.19660169291875
17.596	0.19696572870562
17.636	0.197318717857441
17.676	0.197660186010913
17.716	0.197989712770211
17.756	0.198306916720255
17.796	0.198611443160121
17.836	0.198902969015761
17.876	0.19918121777054
17.916	0.199445965015921
17.956	0.199697029337503
17.996	0.199934258273799
18.036	0.200157511786176
18.076	0.200366650353337
18.116	0.200561537672203
18.156	0.200742064579162
18.196	0.200908178160378
18.236	0.201059898802273
18.276	0.201197322984391
18.316	0.201320617639083
18.356	0.201429988794241
18.396	0.20152564842591
18.436	0.201607792005514
18.476	0.201676587248591
18.516	0.201732166458945
18.556	0.201774641291101
18.596	0.201804111202388
18.636	0.201820659631983
18.676	0.201824343412393
18.716	0.201815175701433
18.756	0.201793091569846
18.796	0.201757919278463
18.836	0.201709365254614
18.876	0.201647010563117
18.916	0.201570315113226
18.956	0.201478637281997
18.996	0.201371253046875
19.036	0.201247375361617
19.076	0.20110617563657
19.116	0.200946809335313
19.156	0.200768437561851
19.196	0.200570249484715
19.236	0.20035149048569
19.276	0.200111492366189
19.316	0.199849704183253
19.356	0.199565722529242
19.396	0.199259319758524
19.436	0.198930457700416
19.476	0.198579290246594
19.516	0.198206154628454
19.556	0.197811547795186
19.596	0.197396104091111
19.636	0.196960578566435
19.676	0.196505826134191
19.716	0.196032785919466
19.756	0.195542479882518
19.796	0.195035998836285
19.836	0.194514476987794
19.876	0.193979076615068
19.916	0.193430976347318
19.956	0.192871368220341
19.996	0.192301483089557
20.036	0.191722627825857
20.076	0.191136225507715
20.116	0.190543860037315
20.156	0.189947329822433
20.196	0.18934868877509
20.236	0.188750272558461
20.276	0.188154682451525
20.316	0.18756472909612
20.356	0.186983332167389
20.396	0.186413395527889
20.436	0.185857691203435
20.476	0.185318784411886
20.516	0.184798973453737
20.556	0.184300263873889
20.596	0.183824381436392
20.636	0.18337277987044
20.676	0.182946621302297
20.716	0.182546777684018
20.756	0.182173818517762
20.796	0.181827976214969
20.836	0.181509130354718
20.876	0.181216817545114
20.916	0.180950247159143
20.956	0.18070836103299
20.996	0.180489956251308
21.036	0.180293832083993
21.076	0.180118941797402
21.116	0.179964557832519
21.156	0.179830400511135
21.196	0.179716686132724
21.236	0.17962410637793
21.276	0.179553729796663
21.316	0.17950683007892
21.356	0.179484683242653
21.396	0.179488374439681
21.436	0.179518620206706
21.476	0.179575642257752
21.516	0.179659125842476
21.556	0.179768250270937
21.596	0.179901769035077
21.636	0.180058136151387
21.676	0.18023563659835
21.716	0.180432502342483
21.756	0.18064699515191
21.796	0.18087746820533
21.836	0.18112240126437
21.876	0.181380418204593
21.916	0.181650280386763
21.956	0.181930870978042
21.996	0.182221165441349
22.036	0.182520201309509
22.076	0.182827055013626
22.116	0.183140832872334
22.156	0.183460654228491
22.196	0.183785658985824
22.236	0.184115046022092
22.276	0.184448130252316
22.316	0.184784391856268
22.356	0.185123521854934
22.396	0.185465450039467
22.436	0.185810332830521
22.476	0.186158511021556
22.516	0.186510452478674
22.556	0.18686669658977
22.596	0.18722781537357
22.636	0.18759440090848
22.676	0.18796707792811
22.716	0.188346520912503
22.756	0.188733461990032
22.796	0.189128666345126
22.836	0.189532857426651
22.876	0.189946624864439
22.916	0.190370334529852
22.956	0.190804044579362
22.996	0.191247464710641
23.036	0.191699982726024
23.076	0.192160729862432
23.116	0.19262865759559
23.156	0.193102614567557
23.196	0.19358138252344
23.236	0.194063671812681
23.276	0.194548090925472
23.316	0.195033104485993
23.356	0.195516994929799
23.396	0.195997879424136
23.436	0.196473769663743
23.476	0.196942658890356
23.516	0.197402615115975
23.556	0.19785187740566
23.596	0.198288915610802
23.636	0.198712449607053
23.676	0.199121424430166
23.716	0.199514970819776
23.756	0.283897445114917
23.796	0.27645169283528
23.836	0.269638534575051
23.876	0.263438607865055
23.916	0.257830302068896
23.956	0.252789054825143
23.996	0.248286968235107
24.036	0.244292996492504
24.076	0.240773539596148
24.116	0.237693364644429
24.156	0.235016802422933
24.196	0.232708915772264
24.236	0.230736417883918
24.276	0.229068390781094
24.316	0.22767672884288
24.356	0.226536318604985
24.396	0.225625007987901
24.436	0.224923371991963
24.476	0.224414255454349
24.516	0.224082247513934
24.556	0.223913180315094
24.596	0.223893768476728
24.636	0.224011468222443
24.676	0.224254573711505
24.716	0.224612470516831
24.756	0.225075931467245
24.796	0.225637339603736
24.836	0.226290726900288
24.876	0.22703158589934
24.916	0.227856482298876
24.956	0.228762540876914
24.996	0.229746911359825
25.036	0.230806372545658
25.076	0.231937155010883
25.116	0.233134999952881
25.156	0.234395449744397
25.196	0.235714306785439
25.236	0.237088084870948
25.276	0.238514357486338
25.316	0.23999200609228
25.356	0.241521299873739
25.396	0.243103813038715
25.436	0.244742139656182
25.476	0.246439485537621
25.516	0.248199243734007
25.556	0.250024693911428
25.596	0.251918892531421
25.636	0.253884778340534
25.676	0.255925367687951
25.716	0.25804395355749
25.756	0.260244121802998
25.796	0.26252943279701
25.836	0.264902792658859
25.876	0.267365760151506
25.916	0.269917810888501
25.956	0.272555866649554
25.996	0.275274275000584
26.036	0.278065136993746
26.076	0.280918741633968
26.116	0.283824165562464
26.156	0.286769843525462
26.196	0.289744031082364
26.236	0.292735282586136
26.276	0.29573295316527
26.316	0.298727492390526
26.356	0.301710707314442
26.396	0.304675866195566
26.436	0.307617638903821
26.476	0.310531935238714
26.516	0.313415734149885
26.556	0.316266800856965
26.596	0.319083499604631
26.636	0.321864657988726
26.676	0.32460943199726
26.716	0.327317208541672
26.756	0.329987609775117
26.796	0.332620402394014
26.836	0.335215419530641
26.876	0.337772476599412
26.916	0.340291240177748
26.956	0.34277099348742
26.996	0.345210520748651
27.036	0.34760801844709
27.076	0.34996100020885
27.116	0.352266297386223
27.156	0.354520186084983
27.196	0.356718564278481
27.236	0.358857198369833
27.276	0.360932028010893
27.316	0.36293942928728
27.356	0.364876378327381
27.396	0.366740599356262
27.436	0.368530663064803
27.476	0.37024601707958
27.516	0.371886947014673
27.556	0.373454478591839
27.596	0.374950214287992
27.636	0.376376112929165
27.676	0.377734290161925
27.716	0.379026851805747
27.756	0.380255771082147
27.796	0.381422815106589
27.836	0.38252955652456
27.876	0.383577425375506
27.916	0.384567798792659
27.956	0.385502068257438
27.996	0.386381662382291
28.036	0.387208026492544
28.076	0.387982624679125
28.116	0.388706913438682
28.156	0.389382316731599
28.196	0.390010225879223
28.236	0.390592026798686
28.276	0.391129102976947
28.316	0.39162282283155
28.356	0.392074509771874
28.396	0.392485402797092
28.436	0.392856609679939
28.476	0.393189072620544
28.516	0.393483563125983
28.556	0.393740721169479
28.596	0.393961130714843
28.636	0.394145381859516
28.676	0.394294084580679
28.716	0.394407821289633
28.756	0.394487052899194
28.796	0.394531997101467
28.836	0.394542524488998
28.876	0.394518106754504
28.916	0.394457836571519
28.956	0.394360516693951
28.996	0.394224795314358
29.036	0.39404931209333
29.076	0.393832817281464
29.116	0.393574237593157
29.156	0.393272684232898
29.196	0.392927436513446
29.236	0.392537927996955
29.276	0.392103757267932
29.316	0.391624727832777
29.356	0.391100915451489
29.396	0.390532747230964
29.436	0.389921076529163
29.476	0.38926726216755
29.516	0.388573256043628
29.556	0.387841712213003
29.596	0.38707609426433
29.636	0.386280763516652
29.676	0.385460960841328
29.716	0.384622635454207
29.756	0.383772142371299
29.796	0.382915878810991
29.836	0.382059923458428
29.876	0.381209784712837
29.916	0.38037026757388
29.956	0.379545414802806
29.996	0.378738495189054
30.036	0.377952021408191
30.076	0.377187755217847
30.116	0.376446720540798
30.156	0.375729222213295
30.196	0.375034898850345
30.236	0.374362817785141
30.276	0.373711605657036
30.316	0.373079612215179
30.356	0.372465084434907
30.396	0.371866347407149
30.436	0.371281937030062
30.476	0.37071065975374
30.516	0.370151564244907
30.556	0.369603883262016
30.596	0.369066950051774
30.636	0.368540084816004
30.676	0.368022491005604
30.716	0.367513244761312
30.756	0.367011292612688
30.796	0.366515456215666
30.836	0.366024441422041
30.876	0.365536849103364
30.916	0.365051198022002
30.956	0.364566058360424
30.996	0.36408018115776
31.036	0.363592641903551
31.076	0.363102972411752
31.116	0.362611139576757
31.156	0.362117320472635
31.196	0.361621591898029
31.236	0.361123560380975
31.276	0.360622061629101
31.316	0.360115062419709
31.356	0.359599773977379
31.396	0.359072947676168
31.436	0.358531339389401
31.476	0.35797213201181
31.516	0.357393159829144
31.556	0.35679298896207
31.596	0.356170870283449
31.636	0.355526572285044
31.676	0.354860257055179
31.716	0.354172475915902
31.756	0.353464163117451
31.796	0.352736614432388
31.836	0.351991505263641
31.876	0.351230881529546
31.916	0.350457114450137
31.956	0.349672879637865
31.996	0.348881180635317
32.036	0.348085343450066
32.076	0.347289035849599
32.116	0.34649627477188
32.156	0.34571136721911
32.196	0.344938780171788
32.236	0.344183018382637
32.276	0.343448520754237
32.316	0.342739611681054
32.356	0.342060499647005
32.396	0.341415254250705
32.436	0.340807712698506
32.476	0.340241322354586
32.516	0.339718907413726
32.556	0.339242435910592
32.596	0.338812852624642
32.636	0.338430002461564
32.676	0.338092675245889
32.716	0.33779880645011
32.756	0.337545746532442
32.796	0.337330526188225
32.836	0.337150087124201
32.876	0.337001432878196
32.916	0.336881675148788
32.956	0.336788021116945
32.996	0.336717740117592
33.036	0.336668133111516
33.076	0.336636534906347
33.116	0.336620371391064
33.156	0.336617251716916
33.196	0.336625071799745
33.236	0.336642103193981
33.276	0.33666704323673
33.316	0.336699019830803
33.356	0.336737558822051
33.396	0.336782519075996
33.436	0.336834001642046
33.476	0.336892245676381
33.516	0.33695751513892
33.556	0.337029985533036
33.596	0.337109652482241
33.636	0.337196273412474
33.676	0.337289359262058
33.716	0.337388218883234
33.756	0.337492045681529
33.796	0.337599986597297
33.836	0.337711167677071
33.876	0.337824645493811
33.916	0.337939289417363
33.956	0.338053615749914
33.996	0.338165646770676
34.036	0.338272822800491
34.076	0.338372014935658
34.116	0.338459654995631
34.156	0.338531976206241
34.196	0.338585331453714
34.236	0.338616543999478
34.276	0.338623237215643
34.316	0.338604085579163
34.356	0.338558943677299
34.396	0.338488852955152
34.436	0.338395901390641
34.476	0.33828296731258
34.516	0.338153441502755
34.556	0.338010975177667
34.596	0.337859284938304
34.636	0.337702052200939
34.676	0.337542920763326
34.716	0.337385535122621
34.756	0.337233558929029
34.796	0.337090667507027
34.836	0.336960506308742
34.876	0.336846619303969
34.916	0.336752369498527
34.956	0.336680865530752
34.996	0.336634922531402
35.036	0.336617077707842
35.076	0.336629636676435
35.116	0.336674725403782
35.156	0.336754328704728
35.196	0.336870296538791
35.236	0.337024314416112
35.276	0.337217847729107
35.316	0.337452077317494
35.356	0.337727850923102
35.396	0.33804564779598
35.436	0.338405565016501
35.476	0.338807336690252
35.516	0.339250376164046
35.556	0.339733797471808
35.596	0.34025641873518
35.636	0.340816742720335
35.676	0.341412910252757
35.716	0.342042611739771
35.756	0.342702966546995
35.796	0.343390439618588
35.836	0.344100847732761
35.876	0.344829440672356
35.916	0.34557107255182
35.956	0.346320400670038
35.996	0.347072051416717
36.036	0.347820751238714
36.076	0.348561450373154
36.116	0.349289407023889
36.156	0.350000281960774
36.196	0.350690295504819
36.236	0.351356347072169
36.276	0.351996039264804
36.316	0.352607691502953
36.356	0.353190311476965
36.396	0.353743507405625
36.436	0.354267375044174
36.476	0.354762436505325
36.516	0.355229608444233
36.556	0.355670237524237
36.596	0.356086185809318
36.636	0.356479914492184
36.676	0.356854551386959
36.716	0.357213913328223
36.756	0.357562429788914
36.796	0.357904983788785
36.836	0.35824677665255
36.876	0.358593202920702
36.916	0.358949727549543
36.956	0.359321760148077
36.996	0.359714445373129
37.036	0.360132344629847
37.076	0.360579109374839
37.116	0.361057139327158
37.156	0.361567368853457
37.196	0.36210931452456
37.236	0.362681421298248
37.276	0.363281531256462
37.316	0.363907416561915
37.356	0.364557178291534
37.396	0.365229368595237
37.436	0.365922832605747
37.476	0.366636386683012
37.516	0.367368451540415
37.556	0.368116798608526
37.596	0.368878461739541
37.636	0.369649863507902
37.676	0.370427106739726
37.716	0.371206320318151
37.756	0.371983951554967
37.796	0.372756965041617
37.836	0.373522908176483
37.876	0.374279860928937
37.916	0.375026355470936
37.956	0.375761232385912
37.996	0.376483523872366
38.036	0.377192405883534
38.076	0.37788720959702
38.116	0.378567416193391
38.156	0.379232683759938
38.196	0.379882847588078
38.236	0.380517884017308
38.276	0.381137841782902
38.316	0.38174280508315
38.356	0.382332834866929
38.396	0.382907991254569
38.436	0.383468399028743
38.476	0.384014339058695
38.516	0.384546289440323
38.556	0.385064920041941
38.596	0.385570979849717
38.636	0.386065115850897
38.676	0.386547667287914
38.716	0.38701852913141
38.756	0.387477108486337
38.796	0.387922418147127
38.836	0.388353216219684
38.876	0.388768149088492
38.916	0.389165868836017
38.956	0.389545147496165
38.996	0.38990494834502
39.036	0.39024448291525
39.076	0.390563263091963
39.116	0.39086113283588
39.156	0.39113828130553
39.196	0.391395229217551
39.236	0.391632767148394
39.276	0.391851860825
39.316	0.392053555314988
39.356	0.392238909928665
39.396	0.392408963205298
39.436	0.392564743239518
39.476	0.392707293718331
39.516	0.392837700642986
39.556	0.392957101680395
39.596	0.393066673788553
39.636	0.393167605841654
39.676	0.393261067052435
39.716	0.393348184280285
39.756	0.393430030708032
39.796	0.393507631717284
39.836	0.393581986460731
39.876	0.393654078871577
39.916	0.393724868429445
39.956	0.39379524647552
39.996	0.39386596291456
40.036	0.393937534646057
40.076	0.394010162922086
40.116	0.394083663200718
40.156	0.394157417112865
40.196	0.394230354025922
40.236	0.394300957529367
40.276	0.394367286996157
40.316	0.394427009244964
40.356	0.394477443080859
40.396	0.394515614702641
40.436	0.394538315830459
40.476	0.394542153748944
40.516	0.394523581473322
40.556	0.394478896959981
40.596	0.394404205314231
40.636	0.394295361466675
40.676	0.39414792137336
40.716	0.393957132828064
40.756	0.393718004226457
40.796	0.393425471247383
40.836	0.393074628324712
40.876	0.392660989303977
40.916	0.39218070696802
40.956	0.391630677411513
40.996	0.391008536134677
41.036	0.390312628812126
41.076	0.389542000399842
41.116	0.388696476601353
41.156	0.387776879569856
41.196	0.386785325409392
41.236	0.385725455139209
41.276	0.384602545077314
41.316	0.383423407251712
41.356	0.382196062709909
41.396	0.380929314649393
41.436	0.379632297837588
41.476	0.378314064996403
41.516	0.376983356209848
41.556	0.375648587739079
41.596	0.374317973521784
41.636	0.372999803884113
41.676	0.37170280616715
41.716	0.370436404920611
41.756	0.369210812584015
41.796	0.368036833394171
41.836	0.366925277958899
41.876	0.365886213099429
41.916	0.364928315222414
41.956	0.364058445534056
41.996	0.363281565739044
42.036	0.362601115296229
42.076	0.362019525917049
42.116	0.361538677303315
42.156	0.361160220077863
42.196	0.360885638745231
42.236	0.360716001427818
42.276	0.360651642555013
42.316	0.36069186981581
42.356	0.360834815252701
42.396	0.361077430153045
42.436	0.361415576423269
42.476	0.361844052803235
42.516	0.362356580660844
42.556	0.362945784537033
42.596	0.363603284640476
42.636	0.364319901805857
42.676	0.365086025288065
42.716	0.365892084211509
42.756	0.366729037709547
42.796	0.36758869577784
42.836	0.368463963536442
42.876	0.369348992082223
42.916	0.370239164642726
42.956	0.37113092586128
42.996	0.37202157443221
43.036	0.372908976011558
43.076	0.37379126826977
43.116	0.374666585572186
43.156	0.375532843046813
43.196	0.376387625303096
43.236	0.3772282077814
43.276	0.378051646900303
43.316	0.378854917886883
43.356	0.379635062015723
43.396	0.380389314907688
43.436	0.381115207401081
43.476	0.381810716123937
43.516	0.382474412463807
43.556	0.38310554551731
43.596	0.383704022719712
43.636	0.384270329179117
43.676	0.384805303216808
43.716	0.385309882386309
43.756	0.385784902197656
43.796	0.386230997899247
43.836	0.386648596049554
43.876	0.387038052324669
43.916	0.387399826842511
43.956	0.387734580137248
43.996	0.388043217085169
44.036	0.388326924188505
44.076	0.388587117825182
44.116	0.38882536095366
44.156	0.38904336722112
44.196	0.389243060353465
44.236	0.389426626558588
44.276	0.389596560943346
44.316	0.389755689800722
44.356	0.389907115908272
44.396	0.390054147977708
44.436	0.390200237013914
44.476	0.390348894825138
44.516	0.390503600887996
44.556	0.390667752800027
44.596	0.390844572273409
44.636	0.391036926568404
44.676	0.391247087176225
44.716	0.391476488785656
44.756	0.391725475451267
44.796	0.391993082568433
44.836	0.39227689755694
44.876	0.392572991396946
44.916	0.392875941319062
44.956	0.393178942035547
44.996	0.393473969463912
45.036	0.393751993610522
45.076	0.394003274964916
45.116	0.394217716161393
45.156	0.394385261014349
45.196	0.394496344966456
45.236	0.394542367340136
45.276	0.394516120097023
45.316	0.394412124303699
45.356	0.394226839791145
45.396	0.393958737289495
45.436	0.393608256074685
45.476	0.39317767487114
45.516	0.392670938374749
45.556	0.392093463570518
45.596	0.391451895987984
45.636	0.390753813172296
45.676	0.390007412897603
45.716	0.389221198094447
45.756	0.38840363970462
45.796	0.387562895878318
45.836	0.386706634277971
45.876	0.385841920570556
45.916	0.384975166099821
45.956	0.384112142701952
45.996	0.383258001513923
46.036	0.382417310928531
46.076	0.381594161973908
46.116	0.380792284139488
46.156	0.380015172812591
46.196	0.379266264924581
46.236	0.378549062220145
46.276	0.377867120336987
46.316	0.3772240180258
46.356	0.376623333518864
46.396	0.376068570919188
46.436	0.37556307963564
46.476	0.375110020835336
46.516	0.374712288281216
46.556	0.374372406891553
46.596	0.374092450412491
46.636	0.373873880367455
46.676	0.373717346949661
46.716	0.373622568014753
46.756	0.373588304365285
46.796	0.373612397712122
46.836	0.373691951246428
46.876	0.373823546780613
46.916	0.374003400941319
46.956	0.374227447982548
46.996	0.3744913766011
47.036	0.374790580387298
47.076	0.375120079400176
47.116	0.375474441269716
47.156	0.375847813760402
47.196	0.376234078848711
47.236	0.37662712796805
47.276	0.37702119139044
47.316	0.377411159690155
47.356	0.377792783024006
47.396	0.378162726425899
47.436	0.37851852543622
47.476	0.37885839596288
47.516	0.550268906608643
47.556	0.550459457181127
47.596	0.550639413281083
47.636	0.550807541905236
47.676	0.550962403794237
47.716	0.551102359372599
47.756	0.551225594597291
47.796	0.551330157378978
47.836	0.551414019162955
47.876	0.551475144831919
47.916	0.551511600825357
47.956	0.551521683626241
47.996	0.551504065463
48.036	0.551457897937702
48.076	0.551382847440699
48.116	0.55127903662359
48.156	0.55114689145217
48.196	0.550986909113767
48.236	0.550799426192448
48.276	0.550584449715977
48.316	0.550341568114227
48.356	0.550069964513519
48.396	0.549768507114074
48.436	0.54943587306169
48.476	0.549070716446828
48.516	0.548671878529696
48.556	0.548238577693759
48.596	0.547770556493241
48.636	0.547268181854342
48.676	0.546732479168888
48.716	0.546165093647282
48.756	0.545568202428633
48.796	0.544944403348033
48.836	0.544296616906088
48.876	0.54362802495465
48.916	0.542942025407889
48.956	0.542242218906729
48.996	0.541532395049806
49.036	0.540816494147798
49.076	0.540098547051421
49.116	0.539382600381579
49.156	0.538672623116661
49.196	0.537972452869091
49.236	0.537285784576632
49.276	0.536616148030312
49.316	0.535966880164075
49.356	0.535341122321235
49.396	0.534741780530815
49.436	0.534171442115472
49.476	0.533632278255162
49.516	0.533125963131077
49.556	0.532653616000083
49.596	0.532215810738158
49.636	0.531812636167807
49.676	0.531443774303206
49.716	0.531108583805256
49.756	0.530806170221034
49.796	0.530535425677876
49.836	0.530295038251431
49.876	0.530083494262804
49.916	0.529899099770027
49.956	0.529740023276567
49.996	0.52960435790488
50.036	0.529490200498593
50.076	0.529395731864945
50.116	0.529319271692906
50.156	0.52925930205577
50.196	0.529214465367893
50.236	0.529183546899937
50.276	0.529165453841138
50.316	0.529159201937581
50.356	0.529163910876129
50.396	0.529178803401187
50.436	0.5292031970369
50.476	0.529236475974976
50.516	0.529278044624554
50.556	0.52932727623341
50.596	0.52938347516001
50.636	0.529445866872514
50.676	0.529513619934541
50.716	0.529585892406196
50.756	0.529661885203929
50.796	0.529740874834893
50.836	0.529822216818182
50.876	0.529905324993742
50.916	0.529989638165425
50.956	0.530074585233869
50.996	0.530159564071475
51.036	0.530243940807729
51.076	0.530327061653871
51.116	0.530408266993014
51.156	0.53048690571044
51.196	0.530562351065676
51.236	0.53063402117764
51.276	0.530701403107237
51.316	0.530764056578796
51.356	0.530821590946978
51.396	0.530873621861382
51.436	0.530919719144542
51.476	0.530959368044243
51.516	0.530991965489839
51.556	0.531016855185349
51.596	0.531033390009078
51.636	0.531041007665216
51.676	0.531039289809378
51.716	0.531027986292848
51.756	0.531007008152322
51.796	0.530976409409355
51.836	0.530936367966895
51.876	0.530887190406183
51.916	0.530829333600529
51.956	0.530763414089712
51.996	0.53069018223399
52.036	0.530610466988342
52.076	0.530525101782253
52.116	0.530434863143022
52.156	0.530340442608711
52.196	0.530242467822923
52.236	0.530141564076523
52.276	0.530038440708203
52.316	0.529933979876098
52.356	0.529829311609582
52.396	0.529725857665319
52.436	0.529625329062036
52.476	0.529529671039448
52.516	0.529440964870894
52.556	0.52936130244688
52.596	0.529292659488185
52.636	0.529236794179035
52.676	0.529195189164732
52.716	0.529169034033508
52.756	0.529159239098199
52.796	0.529166462370675
52.836	0.529191133032221
52.876	0.529233467018166
52.916	0.529293479465316
52.956	0.529371001304703
52.996	0.529465701188876
53.036	0.529577106586622
53.076	0.529704613763606
53.116	0.529847484526293
53.156	0.530004818835415
53.196	0.530175518178545
53.236	0.530358249045683
53.276	0.530551424488799
53.316	0.530753201251166
53.356	0.53096151079334
53.396	0.531174100059907
53.436	0.531388588433408
53.476	0.531602541759803
53.516	0.531813557262062
53.556	0.53201933255253
53.596	0.53221774612053
53.636	0.532406931611412
53.676	0.53258532954559
53.716	0.53275170887779
53.756	0.532905191525778
53.796	0.533045252725778
53.836	0.533171715310409
53.876	0.533284749445279
53.916	0.533384865020743
53.956	0.533472856043453
53.996	0.533549722958846
54.036	0.533616562730508
54.076	0.533674424237567
54.116	0.533724176321293
54.156	0.533766434336435
54.196	0.533801537909348
54.236	0.533829583313043
54.276	0.533850499748347
54.316	0.533864122661576
54.356	0.533870238138057
54.396	0.533868617193512
54.436	0.533859019015971
54.476	0.533841165956069
54.516	0.533814726845982
54.556	0.533779330884933
54.596	0.533734583145765
54.636	0.53368010015884
54.676	0.533615551706554
54.716	0.533540682146274
54.756	0.533455300302457
54.796	0.533359272082912
54.836	0.533252511388149
54.876	0.533134981442153
54.916	0.533006722025881
54.956	0.532867892279164
54.996	0.532718815265333
55.036	0.532560040225768
55.076	0.532392405268375
55.116	0.532217056123052
55.156	0.532035427388884
55.196	0.531849206630149
55.236	0.531660258446912
55.276	0.531470510106224
55.316	0.531281849050025
55.356	0.531096041927931
55.396	0.530914673182913
55.436	0.530739120554237
55.476	0.530570561956715
55.516	0.530409984620583
55.556	0.530258194962606
55.596	0.530115828769716
55.636	0.529983357668065
55.676	0.529861104874634
55.716	0.529749275347591
55.756	0.529647980846967
55.796	0.529557249754298
55.836	0.529477029212551
55.876	0.529407176292345
55.916	0.529347441016718
55.956	0.52929744670552
55.996	0.529256677172121
56.036	0.529224471066293
56.076	0.529200026944388
56.116	0.529182418570748
56.156	0.529170621401185
56.196	0.529163548712383
56.236	0.529160095120083
56.276	0.529159183693103
56.316	0.529159813373873
56.356	0.529161103275889
56.396	0.529162333764937
56.436	0.529162988198145
56.476	0.52916279893234
56.516	0.529161797799453
56.556	0.529160366254622
56.596	0.52915927733924
56.636	0.529159718238482
56.676	0.529163283819862
56.716	0.529171937292084
56.756	0.529187941434579
56.796	0.529213770623009
56.836	0.529252013942958
56.876	0.529305276107301
56.916	0.529376081045378
56.956	0.529466785435282
56.996	0.529579498104319
57.036	0.529716013594502
57.076	0.529877763995366
57.116	0.530065786657595
57.156	0.530280690958882
57.196	0.530522629474014
57.236	0.530791261109918
57.276	0.531085712499483
57.316	0.531404553371267
57.356	0.531745805084363
57.396	0.532106994063817
57.436	0.532485269508065
57.476	0.532877574387506
57.516	0.533280837501387
57.556	0.533692146216531
57.596	0.534108883290635
57.636	0.534528832726259
57.676	0.534950247923227
57.716	0.535371878409912
57.756	0.535792984321908
57.796	0.536213365205306
57.836	0.536633359006366
57.876	0.537053824495906
57.916	0.537476088250919
57.956	0.537901844393154
57.996	0.538333023091617
58.036	0.538771689360338
58.076	0.539219945303891
58.116	0.539679861542929
58.156	0.540153458410451
58.196	0.540642708273076
58.236	0.541149505970544
58.276	0.541675631406001
58.316	0.542222699952255
58.356	0.54279211683599
58.396	0.543385041398217
58.436	0.544002390116979
58.476	0.544644891747716
58.516	0.545313199190723
58.556	0.546007992781689
58.596	0.546730062644606
58.636	0.547480336503092
58.676	0.54825983292826
58.716	0.549069550822217
58.756	0.549910354693104
58.796	0.550782845769682
58.836	0.551687259762026
58.876	0.552623416521762
58.916	0.553590705155635
58.956	0.554588079177257
58.996	0.555614092339106
59.036	0.556666951012424
59.076	0.55774457951366
59.116	0.558844724373252
59.156	0.559965117632466
59.196	0.561103615629143
59.236	0.562258307711097
59.276	0.563427608799138
59.316	0.564610339143918
59.356	0.565805748819493
59.396	0.567013488996785
59.436	0.568233544455531
59.476	0.569466091794389
59.516	0.570711292877753
59.556	0.571969075058853
59.596	0.573238944064364
59.636	0.574519874407322
59.676	0.575810301790732
59.716	0.577108152576265
59.756	0.578410878905153
59.796	0.579715512052509
59.836	0.581018705122084
59.876	0.582316738181923
59.916	0.583605553867109
59.956	0.584880868401662
59.996	0.586138361740844
60.036	0.58737385814522
60.076	0.588583465130263
60.116	0.589763616506382
60.156	0.59091105512308
60.196	0.592022792120268
60.236	0.593096090213699
60.276	0.594128514472253
60.316	0.595118107927114
60.356	0.596063602655597
60.396	0.596964573310849
60.436	0.597821496853591
60.476	0.598635710280881
60.516	0.599409256175541
60.556	0.600144637840209
60.596	0.600844513008816
60.636	0.601511438071604
60.676	0.602147692932952
60.716	0.602755183199328
60.756	0.603335374102279
60.796	0.603889258344005
60.836	0.604417385588881
60.876	0.604919930982469
60.916	0.605396830585541
60.956	0.605847982118725
60.996	0.606273465155432
61.036	0.606673717154287
61.076	0.607049649343047
61.116	0.607402660537183
61.156	0.60773458256147
61.196	0.608047600539926
61.236	0.608344150514874
61.276	0.608626806011337
61.316	0.608898198498601
61.356	0.609160950972559
61.396	0.609417587189292
61.436	0.609670422128296
61.476	0.609921488113621
61.516	0.610172527155989
61.556	0.610425069165224
61.596	0.610680583214609
61.636	0.610940639290455
61.676	0.611207058440762
61.716	0.611482015906752
61.756	0.611768081737388
61.796	0.612068226288166
61.836	0.612385809368043
61.876	0.612724503974484
61.916	0.613088094586523
61.956	0.613480167860452
61.996	0.613903794808031
62.036	0.614361257682866
62.076	0.614853922666605
62.116	0.615382322805736
62.156	0.61594641982537
62.196	0.616545919786283
62.236	0.617180588988141
62.276	0.617850438603064
62.316	0.61855565464699
62.356	0.619296372307481
62.396	0.620072412962195
62.436	0.620883044252388
62.476	0.621726849767121
62.516	0.622601776611482
62.556	0.623505309957046
62.596	0.624434679174534
62.636	0.625387076458885
62.676	0.626359811281624
62.716	0.627350367071493
62.756	0.628356345419043
62.796	0.629375327295243
62.836	0.630404654343998
62.876	0.631441224372772
62.916	0.632481373387641
62.956	0.633520897521159
62.996	0.634555179220605
63.036	0.635579413728685
63.076	0.636588900686
63.116	0.637579342551639
63.156	0.638547019864383
63.196	0.639488878741936
63.236	0.640402527308119
63.276	0.641286176781499
63.316	0.642138505798791
63.356	0.642958550394191
63.396	0.643745626031695
63.436	0.644499294768785
63.476	0.645219326320962
63.516	0.645905681995963
63.556	0.646558452405834
63.596	0.64717778713311
63.636	0.647763806208523
63.676	0.648316501149388
63.716	0.648835610669913
63.756	0.649320582488222
63.796	0.649770615553031
63.836	0.650184742655945
63.876	0.650561931253741
63.916	0.650901241048778
63.956	0.651201946254538
63.996	0.6514635926249
64.036	0.651686006140118
64.076	0.651869294828636
64.116	0.652013821564417
64.156	0.652120197582413
64.196	0.652189305421011
64.236	0.652222322427285
64.276	0.652220711036996
64.316	0.652186201484319
64.356	0.652120757260882
64.396	0.65202653968732
64.436	0.651905914001695
64.476	0.651761472655913
64.516	0.651596057272663
64.556	0.651412772138407
64.596	0.65121494888573
64.636	0.651006020974243
64.676	0.650789347322295
64.716	0.650568045446299
64.756	0.650344888517687
64.796	0.650122286495666
64.836	0.649902362192115
64.876	0.649687072816867
64.916	0.649478345813954
64.956	0.649278168030854
64.996	0.649088579396896
65.036	0.648911583703644
65.076	0.64874902475038
65.116	0.648602463329929
65.156	0.648473126397498
65.196	0.648361951148622
65.236	0.648269702466543
65.276	0.648197123619219
65.316	0.648145041683684
65.356	0.648114388835303
65.396	0.648106164128471
65.436	0.648121368415651
65.476	0.64816092317448
65.516	0.648225638388972
65.556	0.648316224839625
65.596	0.648433303740269
65.636	0.648577376681523
65.676	0.648748765457192
65.716	0.648947500071493
65.756	0.649173204737643
65.796	0.649425027510539
65.836	0.649701663171818
65.876	0.650001461533499
65.916	0.650322614092694
65.956	0.650663312633775
65.996	0.651021824382305
66.036	0.651396485891304
66.076	0.651785666455972
66.116	0.652187711810079
66.156	0.652600899126007
66.196	0.653023439173872
66.236	0.65345353356188
66.276	0.653889469780644
66.316	0.654329736020081
66.356	0.654773095099337
66.396	0.655218615751117
66.436	0.65566568896228
66.476	0.656114069669549
66.516	0.656563915403602
66.556	0.657015848044374
66.596	0.65747105080326
66.636	0.657931341421865
66.676	0.658399143474988
66.716	0.658877350297651
66.756	0.659369094113266
66.796	0.659877432282151
66.836	0.660405025210117
66.876	0.660953889663226
66.916	0.661525262199511
66.956	0.662119598640707
66.996	0.662736705067935
67.036	0.663375914579923
67.076	0.664036206491353
67.116	0.66471626483888
67.156	0.66541451831997
67.196	0.666129156009099
67.236	0.666858157349672
67.276	0.667599391855738
67.316	0.668350783958395
67.356	0.669110448909798
67.396	0.669876786718199
67.436	0.670648504335794
67.476	0.671424547420209
67.516	0.672203967456447
67.556	0.672985823954157
67.596	0.673769133324008
67.636	0.674552866045708
67.676	0.675335997274694
67.716	0.676117570421873
67.756	0.676896711319564
67.796	0.677672609669933
67.836	0.678444488224976
67.876	0.679211562403744
67.916	0.679972992251471
67.956	0.680727861797699
67.996	0.681475194402118
68.036	0.682213999110054
68.076	0.682943311668687
68.116	0.683662249888734
68.156	0.684370063378672
68.196	0.68506616344002
68.236	0.685750126986427
68.276	0.686421688901127
68.316	0.687080697672535
68.356	0.687727059767219
68.396	0.688360680244394
68.436	0.688981398639719
68.476	0.68958893752221
68.516	0.690182904616542
68.556	0.690762812279452
68.596	0.69132810376356
68.636	0.691878182646029
68.676	0.692412453710695
68.716	0.692930339318217
68.756	0.6934312856771
68.796	0.693914766546179
68.836	0.694380290141517
68.876	0.694827413606056
68.916	0.695255771128039
68.956	0.695665106596486
68.996	0.696055294764982
69.036	0.696426347444252
69.076	0.696778409562391
69.116	0.697111736972552
69.156	0.697426672721285
69.196	0.69772364147402
69.236	0.69800315514059
69.276	0.698265806022583
69.316	0.698512259081902
69.356	0.69874323345271
69.396	0.698959466077746
69.436	0.699161672863291
69.476	0.699350526712429
69.516	0.699526651204444
69.556	0.699690622840343
69.596	0.699842989901306
69.636	0.699984293801229
69.676	0.700115071772522
69.716	0.700235848391507
69.756	0.700347125064162
69.796	0.700449363291121
69.836	0.700542970532872
69.876	0.700628303696796
69.916	0.700705678503247
69.956	0.700775383545455
69.996	0.700837707817634
70.036	0.700892981004593
70.076	0.700941612434043
70.116	0.700984127296827
70.156	0.701021194954173
70.196	0.701053625311481
70.236	0.701082329278272
70.276	0.70110825810395
70.316	0.701132322547572
70.356	0.701155307383893
70.396	0.701177803418979
70.436	0.701200185056528
70.476	0.701222627534428
70.516	0.701245162889045
70.556	0.701267761317276
70.596	0.701290415681079
70.636	0.701313201232956
70.676	0.701336304886205
70.716	0.701360023521268
70.756	0.70138472857456
70.796	0.701410817722255
70.836	0.701438675714961
70.876	0.70146865309021
70.916	0.701501063457933
70.956	0.701536201749484
70.996	0.701574365085911
71.036	0.701615870860387
71.076	0.701661059128092
71.116	0.701710278202704
71.156	0.701763855245311
71.196	0.701822063331456
71.236	0.701885090809093
71.276	0.704142176287302
71.316	0.704407758010442
71.356	0.704691846966462
71.396	0.704994668429363
71.436	0.705316786967396
71.476	0.705659151469504
71.516	0.70602304021754
71.556	0.706409911330063
71.596	0.706821197227626
71.636	0.707258162283608
71.676	0.707721872847632
71.716	0.708213219056526
71.756	0.708732996351619
71.796	0.70928201162309
71.836	0.709861075802523
71.876	0.71047094191807
71.916	0.711112250442678
71.956	0.711785461972706
71.996	0.712490793879329
72.036	0.713228212354212
72.076	0.713997401807957
72.116	0.714797707811902
72.156	0.715628104170468
72.196	0.716487215418244
72.236	0.717373385593339
72.276	0.718284830853506
72.316	0.719219800930048
72.356	0.72017669724419
72.396	0.721154090716997
72.436	0.722150645647854
72.476	0.723164969901775
72.516	0.724195487913951
72.556	0.725240347481979
72.596	0.726297415860726
72.636	0.72736441163951
72.676	0.728439092671007
72.716	0.729519415482331
72.756	0.730603660662879
72.796	0.73169049453886
72.836	0.732778903528615
72.876	0.733868056152662
72.916	0.734957148943671
72.956	0.736045226879753
72.996	0.737131020612326
73.036	0.73821287831549
73.076	0.739288756533798
73.116	0.740356263406202
73.156	0.741412780438582
73.196	0.74245562988858
73.236	0.74348221254913
73.276	0.744490130515352
73.316	0.745477289397298
73.356	0.74644193961103
73.396	0.74738264913597
73.436	0.748298262971547
73.476	0.74918785548957
73.516	0.750050670807848
73.556	0.75088607562537
73.596	0.751693532497635
73.636	0.752472557837342
73.676	0.753222670340683
73.716	0.7539433599706
73.756	0.754634066468787
73.796	0.755294159938039
73.836	0.755922935767233
73.876	0.756519646051625
73.916	0.757083576954525
73.956	0.757614181662776
73.996	0.758111253101308
74.036	0.758575110032282
74.076	0.759006731879991
74.116	0.759407778551264
74.156	0.759780478996738
74.196	0.760127409940223
74.236	0.760451185014446
74.276	0.760754157749199
74.316	0.761038237136882
74.356	0.761304836886469
74.396	0.761554938085007
74.436	0.761789245667847
74.476	0.76200833031206
74.516	0.762212674883783
74.556	0.762402647627185
74.596	0.762578424968501
74.636	0.762739896053594
74.676	0.76288664344499
74.716	0.763018028586648
74.756	0.763133305322548
74.796	0.763231740516114
74.836	0.763312716525904
74.876	0.763375781485742
74.916	0.763420646956003
74.956	0.763447168683806
74.996	0.763455309770174
75.036	0.763445131504646
75.076	0.763416812751672
75.116	0.763370652307845
75.156	0.763307040607678
75.196	0.763226429072752
75.236	0.763129290352166
75.276	0.763016102680114
75.316	0.76288739478672
75.356	0.762743883191741
75.396	0.762586649048675
75.436	0.762417331600549
75.476	0.762238264828296
75.516	0.762052498890043
75.556	0.761863699749632
75.596	0.761675961245615
75.636	0.761493564354684
75.676	0.761320711416298
75.716	0.761161306952859
75.756	0.761018810920948
75.796	0.760896168706717
75.836	0.760795784853755
75.876	0.760719514842032
75.916	0.760668682329612
75.956	0.76064409129922
75.996	0.760646044702202
76.036	0.760674411971042
76.076	0.760728746386478
76.116	0.760808447173336
76.156	0.760912952357261
76.196	0.76104193570996
76.236	0.761195430505824
76.276	0.761373878511755
76.316	0.761578083668729
76.356	0.76180903530771
76.396	0.762067676102152
76.436	0.762354675487387
76.476	0.762670240194012
76.516	0.763013993791407
76.556	0.763384964366272
76.596	0.763781603961945
76.636	0.764201825975627
76.676	0.764643055809179
76.716	0.765102258794723
76.756	0.765575970363805
76.796	0.766060389764979
76.836	0.76655149772753
76.876	0.767045166090742
76.916	0.76753728886615
76.956	0.768023915557194
76.996	0.768501320062057
77.036	0.768966009680094
77.076	0.769414747078219
77.116	0.769844584128741
77.156	0.770252905119261
77.196	0.770637484860892
77.236	0.770996527135141
77.276	0.77132865401699
77.316	0.771632876828628
77.356	0.77190854408326
77.396	0.772155289844763
77.436	0.772373023122913
77.476	0.772561978503374
77.516	0.772722791919531
77.556	0.772856579803259
77.596	0.772964985566601
77.636	0.773050185377905
77.676	0.773114837363647
77.716	0.773161958194848
77.756	0.773194769324762
77.796	0.773216555079316
77.836	0.773230533714143
77.876	0.773239741573551
77.916	0.773246946637315
77.956	0.773254581736502
77.996	0.773264695543794
78.036	0.77327896168075
78.076	0.773298724172266
78.116	0.77332505062787
78.156	0.773358793101167
78.196	0.773400657078785
78.236	0.773451260327464
78.276	0.773511183328459
78.316	0.773581001492369
78.356	0.773661306165017
78.396	0.773752728331582
78.436	0.773855955496375
78.476	0.773971740225862
78.516	0.774100905477107
78.556	0.774244320028417
78.596	0.774402878601785
78.636	0.774577490347474
78.676	0.774769059325994
78.716	0.77497846901799
78.756	0.775206592833733
78.796	0.775454255915398
78.836	0.775722134768671
78.876	0.776010639150442
78.916	0.776319783274945
78.956	0.776649048704348
78.996	0.776997321150402
79.036	0.777362923782951
79.076	0.777743712748435
79.116	0.778137256806477
79.156	0.77854109026622
79.196	0.778952924911088
79.236	0.779370797751293
79.276	0.779793171087491
79.316	0.780218938231014
79.356	0.780647332708017
79.396	0.781077797734641
79.436	0.78150982574307
79.476	0.781942803855952
79.516	0.782375944552422
79.556	0.782808306115921
79.596	0.783238865474654
79.636	0.783666673710057
79.676	0.78409104766844
79.716	0.78451171980025
79.756	0.784928894772321
79.796	0.78534324314632
79.836	0.785755821448808
79.876	0.786167930802733
79.916	0.786580936319474
79.956	0.786996111613878
79.996	0.787414501273057
80.036	0.787836843521767
80.076	0.788263561742165
80.116	0.788694830147001
80.156	0.789130669778648
80.196	0.789571058404094
80.236	0.790016013280507
80.276	0.790465635541774
80.316	0.790920103691978
80.356	0.791379649850645
80.396	0.791844528767655
80.436	0.792315013667725
80.476	0.79279140553233
80.516	0.793274044726676
80.556	0.79376332071532
80.596	0.794259644216957
80.636	0.794763370641463
80.676	0.795274738648982
80.716	0.795793798737551
80.756	0.796320356549915
80.796	0.796854014997847
80.836	0.797394275993097
80.876	0.797940618681004
80.916	0.798492604909393
80.956	0.799049980811251
80.996	0.799612701051574
81.036	0.80018088930945
81.076	0.800754791317198
81.116	0.801334689264671
81.156	0.801920845562288
81.196	0.802513517593749
81.236	0.803112996340687
81.276	0.803719654719415
81.316	0.804334042208353
81.356	0.804956939298132
81.396	0.805589352883103
81.436	0.806232482714831
81.476	0.806887670590021
81.516	0.807556316153556
81.556	0.808239786266274
81.596	0.808939305104766
81.636	0.80965583531146
81.676	0.810389966068735
81.716	0.81114183674385
81.756	0.811911085363097
81.796	0.812696847594897
81.836	0.813497810949401
81.876	0.814312305709223
81.916	0.815138407998285
81.956	0.815974048723482
81.996	0.816817111638186
82.036	0.817665534319978
82.076	0.818517406390876
82.116	0.819371043776573
82.156	0.820225048524049
82.196	0.821078349110024
82.236	0.821930198267153
82.276	0.822780120678654
82.316	0.823627844524405
82.356	0.824473225214058
82.396	0.825316173292158
82.436	0.826156611388867
82.476	0.826994457399586
82.516	0.827829599849102
82.556	0.828661878301181
82.596	0.829491076258843
82.636	0.830316902639021
82.676	0.831138961270356
82.716	0.831956745692864
82.756	0.832769666226122
82.796	0.833577092541052
82.836	0.834378405061519
82.876	0.835173049388843
82.916	0.835960560902278
82.956	0.83674054650948
82.996	0.83751264505629
83.036	0.838276478962261
83.076	0.839031606217924
83.116	0.839777501721423
83.156	0.840513566807433
83.196	0.841239150699292
83.236	0.84195357853199
83.276	0.842656181462608
83.316	0.8433463072689
83.356	0.844023303850299
83.396	0.84468650211625
83.436	0.845335217671155
83.476	0.845968773822982
83.516	0.846586558912788
83.556	0.847188114157662
83.596	0.84777321888715
83.636	0.8483419463255
83.676	0.848894682695238
83.716	0.849432108999655
83.756	0.849955140820039
83.796	0.850464848720161
83.836	0.850962384614623
83.876	0.851448933252664
83.916	0.851925701290146
83.956	0.852393934946976
83.996	0.852854937649168
84.036	0.85331007096152
84.076	0.853760748875863
84.116	0.854208426294969
84.156	0.8546545895585
84.196	0.855100764570602
84.236	0.855548545045842
84.276	0.855999605241328
84.316	0.856455686068687
84.356	0.856918554732088
84.396	0.857389943259022
84.436	0.85787147932236
84.476	0.858364643068846
84.516	0.85887074532815
84.556	0.859390944061332
84.596	0.85992629212382
84.636	0.860477777677053
84.676	0.861046330519911
84.716	0.861632794451549
84.756	0.862237861656048
84.796	0.862861988137695
84.836	0.863505322322654
84.876	0.864167674042639
84.916	0.86484853006966
84.956	0.865547118256495
84.996	0.866262502493014
85.036	0.866993689684593
85.076	0.867739726639627
85.116	0.868499754393372
85.156	0.869273009069634
85.196	0.870058765208104
85.236	0.870856245318814
85.276	0.871664522186035
85.316	0.8724824454896
85.356	0.873308600465635
85.396	0.874141315130941
85.436	0.874978716464554
85.476	0.875818809543589
85.516	0.876659561530115
85.556	0.877498978253306
85.596	0.878335150567353
85.636	0.879166283659342
85.676	0.879990708716342
85.716	0.880806889249761
85.756	0.88161343265715
85.796	0.882409113560794
85.836	0.883192908700034
85.876	0.883964023527015
85.916	0.884721910966605
85.956	0.885466247792033
85.996	0.886196883444259
86.036	0.886913771004951
86.076	0.887616904314926
86.116	0.888306258877949
86.156	0.888981797712792
86.196	0.889643531113456
86.236	0.890291604780799
86.276	0.890926379173672
86.316	0.891548485464899
86.356	0.892158795031994
86.396	0.892758321996087
86.436	0.893348093855759
86.476	0.893929027774469
86.516	0.894501840352707
86.556	0.895067038052513
86.596	0.895624978479628
86.636	0.896175949257736
86.676	0.896720230501036
86.716	0.897258124423562
86.756	0.897789927479432
86.796	0.8983158579188
86.836	0.898835983925967
86.876	0.899350144296341
86.916	0.899857864939004
86.956	0.900358294620426
86.996	0.900850177061108
87.036	0.901331834957637
87.076	0.901801200368503
87.116	0.902255936315117
87.156	0.902693627089912
87.196	0.903112007554552
87.236	0.903509182410638
87.276	0.903883786251443
87.316	0.904235044777414
87.356	0.904562755155909
87.396	0.904867184988248
87.436	0.905148925206268
87.476	0.905408745669631
87.516	0.905647475783763
87.556	0.905865899997843
87.596	0.906064670646006
87.636	0.906244234878256
87.676	0.906404806486462
87.716	0.906546378541876
87.756	0.906668784906061
87.796	0.906771788430595
87.836	0.906855147708516
87.876	0.906918627605242
87.916	0.906961961707929
87.956	0.906984754141818
87.996	0.906986359321477
88.036	0.906965817858838
88.076	0.90692189054798
88.116	0.906853186772719
88.156	0.906758397625619
88.196	0.906636574170488
88.236	0.906487349923477
88.276	0.906311065956557
88.316	0.906108785171127
88.356	0.90588216505772
88.396	0.905633240359406
88.436	0.905364200155566
88.476	0.905077171693018
88.516	0.904774026447967
88.556	0.904456250980925
88.596	0.904124869188292
88.636	0.903780409689029
88.676	0.903422951886533
88.716	0.903052220939611
88.756	0.902667720482216
88.796	0.902268898560713
88.836	0.901855320297289
88.876	0.901426775296695
88.916	0.90098332730904
88.956	0.900525284787399
88.996	0.900053098218822
89.036	0.899567259620917
89.076	0.899068257732277
89.116	0.898556547180556
89.156	0.898032562873506
89.196	0.897496784728674
89.236	0.896949798662987
89.276	0.89639231008373
89.316	0.895825147423907
89.356	0.895249264374417
89.396	0.894665750776164
89.436	0.894075857771879
89.476	0.893481044224327
89.516	0.892882974792668
89.556	0.892283473339276
89.596	0.891684441211656
89.636	0.891087747587631
89.676	0.890495118058765
89.716	0.88990806579415
89.756	0.889327877651469
89.796	0.888755666096144
89.836	0.888192448366132
89.876	0.88763922151293
89.916	0.887097022447386
89.956	0.886566978491906
89.996	0.886050304601847
90.036	0.885548270109272
90.076	0.885062159914984
90.116	0.884593212083552
90.156	0.884142524640335
90.196	0.883711000523267
90.236	0.883299302814329
90.276	0.882907812871811
90.316	0.882536655461228
90.356	0.882386583862065
90.396	0.882267525573606
90.436	0.882175686762201
90.476	0.882107513608235
90.516	0.882059794023547
90.556	0.882029718350258
90.596	0.882014897247297
90.636	0.882013348499622
90.676	0.8820234635971
90.716	0.882043961822519
90.756	0.88207384088582
90.796	0.882112328975581
90.836	0.88215884009831
90.876	0.882212934593403
90.916	0.882274288296554
90.956	0.882342669843764
90.996	0.882417925288151
91.036	0.882499967020901
91.076	0.882588764477765
91.116	0.882684334716887
91.156	0.882786733525526
91.196	0.882896046234183
91.236	0.883012379113032
91.276	0.883135853457047
91.316	0.883266603248676
91.356	0.88340477455919
91.396	0.883550525788151
91.436	0.883704026976358
91.476	0.883865457889708
91.516	0.884035005229649
91.556	0.884212859784698
91.596	0.884399213930925
91.636	0.884594260461429
91.676	0.884798192295924
91.716	0.885011202083921
91.756	0.885233481530038
91.796	0.88546522046801
91.836	0.885706606062386
91.876	0.885957823338573
91.916	0.886219056920131
91.956	0.886490493554797
91.996	0.886772324925971
92.036	0.887064749881769
92.076	0.887367974962066
92.116	0.887682213520598
92.156	0.888007683616214
92.196	0.888344605670056
92.236	0.888693201008802
92.276	0.889053691717004
92.316	0.889426301348065
92.356	0.889811256401675
92.396	0.890208788003621
92.436	0.890619133732333
92.476	0.891042539451769
92.516	0.891479261086921
92.556	0.891929565984244
92.596	0.892393733733526
92.636	0.892872056005066
92.676	0.893364835393801
92.716	0.893872383263143
92.756	0.894395017312834
92.796	0.894933059512621
92.836	0.895486835532713
92.876	0.896056675686769
92.916	0.896642917357887
92.956	0.897245908277959
92.996	0.89786600955589
93.036	0.898503597661615
93.076	0.899159065517826
93.116	0.899832822532416
93.156	0.900525293726618
93.196	0.901236918725338
93.236	0.90196815103504
93.276	0.902719457282966
93.316	0.903491316475629
93.356	0.904284219254879
93.396	0.905098667040718
93.436	0.905935171029774
93.476	0.906794251164206
93.516	0.907676435567226
93.556	0.908582260506024
93.596	0.909512270977787
93.636	0.910467021454542
93.676	0.911447077207795
93.716	0.912453015721893
93.756	0.913485427919347
93.796	0.914544919423022
93.836	0.915632112006938
93.876	0.916747644571064
93.916	0.917892173928867
93.956	0.919066375602808
93.996	0.920270943798364
94.036	0.921506590580128
94.076	0.922774045076441
94.116	0.924074052753091
94.156	0.925407375514214
94.196	0.926774793533691
94.236	0.928177108977893
94.276	0.929615150003253
94.316	0.931089773971764
94.356	0.932601868957501
94.396	0.93415235281249
94.436	0.935742170326671
94.476	0.937372289216754
94.516	0.939043696966705
94.556	0.940757400094488
94.596	0.942514426053377
94.636	0.944315826663737
94.676	0.946162682759547
94.716	0.948056108853793
94.756	0.949997255773091
94.796	0.951987311801188
94.836	0.954027503286082
94.876	0.956119094178505
94.916	0.958263384991034
94.956	0.960461712608296
94.996	0.962715449911185
95.036	0.965026003170872
