0.036	0.01944624835581
0.076	0.0192765429009296
0.116	0.019114778904958
0.156	0.0189607215728728
0.196	0.0188141408587007
0.236	0.0186748099306619
0.276	0.0185425044018283
0.316	0.0184170022183581
0.356	0.0182980842105284
0.396	0.0181855350070607
0.436	0.018079143879505
0.476	0.0179787056412966
0.516	0.0178840214931882
0.556	0.0177948996232529
0.596	0.0177111556097286
0.636	0.0176326127894067
0.676	0.0175591024064782
0.716	0.017490463633547
0.756	0.017426543539427
0.796	0.0173671970496537
0.836	0.0173122868404053
0.876	0.0172616833572774
0.916	0.0172152647716241
0.956	0.0171729169666425
0.996	0.0171345336537714
1.036	0.0171000166101878
1.076	0.0170692758527974
1.116	0.0170422298090362
1.156	0.0170188054455962
1.196	0.0169989382648612
1.236	0.0169825722076075
1.276	0.0169696595744578
1.316	0.0169601610006369
1.356	0.016954045522255
1.396	0.0169512906905472
1.436	0.0169518826663087
1.476	0.0169558161878721
1.516	0.0169630943953664
1.556	0.0169737285136181
1.596	0.0169877374400106
1.636	0.0170051473904469
1.676	0.0170259916913864
1.716	0.0170503107441653
1.756	0.0170781521449701
1.796	0.0171095709322283
1.836	0.0171446299153703
1.876	0.0171834000269307
1.916	0.0172259606370582
1.956	0.0172723997763881
1.996	0.0173228142039886
2.036	0.017377309307568
2.076	0.0174359988234628
2.116	0.017499004340547
2.156	0.0175664546375271
2.196	0.0176384850009828
2.236	0.0177152366037473
2.276	0.0177968560244263
2.316	0.0178834950767413
2.356	0.0179753109992828
2.396	0.0180724668277725
2.436	0.0181751319253684
2.476	0.0182834825662101
2.516	0.0183977023723901
2.556	0.0185179823575544
2.596	0.0186445206908498
2.636	0.018777522155858
2.676	0.0189171972970786
2.716	0.019063761520186
2.756	0.0192174343752753
2.796	0.0193784390030709
2.836	0.0195470017793012
2.876	0.0197233522373093
2.916	0.0199077231711878
2.956	0.0201003509251569
2.996	0.0203014757905723
3.036	0.0205113424424601
3.076	0.0207302003624871
3.116	0.020958304236853
3.156	0.0211959141735739
3.196	0.0214432957697591
3.236	0.0217007197825553
3.276	0.0219684616734889
3.316	0.0222468009700787
3.356	0.0225360204099574
3.396	0.0228364047840646
3.436	0.0231482400330325
3.476	0.023471812522632
3.516	0.0238074084605199
3.556	0.0241553135938101
3.596	0.0245158132370734
3.636	0.0248891923808725
3.676	0.0252757360139008
3.716	0.0256757291999846
3.756	0.0260894567351911
3.796	0.0265172028717132
3.836	0.0269592508906653
3.876	0.0274158820481165
3.916	0.0278873743088555
3.956	0.028374000780112
3.996	0.0288760271375117
4.036	0.0293937080979841
4.076	0.029927282315716
4.116	0.0304769642671507
4.156	0.0310429325179719
4.196	0.0316253132156298
4.236	0.0322241572231961
4.276	0.0328394099177709
4.316	0.0334708729345866
4.356	0.0341181562560683
4.396	0.0347806195254554
4.436	0.0354573001037098
4.476	0.0361468261300763
4.516	0.0368473161531664
4.556	0.0375562730553522
4.596	0.0382704872134003
4.636	0.0389859771338768
4.676	0.0396980131658168
4.716	0.0404012876775041
4.756	0.0410903066590184
4.796	0.0418253727830759
4.836	0.0425642781177799
4.876	0.0433067518211246
4.916	0.04405271505161
4.956	0.0448022618381066
4.996	0.0455556430312976
5.036	0.0463132469317268
5.076	0.0470755684200374
5.116	0.0478431711110626
5.156	0.0486166377516797
5.196	0.0493965164275333
5.236	0.050183282880716
5.276	0.0509773223408391
5.316	0.051778926414662
5.356	0.0525883167278334
5.396	0.0534056834213619
5.436	0.0542312237876105
5.476	0.0550651707828898
5.516	0.0559077832357719
5.556	0.0567592944836393
5.596	0.057619839811476
5.636	0.058489390911344
5.676	0.0593676923219044
5.716	0.0602542357839565
5.756	0.061148278562469
5.796	0.0620488938598046
5.836	0.0629550220162455
5.876	0.0638655246402564
5.916	0.0647792118864004
5.956	0.0656948435104809
5.996	0.0666111121323812
6.036	0.067526625306445
6.076	0.0684398941102722
6.116	0.0693493638213352
6.156	0.0702534625615038
6.196	0.0711506479727939
6.236	0.0720394341219739
6.276	0.0729183908899339
6.316	0.0737861133485096
6.356	0.0746411664062572
6.396	0.0754820322698924
6.436	0.0763070747805633
6.476	0.0771145470428139
6.516	0.0779026475918426
6.556	0.078669612360877
6.596	0.079413811512473
6.636	0.0801338590797128
6.676	0.0808287041395685
6.716	0.081497677699558
6.756	0.0821404869092877
6.796	0.0827571844854562
6.836	0.0833481018500959
6.876	0.0839137581827417
6.916	0.0844547444821558
6.956	0.0849716129254413
6.996	0.0854647781680289
7.036	0.0859344528132368
7.076	0.0863806281105542
7.116	0.0868031130774032
7.156	0.0872015964318619
7.196	0.0875757287044135
7.236	0.0879252069477875
7.276	0.0882498477015271
7.316	0.0885496160481421
7.356	0.08882464453098
7.396	0.0890752428841128
7.436	0.089301885753491
7.476	0.0895051836468964
7.516	0.0896858638083824
7.556	0.0898447333058724
7.596	0.0899826222960541
7.636	0.0901003350315706
7.676	0.0901986148752893
7.716	0.0902781296860925
7.756	0.0903394982492343
7.796	0.0903833454920709
7.836	0.0904103615583143
7.876	0.0904213625724505
7.916	0.0904173393135196
7.956	0.0903994870306715
7.996	0.0903692037647062
8.036	0.0903280926554113
8.076	0.0902779561070662
8.116	0.0902207716261171
8.156	0.0901586414605864
8.196	0.0900937331581894
8.236	0.0900281933684344
8.276	0.089964057961195
8.316	0.0899031716667757
8.356	0.0898471256494007
8.396	0.0897972262254565
8.436	0.0897545143781799
8.476	0.0897198038767148
8.516	0.0896937086414235
8.556	0.0896766848490003
8.596	0.0896690801689028
8.636	0.089671157824192
8.676	0.0896831074780066
8.716	0.0897050723719435
8.756	0.0897371695381233
8.796	0.0897795163264005
8.836	0.0898322685588857
8.876	0.0898956535042297
8.916	0.0899699895968653
8.956	0.0900557036452106
8.996	0.0901533125034424
9.036	0.0902633685904726
9.076	0.0903863900774671
9.116	0.0905228162245415
9.156	0.0906729855767024
9.196	0.0908371336565317
9.236	0.0910153968520362
9.276	0.0912078169383177
9.316	0.0914143245275212
9.356	0.0916346980646252
9.396	0.0918684965707429
9.436	0.0921149955931046
9.476	0.0923731599141894
9.516	0.0926416744897378
9.556	0.0929190132154914
9.596	0.0932035312991953
9.636	0.0934935659896101
9.676	0.0937875201022305
9.716	0.0940839128840683
9.756	0.0943814261402358
9.796	0.0946789409856193
9.836	0.094975569323903
9.876	0.0952706962192445
9.916	0.0955640097013886
9.956	0.0958555008010043
9.996	0.0961454467989751
10.036	0.0964343889953989
10.076	0.0967230865256239
10.116	0.0970124780525916
10.156	0.0973036635682829
10.196	0.0975978873965571
10.236	0.097896510230521
10.276	0.0982009549780909
10.316	0.098512583028465
10.356	0.0988325351116937
10.396	0.0991615861438473
10.436	0.0995000343099502
10.476	0.0998476319108335
10.516	0.100203598936119
10.556	0.100566688426227
10.596	0.100935281455604
10.636	0.101307499449152
10.676	0.101681334105678
10.716	0.102054753857557
10.756	0.102425803190804
10.796	0.102792699697339
10.836	0.103153919985887
10.876	0.103508282243947
10.916	0.103855027180041
10.956	0.104193844305999
10.996	0.104524842046468
11.036	0.104848477691219
11.076	0.105165451839456
11.116	0.105476571999129
11.156	0.105782643632106
11.196	0.106084415947366
11.236	0.106382582142106
11.276	0.106677809018792
11.316	0.106970766359863
11.356	0.107262125211856
11.396	0.107552536669678
11.436	0.107842594523028
11.476	0.108132791003353
11.516	0.10842352208396
11.556	0.108715144198982
11.596	0.109008041983454
11.636	0.109302681764469
11.676	0.109599612769562
11.716	0.109899390840224
11.756	0.110202443274349
11.796	0.110508928805284
11.836	0.110818602524252
11.876	0.111130750165348
11.916	0.111444243344139
11.956	0.111757679619956
11.996	0.112069561361914
12.036	0.112378496270865
12.076	0.112683363828443
12.116	0.112983393433207
12.156	0.113278176937921
12.196	0.11356764598413
12.236	0.113852008202714
12.276	0.114131688322409
12.316	0.114407307315856
12.356	0.114679685990724
12.396	0.114949819311324
12.436	0.115218843310909
12.476	0.115488012528971
12.516	0.115758665058636
12.556	0.11603216704323
12.596	0.116309869720118
12.636	0.116593082932818
12.676	0.116883032468948
12.716	0.117180819275426
12.756	0.117487388438242
12.796	0.117803483365105
12.836	0.118129632201123
12.876	0.118466189543142
12.916	0.118813385621403
12.956	0.119171376575503
12.996	0.119540324534632
13.036	0.119920463573268
13.076	0.120312119619077
13.116	0.120715711368339
13.156	0.121131732692066
13.196	0.12156070789596
13.236	0.122003147373007
13.276	0.122459521240789
13.316	0.122930241804069
13.356	0.123415673977527
13.396	0.123916165932835
13.436	0.124432046946441
13.476	0.12496359428132
13.516	0.125510992738381
13.556	0.126074288275031
13.596	0.126653346160028
13.636	0.127247829186409
13.676	0.127857197734983
13.716	0.128480728346852
13.756	0.129117543802389
13.796	0.12976665268945
13.836	0.130426991212532
13.876	0.131097478687108
13.916	0.131777084840927
13.956	0.132464902170302
13.996	0.133160197299253
14.036	0.133862430713441
14.076	0.134571244086077
14.116	0.135286425481805
14.156	0.136007840415687
14.196	0.136735346790221
14.236	0.137468740374907
14.276	0.138207723416094
14.316	0.138951891487709
14.356	0.139700742230273
14.396	0.140453704411099
14.436	0.141210162725514
14.476	0.141969491637317
14.516	0.142731086781821
14.556	0.143494372541359
14.596	0.14425878369516
14.636	0.145023740080777
14.676	0.145788603156894
14.716	0.1465526516767
14.756	0.147315099961572
14.796	0.148075160298337
14.836	0.148832125502257
14.876	0.149585475379002
14.916	0.150334949549156
14.956	0.151080565447338
14.996	0.151822588525239
15.036	0.152561449353589
15.076	0.153297608501381
15.116	0.154031428829334
15.156	0.154763096948636
15.196	0.15549258209873
15.236	0.156219653202758
15.276	0.156943939493202
15.316	0.157665000606325
15.356	0.158382378567518
15.396	0.159095643232863
15.436	0.159804421688228
15.476	0.160508405566741
15.516	0.161207327572412
15.556	0.161900927856727
15.596	0.162588910917766
15.636	0.16327091171871
15.676	0.163946461050583
15.716	0.164614965513106
15.756	0.165275680891699
15.796	0.165927693336533
15.836	0.166569913018878
15.876	0.167201079589254
15.916	0.167819767488506
15.956	0.168424414430451
15.996	0.169013377320623
16.036	0.169585002012746
16.076	0.170137704273584
16.116	0.170670045597413
16.156	0.17118080398003
16.196	0.171669026858883
16.236	0.172134035648118
16.276	0.172575390829779
16.316	0.172992849820263
16.356	0.173386318624726
16.396	0.173755792167508
16.436	0.17410130582782
16.476	0.174422909263014
16.516	0.174720653959908
16.556	0.174994609880309
16.596	0.17524490293622
16.636	0.175471751488031
16.676	0.175675493712824
16.716	0.175856613016226
16.756	0.176015747812392
16.796	0.176153682111131
16.836	0.176271334265304
16.876	0.176369745322094
16.916	0.17645007147004
16.956	0.176513572753923
16.996	0.176561600642186
17.036	0.176595578603616
17.076	0.176616975090423
17.116	0.176627260090189
17.156	0.176627863116898
17.196	0.176620130131096
17.236	0.176605294374804
17.276	0.17658447233211
17.316	0.176558693264106
17.356	0.176528932808088
17.396	0.176496163269441
17.436	0.176461401910472
17.476	0.176425756057179
17.516	0.176390440543559
17.556	0.1763567888602
17.596	0.176326241691027
17.636	0.176300330104157
17.676	0.176280654278136
17.716	0.176268861301661
17.756	0.176266600671858
17.796	0.176275487248694
17.836	0.176297057878663
17.876	0.176332712500994
17.916	0.176383650665055
17.956	0.176450833682162
17.996	0.176534968282711
18.036	0.176636506459266
18.076	0.176755671374852
18.116	0.17689250445165
18.156	0.177046913920898
18.196	0.177218710716385
18.236	0.177407635232167
18.276	0.177613370876438
18.316	0.177835553632438
18.356	0.17807378561174
18.396	0.178327651501481
18.436	0.178596739455496
18.476	0.178880674372601
18.516	0.179179153677105
18.556	0.179491978213606
18.596	0.179819070027383
18.636	0.180160482862246
18.676	0.180516407661325
18.716	0.180887173063759
18.756	0.18127323648206
18.796	0.181675166107517
18.836	0.182093608896609
18.876	0.182529239487511
18.916	0.182982695923774
18.956	0.183454520042481
18.996	0.183945113711594
19.036	0.184454722626993
19.076	0.18498344932385
19.116	0.185531281355222
19.156	0.186098113935467
19.196	0.186683747024556
19.236	0.187287853300365
19.276	0.18790992759446
19.316	0.188549238776381
19.356	0.189204798870385
19.396	0.189875373539418
19.436	0.190559531181837
19.476	0.191255720106157
19.516	0.191962346078379
19.556	0.19267785688005
19.596	0.193400804086702
19.636	0.194129895562
19.676	0.194864028476895
19.716	0.195602307276399
19.756	0.19634402511391
19.796	0.197088638296359
19.836	0.197835709174357
19.876	0.198584834913821
19.916	0.199335583259112
19.956	0.20008745501783
19.996	0.200839846223618
20.036	0.201592049893963
20.076	0.202343284734039
20.116	0.203092732702187
20.156	0.203839568081531
20.196	0.204583014065613
20.236	0.205322375761471
20.276	0.206057049980587
20.316	0.206786529908349
20.356	0.20751040775757
20.396	0.208228370795966
20.436	0.208940217348195
20.476	0.209645845952634
20.516	0.210345202328655
20.556	0.211038195827908
20.596	0.211724601832802
20.636	0.212403935832495
20.676	0.213075370888451
20.716	0.213737728406036
20.756	0.214389534683888
20.796	0.21502912352076
20.836	0.215654754571937
20.876	0.216264696402127
20.916	0.216857291603306
20.956	0.217431014642384
20.996	0.217984507818488
21.036	0.218516614877839
21.076	0.219026456818978
21.116	0.219513498327473
21.156	0.219977577497266
21.196	0.220418882548646
21.236	0.220837861022726
21.276	0.221235060038397
21.316	0.221610964237042
21.356	0.221965858265308
21.396	0.222299732229596
21.436	0.222612294005925
21.476	0.222903086982947
21.516	0.223171664221192
21.556	0.223417760455501
21.596	0.22364141115232
21.636	0.22384297065633
21.676	0.224023029315521
21.716	0.224182265707772
21.756	0.224321287850013
21.796	0.224440523166336
21.836	0.224540209069444
21.876	0.224620461716121
21.916	0.224681348406758
21.956	0.224722926825679
21.996	0.2247452634143
22.036	0.224748408401563
22.076	0.224732348261882
22.116	0.224696980163987
22.156	0.224642142030812
22.196	0.22456768617634
22.236	0.224473592812487
22.276	0.224360070333295
22.316	0.224227584261314
22.356	0.224076847460593
22.396	0.22390876896732
22.436	0.22372433623378
22.476	0.223524502466087
22.516	0.22331013924446
22.556	0.223082021837067
22.596	0.222840863572946
22.636	0.222587411170313
22.676	0.222322516810297
22.716	0.222047178217089
22.756	0.221762567055594
22.796	0.221470013411619
22.836	0.221170936665776
22.876	0.220866815060274
22.916	0.220559184051824
22.956	0.220249613104162
22.996	0.219939706242413
23.036	0.219631123122546
23.076	0.219325553123571
23.116	0.219024680412516
23.156	0.218730162370219
23.196	0.218443591389084
23.236	0.218166444591461
23.276	0.217900064994632
23.316	0.217645640073393
23.356	0.217404166456633
23.396	0.217176440822209
23.436	0.216963086148022
23.476	0.216764607899937
23.516	0.216581474870902
23.556	0.216414210145169
23.596	0.216263444172224
23.636	0.216129934574686
23.676	0.216014529998625
23.716	0.215918076256628
23.756	0.215841311574761
23.796	0.26076445030955
23.836	0.260798225711344
23.876	0.260812488709327
23.916	0.260807167317462
23.956	0.260782182969222
23.996	0.260737370050011
24.036	0.260672420340117
24.076	0.260586923991443
24.116	0.260480507763378
24.156	0.260353004606595
24.196	0.260204624766389
24.236	0.260036103902134
24.276	0.259848751860994
24.316	0.259644384780866
24.356	0.259425176560659
24.396	0.259193439175297
24.436	0.258951387091057
24.476	0.258700963381537
24.516	0.258443745433829
24.556	0.25818092113848
24.596	0.257913374202965
24.636	0.257641847510069
24.676	0.257367088413258
24.716	0.257089964250478
24.756	0.256811546116476
24.796	0.256533125390097
24.836	0.256256155434531
24.876	0.255982165418423
24.916	0.255712670806019
24.956	0.25544907420188
24.996	0.255192608065806
25.036	0.254944339229348
25.076	0.254705183305985
25.116	0.254475931354802
25.156	0.254257289947963
25.196	0.254049898461567
25.236	0.253854307913503
25.276	0.253671003134343
25.316	0.253500453738577
25.356	0.253343173031656
25.396	0.253199791765954
25.436	0.253071155974893
25.476	0.252958378586625
25.516	0.25286281998904
25.556	0.252786009137653
25.596	0.252729520702253
25.636	0.252694812075875
25.676	0.252683059664607
25.716	0.252695000204306
25.756	0.252730837862158
25.796	0.252790212878423
25.836	0.252872217125879
25.876	0.252975442243441
25.916	0.253098097541004
25.956	0.253238175312893
25.996	0.253393639270991
26.036	0.253562609956377
26.076	0.253743508854475
26.116	0.253935122525691
26.156	0.254136600120796
26.196	0.254347380651199
26.236	0.254567054892631
26.276	0.254795216405076
26.316	0.255031368865321
26.356	0.255274871570453
26.396	0.255524942785765
26.436	0.255780731539619
26.476	0.25604144831487
26.516	0.256306478953149
26.556	0.256575471062024
26.596	0.25684838019452
26.636	0.257125472416076
26.676	0.257407277450024
26.716	0.257694546828312
26.756	0.257988217374622
26.796	0.258289391277523
26.836	0.258599323355267
26.876	0.258919421388261
26.916	0.259251220259193
26.956	0.259596332984915
26.996	0.259956351408926
27.036	0.260332717198438
27.076	0.260726573826403
27.116	0.261138656908544
27.156	0.261569232229628
27.196	0.262018101710327
27.236	0.262484664333665
27.276	0.2629680238095
27.316	0.263467091217587
27.356	0.263980659776436
27.396	0.264507438043116
27.436	0.265046063256558
27.476	0.265595108266514
27.516	0.266153103867357
27.556	0.266718585746802
27.596	0.267290170587691
27.636	0.26786664056244
27.676	0.268447005637901
27.716	0.269030519834906
27.756	0.269616673472222
27.796	0.270205154677456
27.836	0.270795811089818
27.876	0.271388635283269
27.916	0.271983778092949
27.956	0.272581553517922
27.996	0.273182445968339
28.036	0.273787074896696
28.076	0.274396105237895
28.116	0.275010118125115
28.156	0.275629502271719
28.196	0.276254358401958
28.236	0.276884467824678
28.276	0.277519321714584
28.316	0.27815819659986
28.356	0.278800239040973
28.396	0.279444561331702
28.436	0.280090311999078
28.476	0.280736713178943
28.516	0.281383074657994
28.556	0.282028796237829
28.596	0.282673354583395
28.636	0.283316286911564
28.676	0.283957182316672
28.716	0.284595680528292
28.756	0.285231463746616
28.796	0.285864252657851
28.836	0.286493808946735
28.876	0.287119931368201
28.916	0.287742453690711
28.956	0.288361239224428
28.996	0.28897616765658
29.036	0.289587119352877
29.076	0.290193957854953
29.116	0.290796498471966
29.156	0.291394468915217
29.196	0.291987483551301
29.236	0.292575028234345
29.276	0.293156479457593
29.316	0.293731152329885
29.356	0.294298364670145
29.396	0.294857517285229
29.436	0.29540818015327
29.476	0.295950154495009
29.516	0.296483516458227
29.556	0.297008642779443
29.596	0.297526186806045
29.636	0.298037003699881
29.676	0.298542056919641
29.716	0.299042299568914
29.756	0.299538555846019
29.796	0.30003143836461
29.836	0.30052130789589
29.876	0.301008266835
29.916	0.30149218271937
29.956	0.301972721445087
29.996	0.302449379723082
30.036	0.302921515788312
30.076	0.303388378915032
30.116	0.303849144452975
30.156	0.30430296384489
30.196	0.304749011289034
30.236	0.305186540451228
30.276	0.30561494240853
30.316	0.30603378620754
30.356	0.306442847456564
30.396	0.306842137799287
30.436	0.307231896378501
30.476	0.307612545081926
30.516	0.307984632943569
30.556	0.308348769169948
30.596	0.308705533235573
30.636	0.309055405436308
30.676	0.309398734271143
30.716	0.309735750100011
30.756	0.310066631799574
30.796	0.310391616957916
30.836	0.310711123323514
30.876	0.311025842309118
30.916	0.31133677115689
30.956	0.311645162400686
30.996	0.311952397248446
31.036	0.312259817148136
31.076	0.312568565367512
31.116	0.312879486256591
31.156	0.313193087971161
31.196	0.313509576486437
31.236	0.313828938853952
31.276	0.314151027267386
31.316	0.314475611174633
31.356	0.314802405716166
31.396	0.315131085636143
31.436	0.315461303079343
31.476	0.315792715978235
31.516	0.316125024324458
31.556	0.316458001786211
31.596	0.316791515062033
31.636	0.317125520888026
31.676	0.31746005927674
31.716	0.317795232635119
31.756	0.318131177460901
31.796	0.318468039396992
31.836	0.318805949705122
31.876	0.319144983257087
31.916	0.319485133734934
31.956	0.319826315810552
31.996	0.320168381201254
32.036	0.320511142317078
32.076	0.320854420505446
32.116	0.321198081853664
32.156	0.321542042698112
32.196	0.321886261862589
32.236	0.322230727784951
32.276	0.322575430288954
32.316	0.322920352852178
32.356	0.323265494429063
32.396	0.32361089062531
32.436	0.323956624490549
32.476	0.324302835372682
32.516	0.324649690268247
32.556	0.324997321172217
32.596	0.325345772696224
32.636	0.32569496456049
32.676	0.326044667801445
32.716	0.326394520173192
32.756	0.32674407880085
32.796	0.327092873428428
32.836	0.327440459560302
32.876	0.327786464074688
32.916	0.328130600012066
32.956	0.328472657140427
32.996	0.328812485302052
33.036	0.329149968736362
33.076	0.329484988982409
33.116	0.329817403364734
33.156	0.330147039349374
33.196	0.330473714473075
33.236	0.330797283313002
33.276	0.331117704897253
33.316	0.331435095091072
33.356	0.331749758315759
33.396	0.33206217653141
33.436	0.33237294667831
33.476	0.332682686839725
33.516	0.332991955455898
33.556	0.333301182592917
33.596	0.333610653955976
33.636	0.333920553972397
33.676	0.334231039188587
33.716	0.33454230568622
33.756	0.334854654224102
33.796	0.335168515261083
33.836	0.335484433727142
33.876	0.335803045124073
33.916	0.336125049209197
33.956	0.336451171412986
33.996	0.336782131996257
34.036	0.337118622416765
34.076	0.337461264579514
34.116	0.337810573191771
34.156	0.338166939328377
34.196	0.33853061195836
34.236	0.338901678259792
34.276	0.33928007234609
34.316	0.339665593010936
34.356	0.340057909715243
34.396	0.34045657456273
34.436	0.340861048434938
34.476	0.34127071926902
34.516	0.341684942013783
34.556	0.342103095715128
34.596	0.342524615081605
34.636	0.342949006604195
34.676	0.34337585881607
34.716	0.343804799854855
34.756	0.344235420059211
34.796	0.344667226083484
34.836	0.345099629476609
34.876	0.345531962224317
34.916	0.345963550660214
34.956	0.346393821151105
34.996	0.346822400266827
35.036	0.347249194397921
35.076	0.34767443203557
35.116	0.348098651040015
35.156	0.348522649331726
35.196	0.348947415660387
35.236	0.349374042251722
35.276	0.34980364638474
35.316	0.350237307028521
35.356	0.3506760011347
35.396	0.351120548643308
35.436	0.351571568548652
35.476	0.352029460183978
35.516	0.352494413943447
35.556	0.352966462383406
35.596	0.35344556630843
35.636	0.353931722289753
35.676	0.354425050716561
35.716	0.354925831369989
35.756	0.355434471322014
35.796	0.355951407995289
35.836	0.356476970196839
35.876	0.357011235593299
35.916	0.357553923270093
35.956	0.358104366411259
35.996	0.358661586242726
36.036	0.359224429296417
36.076	0.359791713091819
36.116	0.360362362726806
36.156	0.360935488387698
36.196	0.361510366787527
36.236	0.362086369484847
36.276	0.362662883753273
36.316	0.363239248732453
36.356	0.363814737614508
36.396	0.364388588715533
36.436	0.364960066184025
36.476	0.365528529972608
36.516	0.366093486033088
36.556	0.366654583590614
36.596	0.367211565460296
36.636	0.367764199569081
36.676	0.368312213826736
36.716	0.368855265621857
36.756	0.369392956093861
36.796	0.369924876427121
36.836	0.370450665832
36.876	0.370970053218063
36.916	0.371482850596048
36.956	0.371988901329466
36.996	0.37248801214002
37.036	0.37297988308049
37.076	0.373464065589691
37.116	0.373939977479956
37.156	0.374406965901785
37.196	0.374864381014344
37.236	0.375311626741987
37.276	0.375748184396423
37.316	0.376173593639331
37.356	0.37658743592446
37.396	0.37698936680817
37.436	0.377379203377666
37.476	0.377757037287212
37.516	0.378123367433375
37.556	0.378479199977002
37.596	0.378826060047468
37.636	0.379165919781456
37.676	0.379501087490693
37.716	0.379834066272956
37.756	0.380167437405292
37.796	0.380503779976061
37.836	0.38084561425018
37.876	0.381195360661296
37.916	0.381555321593761
37.956	0.381927654862154
37.996	0.382314335772644
38.036	0.382717129193447
38.076	0.383137566550592
38.116	0.383576932383221
38.156	0.384036254014775
38.196	0.384516300901401
38.236	0.385017595412446
38.276	0.385540434088444
38.316	0.386084909402273
38.356	0.386650938239017
38.396	0.38723827373213
38.436	0.387846513462167
38.476	0.388475105869834
38.516	0.389123366481651
38.556	0.389790501500492
38.596	0.390475660496637
38.636	0.391177990200606
38.676	0.391896664188924
38.716	0.39263089749253
38.756	0.393379942474167
38.796	0.394143055582588
38.836	0.394919453407401
38.876	0.395708263647282
38.916	0.396508472905059
38.956	0.397318888219594
38.996	0.39813813041995
39.036	0.398964650626133
39.076	0.399796790931542
39.116	0.400632864790044
39.156	0.401471240141712
39.196	0.402310414280116
39.236	0.403149072850912
39.276	0.403986111760388
39.316	0.404820635570141
39.356	0.4056519457223
39.396	0.406479548077492
39.436	0.407303171515281
39.476	0.40812278622329
39.516	0.408938601708724
39.556	0.409751049696343
39.596	0.410560731245677
39.636	0.411368347006082
39.676	0.412174615255359
39.716	0.412980166575007
39.756	0.41378543647098
39.796	0.414590596975261
39.836	0.41539550487099
39.876	0.4161996783733
39.916	0.4170023450555
39.956	0.417802539856794
39.996	0.418599202417926
40.036	0.419391279243691
40.076	0.4201778142067
40.116	0.420957977155058
40.156	0.421731037855629
40.196	0.422496311645446
40.236	0.423253104252581
40.276	0.424000694439934
40.316	0.424738372972463
40.356	0.425465533003054
40.396	0.426181777577054
40.436	0.426887005321056
40.476	0.427581447353101
40.516	0.428265655436801
40.556	0.428940442077904
40.596	0.429606768378121
40.636	0.430265632529777
40.676	0.430917959507053
40.716	0.431564500669393
40.756	0.432205744946087
40.796	0.432841854784124
40.836	0.433472603371166
40.876	0.434097337557939
40.916	0.434714987333016
40.956	0.435324125462705
40.996	0.435923056192412
41.036	0.436509917639732
41.076	0.437082769978683
41.116	0.437639654446999
41.156	0.438178602795414
41.196	0.438697646239548
41.236	0.439194827159453
41.276	0.439668227978384
41.316	0.440116014388367
41.356	0.440536499269404
41.396	0.440928197216296
41.436	0.441289861375069
41.476	0.441620478387788
41.516	0.441919230362468
41.556	0.442185402890431
41.596	0.442418282104792
41.636	0.44261705925043
41.676	0.44278079697603
41.716	0.442908440216859
41.756	0.442998905762159
41.796	0.443051192638199
41.836	0.44306450490579
41.876	0.443038344850163
41.916	0.442972577626617
41.956	0.442867470285568
41.996	0.442723729640217
42.036	0.442542518112719
42.076	0.442325446430643
42.116	0.442074549716009
42.156	0.441792210504314
42.196	0.441481019769425
42.236	0.441143631959112
42.276	0.440782634046934
42.316	0.440400437073538
42.356	0.439999241860853
42.396	0.439581070516561
42.436	0.439147806250972
42.476	0.438701235740169
42.516	0.43824310055518
42.556	0.437775104150496
42.596	0.437298872341874
42.636	0.436815890491639
42.676	0.436327455133968
42.716	0.4358346469418
42.756	0.435338334540764
42.796	0.434839215617328
42.836	0.434337869018189
42.876	0.433834793291747
42.916	0.433330401811562
42.956	0.432824970282017
42.996	0.432318554115116
43.036	0.431810937619717
43.076	0.43130164034271
43.116	0.430790017008652
43.156	0.43027543181065
43.196	0.429757455098897
43.236	0.429236034893003
43.276	0.428711594827379
43.316	0.428185025369222
43.356	0.427657584664815
43.396	0.427130774808927
43.436	0.426606217861915
43.476	0.426085543066506
43.516	0.42557032996548
43.556	0.425062105885871
43.596	0.424562370817879
43.636	0.424072636276913
43.676	0.423594472378274
43.716	0.423129525113767
43.756	0.422679496507679
43.796	0.422246089695538
43.836	0.421830945432198
43.876	0.421435569936757
43.916	0.421061291881495
43.956	0.420709276337822
43.996	0.420380578514266
44.036	0.420076204926204
44.076	0.419797191049335
44.116	0.419544634221655
44.156	0.419319655704465
44.196	0.419123304431441
44.236	0.418956430781898
44.276	0.418819539107093
44.316	0.418712699400933
44.356	0.418635541480844
44.396	0.418587322494488
44.436	0.418567062536308
44.476	0.418573705321982
44.516	0.418606240069322
44.556	0.41866378381439
44.596	0.418745656181198
44.636	0.41885141576189
44.676	0.418980868519638
44.716	0.419134064707023
44.756	0.419311278575631
44.796	0.419512954626145
44.836	0.419739625039621
44.876	0.419991786814219
44.916	0.420269768091605
44.956	0.420573610998881
44.996	0.420903003060375
45.036	0.421257251915585
45.076	0.421635326129883
45.116	0.422035958309879
45.156	0.422457807634456
45.196	0.422899628816456
45.236	0.423360413828729
45.276	0.423839485665283
45.316	0.424336521343361
45.356	0.424851478520863
45.396	0.42538446064127
45.436	0.425935560772663
45.476	0.426504729232411
45.516	0.427091708476893
45.556	0.427696062972236
45.596	0.428317263457684
45.636	0.428954809157544
45.676	0.429608342194852
45.716	0.430277703456352
45.756	0.430962908317225
45.796	0.431664066916216
45.836	0.432381284075201
45.876	0.433114595407757
45.916	0.43386394095883
45.956	0.434629182613405
45.996	0.435410146832647
46.036	0.436206668993823
46.076	0.437018608991135
46.116	0.437845846333265
46.156	0.438688248775014
46.196	0.439545633049995
46.236	0.440417756735771
46.276	0.441304343101198
46.316	0.44220511174449
46.356	0.44311980693703
46.396	0.44404820642643
46.436	0.444990095719965
46.476	0.44594522945205
46.516	0.446913309969315
46.556	0.44789397773631
46.596	0.448886834470235
46.636	0.449891491616946
46.676	0.450907607453336
46.716	0.451934907235661
46.756	0.452973186113581
46.796	0.454022268855463
46.836	0.455081921075068
46.876	0.456151785891838
46.916	0.45723135328867
46.956	0.458319943086069
46.996	0.45941671832374
47.036	0.460520719074683
47.076	0.461630860471841
47.116	0.462745888476051
47.156	0.463864348877755
47.196	0.464984571778874
47.236	0.466104684231771
47.276	0.467222718677267
47.316	0.468336764799618
47.356	0.469445101498425
47.396	0.470546327364942
47.436	0.471639490841921
47.476	0.472724129218066
47.516	0.473800221293345
47.556	0.474868112433169
47.596	0.438929376185117
47.636	0.444563247082849
47.676	0.449807445252036
47.716	0.454685480892008
47.756	0.459217798349494
47.796	0.463422431321197
47.836	0.467315908261599
47.876	0.470914095628936
47.916	0.474232748808715
47.956	0.477287667878995
47.996	0.48009455800746
48.036	0.482668752878288
48.076	0.485024948299413
48.116	0.48717716289808
48.156	0.489138901007317
48.196	0.490923308311421
48.236	0.49254329807499
48.276	0.494011613187185
48.316	0.495340734825673
48.356	0.496542662746309
48.396	0.497628708252025
48.436	0.498609330083491
48.476	0.499494029547892
48.516	0.50029131670698
48.556	0.501008725542922
48.596	0.501652878207052
48.636	0.502229565486831
48.676	0.502743858787296
48.716	0.503200230621625
48.756	0.50360268318437
48.796	0.503954858587301
48.836	0.504260128913037
48.876	0.50452164405411
48.916	0.504742363987985
48.956	0.504925080631489
48.996	0.505072435533835
49.036	0.505186931707842
49.076	0.505270957352648
49.116	0.505326807048055
49.156	0.505356688953308
49.196	0.505362715603818
49.236	0.505346885679716
49.276	0.505311068365222
49.316	0.505257003932419
49.356	0.505186326760418
49.396	0.50510061121822
49.436	0.505001431880968
49.476	0.504890415219892
49.516	0.504769271880024
49.556	0.504639804657719
49.596	0.504503889540151
49.636	0.504363435355655
49.676	0.504220337154562
49.716	0.504076435153339
49.756	0.503933483654746
49.796	0.503793123072414
49.836	0.503656852896684
49.876	0.503526010425622
49.916	0.503401753012136
49.956	0.503285031798876
49.996	0.50317656502917
50.036	0.50307681681957
50.076	0.502985984714696
50.116	0.502904009368402
50.156	0.502830606387343
50.196	0.50276531160207
50.236	0.502707535445404
50.276	0.502656622003459
50.316	0.502611894577141
50.356	0.502572685129161
50.396	0.502538355214364
50.436	0.502508309576369
50.476	0.502482002379937
50.516	0.50245894291953
50.556	0.502438701306643
50.596	0.502420910386549
50.636	0.502405262609164
50.676	0.502391503797588
50.716	0.502379421654775
50.756	0.502368832938304
50.796	0.502359571834754
50.836	0.502351481305164
50.876	0.502344406769831
50.916	0.502338192316314
50.956	0.502332681555364
50.996	0.502327722294746
51.036	0.502323174075764
51.076	0.502318919281874
51.116	0.502314878112907
51.156	0.502311025685865
51.196	0.50230740838248
51.236	0.502304158672908
51.276	0.502301506526363
51.316	0.502299787044405
51.356	0.502299444297313
51.396	0.502301030953008
51.436	0.502305203165937
51.476	0.502312711066216
51.516	0.502324386117712
51.556	0.502341129399229
51.596	0.502363904438903
51.636	0.502393738694478
51.676	0.502431733486111
51.716	0.502479080137649
51.756	0.502537078636683
51.796	0.50260715287718
51.836	0.50269085290588
51.876	0.502789840940336
51.916	0.502905864670607
51.956	0.50304071380725
51.996	0.503196158390809
52.036	0.503373885099245
52.076	0.503575439899551
52.116	0.503802179361864
52.156	0.504055233564118
52.196	0.504335498283206
52.236	0.504643646183284
52.276	0.504980150883265
52.316	0.50534533412142
52.356	0.505739438549332
52.396	0.506162703364653
52.436	0.506615426272079
52.476	0.507098000616528
52.516	0.507610885557094
52.556	0.508154502175378
52.596	0.508729102513106
52.636	0.509334660836933
52.676	0.509970815955905
52.716	0.51063688783986
52.756	0.511331986474234
52.796	0.512055162329602
52.836	0.51280555908536
52.876	0.513582542679101
52.916	0.514385783132104
52.956	0.515215263776488
52.996	0.516071219193647
53.036	0.516954033506289
53.076	0.517864079494453
53.116	0.518801525567774
53.156	0.519766129879791
53.196	0.520757076529557
53.236	0.521772876612312
53.276	0.522811356775424
53.316	0.523869722139887
53.356	0.524944749504925
53.396	0.526033034329508
53.436	0.527131236506696
53.476	0.528236337566049
53.516	0.52934590148501
53.556	0.530458212771093
53.596	0.531572373014146
53.636	0.532688381567977
53.676	0.533807145554222
53.716	0.534930365657866
53.756	0.536060423163459
53.796	0.537200217342695
53.836	0.538352938215244
53.876	0.539521827277978
53.916	0.540710055554984
53.956	0.541920649633653
53.996	0.543156504254611
54.036	0.544420415081362
54.076	0.545715104642742
54.116	0.54704323888639
54.156	0.548407454703279
54.196	0.549810379606239
54.236	0.551254651248835
54.276	0.552742900904899
54.316	0.554277708702836
54.356	0.555861482012997
54.396	0.557496205024679
54.436	0.559183021356043
54.476	0.56092180091006
54.516	0.562710790076153
54.556	0.564546405212935
54.596	0.56642320284204
54.636	0.568334082732372
54.676	0.570270648615731
54.716	0.572223609574195
54.756	0.574183171852221
54.796	0.57613928409771
54.836	0.578081701428063
54.876	0.579999973989393
54.916	0.581883434777989
54.956	0.583721218242431
54.996	0.585502352598018
55.036	0.587216003783485
55.076	0.588851817219719
55.116	0.590400202761581
55.156	0.591852499657522
55.196	0.593201046548975
55.236	0.594439236385492
55.276	0.595561527213279
55.316	0.59656340853366
55.356	0.597441325599602
55.396	0.598192639633268
55.436	0.598815532024625
55.476	0.599308876242457
55.516	0.599672098472031
55.556	0.599905073374476
55.596	0.600008091406213
55.636	0.599982003051402
55.676	0.599828412720354
55.716	0.599549912798903
55.756	0.599150336466417
55.796	0.598634958057566
55.836	0.598010482576576
55.876	0.597284901146841
55.916	0.596467176258132
55.956	0.59556674412787
55.996	0.594592967983777
56.036	0.593554727957136
56.076	0.592460123567692
56.116	0.591316355687589
56.156	0.590129860758569
56.196	0.58890651547137
56.236	0.587651793106648
56.276	0.58637094528782
56.316	0.585069110682443
56.356	0.583751261099046
56.396	0.582422229546649
56.436	0.581086812127543
56.476	0.579749796391003
56.516	0.578415992441803
56.556	0.577090356451938
56.596	0.575777912996541
56.636	0.5744835501627
56.676	0.57321183411158
56.716	0.571966836915388
56.756	0.570751911633669
56.796	0.569569706245357
56.836	0.568422320986398
56.876	0.567311503486113
56.916	0.566238931094434
56.956	0.565206600570779
56.996	0.56421706642506
57.036	0.563273522361468
57.076	0.56237982678077
57.116	0.561540413578191
57.156	0.560760047681871
57.196	0.560043516029737
57.236	0.559395366208587
57.276	0.558819747449895
57.316	0.558320357369995
57.356	0.557900551142202
57.396	0.557563525881207
57.436	0.557312488487193
57.476	0.557150776379491
57.516	0.557081869707963
57.556	0.557109294001572
57.596	0.557236420145939
57.636	0.557466244037501
57.676	0.557801157740867
57.716	0.558242758061935
57.756	0.558791705125994
57.796	0.55944764277919
57.836	0.560209152783832
57.876	0.561073725974904
57.916	0.562037783701028
57.956	0.563096770320957
57.996	0.564245323462121
58.036	0.565477462343098
58.076	0.566786734191256
58.116	0.568166357980317
58.156	0.569609270604149
58.196	0.571108146905962
58.236	0.572655409877187
58.276	0.574243216122797
58.316	0.575863443536724
58.356	0.577507760683313
58.396	0.579167688864933
58.436	0.58083468557995
58.476	0.582500223875769
58.516	0.584155848575776
58.556	0.585793156625343
58.596	0.587403848138184
58.636	0.588979839316703
58.676	0.590513442650362
58.716	0.591997639738747
58.756	0.593426403479619
58.796	0.594794922529998
58.836	0.596099766385938
58.876	0.597338961744816
58.916	0.598511871495505
58.956	0.599618908855184
58.996	0.600661201222303
59.036	0.601640159099768
59.076	0.602557134249203
59.116	0.603413261307747
59.156	0.604209489282383
59.196	0.604946739535881
59.236	0.605626222308304
59.276	0.606249715799414
59.316	0.606819690171232
59.356	0.607339311582168
59.396	0.607812272359903
59.436	0.608242398565682
59.476	0.608633344948586
59.516	0.608988479620365
59.556	0.60931088373083
59.596	0.609603561659853
59.636	0.60986981110789
59.676	0.610113540245543
59.716	0.610339470533953
59.756	0.610553256323332
59.796	0.610761422474923
59.836	0.610971144375156
59.876	0.611190009314466
59.916	0.611425817872755
59.956	0.611686356966679
59.996	0.611979244166298
60.036	0.612311815123523
60.076	0.612690989950005
60.116	0.613123023379138
60.156	0.613613224882343
60.196	0.614165676086854
60.236	0.614783013011149
60.276	0.615466265582167
60.316	0.616214881874823
60.356	0.617026892692206
60.396	0.617899126682321
60.436	0.618827500656657
60.476	0.61980728432116
60.516	0.620833342310421
60.556	0.621900404679202
60.596	0.623003404460224
60.636	0.624137796119671
60.676	0.625299802767417
60.716	0.626486556222956
60.756	0.627696095064305
60.796	0.628927172856296
60.836	0.630178910837092
60.876	0.631450343578402
60.916	0.632740019338543
60.956	0.63404567806408
60.996	0.635364071250706
61.036	0.636690929869864
61.076	0.638021119953429
61.116	0.639348824352776
61.156	0.640667769395902
61.196	0.641971426302606
61.236	0.643253178853318
61.276	0.644506481872956
61.316	0.645725026935196
61.356	0.646902905192551
61.396	0.648034776505863
61.436	0.649116063015821
61.476	0.650143137940473
61.516	0.651113422802115
61.556	0.652025385520147
61.596	0.652878449478256
61.636	0.653672823275548
61.676	0.654409268630114
61.716	0.655088848054015
61.756	0.655712674481357
61.796	0.656281708189165
61.836	0.656796655319731
61.876	0.657257983314885
61.916	0.657666013241052
61.956	0.658021045511046
61.996	0.658323502378111
62.036	0.658574017464954
62.076	0.65877342381772
62.116	0.658922709040783
62.156	0.659022942376428
62.196	0.659075188825356
62.236	0.659080446686114
62.276	0.659039621161464
62.316	0.658953530074034
62.356	0.658822969935709
62.396	0.65864883132927
62.436	0.658432220993923
62.476	0.658174610637982
62.516	0.657878012394425
62.556	0.657545151254102
62.596	0.657179606199167
62.636	0.656785912784907
62.676	0.656369564417288
62.716	0.655936931882855
62.756	0.65549511781408
62.796	0.655051721294022
62.836	0.654614594079511
62.876	0.654191673053635
62.916	0.65379083640103
62.956	0.653419809359307
62.996	0.653086122506901
63.036	0.652797013105435
63.076	0.652559205431764
63.116	0.652378620532739
63.156	0.652260078891803
63.196	0.652207078968952
63.236	0.65222172211335
63.276	0.652304762517535
63.316	0.65245579450358
63.356	0.652673450344594
63.396	0.652955489913674
63.436	0.65329881197417
63.476	0.653699441956268
63.516	0.654152515882403
63.556	0.654652329540132
63.596	0.655192499091994
63.636	0.655766206433194
63.676	0.656366483282748
63.716	0.656986490522045
63.756	0.657619683443802
63.796	0.658259843270963
63.836	0.658901003014329
63.876	0.659537304606999
63.916	0.6601628254503
63.956	0.660771437773495
63.996	0.661356768687503
64.036	0.661912300955959
64.076	0.662431564951721
64.116	0.662908374379775
64.156	0.663337083371506
64.196	0.66371280482109
64.236	0.664031535147255
64.276	0.664290214129619
64.316	0.66448672421012
64.356	0.664619857714708
64.396	0.664689299688879
64.436	0.664695637961846
64.476	0.664640395689835
64.516	0.664526076548856
64.556	0.664356187843177
64.596	0.664135210525628
64.636	0.663868519743279
64.676	0.66356227691904
64.716	0.663223319704463
64.756	0.662859073571568
64.796	0.662477459516312
64.836	0.662086768434242
64.876	0.661695482563881
64.916	0.661312058478575
64.956	0.660944653949996
64.996	0.660600875276289
65.036	0.660287596440197
65.076	0.660010854986057
65.116	0.659775783341008
65.156	0.659586565241593
65.196	0.659446376189217
65.236	0.659357290698986
65.276	0.659320166350616
65.316	0.659334542169735
65.356	0.659398597513679
65.396	0.659509216278755
65.436	0.659662168852847
65.476	0.659852391922412
65.516	0.660074310453099
65.556	0.660322150511278
65.596	0.660590214037713
65.636	0.66087308660855
65.676	0.661165721239602
65.716	0.661463456970822
65.756	0.661762044724778
65.796	0.662057656671621
65.836	0.662346882654908
65.876	0.662626745750469
65.916	0.662894700518458
65.956	0.663148603243977
65.996	0.663386669882346
66.036	0.663607430047637
66.076	0.663809674866605
66.116	0.663992419638987
66.156	0.664154887473226
66.196	0.664296511290274
66.236	0.664416921020642
66.276	0.664515928479449
66.316	0.664593518700423
66.356	0.664649839356885
66.396	0.664685189723905
66.436	0.664700025270658
66.476	0.664694974034322
66.516	0.664670854340603
66.556	0.664628682802592
66.596	0.664569652957573
66.636	0.664495076750886
66.676	0.664406291714246
66.716	0.664304531497967
66.756	0.664190797584024
66.796	0.664065762439467
66.836	0.663929708149199
66.876	0.663782505392295
66.916	0.663623647878642
66.956	0.663452321854828
66.996	0.663267509342839
67.036	0.663068096753249
67.076	0.66285299941749
67.116	0.662621281056291
67.156	0.662372250905021
67.196	0.662105493515242
67.236	0.66182084215176
67.276	0.661518280725351
67.316	0.661197799210231
67.356	0.660859225542681
67.396	0.660502077092719
67.436	0.66012546403551
67.476	0.659728056545375
67.516	0.659308128958009
67.556	0.658863663988181
67.596	0.658392496953922
67.636	0.657892511350511
67.676	0.657361856892441
67.716	0.656799145500087
67.756	0.656203593317939
67.796	0.655575082991412
67.836	0.654914133271346
67.876	0.654221761439859
67.916	0.653499284764662
67.956	0.652748091783847
67.996	0.651969439013345
68.036	0.651164333863246
68.076	0.650333544946644
68.116	0.649477709598349
68.156	0.648597555163507
68.196	0.647694167094295
68.236	0.646769271588715
68.276	0.645825483173425
68.316	0.644866484962852
68.356	0.643897146209936
68.396	0.642923614509083
68.436	0.64195333610445
68.476	0.640995003372291
68.516	0.640058396060835
68.556	0.63915408219629
68.596	0.638293000834411
68.636	0.637485988067075
68.676	0.636743277668515
68.716	0.636074050713139
68.756	0.635486126380213
68.796	0.634985798235096
68.836	0.634577778619319
68.876	0.634265273673119
68.916	0.634050115147661
68.956	0.633932826621308
68.996	0.63391271839715
69.036	0.633988016380879
69.076	0.634155944348892
69.116	0.634412828546518
69.156	0.6347543235294
69.196	0.635175641310035
69.236	0.635671749278707
69.276	0.636237574975898
69.316	0.636868153198003
69.356	0.637558605019739
69.396	0.638304054401587
69.436	0.639099544896228
69.476	0.639939926363247
69.516	0.640819763308674
69.556	0.64173335972435
69.596	0.642674807600637
69.636	0.643637988414637
69.676	0.64461658866596
69.716	0.645604161350549
69.756	0.646594188885203
69.796	0.647580154301314
69.836	0.648555674776228
69.876	0.649514635473432
69.916	0.650451252142776
69.956	0.651360090437558
69.996	0.652236056015234
70.036	0.653074356721611
70.076	0.653870504308956
70.116	0.654620401775967
70.156	0.655320491562335
70.196	0.655967874530152
70.236	0.656560387208931
70.276	0.657096647708644
70.316	0.657576037944091
70.356	0.657998611484065
70.396	0.658364989533917
70.436	0.658676242890858
70.476	0.658933753871406
70.516	0.659139101629364
70.556	0.659293983001233
70.596	0.659400129047857
70.636	0.659459224096712
70.676	0.65947284572619
70.716	0.659442386160652
70.756	0.65936893959498
70.796	0.659253206141813
70.836	0.659095401403597
70.876	0.658895189526236
70.916	0.658651662678928
70.956	0.658363383605804
70.996	0.658028492772609
71.036	0.657644857511548
71.076	0.657210223424094
71.116	0.656722370539543
71.156	0.656179266328399
71.196	0.655579221302389
71.236	0.654921033881154
71.276	0.654204101361589
71.316	0.653428431721343
71.356	0.652594620251447
71.396	0.838451420373314
71.436	0.836602496365881
71.476	0.834658885054946
71.516	0.832628800526447
71.556	0.830521783247004
71.596	0.828348698499408
71.636	0.826121746849676
71.676	0.823854363247303
71.716	0.821560942788462
71.756	0.819256545330273
71.796	0.81695651180743
71.836	0.81467596356968
71.876	0.812429314668218
71.916	0.81022986902391
71.956	0.808089411691039
71.996	0.806018009099756
72.036	0.804024049873089
72.076	0.80211449462713
72.116	0.800295269452572
72.156	0.798571648887016
72.196	0.796948417929695
72.236	0.795429858859929
72.276	0.794019567437839
72.316	0.792720180280636
72.356	0.791533174909159
72.396	0.790458827414266
72.436	0.789496287367623
72.476	0.788643812027257
72.516	0.787899001727379
72.556	0.787258885669839
72.596	0.786719886584915
72.636	0.786277721241131
72.676	0.785927273835394
72.716	0.785662576018805
72.756	0.785476917031755
72.796	0.78536303840195
72.836	0.785313402763773
72.876	0.785320448393673
72.916	0.785376746394018
72.956	0.785475041311525
72.996	0.785608180194227
73.036	0.785768976461167
73.076	0.785950085218214
73.116	0.786143976076811
73.156	0.786343025168673
73.196	0.786539687364847
73.236	0.786726686169356
73.276	0.786897135963482
73.316	0.78704453023354
73.356	0.787162695227249
73.396	0.787245820738331
73.436	0.787288567839379
73.476	0.787286400453535
73.516	0.787236188600456
73.556	0.787136856071623
73.596	0.786989968385296
73.636	0.786800243211584
73.676	0.786575775808455
73.716	0.786327970943542
73.756	0.786071306934868
73.796	0.78582292125844
73.836	0.785602076163595
73.876	0.785429666099883
73.916	0.785327724873962
73.956	0.78531892293098
73.996	0.785426079283237
74.036	0.785671648942905
74.076	0.78607717525794
74.116	0.786662729102158
74.156	0.78744631621613
74.196	0.788443262836562
74.236	0.789665565171415
74.276	0.79112113287054
74.316	0.792813050349036
74.356	0.794738967659807
74.396	0.796890654362667
74.436	0.799253746616014
74.476	0.801807876514086
74.516	0.804527194660135
74.556	0.807381221190905
74.596	0.81033600884987
74.636	0.813355671573287
74.676	0.816404141346549
74.716	0.819446922650013
74.756	0.82245256345885
74.796	0.8253937565058
74.836	0.828247956314225
74.876	0.830997466160522
74.916	0.833629098777902
74.956	0.836133555545427
74.996	0.838504717488302
75.036	0.840739017214656
75.076	0.842834919569622
75.116	0.844792461849391
75.156	0.846612940444484
75.196	0.848298765672137
75.236	0.849853325973935
75.276	0.851280783032049
75.316	0.852585860977111
75.356	0.853773701748818
75.396	0.854849729640062
75.436	0.85581952302358
75.476	0.856688724425194
75.516	0.857463007015067
75.556	0.8581480627773
75.596	0.858749573320051
75.636	0.859273197337483
75.676	0.859724547933563
75.716	0.860109117410399
75.756	0.860432210733531
75.796	0.860698866970491
75.836	0.860913723397953
75.876	0.861080876774079
75.916	0.861203796586675
75.956	0.861285249060582
75.996	0.861327236202701
76.036	0.861330994105185
76.076	0.861297004636068
76.116	0.861225007915838
76.156	0.861114040469555
76.196	0.860962491721576
76.236	0.860768135708806
76.276	0.860528208469457
76.316	0.860239502621081
76.356	0.859898471976347
76.396	0.859501343295459
76.436	0.85904426421207
76.476	0.858523429128308
76.516	0.857935210184916
76.556	0.857276254153486
76.596	0.856543609950119
76.636	0.855734934314167
76.676	0.854848799293034
76.716	0.853885037172159
76.756	0.852845156284555
76.796	0.851732707022617
76.836	0.850553493965872
76.876	0.849315537795274
76.916	0.848028784775064
76.956	0.846704564261383
76.996	0.845354915580938
77.036	0.8439919313148
77.076	0.842627192449523
77.116	0.841271380717782
77.156	0.839934118865923
77.196	0.838624035361644
77.236	0.837348922983221
77.276	0.83611595841462
77.316	0.834931915610451
77.356	0.833803266880931
77.396	0.832736110043538
77.436	0.83173596041382
77.476	0.830807368331701
77.516	0.829953471341565
77.556	0.829175625554907
77.596	0.828473155779161
77.636	0.827843183671231
77.676	0.827280685734589
77.716	0.826778695092468
77.756	0.826328541819304
77.796	0.825920175477261
77.836	0.825542596468022
77.876	0.825184306938691
77.916	0.824833786253091
77.956	0.824479968631803
77.996	0.824112753930617
78.036	0.823723475616131
78.076	0.823305370303569
78.116	0.822853965487194
78.156	0.822367362387208
78.196	0.821846277126408
78.236	0.821293902530538
78.276	0.820715560239645
78.316	0.820118187885623
78.356	0.819509759902925
78.396	0.81889876297539
78.436	0.818293707415105
78.476	0.817702765200831
78.516	0.817133589891792
78.556	0.816593317142246
78.596	0.816088655609502
78.636	0.815626004532657
78.676	0.815211583396984
78.716	0.814851546852392
78.756	0.814551990105311
78.796	0.814318801433796
78.836	0.81415753151455
78.876	0.814073283848796
78.916	0.81407064251982
78.956	0.814153782830214
78.996	0.814326804846257
79.036	0.81459404371132
79.076	0.814960351998163
79.116	0.81543131360635
79.156	0.816013213370322
79.196	0.816712744951115
79.236	0.817536675552216
79.276	0.818491488102591
79.316	0.81958302157312
79.356	0.82081623252348
79.396	0.822195001583733
79.436	0.823721786306532
79.476	0.825397168489044
79.516	0.827219367472079
79.556	0.829183612467357
79.596	0.831281492698718
79.636	0.833500517412599
79.676	0.835823881961002
79.716	0.838230377892426
79.756	0.840694507629603
79.796	0.843186870158501
79.836	0.845674768549795
79.876	0.848123057294796
79.916	0.850495303910304
79.956	0.852755100760771
79.996	0.854867465900352
80.036	0.856800205848412
80.076	0.85852504072302
80.116	0.860018332163119
80.156	0.861261466291946
80.196	0.862240939279513
80.236	0.862948229952995
80.276	0.863379582755162
80.316	0.863535841067705
80.356	0.863422340902101
80.396	0.863048840778173
80.436	0.862429424078453
80.476	0.86158229665654
80.516	0.860529441343726
80.556	0.859296123138687
80.596	0.857910294549821
80.636	0.856401904755511
80.676	0.854802143044434
80.716	0.853142595068878
80.756	0.851454307594611
80.796	0.849766810118208
80.836	0.848107258082667
80.876	0.846499704337088
80.916	0.844964569072385
80.956	0.843518383216537
80.996	0.842173801093406
81.036	0.840939755507446
81.076	0.839821748041121
81.116	0.838822222731903
81.156	0.837940943709039
81.196	0.837175407364089
81.236	0.836521322340712
81.276	0.835973085496885
81.316	0.835524256424012
81.356	0.835167989504892
81.396	0.834897391181062
81.436	0.834705781289966
81.476	0.834586842663992
81.516	0.834534647004542
81.556	0.83454361709391
81.596	0.834608426594055
81.636	0.834723840885484
81.676	0.834884581672394
81.716	0.83508522256307
81.756	0.835320087381955
81.796	0.83558319663673
81.836	0.835868236150393
81.876	0.836168498160244
81.916	0.836476851559038
81.956	0.836785776372469
81.996	0.837087395066103
82.036	0.837373542421926
82.076	0.837635927320495
82.116	0.837866358270585
82.156	0.838057016662663
82.196	0.838200728341132
82.236	0.838291154927166
82.276	0.83832294348279
82.316	0.838291885465136
82.356	0.838195057328743
82.396	0.838030965873802
82.436	0.837799696331576
82.476	0.837503011636915
82.516	0.837144366058535
82.556	0.836728783113866
82.596	0.836262611930447
82.636	0.835753247545053
82.676	0.835208885257085
82.716	0.83463837483448
82.756	0.834051184978538
82.796	0.833457349583359
82.836	0.832867326486745
82.876	0.832291791398713
82.916	0.831741338468394
82.956	0.831226072695916
82.996	0.830755255069167
83.036	0.830337066861173
83.076	0.829978473719091
83.116	0.829685200932165
83.156	0.829461780568938
83.196	0.82931156537661
83.236	0.829236677304625
83.276	0.829237855101024
83.316	0.829314215125638
83.356	0.829463026654611
83.396	0.82967958139589
83.436	0.829957203361598
83.476	0.830287426313109
83.516	0.830660305792787
83.556	0.831064791427007
83.596	0.831489109953136
83.636	0.831921088449423
83.676	0.832348452070381
83.716	0.832759195064821
83.756	0.833141967909111
83.796	0.833486440101861
83.836	0.833783642824269
83.876	0.834026206626991
83.916	0.834208393445518
83.956	0.834325995353208
83.996	0.834376125164713
84.036	0.834357019887431
84.076	0.834267960595557
84.116	0.834109335389076
84.156	0.83388277428212
84.196	0.833591400314358
84.236	0.83324013042655
84.276	0.832835963309531
84.316	0.832388235927429
84.356	0.83190888548906
84.396	0.831412655927824
84.436	0.830917219966981
84.476	0.830443101602842
84.516	0.830013351330575
84.556	0.829652993995762
84.596	0.829388235486473
84.636	0.829245448837423
84.676	0.829250034734674
84.716	0.829425209233722
84.756	0.829790777352923
84.796	0.83036200769698
84.836	0.831148725263876
84.876	0.832154707581015
84.916	0.833377407410037
84.956	0.834807962282337
84.996	0.836431485561047
85.036	0.838227556100552
85.076	0.8401708112706
85.116	0.842231636176347
85.156	0.844376947914373
85.196	0.846570963365654
85.236	0.848775975442972
85.276	0.85095310750226
85.316	0.853063083474911
85.356	0.855067090509788
85.396	0.856927743952188
85.436	0.858610065892723
85.476	0.860082508086567
85.516	0.861317928375907
85.556	0.862294360769564
85.596	0.862995509878115
85.636	0.863410928680064
85.676	0.863535864420935
85.716	0.863370861163727
85.756	0.862921212201766
85.796	0.862196374597328
85.836	0.86120945292372
85.876	0.859976768008774
85.916	0.858517488029204
85.956	0.856853293290225
85.996	0.85500791391706
86.036	0.853006433782124
86.076	0.850874300202076
86.116	0.848636142140347
86.156	0.846314601537923
86.196	0.843929449357557
86.236	0.841497069790758
86.276	0.839030481620082
86.316	0.836539884488555
86.356	0.834033516760737
86.396	0.831518534696297
86.436	0.829001818076474
86.476	0.826490562011994
86.516	0.823992587141088
86.556	0.82151637043091
86.596	0.819070877230455
86.636	0.816665262665662
86.676	0.814308574796254
86.716	0.812009496218206
86.756	0.809776136537291
86.796	0.807615940370095
86.836	0.805535711706252
86.876	0.80354161936469
86.916	0.801639189031714
86.956	0.799833359133071
86.996	0.798128601475664
87.036	0.796529092411586
87.076	0.795038852480882
87.116	0.793661750726923
87.156	0.792401306340519
87.196	0.791260289531774
87.236	0.790240169063647
87.276	0.789340586621687
87.316	0.788559023160612
87.356	0.787890707912933
87.396	0.787328765176763
87.436	0.786864581718088
87.476	0.7864882669903
87.516	0.786189162131944
87.556	0.785956349712887
87.596	0.78577913313006
87.636	0.785647431835184
87.676	0.785552107215533
87.716	0.785485184655325
87.756	0.785439987640881
87.796	0.785411210799008
87.836	0.785394964637359
87.876	0.785388807489351
87.916	0.785391772179434
87.956	0.785404380002131
87.996	0.785428632961025
88.036	0.785467982677769
88.076	0.785527292732223
88.116	0.785612825124741
88.156	0.785732284928994
88.196	0.785894921353528
88.236	0.786111645492792
88.276	0.786395073462455
88.316	0.786759380568622
88.356	0.787219895128597
88.396	0.787792433037989
88.436	0.788492423629091
88.476	0.789333933869241
88.516	0.79032875721769
88.556	0.791485663409201
88.596	0.792809816978188
88.636	0.794302409829481
88.676	0.795960513649444
88.716	0.797777121381113
88.756	0.799741400173229
88.796	0.801839138507841
88.836	0.804053370259833
88.876	0.806365153133367
88.916	0.80875444311965
88.956	0.811200881549038
88.996	0.813684480971684
89.036	0.816186161890382
89.076	0.818688119588384
89.116	0.821173962578808
89.156	0.823628777796269
89.196	0.82603910514089
89.236	0.828392871028608
89.276	0.830679193932365
89.316	0.83288822316646
89.356	0.835010979989104
89.396	0.837039286954049
89.436	0.838965768873006
89.476	0.840784021585716
89.516	0.842488913276565
89.556	0.844076934119354
89.596	0.845546483062474
89.636	0.846897987938458
89.676	0.848133765481361
89.716	0.849257708698499
89.756	0.850274884845501
89.796	0.851191070382921
89.836	0.852012367675439
89.876	0.85274497504329
89.916	0.853395096968551
89.956	0.853968940929843
89.996	0.854472798290583
90.036	0.854913105664192
90.076	0.855296442903789
90.116	0.855629448059698
90.156	0.855918696533291
90.196	0.856170564316439
90.236	0.856391127350502
90.276	0.856586109228058
90.316	0.856760863042876
90.356	0.856920358204331
90.396	0.85706914860398
90.436	0.857086005672425
90.476	0.857205834570433
90.516	0.857421834368804
90.556	0.857720634455145
90.596	0.858085257740978
90.636	0.858497572119443
90.676	0.8589400550816
90.716	0.859396899217725
90.756	0.859854578818894
90.796	0.860302030164004
90.836	0.860730584091183
90.876	0.861133759903321
90.916	0.861506994417073
90.956	0.86184735517659
90.996	0.86215326361916
91.036	0.862424243174654
91.076	0.862660697937084
91.116	0.8628637219858
91.156	0.863034936241217
91.196	0.863176350174701
91.236	0.863290244467816
91.276	0.863379071470955
91.316	0.863445371341012
91.356	0.863491703171402
91.396	0.863520590274842
91.436	0.863534478809786
91.476	0.863535707902518
91.516	0.863526489144494
91.556	0.863508893066115
91.596	0.863484840427891
91.636	0.863456096980418
91.676	0.863424270962948
91.716	0.863390812687367
91.756	0.863357015695524
91.796	0.863324019090907
91.836	0.863292810718658
91.876	0.863264230982974
91.916	0.863238977410365
91.956	0.86321761018743
91.996	0.863200558757907
92.036	0.863188129043774
92.076	0.863180510902691
92.116	0.863177785421168
92.156	0.863179931779879
92.196	0.863186833174968
92.236	0.863198281878734
92.276	0.863213983546036
92.316	0.86323356096214
92.356	0.86325655726657
92.396	0.863282439018203
92.436	0.86331059907992
92.476	0.863340359363253
92.516	0.863370973543386
92.556	0.863401629827774
92.596	0.863431453611451
92.636	0.863459509790747
92.676	0.863484804814309
92.716	0.863506288418005
92.756	0.863522855079925
92.796	0.86353334535411
92.836	0.863536547470186
92.876	0.863531199468962
92.916	0.863515992083631
92.956	0.86348957229804
92.996	0.863450547185781
93.036	0.863397487494748
93.076	0.863328930507148
93.116	0.863243381938279
93.156	0.863139317015442
93.196	0.863015181247572
93.236	0.862869391140034
93.276	0.862700334984101
93.316	0.862506373949525
93.356	0.862285843347362
93.396	0.862037053725199
93.436	0.86175829191944
93.476	0.861447822627422
93.516	0.861103890607804
93.556	0.860724723577018
93.596	0.86030853619911
93.636	0.859853534910567
93.676	0.859357923213619
93.716	0.858819907455906
93.756	0.85823770294898
93.796	0.857609539812881
93.836	0.856933669329006
93.876	0.856208370563973
93.916	0.855431957114344
93.956	0.854602784275126
93.996	0.853719257400254
94.036	0.85277984012188
94.076	0.851783063138594
94.116	0.85072753391459
94.156	0.849611948109096
94.196	0.848435102166345
94.236	0.847195908700908
94.276	0.845893415172082
94.316	0.844526825575581
94.356	0.843095525204301
94.396	0.841599108105139
94.436	0.840037405317457
94.476	0.838410513914351
94.516	0.836718827548477
94.556	0.834963067618855
94.596	0.833144316491182
94.636	0.831264054889427
94.676	0.829324206367868
94.716	0.827327189581691
94.756	0.825275980929884
94.796	0.823174186784708
94.836	0.821026123991881
94.876	0.818836905545421
94.916	0.81661252908216
94.956	0.814359967401057
94.996	0.812087262791049
95.036	0.809803624329941
95.076	0.807519525864603
95.116	0.805246805061113
