0.036	0.134044795012466
0.076	0.133663737369
0.116	0.133250854536643
0.156	0.132806483707272
0.196	0.13233097348254
0.236	0.131824679778967
0.276	0.131287964726512
0.316	0.130721197861471
0.356	0.130124758493418
0.396	0.129499040577864
0.436	0.128844460928095
0.476	0.128161468220187
0.516	0.127450548496798
0.556	0.126712228376748
0.596	0.125947077185979
0.636	0.125155706832958
0.676	0.124338771203407
0.716	0.123496967064485
0.756	0.122631034742968
0.796	0.121741757103814
0.836	0.120829956059206
0.876	0.119896486948706
0.916	0.118942231075595
0.956	0.1179680893139
0.996	0.116974977123791
1.036	0.115963821536718
1.076	0.114935559506252
1.116	0.113891137764407
1.156	0.112831511957937
1.196	0.111757644160798
1.236	0.110670499615866
1.276	0.109571044109446
1.316	0.10846024163015
1.356	0.107339053483509
1.396	0.106208439022582
1.436	0.105069357794735
1.476	0.103922772313938
1.516	0.10276965088204
1.556	0.101610968708899
1.596	0.100447707053663
1.636	0.0992808512503434
1.676	0.0981113867934855
1.716	0.096940293197699
1.756	0.0957685371802857
1.796	0.0945970667362648
1.836	0.0934268065721628
1.876	0.0922586563526568
1.916	0.0910934920117672
1.956	0.0899321693963291
1.996	0.0887755295026569
2.036	0.0876244041878511
2.076	0.0864796202662479
2.116	0.0853420021149152
2.156	0.0842123729228437
2.196	0.0830915541500179
2.236	0.0819803630888973
2.276	0.0808796104741507
2.316	0.0797900979384156
2.356	0.0787126157279037
2.396	0.0776479412583431
2.436	0.076596837990758
2.476	0.075560053945269
2.516	0.0745383212814463
2.556	0.07353235626824
2.596	0.072542859395698
2.636	0.071570516509583
2.676	0.0706160010309365
2.716	0.0696799762315923
2.756	0.0687630977042577
2.796	0.0678660150600923
2.836	0.0669893725849438
2.876	0.0661338088371668
2.916	0.0652999555694596
2.956	0.0644884365523328
2.996	0.0636998677286176
3.036	0.0629348590552059
3.076	0.0621940178732334
3.116	0.0614779535011483
3.156	0.0607872821208151
3.196	0.0601226311534564
3.236	0.0594846429007081
3.276	0.0588739768980222
3.316	0.0582913107249023
3.356	0.0577373396928156
3.396	0.0572127754801475
3.436	0.056718344035362
3.476	0.0562547837096847
3.516	0.0558228438539619
3.556	0.0554232836083113
3.596	0.0550568711098602
3.636	0.0547243827093968
3.676	0.054426601515269
3.716	0.0541643148359139
3.756	0.0539383107748304
3.796	0.0537493737976238
3.836	0.0535982797016441
3.876	0.0534857904620996
3.916	0.0534126489873135
3.956	0.0533795734088631
3.996	0.0533872501040218
4.036	0.0534363237386284
4.076	0.0535273823343534
4.116	0.053660935182398
4.156	0.0538373808266659
4.196	0.0540569622849798
4.236	0.0543197063630867
4.276	0.0546253434020816
4.316	0.0549732033633266
4.356	0.0553620844977001
4.396	0.0557900911064255
4.436	0.0562544406697487
4.476	0.0567512463713644
4.516	0.0572752915236574
4.556	0.0578198293590884
4.596	0.0583764641093065
4.636	0.0589351933481677
4.676	0.0594847108940488
4.716	0.0600130648665544
4.756	0.060508716077992
4.796	0.0609233814434251
4.836	0.0613005475217729
4.876	0.0616374396438371
4.916	0.061932122004146
4.956	0.0621835333227825
4.996	0.0623915068766383
5.036	0.0625567477674576
5.076	0.0626807620678438
5.116	0.062765745803274
5.156	0.0628144338403036
5.196	0.0628299309469202
5.236	0.062815557143308
5.276	0.0627747223531347
5.316	0.0627108313812723
5.356	0.062627217190526
5.396	0.0625270941005756
5.436	0.0624135293203825
5.476	0.0622894366298059
5.516	0.0621575834208858
5.556	0.062020609097603
5.596	0.0618810464457216
5.636	0.0617413305526373
5.676	0.0616037840514227
5.716	0.061470595827382
5.756	0.0613437964004984
5.796	0.0612252389336003
5.836	0.0611165787442634
5.876	0.0610192625036685
5.916	0.0609345200792024
5.956	0.0608633461177188
5.996	0.0608064689324177
6.036	0.0607643308121286
6.076	0.0607370780709697
6.116	0.0607245709428152
6.156	0.0607264238303369
6.196	0.0607420802661967
6.236	0.060770911839219
6.276	0.0608123257937709
6.316	0.0608658493816474
6.356	0.0609311673830586
6.396	0.0610081050508402
6.436	0.0610965438708408
6.476	0.0611962735022882
6.516	0.061306811445073
6.556	0.0614272373376377
6.596	0.0615560902568131
6.636	0.0616913614192978
6.676	0.0618305745174599
6.716	0.0619709336392891
6.756	0.0621094978969072
6.796	0.062243328887801
6.836	0.0623695845582741
6.876	0.0624855675507288
6.916	0.0625887241463605
6.956	0.0626766090360942
6.996	0.0627468408739329
7.036	0.0627970643966602
7.076	0.0628249240183525
7.116	0.0628280603479876
7.156	0.0628041309046754
7.196	0.062750853029323
7.236	0.0626660698958847
7.276	0.0625478300174951
7.316	0.0623944686202709
7.356	0.0622046845782069
7.396	0.0619776063526469
7.436	0.0617128428841642
7.476	0.0614105269903948
7.516	0.0610713497641502
7.556	0.0606965947671849
7.596	0.0602881790298841
7.636	0.0598487031867432
7.676	0.059381503931645
7.716	0.0588907031150097
7.756	0.0583812387677707
7.796	0.057858867197476
7.836	0.0573301295541686
7.876	0.0568022755134923
7.916	0.0562831518150855
7.956	0.0557810612168783
7.996	0.0553045918374995
8.036	0.0548624267799216
8.076	0.0544631535084026
8.116	0.0541150847454812
8.156	0.0538260955450571
8.196	0.0536034781053818
8.236	0.053453814104282
8.276	0.0533828686035722
8.316	0.0533955108482846
8.356	0.0534956696806095
8.396	0.0536863313230374
8.436	0.0539695805559521
8.476	0.05434667692891
8.516	0.0548181440435034
8.556	0.0553838521296388
8.596	0.0560430819624305
8.636	0.0567945592528201
8.676	0.0576364574660548
8.716	0.0585663974397566
8.756	0.0595814681114337
8.796	0.0606782824468244
8.836	0.061853063069238
8.876	0.0631017480561855
8.916	0.0644201108168279
8.956	0.0658038798272518
8.996	0.0672488459985932
9.036	0.0687509521023291
9.076	0.0703063602225971
9.116	0.071911494714465
9.156	0.0735630492715575
9.196	0.0752579258105062
9.236	0.0769930948188335
9.276	0.0787654029934419
9.316	0.0805713289039449
9.356	0.0824067486044004
9.396	0.0842667686846799
9.436	0.0861456374597314
9.476	0.0880367392457604
9.516	0.0899326746783888
9.556	0.091825393081189
9.596	0.0937063307733101
9.636	0.0955666089597305
9.676	0.0973972255383746
9.716	0.0991892090997499
9.756	0.100933731405066
9.796	0.102622208083419
9.836	0.104246342591212
9.876	0.105798176287168
9.916	0.107270181658729
9.956	0.108655357335289
9.996	0.109947287658544
10.036	0.11114024311693
10.076	0.112229249817867
10.116	0.113210116804668
10.156	0.11407945891891
10.196	0.11483474508522
10.236	0.115474306877518
10.276	0.115997418328186
10.316	0.116404446655062
10.356	0.116696987212622
10.396	0.116877946725106
10.436	0.116951526723421
10.476	0.116923009762006
10.516	0.11679838986524
10.556	0.116583966158894
10.596	0.116285969990303
10.636	0.115910296618518
10.676	0.11546237276985
10.716	0.114947137638
10.756	0.114369095213577
10.796	0.113732396191738
10.836	0.11304087093963
10.876	0.11229804802664
10.916	0.11150722038118
10.956	0.110671553628331
10.996	0.109794256907827
11.036	0.108878825498332
11.076	0.107929287209346
11.116	0.106950416617098
11.156	0.105947879064582
11.196	0.104928300458797
11.236	0.103899250315836
11.276	0.102869130406065
11.316	0.101846878797888
11.356	0.100841547976957
11.396	0.0998617789176368
11.436	0.0989152823993766
11.476	0.0980084314834802
11.516	0.0971460337702386
11.556	0.0963312558139169
11.596	0.095565782532022
11.636	0.0948501137466113
11.676	0.0941838570660014
11.716	0.0935659689796626
11.756	0.0929950180430925
11.796	0.0924693389291793
11.836	0.0919871077915193
11.876	0.0915464433085678
11.916	0.0911455365922595
11.956	0.0907827502781533
11.996	0.0904567245195995
12.036	0.0901664735607586
12.076	0.0899114424080754
12.116	0.0896915544944097
12.156	0.0895072014696101
12.196	0.0893591424870852
12.236	0.0892483304587035
12.276	0.0891757550444598
12.316	0.0891422728414017
12.356	0.0891484505240161
12.396	0.0891944701277669
12.436	0.0892801610561467
12.476	0.0894051237560678
12.516	0.0895689532630843
12.556	0.0897714591951075
12.596	0.0900127946739619
12.636	0.0902934737363399
12.676	0.0906142807087154
12.716	0.09097602904661
12.756	0.0913793177651261
12.796	0.0918244168646627
12.836	0.0923112811316518
12.876	0.0928396653863022
12.916	0.0934093814703179
12.956	0.0940205575640025
12.996	0.0946737702990266
13.036	0.0953699904400569
13.076	0.0961103270948573
13.116	0.0968955946510608
13.156	0.0977258953470415
13.196	0.0986003170454115
13.236	0.0995167654137834
13.276	0.10047192751445
13.316	0.101461411914338
13.356	0.102479925653059
13.396	0.103521396802934
13.436	0.104579042278369
13.476	0.105645510534375
13.516	0.106713062313604
13.556	0.10777386050137
13.596	0.108820335474265
13.636	0.109845556806826
13.676	0.110843470861505
13.716	0.111808988378934
13.756	0.112737849823896
13.796	0.113626355955981
13.836	0.11447115935009
13.876	0.115269235965778
13.916	0.116017999662775
13.956	0.116715557774336
13.996	0.117361035965034
14.036	0.117954817104563
14.076	0.118498525454017
14.116	0.118994730999988
14.156	0.119446407704375
14.196	0.119856304856294
14.236	0.120226359032829
14.276	0.120557324744775
14.316	0.120848738347684
14.356	0.12109917737371
14.396	0.121306710758434
14.436	0.121469461513515
14.476	0.121586091943081
14.516	0.121656032890266
14.556	0.121679501796189
14.596	0.121657408714904
14.636	0.121591098197323
14.676	0.121482051840163
14.716	0.121331723147295
14.756	0.12114148258067
14.796	0.120912580538105
14.836	0.120646224402423
14.876	0.120343690981537
14.916	0.120006423814404
14.956	0.119636138037466
14.996	0.119234864028863
15.036	0.118804809164212
15.076	0.118348164973407
15.116	0.117866963066186
15.156	0.117362957985785
15.196	0.116837529733255
15.236	0.116291726697229
15.276	0.115726437624241
15.316	0.115142623013961
15.356	0.114541501804917
15.396	0.113924698474799
15.436	0.113294349237025
15.476	0.112653139807387
15.516	0.112004236598006
15.556	0.111351202453649
15.596	0.110697878099872
15.636	0.110048237906527
15.676	0.109406256436396
15.716	0.108775795070082
15.756	0.108160510928736
15.796	0.107563864213342
15.836	0.106989191429813
15.876	0.106439776277044
15.916	0.105918908997213
15.956	0.105429957132907
15.996	0.104976377856895
16.036	0.104561655786776
16.076	0.104189191326606
16.116	0.103862225513575
16.156	0.103583768213754
16.196	0.103356567738723
16.236	0.103183144873464
16.276	0.103065848223631
16.316	0.103006816170003
16.356	0.103007920940536
16.396	0.103070748145251
16.436	0.103196559328021
16.476	0.103386277158629
16.516	0.10364055781041
16.556	0.103959859528503
16.596	0.104344451683426
16.636	0.104794385230649
16.676	0.105309390501548
16.716	0.10588873904071
16.756	0.106531165029972
16.796	0.107234936136686
16.836	0.107998061633255
16.876	0.108818611809264
16.916	0.10969500730643
16.956	0.110626200142528
16.996	0.111611670729774
17.036	0.112651269644106
17.076	0.113744930348838
17.116	0.11489238634107
17.156	0.116092952802569
17.196	0.117345506086929
17.236	0.118648628825776
17.276	0.120000813606945
17.316	0.121400631285526
17.356	0.122846828411342
17.396	0.124338303025342
17.436	0.125873974282145
17.476	0.127452626221961
17.516	0.129072766199807
17.556	0.130732535216241
17.596	0.132429696656525
17.636	0.134161621828222
17.676	0.135925272968551
17.716	0.13771728518976
17.756	0.139534102817921
17.796	0.141372118747364
17.836	0.14322790087107
17.876	0.145098480063973
17.916	0.146981545445046
17.956	0.14887555241466
17.996	0.15077974580055
18.036	0.152693966736097
18.076	0.154618360755075
18.116	0.156553036877208
18.156	0.158497640570362
18.196	0.16045086964944
18.236	0.162410150714253
18.276	0.164371471910423
18.316	0.16632940735086
18.356	0.168277344513642
18.396	0.170207902412722
18.436	0.172113347722794
18.476	0.173985932357754
18.516	0.175818107876347
18.556	0.177602732567118
18.596	0.179333258975548
18.636	0.181004015574915
18.676	0.182610547507119
18.716	0.184149966631354
18.756	0.185621163681676
18.796	0.187024826912095
18.836	0.188363222891171
18.876	0.189639817665887
18.916	0.190858825576393
18.956	0.192024819818664
18.996	0.193142468196926
19.036	0.194216382193682
19.076	0.195251070248228
19.116	0.196250903539267
19.156	0.197220037535432
19.196	0.198162262549817
19.236	0.199080844315086
19.276	0.19997838127089
19.316	0.200856715110598
19.356	0.201716907818509
19.396	0.202559295392918
19.436	0.203383590545302
19.476	0.204189003618447
19.516	0.204974319640344
19.556	0.205738005682671
19.596	0.206478346888433
19.636	0.207193544967625
19.676	0.207881781274049
19.716	0.208541288644485
19.756	0.209170347347369
19.796	0.209767215656273
19.836	0.210330107106524
19.876	0.21085718592766
19.916	0.211346636435005
19.956	0.211796805419718
19.996	0.212206354077844
20.036	0.212574338613161
20.076	0.212900253243129
20.116	0.213184013441337
20.156	0.21342587919194
20.196	0.213626301198227
20.236	0.213785760088607
20.276	0.213904605047299
20.316	0.213982898761154
20.356	0.214020249416722
20.396	0.214015719309353
20.436	0.213967837229022
20.476	0.213874713349222
20.516	0.213734230952484
20.556	0.213544294310184
20.596	0.213303060939213
20.636	0.213009147067803
20.676	0.212661795778844
20.716	0.212261035385675
20.756	0.211807874834479
20.796	0.211304518894581
20.836	0.2107545367712
20.876	0.210162968574211
20.916	0.209536293371935
20.956	0.208882263448908
20.996	0.208209648238006
21.036	0.207527923072385
21.076	0.206846920555515
21.116	0.206176571135325
21.156	0.205526680323148
21.196	0.204906673139968
21.236	0.204325342733201
21.276	0.203790656296492
21.316	0.203309561674383
21.356	0.202887817173499
21.396	0.202529933715093
21.436	0.202239211784788
21.476	0.20201782751697
21.516	0.201867009698228
21.556	0.201787284687677
21.596	0.201778752097242
21.636	0.201841371853542
21.676	0.201975211938981
21.716	0.202180575208667
21.756	0.20245795282071
21.796	0.202807893361632
21.836	0.203230752353123
21.876	0.203726357684404
21.916	0.204293721351272
21.956	0.20493088040943
21.996	0.205634810135381
22.036	0.206401494757708
22.076	0.207226133690478
22.116	0.208103377995629
22.156	0.209027574516499
22.196	0.209993023217622
22.236	0.210994135111699
22.276	0.212025481250778
22.316	0.213081771863168
22.356	0.214157808339168
22.396	0.215248427242878
22.436	0.216348522794322
22.476	0.21745313733115
22.516	0.218557577733081
22.556	0.219657456176984
22.596	0.220748648118681
22.636	0.221827166206888
22.676	0.222889004042587
22.716	0.223930002090997
22.756	0.224945837575243
22.796	0.225932084481565
22.836	0.226884297660449
22.876	0.227798085373189
22.916	0.228669117035645
22.956	0.229493037593075
22.996	0.23026537188713
23.036	0.230981470835291
23.076	0.231636522071279
23.116	0.232225620284696
23.156	0.232743907540341
23.196	0.233186752407066
23.236	0.233549960315083
23.276	0.23383002820456
23.316	0.234024449372351
23.356	0.234132045589563
23.396	0.234153275422566
23.436	0.23409045461282
23.476	0.23394783700409
23.516	0.233731531173349
23.556	0.233449266587614
23.596	0.233110059380396
23.636	0.232723851525913
23.676	0.232301196137813
23.716	0.231853021041916
23.756	0.332904979718364
23.796	0.335324581874033
23.836	0.337430529705784
23.876	0.339244016553153
23.916	0.34078368254211
23.956	0.342065667339398
23.996	0.343103745107214
24.036	0.34390946481733
24.076	0.344492187993524
24.116	0.344859117183773
24.156	0.345015352338237
24.196	0.344963860495568
24.236	0.34470548645379
24.276	0.344239014681875
24.316	0.343561227888699
24.356	0.342667056229061
24.396	0.341549916763711
24.436	0.340202213929047
24.476	0.338616025296574
24.516	0.336783903123319
24.556	0.334699649419804
24.596	0.332359026879544
24.636	0.329760381040728
24.676	0.326905138939424
24.716	0.323798032739319
24.756	0.320447041429702
24.796	0.316863047045558
24.836	0.313059332576245
24.876	0.30905094481875
24.916	0.304854091648735
24.956	0.300485682139538
24.996	0.295963112599907
25.036	0.291304182641738
25.076	0.286527483320583
25.116	0.28165305895493
25.156	0.276703118762157
25.196	0.271702803154881
25.236	0.266680961526731
25.276	0.261670232527763
25.316	0.256706705421379
25.356	0.251829091731338
25.396	0.247077162877872
25.436	0.242489669432985
25.476	0.23810256621698
25.516	0.233947594296183
25.556	0.230051450666338
25.596	0.226436016604907
25.636	0.223119557744781
25.676	0.220117936084193
25.716	0.217446056924132
25.756	0.215119254475326
25.796	0.213154124141397
25.836	0.211568631271916
25.876	0.210381884656158
25.916	0.209613191275253
25.956	0.209280893570735
25.996	0.209401265899601
26.036	0.209987442204806
26.076	0.211048159341885
26.116	0.212586764647199
26.156	0.214600446169129
26.196	0.217079336917891
26.236	0.220005577211964
26.276	0.223352907273352
26.316	0.227087012194374
26.356	0.231166954885452
26.396	0.235547457717416
26.436	0.240181497554772
26.476	0.245022871134211
26.516	0.250028117365787
26.556	0.255157371515111
26.596	0.260374279978464
26.636	0.26564545788176
26.676	0.270939796420066
26.716	0.276228214175376
26.756	0.281483833194329
26.796	0.286682062409568
26.836	0.291800602149465
26.876	0.296819418854625
26.916	0.301720419718663
26.956	0.306487103453151
26.996	0.311104802159093
27.036	0.315561077287725
27.076	0.319845962905333
27.116	0.323952100232987
27.156	0.327874436983961
27.196	0.331609377237442
27.236	0.335154115496721
27.276	0.338506158447785
27.316	0.341663067204649
27.356	0.344622566015573
27.396	0.347383038064322
27.436	0.349944019220516
27.476	0.352306518989622
27.516	0.354473112120218
27.556	0.356447796719863
27.596	0.358235685623299
27.636	0.359842588067409
27.676	0.361274568250224
27.716	0.362537562968896
27.756	0.363637113143
27.796	0.36457823701096
27.836	0.365365449212845
27.876	0.366002878752283
27.916	0.366494487761543
27.956	0.366844327133663
27.996	0.367056745243531
28.036	0.367136573690345
28.076	0.367089339064819
28.116	0.366921455800025
28.156	0.366640372060033
28.196	0.366254639597287
28.236	0.365773854941722
28.276	0.365208462706164
28.316	0.364569468682589
28.356	0.363868121064684
28.396	0.363115621397242
28.436	0.362322920636529
28.476	0.361500592743027
28.516	0.36065874475787
28.556	0.359806949991594
28.596	0.358954140790615
28.636	0.358108443848437
28.676	0.35727702822453
28.716	0.356466026977728
28.756	0.355680517407222
28.796	0.354924557463733
28.836	0.354201312209511
28.876	0.353513242293843
28.916	0.352862320948248
28.956	0.352250232458914
28.996	0.35167852057009
29.036	0.351148649149422
29.076	0.350661938328926
29.116	0.350219372770084
29.156	0.349821373825421
29.196	0.349467612717604
29.236	0.349156917523828
29.276	0.348887308347571
29.316	0.348656156109541
29.356	0.348460397980602
29.396	0.348296755054548
29.436	0.348161896372517
29.476	0.348052538508568
29.516	0.347965500443138
29.556	0.347897745588511
29.596	0.347846420191331
29.636	0.347808893640263
29.676	0.347782799221818
29.716	0.34776606927619
29.756	0.347756951875112
29.796	0.347754006536547
29.836	0.347756081949797
29.876	0.347762276528897
29.916	0.347771886148962
29.956	0.3477843474476
29.996	0.347799183298434
30.036	0.347815956043746
30.076	0.347834230794547
30.116	0.347853548930402
30.156	0.347873412691683
30.196	0.347893276746049
30.236	0.347912544711676
30.276	0.347930578651471
30.316	0.347946719301603
30.356	0.347960312884993
30.396	0.347970742551865
30.436	0.347977463024222
30.476	0.34798003327262
30.516	0.347978152314795
30.556	0.347971690922463
30.596	0.347960718350691
30.636	0.347945526537046
30.676	0.347926639204047
30.716	0.347904796838179
30.756	0.347880927413485
30.796	0.347856109534064
30.836	0.347831526389768
30.876	0.347808415350414
30.916	0.347788016120035
30.956	0.347771516850912
30.996	0.347760002435166
31.036	0.347754410720086
31.076	0.347755504350403
31.116	0.347763864365447
31.156	0.347779902033039
31.196	0.34780387886542
31.236	0.347835919613885
31.276	0.347876004632212
31.316	0.347923937945893
31.356	0.347979296834978
31.396	0.348041384352086
31.436	0.348109205781043
31.476	0.348181484913425
31.516	0.348256729026275
31.556	0.348333332198422
31.596	0.348409683459636
31.636	0.348484253281754
31.676	0.34855564279485
31.716	0.3486225875439
31.756	0.348683925431601
31.796	0.348738563592292
31.836	0.348785472634177
31.876	0.348823714473269
31.916	0.348852504262709
31.956	0.348871282105506
31.996	0.348879771934321
32.036	0.348878011182592
32.076	0.348866343178429
32.116	0.348845369548712
32.156	0.348815882806207
32.196	0.348778807647363
32.236	0.348735158224031
32.276	0.34868600238508
32.316	0.348632437975652
32.356	0.348575582294075
32.396	0.348516557290054
32.436	0.348456465930099
32.476	0.348396359487765
32.516	0.348337197514525
32.556	0.348279801910053
32.596	0.348224817548612
32.636	0.348172688767249
32.676	0.34812366138874
32.716	0.34807781042548
32.756	0.348035092425221
32.796	0.347995405173037
32.836	0.347958641020455
32.876	0.347924725269309
32.916	0.347893636983713
32.956	0.34786541097958
32.996	0.34784012831517
33.036	0.3478179011978
33.076	0.347798854918096
33.116	0.347783108216731
33.156	0.347770752961083
33.196	0.347761831369667
33.236	0.347756312322076
33.276	0.34775407253494
33.316	0.34775488620528
33.356	0.347758424789049
33.396	0.347764267422122
33.436	0.347771918948752
33.476	0.34778083160802
33.516	0.347790429080192
33.556	0.347800130673136
33.596	0.347809374233179
33.636	0.347817637340654
33.676	0.347824456549574
33.716	0.347829443995693
33.756	0.347832304450435
33.796	0.347832850527197
33.836	0.347831014869939
33.876	0.347826857869791
33.916	0.347820569284181
33.956	0.347812461530907
33.996	0.347802958090256
34.036	0.347792583302294
34.076	0.347781962256363
34.116	0.347771833745014
34.156	0.347763073786496
34.196	0.347756724534634
34.236	0.347754017294278
34.276	0.347756380432315
34.316	0.347765430261575
34.356	0.347782946791654
34.396	0.347810839957333
34.436	0.347851116582319
34.476	0.347905854097803
34.516	0.347977179610211
34.556	0.348067254231978
34.596	0.348178257414816
34.636	0.348312364214621
34.676	0.348471715229266
34.716	0.348658385838348
34.756	0.348874357829231
34.796	0.349121505832159
34.836	0.349401588941078
34.876	0.349716239954546
34.916	0.350066939117028
34.956	0.350454959760441
34.996	0.350881278707107
35.036	0.35134645220603
35.076	0.351850481223323
35.116	0.352392686995586
35.156	0.352971632670574
35.196	0.353585101905196
35.236	0.354230118926694
35.276	0.354903031782555
35.316	0.355599632414737
35.356	0.356315251145929
35.396	0.357044831598728
35.436	0.357783021527325
35.476	0.358524245636204
35.516	0.359262788074034
35.556	0.359992903853822
35.596	0.360708945074407
35.636	0.361405479497876
35.676	0.362077388185185
35.716	0.362719938074292
35.756	0.363328853096732
35.796	0.363900377009145
35.836	0.36443131380554
35.876	0.364919032546482
35.916	0.365361445513713
35.956	0.365756936524008
35.996	0.366104256957556
36.036	0.366402424410694
36.076	0.366650647084612
36.116	0.366848282898331
36.156	0.366994853002893
36.196	0.367090105876628
36.236	0.367134114539226
36.276	0.367127395239663
36.316	0.3670710337434
36.356	0.36696677909174
36.396	0.366817075055565
36.436	0.366625011440988
36.476	0.366394182215686
36.516	0.36612850024801
36.556	0.365832028764203
36.596	0.365508865829838
36.636	0.365163122837316
36.676	0.364799002018003
36.716	0.364420882960189
36.756	0.36403338668913
36.796	0.363641410048899
36.836	0.363250074389612
36.876	0.362864542816737
36.916	0.362489804302299
36.956	0.362130494592861
36.996	0.361790759848077
37.036	0.361474168688915
37.076	0.361183763678696
37.116	0.360922232081634
37.156	0.36069210853168
37.196	0.360495967139855
37.236	0.360336568996331
37.276	0.360216848303594
37.316	0.360139737354871
37.356	0.360107888191465
37.396	0.360123305401089
37.436	0.360187007193304
37.476	0.360298905647255
37.516	0.360457848949068
37.556	0.360661735507279
37.596	0.360907742422228
37.636	0.361192638069156
37.676	0.361512976076597
37.716	0.361865150195058
37.756	0.362245407564046
37.796	0.362649806876902
37.836	0.363074064530224
37.876	0.363513376271953
37.916	0.363962243085894
37.956	0.364414281271706
37.996	0.36486208664553
38.036	0.365297213152758
38.076	0.365710235356914
38.116	0.366090934513636
38.156	0.3664286120719
38.196	0.366712429510358
38.236	0.3669317109742
38.276	0.367076211504923
38.316	0.367136315809489
38.356	0.36710315800326
38.396	0.366968715351618
38.436	0.366725944981795
38.476	0.366369030672217
38.516	0.365893772864524
38.556	0.365298088458644
38.596	0.364582540533661
38.636	0.363750781279464
38.676	0.362809793662223
38.716	0.361769879749431
38.756	0.360644436567895
38.796	0.359449634397265
38.836	0.358204063052312
38.876	0.356928407586906
38.916	0.355645155620891
38.956	0.354378287409986
38.996	0.353152867416725
39.036	0.351994536310144
39.076	0.350928925777794
39.116	0.349981030231561
39.156	0.349174573711593
39.196	0.348531423895224
39.236	0.348071078930502
39.276	0.347810299349135
39.316	0.347762938859546
39.356	0.347939984035861
39.396	0.348349753580692
39.436	0.348998200031588
39.476	0.349889212821495
39.516	0.351024808358147
39.556	0.352405180654046
39.596	0.354028614350796
39.636	0.355891300836106
39.676	0.357987186941614
39.716	0.360307904713068
39.756	0.362842776868661
39.796	0.365578958462834
39.836	0.368501658960781
39.876	0.371594279378428
39.916	0.374838476180344
39.956	0.378214190758285
39.996	0.381699557759362
40.036	0.385270793838231
40.076	0.38890225404441
40.116	0.392566616800536
40.156	0.396235266749613
40.196	0.399878909937001
40.236	0.403468264680782
40.276	0.40697472479053
40.316	0.410371081236576
40.356	0.413632171102677
40.396	0.416735375789017
40.436	0.419660971275448
40.476	0.422392277731092
40.516	0.424915567111952
40.556	0.427219773498223
40.596	0.429296058268051
40.636	0.431137345330285
40.676	0.432737987887435
40.716	0.434093687230074
40.756	0.435201701652772
40.796	0.43606123262964
40.836	0.43667380299496
40.876	0.437043484808441
40.916	0.437176914910765
40.956	0.437083130463293
40.996	0.436773357215429
41.036	0.436260850521307
41.076	0.43556079459961
41.116	0.434690206060736
41.156	0.433667746175729
41.196	0.43251335377056
41.236	0.431247680757338
41.276	0.429891429063105
41.316	0.428464688389909
41.356	0.426986406885703
41.396	0.425474083146696
41.436	0.423943645646091
41.476	0.422409432804784
41.516	0.42088436781944
41.556	0.419380339821259
41.596	0.417908554516202
41.636	0.416479835363248
41.676	0.415104872799134
41.716	0.413794287662427
41.756	0.412558510604526
41.796	0.411407661245562
41.836	0.410351552254383
41.876	0.409399810156742
41.916	0.408562161096256
41.956	0.407848770052738
41.996	0.407270587898552
42.036	0.406839548528865
42.076	0.406568404138511
42.116	0.406470128251954
42.156	0.406556966369067
42.196	0.406839313376281
42.236	0.407324546549376
42.276	0.408016094311392
42.316	0.408912814498876
42.356	0.41000877056706
42.396	0.41129339200927
42.436	0.412751904286893
42.476	0.414365780977846
42.516	0.416113170107678
42.556	0.417969207872034
42.596	0.419906143278808
42.636	0.421893427398231
42.676	0.423897984636028
42.716	0.425884605988017
42.756	0.427816487470523
42.796	0.42965608365887
42.836	0.431366256353726
42.876	0.432911411619102
42.916	0.434258572213935
42.956	0.435378273834544
42.996	0.43624512712961
43.036	0.436838005220693
43.076	0.437139968014094
43.116	0.437137952437865
43.156	0.436822341995253
43.196	0.436186542765086
43.236	0.43522665119292
43.276	0.433941324812281
43.316	0.432331931819704
43.356	0.430402934629114
43.396	0.428162400914175
43.436	0.425622531296654
43.476	0.422799996007257
43.516	0.419715980704609
43.556	0.416395950073024
43.596	0.41286920534742
43.636	0.409168306261677
43.676	0.405328495579965
43.716	0.40138714408306
43.756	0.397383044742924
43.796	0.393355541652568
43.836	0.389343614614177
43.876	0.385384970944529
43.916	0.381515184931345
43.956	0.377766980883848
43.996	0.37416978117983
44.036	0.370749478004768
44.076	0.367528414131925
44.116	0.36452543227108
44.156	0.361755943340199
44.196	0.359232018319403
44.236	0.356962402348586
44.276	0.354952385011643
44.316	0.353203665476599
44.356	0.351714361379095
44.396	0.350479194449349
44.436	0.349489889788515
44.476	0.348735791153217
44.516	0.348204564957655
44.556	0.347882878102723
44.596	0.34775694913094
44.636	0.347812893620471
44.676	0.348036877229902
44.716	0.348415137356255
44.756	0.348933908635559
44.796	0.349579316986478
44.836	0.350337285920773
44.876	0.351193449037623
44.916	0.352133078731526
44.956	0.353141068069931
44.996	0.354201946364014
45.036	0.355299934457094
45.076	0.356419051529087
45.116	0.357543264893934
45.156	0.358656672982875
45.196	0.359743761886079
45.236	0.360789732498574
45.276	0.361780876377566
45.316	0.362704964912041
45.356	0.363551652322144
45.396	0.364312823197565
45.436	0.364982821596527
45.476	0.365558520445461
45.516	0.366039236672009
45.556	0.366426500231569
45.596	0.366723739276608
45.636	0.366935936287632
45.676	0.367069301824017
45.716	0.367131011181414
45.756	0.367129000232694
45.796	0.367071784692484
45.836	0.366968276444936
45.876	0.366827550276525
45.916	0.366658532557381
45.956	0.366469640742366
45.996	0.366268406216818
46.036	0.36606112325569
46.076	0.36585260730692
46.116	0.365646091707845
46.156	0.365443276489145
46.196	0.365244563084957
46.236	0.365049431608782
46.276	0.364856848286649
46.316	0.364665689695926
46.356	0.364475110037688
46.396	0.364284757828386
46.436	0.364094848121226
46.476	0.363906136975515
46.516	0.36371977074225
46.556	0.363537069858808
46.596	0.363359377632264
46.636	0.363187991340169
46.676	0.363024167174331
46.716	0.362869209066616
46.756	0.362724611767703
46.796	0.362592160605914
46.836	0.362473963505749
46.876	0.362372387670462
46.916	0.362289900967767
46.956	0.362228858624462
46.996	0.362191294134504
47.036	0.362178726214893
47.076	0.362192024799356
47.116	0.362231360248984
47.156	0.362296235932376
47.196	0.362385524611568
47.236	0.362497529415464
47.276	0.362630092351878
47.316	0.362780691001376
47.356	0.362946484512918
47.396	0.36312436749256
47.436	0.363311049390973
47.476	0.363503139986847
47.516	0.547190316517259
47.556	0.547386795942117
47.596	0.54758944909841
47.636	0.54779596143058
47.676	0.548004245310295
47.716	0.548212631861958
47.756	0.548420001899927
47.796	0.548625883855976
47.836	0.548830488778123
47.876	0.549034659518526
47.916	0.549239711577485
47.956	0.549447170988202
47.996	0.549658426607181
48.036	0.549874382366426
48.076	0.550095193906174
48.116	0.550320185028824
48.156	0.550547921752496
48.196	0.55077647133308
48.236	0.551003770694848
48.276	0.551228051849904
48.316	0.551448131427065
48.356	0.551663591668245
48.396	0.551874823932081
48.436	0.552082968871929
48.476	0.552289705508684
48.516	0.552497018796799
48.556	0.552706907096564
48.596	0.552921072247756
48.636	0.553140624164968
48.676	0.553365891041864
48.716	0.553596293737343
48.756	0.553830400299972
48.796	0.554066077357021
48.836	0.554300670698154
48.876	0.554531104629774
48.916	0.554754010344965
48.956	0.554965863346098
48.996	0.555163120269555
49.036	0.555342301233651
49.076	0.555500116054787
49.116	0.555633604611586
49.156	0.55574022362444
49.196	0.555817864523902
49.236	0.555864830435581
49.276	0.555879780098877
49.316	0.555861703699776
49.356	0.555809946634014
49.396	0.555724241560966
49.436	0.555604774543355
49.476	0.555452261197985
49.516	0.555267925675054
49.556	0.555053352745091
49.596	0.554810303999176
49.636	0.554540526961119
49.676	0.554245603652731
49.716	0.553926870937772
49.756	0.553585450621341
49.796	0.553222433976345
49.836	0.552839205992569
49.876	0.552437750692008
49.916	0.552020873007365
49.956	0.551592299711871
49.996	0.551156590050169
50.036	0.550718875107833
50.076	0.550284545200867
50.116	0.549858919252102
50.156	0.54944692071993
50.196	0.549052826051962
50.236	0.548680091952207
50.276	0.548331287502862
50.316	0.548008149048798
50.356	0.54771172614474
50.396	0.54744255207666
50.436	0.547200828713954
50.476	0.546986599623239
50.516	0.546799830233255
50.556	0.54664042438722
50.596	0.546508219701224
50.636	0.54640295258244
50.676	0.546324198942699
50.716	0.546271338577782
50.756	0.5462435539105
50.796	0.546239830444648
50.836	0.5462589467908
50.876	0.54629945904324
50.916	0.546359666587392
50.956	0.546437617682983
50.996	0.546531177769026
51.036	0.546638106232791
51.076	0.546756106133358
51.116	0.546882898181394
51.156	0.547016309089628
51.196	0.547154321476711
51.236	0.547295112552803
51.276	0.547437111742425
51.316	0.547579063275435
51.356	0.547720051760763
51.396	0.547859508288553
51.436	0.547997158618074
51.476	0.548132927294688
51.516	0.54826681479031
51.556	0.548398790303196
51.596	0.548528739715408
51.636	0.548656535137553
51.676	0.548782180242057
51.716	0.548905977780038
51.756	0.549028656382717
51.796	0.549151394736697
51.836	0.549275714665811
51.876	0.549403286330318
51.916	0.549535679668026
51.956	0.549674105933519
51.996	0.549819207952652
52.036	0.54997092404156
52.076	0.550128384996725
52.116	0.550289864515577
52.156	0.550452796245992
52.196	0.550613842084232
52.236	0.550769057040526
52.276	0.550914212745312
52.316	0.551045217879533
52.356	0.551158506196117
52.396	0.551251361583837
52.436	0.551322133734885
52.476	0.551370256251204
52.516	0.551396097658682
52.556	0.551400738079252
52.596	0.551385702488943
52.636	0.551352662349274
52.676	0.551303174972674
52.716	0.551238447201996
52.756	0.551159153306372
52.796	0.551065344107116
52.836	0.550956475175923
52.876	0.550831471942189
52.916	0.550688838649108
52.956	0.55052679172141
52.996	0.550343376669872
53.036	0.550136569954503
53.076	0.549904415156362
53.116	0.549645173197206
53.156	0.549357479794395
53.196	0.549040539887102
53.236	0.548694328964331
53.276	0.548319726595793
53.316	0.547918564382968
53.356	0.5474936054691
53.396	0.547048470281794
53.436	0.546587551347017
53.476	0.546115948431435
53.516	0.545639423872245
53.556	0.545164340621596
53.596	0.544697584685679
53.636	0.544246437401995
53.676	0.543818404751192
53.716	0.543421051767751
53.756	0.54306188581532
53.796	0.542748275646233
53.836	0.54248741218683
53.876	0.542286292195428
53.916	0.542151673615336
53.956	0.542089962417236
53.996	0.542107035825239
54.036	0.542208043315014
54.076	0.542397250492883
54.116	0.542677967508354
54.156	0.54305256760918
54.196	0.543522582531665
54.236	0.544088843955961
54.276	0.544751607502263
54.316	0.545510640895742
54.356	0.54636526117477
54.396	0.547314319609228
54.436	0.548356138002106
54.476	0.549488462683058
54.516	0.550708449561085
54.556	0.552012686385552
54.596	0.553397244828858
54.636	0.554857792295735
54.676	0.5563896831367
54.716	0.557988025681908
54.756	0.559647752591587
54.796	0.561363624638403
54.836	0.563130125997219
54.876	0.564941463705992
54.916	0.566791715085998
54.956	0.568675021183964
54.996	0.570585902505314
55.036	0.572519641068226
55.076	0.574472433442139
55.116	0.576441273270376
55.156	0.578423636970712
55.196	0.580416863243642
55.236	0.582417395469889
55.276	0.584420258376014
55.316	0.586418855177754
55.356	0.588405023975412
55.396	0.590369472059166
55.436	0.592302398152157
55.476	0.594194015745217
55.516	0.596034990608615
55.556	0.597816885382855
55.596	0.599532495841373
55.636	0.601176217858921
55.676	0.602744497454324
55.716	0.604236089535135
55.756	0.605651997948968
55.796	0.606995220997788
55.836	0.608270318429874
55.876	0.609482724876017
55.916	0.610638070514057
55.956	0.611741669793247
55.996	0.612798145575113
56.036	0.61381118115392
56.076	0.614783342745255
56.116	0.61571584935885
56.156	0.616608384394254
56.196	0.617459114720674
56.236	0.61826491782611
56.276	0.619021763398479
56.316	0.619725341092732
56.356	0.620371714017693
56.396	0.620957739693864
56.436	0.621481152398729
56.476	0.621940443493855
56.516	0.622334610994727
56.556	0.622662819386079
56.596	0.622924223621936
56.636	0.623117962986527
56.676	0.623243206206581
56.716	0.623299144455729
56.756	0.623284854396076
56.796	0.623198879104763
56.836	0.623038729569572
56.876	0.622800552920495
56.916	0.622478962323754
56.956	0.622067088338468
56.996	0.621557026152146
57.036	0.62094049420935
57.076	0.620209468303671
57.116	0.619356763838169
57.156	0.618376553678928
57.196	0.617264621018677
57.236	0.616018397281806
57.276	0.614636845168803
57.316	0.613120114545865
57.356	0.611469043657877
57.396	0.60968471459924
57.436	0.60776824807138
57.476	0.605720958434432
57.516	0.603544875908398
57.556	0.601243560285894
57.596	0.598823053541679
57.636	0.596292593710501
57.676	0.593664863483497
57.716	0.590955746443143
57.756	0.588183652350637
57.796	0.585368471494377
57.836	0.582530530305149
57.876	0.579689715613114
57.916	0.576864902166932
57.956	0.574073730773222
57.996	0.571332703884224
58.036	0.568657329550234
58.076	0.566062361956057
58.116	0.563561992675801
58.156	0.561169830897626
58.196	0.558898633519362
58.236	0.556759897652938
58.276	0.554763361948659
58.316	0.552916604946319
58.356	0.55122481469121
58.396	0.549690782350609
58.436	0.548315033391447
58.476	0.54709603106474
58.516	0.546030364354948
58.556	0.545112939736015
58.596	0.544337149382073
58.636	0.543695022858202
58.676	0.54317741921605
58.716	0.542774281349153
58.756	0.542474938562151
58.796	0.542268422614171
58.836	0.542143774870993
58.876	0.542090334088158
58.916	0.542097998435821
58.956	0.542157451785926
58.996	0.54226035005891
59.036	0.542399444172162
59.076	0.542568614582166
59.116	0.542762810521054
59.156	0.542977903142656
59.196	0.543210481588773
59.236	0.543457614845835
59.276	0.543716616753528
59.316	0.543984860820643
59.356	0.544259685125127
59.396	0.544538378296949
59.436	0.544818232508675
59.476	0.545096649608155
59.516	0.545371271894311
59.556	0.545640118320335
59.596	0.545901698586391
59.636	0.546155109125067
59.676	0.546400093610515
59.716	0.546637021653538
59.756	0.546866776006738
59.796	0.547090599330687
59.836	0.547309885831538
59.876	0.547525944174737
59.916	0.547739827523316
59.956	0.547952270690445
59.996	0.548163718606048
60.036	0.548374435385
60.076	0.548584648562752
60.116	0.548794653377655
60.156	0.54900482937947
60.196	0.549215617729288
60.236	0.549427456508198
60.276	0.54964072414262
60.316	0.54985576539994
60.356	0.550072967385773
60.396	0.550292827646473
60.436	0.55051599579636
60.476	0.550743309957198
60.516	0.550975813013025
60.556	0.551214735426612
60.596	0.551461468976896
60.636	0.55171755543941
60.676	0.551984706110858
60.716	0.552264792508623
60.756	0.5525597940198
60.796	0.552871731677129
60.836	0.55320261818818
60.876	0.553554415404648
60.916	0.55392902488623
60.956	0.55432828117867
60.996	0.554753922260971
61.036	0.555207565824759
61.076	0.555690693988396
61.116	0.556204662168426
61.156	0.556750833987763
61.196	0.557330796425987
61.236	0.557946606042179
61.276	0.558601046405016
61.316	0.559297828484119
61.356	0.560041634480882
61.396	0.560838041891685
61.436	0.561693375415217
61.476	0.562614489965
61.516	0.563608564328462
61.556	0.564682936796117
61.596	0.565844865845889
61.636	0.567101230113536
61.676	0.568458201940786
61.716	0.569920812650054
61.756	0.571492427337745
61.796	0.573174314958379
61.836	0.574965373932201
61.876	0.576861963914354
61.916	0.578857858381554
61.956	0.580944427217588
61.996	0.583110964541021
62.036	0.585345144126933
62.076	0.587633593403808
62.116	0.589962600431619
62.156	0.592318825044032
62.196	0.594689995834898
62.236	0.597065451592954
62.276	0.599436443316591
62.316	0.601796139763024
62.356	0.604139454467287
62.396	0.606462687844925
62.436	0.608763121752446
62.476	0.611038590305981
62.516	0.61328719497854
62.556	0.615507086761255
62.596	0.617696341774973
62.636	0.619852885898496
62.676	0.621974464311876
62.716	0.624058580475918
62.756	0.626102463478475
62.796	0.628103022963415
62.836	0.630056785335597
62.876	0.631959824552069
62.916	0.633807776086798
62.956	0.635595891627219
62.996	0.637319234393004
63.036	0.638972975455346
63.076	0.640552772099596
63.116	0.642055045440458
63.156	0.643477115609613
63.196	0.644817087688153
63.236	0.646073516766393
63.276	0.647244964624889
63.316	0.64832960620268
63.356	0.649324962664679
63.396	0.650227888949786
63.436	0.651034769063727
63.476	0.651741834783962
63.516	0.652345445856128
63.556	0.652842296080081
63.596	0.653229483986507
63.636	0.65350448996881
63.676	0.653665116810572
63.716	0.653709466236052
63.756	0.65363597210424
63.796	0.653443531398608
63.836	0.653131737122095
63.876	0.652701207918
63.916	0.652153983849104
63.956	0.651493904476894
63.996	0.650726908907728
64.036	0.649861193611315
64.076	0.648907216240133
64.116	0.647877607674928
64.156	0.646787119485936
64.196	0.645652634384334
64.236	0.644493255144681
64.276	0.643330441335848
64.316	0.642187989179575
64.356	0.641091684012309
64.396	0.640068708024756
64.436	0.639146865584308
64.476	0.638353597804809
64.516	0.637714992870798
64.556	0.63725483436545
64.596	0.636993524062319
64.636	0.636946962351004
64.676	0.637125562845569
64.716	0.637533429692922
64.756	0.63816782592383
64.796	0.639019137166798
64.836	0.640071147013742
64.876	0.641301316145729
64.916	0.642680851278129
64.956	0.644174450537122
64.996	0.645739708343882
65.036	0.647326569642956
65.076	0.648877262285879
65.116	0.650327036641585
65.156	0.651605867640029
65.196	0.652641027611281
65.236	0.653360139602029
65.276	0.653694360802575
65.316	0.653581395999964
65.356	0.65296814159754
65.396	0.651812852416953
65.436	0.650086806648943
65.476	0.647775415581492
65.516	0.644878712230849
65.556	0.641411246638341
65.596	0.637401434346231
65.636	0.632890478849987
65.676	0.627931015734504
65.716	0.622585574561782
65.756	0.616924883649318
65.796	0.611026118444016
65.836	0.604970971001904
65.876	0.598843513700814
65.916	0.592727984058826
65.956	0.586706695854474
65.996	0.580858059862322
66.036	0.575254815933846
66.076	0.569962577868665
66.116	0.565038587397709
66.156	0.560530724491088
66.196	0.556476998674185
66.236	0.552905584700994
66.276	0.549835414785235
66.316	0.547277226666353
66.356	0.545234886679424
66.396	0.543706725980456
66.436	0.54268671045898
66.476	0.542165312798971
66.516	0.542130086301569
66.556	0.542566021792055
66.596	0.543455813577026
66.636	0.544780115192935
66.676	0.546517806559478
66.716	0.548646256599255
66.756	0.551141565768745
66.796	0.553978799999214
66.836	0.557132224579988
66.876	0.560575514386329
66.916	0.564281931425541
66.956	0.568224490458107
66.996	0.572376140069451
67.036	0.576709869087296
67.076	0.581198788733133
67.116	0.58581622592547
67.156	0.590535842825517
67.196	0.59533171086369
67.236	0.60017850735008
67.276	0.605051729964913
67.316	0.6099278399046
67.356	0.614784328615229
67.396	0.619599737504956
67.436	0.624353563707274
67.476	0.629026255166906
67.516	0.633599266786433
67.556	0.638055105757104
67.596	0.642377443558331
67.636	0.646551342702907
67.676	0.650563363268503
67.716	0.654401619805896
67.756	0.658055892006615
67.796	0.661517744171903
67.836	0.664780674431682
67.876	0.667840363341185
67.916	0.670694984362996
67.956	0.673345380372922
67.996	0.675795015804312
68.036	0.678049696828481
68.076	0.680117083215947
68.116	0.682006069484743
68.156	0.683726175397538
68.196	0.685287115974376
68.236	0.686698511444348
68.276	0.687969823570853
68.316	0.68911043651795
68.356	0.690129687989526
68.396	0.691036794693815
68.436	0.691840756834864
68.476	0.692550194482152
68.516	0.693173164731576
68.556	0.693717089184958
68.596	0.694188816633101
68.636	0.694594724847917
68.676	0.694940860489424
68.716	0.695233055385444
68.756	0.695476983753252
68.796	0.695678151139902
68.836	0.695841865916606
68.876	0.695973194275695
68.916	0.696076908867013
68.956	0.696157452027279
68.996	0.696218913721651
69.036	0.696264991157392
69.076	0.696298938992214
69.116	0.696323537876111
69.156	0.69634108249025
69.196	0.696353393472378
69.236	0.696361868919695
69.276	0.696367559287211
69.316	0.696371244434232
69.356	0.696373502779153
69.396	0.696374758595113
69.436	0.696375294416526
69.476	0.696375229835468
69.516	0.696374471725136
69.556	0.696372638917552
69.596	0.696368963702668
69.636	0.696362172981281
69.676	0.696350352925975
69.716	0.696330802716631
69.756	0.696299893067845
69.796	0.696252952928518
69.836	0.696184194758786
69.876	0.696086679651245
69.916	0.695952324392948
69.956	0.695771941272739
69.996	0.695535293985387
70.036	0.695231148924705
70.076	0.694847311944983
70.116	0.694370648990144
70.156	0.693787106732231
70.196	0.69308174235826
70.236	0.692238814925332
70.276	0.691241984383993
70.316	0.690074647993157
70.356	0.688720411922105
70.396	0.687163662012182
70.436	0.68539016994535
70.476	0.683387735654065
70.516	0.681146863340615
70.556	0.678661415773632
70.596	0.675929208123222
70.636	0.672952545044751
70.676	0.669738629995578
70.716	0.666299781711388
70.756	0.662653399707239
70.796	0.65882160872107
70.836	0.654830608088474
70.876	0.65070972369611
70.916	0.646490179142376
70.956	0.642203751490825
70.996	0.637881540525115
71.036	0.633552893991038
71.076	0.629244582985422
71.116	0.624980252710458
71.156	0.620780098361053
71.196	0.616660761706299
71.236	0.612635434646478
71.276	0.732919205781092
71.316	0.732365150418813
71.356	0.731863463618838
71.396	0.731412314373953
71.436	0.73100989807156
71.476	0.730654476653255
71.516	0.730344372557867
71.556	0.730077946489549
71.596	0.729853573977196
71.636	0.729669616818041
71.676	0.729524401827683
71.716	0.729416199745857
71.756	0.729343197443023
71.796	0.729303471612995
71.836	0.729294974043204
71.876	0.729315532071831
71.916	0.729362872818191
71.956	0.729434669573274
71.996	0.729528597732533
72.036	0.729642389999929
72.076	0.729773878126023
72.116	0.729921013175429
72.156	0.730081870464028
72.196	0.730254655631936
72.236	0.730437725163215
72.276	0.730629622259021
72.316	0.730829111556031
72.356	0.731035191120449
72.396	0.731247067098715
72.436	0.731464097805853
72.476	0.731685715048408
72.516	0.731911341673507
72.556	0.732140336281945
72.596	0.732371981505162
72.636	0.732605494092984
72.676	0.732840047829212
72.716	0.733074788895242
72.756	0.733308829803663
72.796	0.733541222736397
72.836	0.733770933643933
72.876	0.73399680682885
72.916	0.734217544627599
72.956	0.734431692990297
72.996	0.734637643047834
73.036	0.73483362130476
73.076	0.73501771040013
73.116	0.735187888223256
73.156	0.735342092018003
73.196	0.735478284203784
73.236	0.73559452861358
73.276	0.735689036215601
73.316	0.735760210111012
73.356	0.735806664694193
73.396	0.73582724280469
73.436	0.735821036244113
73.476	0.73578742424686
73.516	0.735726110281808
73.556	0.735637179623333
73.596	0.735521147037077
73.636	0.73537897075642
73.676	0.735212041375744
73.716	0.735022138270965
73.756	0.73481133184884
73.796	0.734581859736477
73.836	0.73433601640256
73.876	0.734076061934951
73.916	0.7338041549538
73.956	0.733522321583658
73.996	0.73323245545764
74.036	0.732936358125291
74.076	0.732635817983913
74.116	0.732332709929759
74.156	0.73202908847619
74.196	0.731727261387947
74.236	0.731429816087194
74.276	0.731139593244238
74.316	0.730859612053196
74.356	0.73059297403754
74.396	0.730342768904924
74.436	0.730112019501119
74.476	0.729903675021079
74.516	0.729720660024755
74.556	0.729565955886739
74.596	0.729442695568289
74.636	0.729354246132741
74.676	0.729304267074701
74.716	0.729296741690953
74.756	0.729335987137171
74.796	0.72942664685342
74.836	0.72957367010572
74.876	0.729782274686362
74.916	0.730057886676222
74.956	0.730406045854474
74.996	0.73083226379771
75.036	0.731341843304028
75.076	0.731939678898557
75.116	0.732630058217699
75.156	0.733416489056024
75.196	0.734301587093048
75.236	0.735287022559697
75.276	0.736373524624587
75.316	0.737560929463564
75.356	0.738848245340047
75.396	0.740233714358522
75.436	0.741714890246568
75.476	0.743288705403596
75.516	0.744951516510978
75.556	0.746699153684279
75.596	0.748526988737689
75.636	0.750429992174689
75.676	0.752402786458722
75.716	0.754439674825107
75.756	0.756534633500612
75.796	0.758681219408506
75.836	0.760872452002962
75.876	0.763100690047084
75.916	0.765357532193471
75.956	0.767633795094065
75.996	0.769919624870219
76.036	0.7722046491093
76.076	0.774478192244281
76.116	0.776729534842779
76.156	0.778948162093902
76.196	0.781123915943906
76.236	0.783247115092399
76.276	0.785308638347009
76.316	0.787300009421596
76.356	0.789213499340441
76.396	0.791042248516051
76.436	0.79278037881347
76.476	0.794423144947671
76.516	0.795967072051887
76.556	0.797409998131671
76.596	0.79875100496265
76.636	0.799990243987588
76.676	0.801128663975532
76.716	0.802167674558704
76.756	0.803108853511313
76.796	0.803953729757177
76.836	0.804703692947692
76.876	0.805360003632134
76.916	0.805923870074519
76.956	0.80639650378842
76.996	0.806779190595063
77.036	0.807073380531626
77.076	0.80728078767777
77.116	0.80740348177783
77.156	0.807444035926147
77.196	0.807405602279725
77.236	0.807291874731641
77.276	0.80710695838322
77.316	0.806855143368244
77.356	0.806540605850759
77.396	0.806167220164381
77.436	0.805738590225626
77.476	0.805258213629128
77.516	0.804729775608796
77.556	0.804157501966532
77.596	0.803546406093916
77.636	0.80290230740862
77.676	0.802231670671773
77.716	0.801541291869581
77.756	0.800837915563299
77.796	0.800127935577274
77.836	0.7994172282022
77.876	0.798711088004719
77.916	0.798014299763659
77.956	0.797331279555217
77.996	0.796666232949375
78.036	0.7960232401559
78.076	0.795406282242067
78.116	0.794819195026475
78.156	0.794265538034444
78.196	0.793748410118595
78.236	0.79327028003952
78.276	0.792832888763149
78.316	0.792437213740747
78.356	0.792083548661437
78.396	0.791771664137519
78.436	0.791500956696829
78.476	0.79127055251453
78.516	0.791079421077508
78.556	0.790926438291096
78.596	0.790810400943611
78.636	0.790730040476342
78.676	0.790684014180854
78.716	0.790670806486611
78.756	0.790688646457974
78.796	0.790735440686592
78.836	0.790808734620631
78.876	0.79090574870044
78.916	0.791023521426184
78.956	0.791159053943383
78.996	0.791309405473262
79.036	0.791471715928977
79.076	0.791643128946235
79.116	0.791820658538386
79.156	0.792001084292499
79.196	0.792180929335707
79.236	0.792356544188692
79.276	0.79252429115238
79.316	0.792680743648656
79.356	0.792822845726673
79.396	0.792948009061623
79.436	0.793054172694065
79.476	0.793139826029126
79.516	0.793204044234977
79.556	0.793246476812088
79.596	0.793267283601251
79.636	0.793267056457422
79.676	0.793246768468657
79.716	0.793207675988592
79.756	0.793151229980589
79.796	0.793079046699988
79.836	0.792992885051905
79.876	0.792894575495621
79.916	0.792785954016102
79.956	0.79266878000142
79.996	0.792544646357891
80.036	0.792414947595018
80.076	0.792280885511518
80.116	0.792143460690068
80.156	0.792003497407479
80.196	0.791861719331015
80.236	0.791718817547359
80.276	0.791575520629217
80.316	0.791432685232814
80.356	0.791291365854062
80.396	0.791152834330002
80.436	0.791018540644749
80.476	0.790890002972267
80.516	0.790768694363601
80.556	0.790655965914107
80.596	0.790553002365568
80.636	0.790460784756875
80.676	0.79038009496617
80.716	0.790311555947443
80.756	0.790255668916097
80.796	0.790212902364659
80.836	0.790183878389592
80.876	0.790169603446321
80.916	0.790171646162471
80.956	0.790192281073251
80.996	0.790234473466133
81.036	0.7903016491473
81.076	0.79039732728056
81.116	0.790524748176315
81.156	0.790686520035375
81.196	0.790884436955613
81.236	0.79111952440383
81.276	0.791392274891697
81.316	0.791702965914717
81.356	0.792052005823045
81.396	0.79244013904101
81.436	0.792868458563241
81.476	0.793338230607748
81.516	0.793850650933267
81.556	0.794406559159645
81.596	0.795006213850081
81.636	0.795649188955375
81.676	0.796334411472335
81.716	0.797060246525676
81.756	0.797824552934857
81.796	0.798624693835286
81.836	0.799457508495484
81.876	0.800319245979734
81.916	0.801205532505859
81.956	0.802111403285875
81.996	0.803031373871972
82.036	0.803959549552324
82.076	0.804889747393851
82.116	0.805815631427858
82.156	0.806730848639006
82.196	0.807629150938888
82.236	0.808504517318761
82.276	0.809351272863692
82.316	0.810164171773022
82.356	0.810938457962324
82.396	0.811669937802081
82.436	0.812355040091109
82.476	0.812990881993817
82.516	0.813575322847416
82.556	0.814106999159648
82.596	0.814585328457493
82.636	0.815010522342158
82.676	0.815383568241649
82.716	0.815706185655813
82.756	0.815980852227816
82.796	0.816210904266316
82.836	0.816400623732777
82.876	0.816555349078955
82.916	0.816681519130398
82.956	0.816786578887903
82.996	0.816878797127239
83.036	0.81696702662588
83.076	0.817060344945995
83.116	0.81716769729457
83.156	0.817297609715732
83.196	0.817457890380001
83.236	0.817655391249514
83.276	0.817895900416727
83.316	0.818184071489588
83.356	0.818523371384932
83.396	0.818916113046315
83.436	0.81936352002792
83.476	0.819865792229366
83.516	0.820422280062109
83.556	0.821031713199179
83.596	0.821692422776779
83.636	0.822402609341564
83.676	0.823160630044775
83.716	0.823965200128203
83.756	0.824815490533103
83.796	0.825711092439975
83.836	0.826651858022522
83.876	0.827637688242235
83.916	0.82866841726372
83.956	0.829743824717343
83.996	0.830863781688556
84.036	0.832028472540816
84.076	0.833238630611422
84.116	0.834495640045821
84.156	0.835801493009261
84.196	0.837158638517097
84.236	0.838569775788974
84.276	0.840037621133301
84.316	0.841564733356234
84.356	0.843153397813177
84.396	0.844805536565667
84.436	0.846522609960407
84.476	0.84830546716784
84.516	0.850154154353779
84.556	0.852067737481354
84.596	0.854044223594366
84.636	0.856080566457231
84.676	0.858172744763448
84.716	0.860315885182148
84.756	0.86250440644485
84.796	0.864732117090367
84.836	0.866992256357912
84.876	0.869277489377054
84.916	0.871579876720312
84.956	0.87389080680801
84.996	0.876200959485741
85.036	0.878500343591449
85.076	0.880778449786424
85.116	0.883024503202237
85.156	0.885227813657959
85.196	0.887378143022015
85.236	0.889466014791446
85.276	0.891482929691559
85.316	0.893421464665513
85.356	0.895275253399216
85.396	0.897038890449534
85.436	0.898707820174351
85.476	0.900278238953728
85.516	0.901747017337408
85.556	0.903111640719364
85.596	0.904370163348733
85.636	0.905521149014692
85.676	0.906563618638353
85.716	0.907497039946122
85.756	0.90832135879765
85.796	0.909037059099322
85.836	0.909645245647324
85.876	0.910147718454164
85.916	0.910547011519208
85.956	0.910846390854825
85.996	0.911049827282042
86.036	0.911161936865738
86.076	0.911187894132933
86.116	0.911133325901961
86.156	0.911004187051698
86.196	0.910806628179942
86.236	0.91054686479609
86.276	0.910231051476486
86.316	0.909865177211871
86.356	0.909454988566762
86.396	0.90900594324847
86.436	0.908523195253796
86.476	0.908011618692596
86.516	0.907475860816022
86.556	0.906920406513407
86.596	0.906349626894718
86.636	0.905767799188582
86.676	0.905179058617013
86.716	0.904587291264302
86.756	0.903995966353345
86.796	0.903407953450839
86.836	0.90282536624643
86.876	0.902249505318026
86.916	0.901680880836107
86.956	0.901119284061051
86.996	0.900563921006104
87.036	0.900013597898656
87.076	0.899466870516498
87.116	0.898922129712739
87.156	0.898377653384806
87.196	0.897831632797093
87.236	0.897282204987233
87.276	0.896727502742602
87.316	0.896165697406797
87.356	0.895595057498453
87.396	0.895014003191001
87.436	0.894421090308464
87.476	0.893814932433969
87.516	0.893194125080466
87.556	0.892557253697189
87.596	0.89190295193128
87.636	0.891230021160926
87.676	0.890537640200991
87.716	0.889825621714419
87.756	0.889094601430598
87.796	0.88834611069668
87.836	0.887582560926322
87.876	0.886807116629414
87.916	0.886023498810601
87.956	0.885235778172774
87.996	0.8844482144628
88.036	0.883665162099792
88.076	0.882891046857484
88.116	0.882130380491737
88.156	0.881387802072724
88.196	0.880668187707994
88.236	0.879976805381065
88.276	0.879319403274982
88.316	0.878702179653087
88.356	0.878131606599479
88.396	0.877614146721425
88.436	0.877155871091854
88.476	0.876762078711616
88.516	0.876437083300182
88.556	0.876184246547334
88.596	0.876006180997544
88.636	0.875905005887074
88.676	0.875882635859
88.716	0.875940949004101
88.756	0.876081784238627
88.796	0.876306790009101
88.836	0.876617247434561
88.876	0.877013922500316
88.916	0.877496953279365
88.956	0.878065757647026
88.996	0.878718948143181
89.036	0.879454222247652
89.076	0.88026825704356
89.116	0.881156676764854
89.156	0.882114141409072
89.196	0.883134526392617
89.236	0.884211200731964
89.276	0.885337327334479
89.316	0.88650609243707
89.356	0.887710846709927
89.396	0.888945184547155
89.436	0.890202925424069
89.476	0.891478004878878
89.516	0.892764377372391
89.556	0.894055917084076
89.596	0.895346341863858
89.636	0.896629174009183
89.676	0.897897734570631
89.716	0.899145184149968
89.756	0.900364581154357
89.796	0.901548930250433
89.836	0.902691240750755
89.876	0.903784626112739
89.916	0.904822400900272
89.956	0.905798152822587
89.996	0.906705832189612
90.036	0.907539843887253
90.076	0.908295155143399
90.116	0.908967432290591
90.156	0.909553199211949
90.196	0.910049978037784
90.236	0.910456397638084
90.276	0.91077222599128
90.316	0.910998291932957
90.356	0.911160163939653
90.396	0.911181645236681
90.436	0.911076477313386
90.476	0.910861911571796
90.516	0.910556590735932
90.556	0.910178867413687
90.596	0.909745697287556
90.636	0.90927205055234
90.676	0.908770709395218
90.716	0.908252314187628
90.756	0.907725548697335
90.796	0.907197387215573
90.836	0.906673354607047
90.876	0.906157772714911
90.916	0.905653980083748
90.956	0.905164520118599
90.996	0.904691299293412
91.036	0.904235718405487
91.076	0.903798779273699
91.116	0.903381169976025
91.156	0.90298333263903
91.196	0.902605516837022
91.236	0.902247821139964
91.276	0.901910225198587
91.316	0.901592615282153
91.356	0.901294805052357
91.396	0.901016552392
91.436	0.900757573479023
91.476	0.900517555322053
91.516	0.900296167558634
91.556	0.900093073327147
91.596	0.899907939167203
91.636	0.899740442792945
91.676	0.899590278502602
91.716	0.899457160548262
91.756	0.899340823943077
91.796	0.899241021968435
91.836	0.899157522675027
91.876	0.899090106066905
91.916	0.899038562012371
91.956	0.899002688980127
91.996	0.898982293693247
92.036	0.89897719068877
92.076	0.898987202025013
92.116	0.899012157269465
92.156	0.899051893659891
92.196	0.899106256507035
92.236	0.899175100392939
92.276	0.899258289352157
92.316	0.899355694741638
92.356	0.899467191495436
92.396	0.899592653454371
92.436	0.899731947869165
92.476	0.899884930458887
92.516	0.900051442104466
92.556	0.90023130712796
92.596	0.90042433259639
92.636	0.900630307885141
92.676	0.900849003204337
92.716	0.901080166968204
92.756	0.901323522198273
92.796	0.901578762026076
92.836	0.901845544957296
92.876	0.902123490545925
92.916	0.902412175570383
92.956	0.902711130375882
92.996	0.903019835321657
93.036	0.903337717317153
93.076	0.903664146625436
93.116	0.90399843399148
93.156	0.904339827623893
93.196	0.904687509961764
93.236	0.905040594323088
93.276	0.905398121111247
93.316	0.90575905331466
93.356	0.906122271649939
93.396	0.90648656955836
93.436	0.906850647899892
93.476	0.907213109503967
93.516	0.90757245368678
93.556	0.907927070637043
93.596	0.908275235834004
93.636	0.908615104489877
93.676	0.908944706073672
93.716	0.909261938692873
93.756	0.909564563281295
93.796	0.909850197344143
93.836	0.910116308155839
93.876	0.910360205159365
93.916	0.910579031583941
93.956	0.910769755338368
93.996	0.910929159408084
94.036	0.911053831955477
94.076	0.911140156354038
94.116	0.911184301275229
94.156	0.911182210912553
94.196	0.911129595296413
94.236	0.911021920582351
94.276	0.910854399281575
94.316	0.910621980537644
94.356	0.910319340632494
94.396	0.909940873967821
94.436	0.909480684726487
94.476	0.908932579366379
94.516	0.908290059744791
94.556	0.90754631644463
94.596	0.906694221972705
94.636	0.905726324038264
94.676	0.904634838769943
94.716	0.903411642794154
94.756	0.902048263163658
94.796	0.900535864111558
94.836	0.898865229776246
94.876	0.897026742450057
94.916	0.895010358109258
94.956	0.892805580899128
94.996	0.890401439478033
95.036	0.887786468474996
