0.036	-0.0556014478265467
0.076	-0.040794313392297
0.116	-0.0273071282897206
0.156	-0.0150345681779243
0.196	-0.00387882385072658
0.236	0.00625065803936309
0.276	0.0154375289621669
0.316	0.0237589584135378
0.356	0.0312861070272277
0.396	0.0380845679467541
0.436	0.0442147566116375
0.476	0.0497322530275426
0.516	0.0546881302232407
0.556	0.0591292920180706
0.596	0.0630988164630537
0.636	0.0666362873053288
0.676	0.069778108041902
0.716	0.0725577837295361
0.756	0.0750061676485814
0.796	0.077151679909349
0.836	0.0790205067578711
0.876	0.0806367815910392
0.916	0.0820227513030716
0.956	0.0831989291082493
0.996	0.0841842358514953
1.036	0.0849961296339927
1.076	0.0856507261671879
1.116	0.086162910609147
1.156	0.0865464397944891
1.196	0.0868140342672916
1.236	0.0869774600994617
1.276	0.0870476006946603
1.316	0.0870345199707856
1.356	0.0869475197091845
1.396	0.0867951934201585
1.436	0.0865854776164099
1.476	0.0863256998785857
1.516	0.0860226226004954
1.556	0.0856824816935671
1.596	0.0853110203361496
1.636	0.0849135192536608
1.676	0.0844948247813875
1.716	0.0840593759041042
1.756	0.0836112309864632
1.796	0.0831540945098652
1.836	0.0826913420430913
1.876	0.0822260425058232
1.916	0.0817609776519532
1.956	0.0812986589736795
1.996	0.0808413423074228
2.036	0.0803910411293884
2.076	0.0799495394423104
2.116	0.0795184051868603
2.156	0.0790990039254496
2.196	0.0786925118946158
2.236	0.0782999285400194
2.276	0.0779220883470373
2.316	0.0775596720035594
2.356	0.0772132159334262
2.396	0.0768831209296934
2.436	0.0765696601307866
2.476	0.0762729886861564
2.516	0.0759931540013952
2.556	0.0757301066924185
2.596	0.0754837119347087
2.636	0.075253762744893
2.676	0.075039994721152
2.716	0.0748420996698371
2.756	0.0746597367312063
2.796	0.0744925420705442
2.836	0.0743401348098871
2.876	0.0742021193778157
2.916	0.0740780865196768
2.956	0.0739676160311831
2.996	0.07387028118481
3.036	0.0737856570007409
3.076	0.0737133318904455
3.116	0.0736529205759382
3.156	0.0736040765384871
3.196	0.073566503159924
3.236	0.0735399615390691
3.276	0.0735242750045302
3.316	0.0735193313724096
3.356	0.0735250833725161
3.396	0.0735415470271903
3.436	0.0735687983459741
3.476	0.0736069676891304
3.516	0.0736562320636551
3.556	0.0737168041365805
3.596	0.073788919017403
3.636	0.0738728191514895
3.676	0.073968734687611
3.716	0.0740768574673041
3.756	0.074197309559878
3.796	0.0743301051748233
3.836	0.0744751049761874
3.876	0.0746319659686208
3.916	0.0748000865937968
3.956	0.0749785470325435
3.996	0.0751660456800494
4.036	0.0753608297201538
4.076	0.0755606128557531
4.116	0.0757624822181526
4.156	0.0759627944712804
4.196	0.0761570605235704
4.236	0.076339825405654
4.276	0.0765045526427741
4.316	0.0766435144177251
4.356	0.0767477015405404
4.396	0.0768067811813182
4.436	0.0768091456065179
4.476	0.076742134973216
4.516	0.0765925873901381
4.556	0.0763479232042812
4.596	0.0759980433273597
4.636	0.0755383442939603
4.676	0.0749739904513547
4.716	0.074325045561551
4.756	0.0736310121376675
4.796	0.072865676109501
4.836	0.0722659464891251
4.876	0.0718523819835184
4.916	0.0716372549907476
4.956	0.0716244953944454
4.996	0.0718101872455748
5.036	0.0721835526250345
5.076	0.0727283532543481
5.116	0.0734246775316763
5.156	0.0742509031857992
5.196	0.0751855160541766
5.236	0.0762083969047183
5.276	0.0773013724030136
5.316	0.078448169264135
5.356	0.0796340266771551
5.396	0.080845132992323
5.436	0.0820682659980605
5.476	0.0832906993763629
5.516	0.0845001332461663
5.556	0.085684668015034
5.596	0.0868330172183107
5.636	0.0879347522839282
5.676	0.0889805058821196
5.716	0.0899621033410369
5.756	0.0908726012342242
5.796	0.0917060868756892
5.836	0.0924574225472554
5.876	0.0931220487962321
5.916	0.0936960089603929
5.956	0.0941762233011616
5.996	0.0945609700250145
6.036	0.0948504052962846
6.076	0.0950468609410393
6.116	0.0951546206933074
6.156	0.0951792872862427
6.196	0.0951271093266826
6.236	0.0950044812188082
6.276	0.0948177449652405
6.316	0.0945735010289184
6.356	0.0942791605486093
6.396	0.0939432596199197
6.436	0.0935755446091946
6.476	0.0931867745579495
6.516	0.0927880813478907
6.556	0.0923900776399762
6.596	0.0920021385834673
6.636	0.0916318638305995
6.676	0.091284920097138
6.716	0.0909653176652512
6.756	0.0906758618201877
6.796	0.0904185667828017
6.836	0.0901952294346131
6.876	0.0900078972737504
6.916	0.0898590890026583
6.956	0.08975188575576
6.996	0.0896899596660035
7.036	0.0896774395620525
7.076	0.0897186888817316
7.116	0.0898181844404746
7.156	0.0899804766567343
7.196	0.0902102113758758
7.236	0.0905120071192016
7.276	0.0908902161674234
7.316	0.0913485187448089
7.356	0.0918894504189041
7.396	0.0925137593827969
7.436	0.093219451703618
7.476	0.0940007366491784
7.516	0.094847421209721
7.556	0.0957446908213626
7.596	0.0966734217968508
7.636	0.0976112946957812
7.676	0.0985347717795833
7.716	0.0994212820825453
7.756	0.100251478518231
7.796	0.101011033089122
7.836	0.101691474755995
7.876	0.102290015251157
7.916	0.102808716577584
7.956	0.103253131718503
7.996	0.103630829293394
8.036	0.103950224026477
8.076	0.104219744622043
8.116	0.104447125007738
8.156	0.104638889341942
8.196	0.104799977855834
8.236	0.104933528467001
8.276	0.105040758821161
8.316	0.105121079509132
8.356	0.105172279177424
8.396	0.105190791054866
8.436	0.105172217013575
8.476	0.105112075299331
8.516	0.105006504872932
8.556	0.104852899800932
8.596	0.104650452816401
8.636	0.104400348873838
8.676	0.104105744221812
8.716	0.103771675600257
8.756	0.103404870966557
8.796	0.103013697963576
8.836	0.102608566881628
8.876	0.102202313753111
8.916	0.101810376687382
8.956	0.101450717158997
8.996	0.101143167405922
9.036	0.100908096225027
9.076	0.100765205759473
9.116	0.100732604376418
9.156	0.10082610253383
9.196	0.101059145210712
9.236	0.101443400833006
9.276	0.101989033568913
9.316	0.102704969105872
9.356	0.103599425625845
9.396	0.104680323127496
9.436	0.105955491045307
9.476	0.107433368065159
9.516	0.109123754007356
9.556	0.111038202613287
9.596	0.113190306243411
9.636	0.115595545743787
9.676	0.118269950548466
9.716	0.121228405906578
9.756	0.124482912447803
9.796	0.128040446884057
9.836	0.131900941243572
9.876	0.136056125630745
9.916	0.140488512321468
9.956	0.145170639586951
9.996	0.150064897582325
10.036	0.155123522535888
10.076	0.16028847202702
10.116	0.16549158559306
10.156	0.170655199117874
10.196	0.175693284283994
10.236	0.180513422981591
10.276	0.185019851427484
10.316	0.189117473370885
10.356	0.192716767894495
10.396	0.195739223226752
10.436	0.198122611981063
10.476	0.199825364767918
10.516	0.200829553884915
10.556	0.201142453874155
10.596	0.200796767383537
10.636	0.199849832596811
10.676	0.198382011716859
10.716	0.19649411419212
10.756	0.194303853264643
10.796	0.191941210290253
10.836	0.189542639472535
10.876	0.187244706931125
10.916	0.185177746128403
10.956	0.183459652914195
10.996	0.182190204682826
11.036	0.18144615038355
11.076	0.181276901900816
11.116	0.181701091133306
11.156	0.182704415776499
11.196	0.184239060207602
11.236	0.186224843210795
11.276	0.188552152761105
11.316	0.19108584575045
11.356	0.19366969735475
11.396	0.196131403847545
11.436	0.198288081818561
11.476	0.199952759218405
11.516	0.200942490639278
11.556	0.201088021985498
11.596	0.200244442127456
11.636	0.198301894190678
11.676	0.195195010069284
11.716	0.190910003454547
11.756	0.18548846880654
11.796	0.179026920031475
11.836	0.171671798726862
11.876	0.163609955837074
11.916	0.155055164961055
11.956	0.146232429143339
11.996	0.137362630490799
12.036	0.128649835905804
12.076	0.120272684948787
12.116	0.112380033105097
12.156	0.105089769633906
12.196	0.0984894902136659
12.236	0.0926377851381233
12.276	0.0875656117121082
12.316	0.0832778909361025
12.356	0.0797557916284006
12.396	0.0769599117122937
12.436	0.0748344260310034
12.476	0.0733117816107836
12.516	0.0723174079530793
12.556	0.0717740395437261
12.596	0.071605317591235
12.636	0.0717385347437869
12.676	0.072106619864627
12.716	0.0726494612813724
12.756	0.0733146714057114
12.796	0.0740579699404691
12.836	0.0748433142629494
12.876	0.0756427789453085
12.916	0.0764362031557368
12.956	0.0772105233064906
12.996	0.0779587130480479
13.036	0.0786783546415393
13.076	0.0793700294721305
13.116	0.0800357058800785
13.156	0.0806773609272398
13.196	0.0812960473852229
13.236	0.0818915306990959
13.276	0.0824623903112354
13.316	0.0830064525753471
13.356	0.0835213368480083
13.396	0.0840048977064782
13.436	0.0844554362633119
13.476	0.0848717178281788
13.516	0.0852528588004873
13.556	0.0855981968686876
13.596	0.0859072176849907
13.636	0.0861795482785794
13.676	0.0864149771412315
13.716	0.0866134502900024
13.756	0.0867750137398673
13.796	0.0868997220287895
13.836	0.0869875292575273
13.876	0.087038245331911
13.916	0.0870516359244959
13.956	0.0870276970233874
13.996	0.0869670783086178
14.036	0.0868715866926379
14.076	0.0867446762128168
14.116	0.086591831106972
14.156	0.0864207228110274
14.196	0.0862410486554666
14.236	0.0860640281132703
14.276	0.0859015691192155
14.316	0.0857651829878989
14.356	0.0856647945386442
14.396	0.0856076028939299
14.436	0.0855972418933391
14.476	0.0856334374424534
14.516	0.0857121740293962
14.556	0.0858263741186249
14.596	0.0859669929527911
14.636	0.0861241973177869
14.676	0.0862883524733036
14.716	0.0864507326359956
14.756	0.0866038739225417
14.796	0.0867415916849552
14.836	0.0868588179498886
14.876	0.0869513561697488
14.916	0.0870156094356673
14.956	0.0870483617395905
14.996	0.0870465763962613
15.036	0.0870071814827327
15.076	0.0869268833933177
15.116	0.0868020199330033
15.156	0.0866284954026071
15.196	0.0864018585996575
15.236	0.0861175107779957
15.276	0.0857710187903251
15.316	0.0853585314878558
15.356	0.0848771777021113
15.396	0.0843253986137427
15.436	0.0837032030945295
15.476	0.0830122930448454
15.516	0.0822560669746792
15.556	0.0814396502049988
15.596	0.0805699501940182
15.636	0.0796558339700653
15.676	0.078708410772407
15.716	0.0777412921950429
15.756	0.0767707501701409
15.796	0.0758157700062441
15.836	0.0748978771942177
15.876	0.0740408314348144
15.916	0.0732702992584393
15.956	0.0726134614515388
15.996	0.0720985071094731
16.036	0.0717540339723257
16.076	0.0716082997588785
16.116	0.0716883607459806
16.156	0.0720191646959449
16.196	0.0726226448855698
16.236	0.0735168591162676
16.276	0.0747151402069051
16.316	0.0762252204048366
16.356	0.0780484554271936
16.396	0.0801793343422617
16.436	0.0826054709564517
16.476	0.0853081290594275
16.516	0.0882632672337706
16.556	0.0914429414011977
16.596	0.0948167142180694
16.636	0.0983528087211027
16.676	0.102019029594686
16.716	0.105783481613713
16.756	0.109615085160527
16.796	0.113484031146214
16.836	0.117362111841118
16.876	0.121222960488382
16.916	0.12504219864914
16.956	0.128797228880472
16.996	0.132466457655624
17.036	0.136028560486267
17.076	0.13946176792038
17.116	0.14274311274076
17.156	0.145847993593435
17.196	0.148750434232426
17.236	0.151423793108989
17.276	0.153842087324762
17.316	0.155981673394336
17.356	0.157822710178749
17.396	0.159350088372577
17.436	0.16055378024069
17.476	0.161428630922984
17.516	0.161973823170484
17.556	0.162192412214068
17.596	0.162091272990011
17.636	0.161681374498045
17.676	0.16097806084943
17.716	0.160001073272412
17.756	0.158774429751276
17.796	0.157325949039461
17.836	0.15568629023258
17.876	0.153887959751643
17.916	0.151964829070295
17.956	0.149951900188881
17.996	0.147885325721433
18.036	0.145802618862177
18.076	0.143742483956458
18.116	0.141743967907161
18.156	0.139845271400219
18.196	0.138082306941584
18.236	0.136487249313546
18.276	0.13508752413432
18.316	0.13390558156155
18.356	0.132959323023471
18.396	0.132263088454835
18.436	0.131829016305716
18.476	0.131668243791552
18.516	0.131791522753389
18.556	0.132209093565876
18.596	0.132930239921876
18.636	0.133962527698742
18.676	0.135310822729849
18.716	0.136976384845326
18.756	0.138956311240491
18.796	0.141242725958051
18.836	0.14382187066829
18.876	0.146673451648127
18.916	0.149770264058731
18.956	0.153078176425225
18.996	0.156556888682786
19.036	0.160161398634642
19.076	0.163843911228838
19.116	0.167555936122113
19.156	0.171249983649119
19.196	0.174880629059345
19.236	0.17840505799964
19.276	0.181783276019729
19.316	0.184978046429165
19.356	0.187955006294857
19.396	0.19068282874926
19.436	0.193133407403849
19.476	0.195282379153497
19.516	0.197109969789977
19.556	0.198601787892954
19.596	0.199749572893808
19.636	0.200551571310172
19.676	0.201012226330278
19.716	0.201141225756857
19.756	0.200952208181349
19.796	0.200461603362811
19.836	0.199688083048983
19.876	0.198652561078831
19.916	0.197378430458144
19.956	0.195891706719209
19.996	0.194220587162619
20.036	0.192394435828106
20.076	0.190442767799738
20.116	0.188394749780656
20.156	0.186279545532472
20.196	0.184127187016799
20.236	0.181969283012933
20.276	0.179839388045281
20.316	0.177772696347603
20.356	0.175804733547949
20.396	0.173969737991712
20.436	0.172299362777636
20.476	0.170821517074529
20.516	0.169559476233673
20.556	0.168531185158287
20.596	0.167748055372186
20.636	0.167213810813593
20.676	0.166923923935911
20.716	0.166865778968742
20.756	0.167019897220626
20.796	0.167362449388435
20.836	0.167868117684208
20.876	0.168512465303394
20.916	0.169273707534018
20.956	0.170133210371915
20.996	0.171075264183429
21.036	0.172086913458344
21.076	0.173158066332377
21.116	0.174281466521876
21.156	0.175452274873038
21.196	0.176666976673829
21.236	0.177921503819704
21.276	0.179209067540711
21.316	0.180518400222269
21.356	0.181833295501661
21.396	0.183133989817094
21.436	0.184399793541189
21.476	0.185612176945511
21.516	0.186757493417787
21.556	0.187828307053707
21.596	0.188823326013932
21.636	0.189746246427859
21.676	0.190604131494212
21.716	0.191405636157839
21.756	0.192159769240931
21.796	0.192874909234916
21.836	0.193558187501736
21.876	0.194215197305112
21.916	0.194850058541903
21.956	0.195465435153807
21.996	0.196062697006624
22.036	0.196642170819729
22.076	0.197203331545353
22.116	0.197744847936207
22.156	0.198264634051867
22.196	0.198759756180067
22.236	0.199226269840693
22.276	0.199659085369177
22.316	0.200051938509461
22.356	0.200397490543111
22.396	0.200687621165486
22.436	0.200913778236242
22.476	0.20106718299931
22.516	0.201138781503374
22.556	0.201118885180932
22.596	0.200996594377017
22.636	0.200759275197157
22.676	0.200392419212022
22.716	0.199880173457728
22.756	0.199206572751137
22.796	0.198357260625158
22.836	0.197321352998443
22.876	0.19609309740909
22.916	0.194672992483476
22.956	0.193068423447045
22.996	0.191293912450107
23.036	0.189370991757215
23.076	0.187327707417381
23.116	0.185197726088887
23.156	0.183018734787908
23.196	0.180830070835356
23.236	0.178670027451886
23.276	0.176573273199693
23.316	0.174568687975835
23.356	0.172678156564217
23.396	0.170916494069303
23.436	0.169292121236623
23.476	0.1678080616297
23.516	0.166463014367565
23.556	0.165252186450317
23.596	0.16416791626321
23.636	0.163200229999148
23.676	0.162337297078949
23.716	0.161566088254432
23.756	0.371991471660932
23.796	0.372241425940921
23.836	0.372467867604316
23.876	0.372675156538934
23.916	0.372866719059808
23.956	0.373045161553394
23.996	0.373212372876859
24.036	0.373369759266148
24.076	0.373518524761506
24.116	0.373659801346601
24.156	0.373794590361236
24.196	0.373923662159995
24.236	0.374047371046111
24.276	0.374165328718232
24.316	0.374276216000744
24.356	0.374377788558941
24.396	0.374467015910642
24.436	0.374540390473411
24.476	0.374594216449654
24.516	0.374624704742148
24.556	0.374627904893463
24.596	0.374599594062014
24.636	0.374534991729705
24.676	0.374428497663429
24.716	0.374273644306744
24.756	0.374063206252266
24.796	0.373789375377169
24.836	0.37344410110418
24.876	0.373019442600111
24.916	0.372507897516978
24.956	0.371902733321752
24.996	0.371198187218062
25.036	0.37038938107171
25.076	0.36947219632478
25.116	0.368443040824878
25.156	0.367298636003615
25.196	0.366035835406642
25.236	0.364651666393804
25.276	0.363143556779256
25.316	0.361509689291911
25.356	0.359749347960648
25.396	0.35786329327424
25.436	0.355854162055949
25.476	0.353726865904651
25.516	0.351488998130131
25.556	0.349151184580374
25.596	0.346727326610331
25.636	0.344234646649064
25.676	0.341693402783474
25.716	0.339126252139423
25.756	0.336557597797174
25.796	0.334013079110592
25.836	0.3315191811222
25.876	0.329103044976535
25.916	0.326792380441005
25.956	0.324615174285884
25.996	0.322599318680351
26.036	0.320772022129556
26.076	0.319158934349102
26.116	0.317783359119511
26.156	0.316665845756378
26.196	0.315823970235586
26.236	0.315272221961298
26.276	0.315021871214596
26.316	0.315080510963299
26.356	0.315451287962373
26.396	0.316131730974796
26.436	0.317112554550998
26.476	0.318377075871833
26.516	0.319901581146415
26.556	0.321656583060116
26.596	0.32360895765743
26.636	0.325724343668494
26.676	0.327969267830674
26.716	0.330312933484099
26.756	0.332728324711247
26.796	0.335192387141526
26.836	0.337685888717046
26.876	0.340193320667054
26.916	0.342702657599778
26.956	0.345205219058283
26.996	0.347695594653951
27.036	0.350171269367747
27.076	0.352632013511452
27.116	0.35507913955062
27.156	0.357514497335178
27.196	0.359939503476513
27.236	0.362354508995383
27.276	0.364758303497838
27.316	0.367147764009505
27.356	0.369517806205511
27.396	0.371861484805201
27.436	0.374169950456616
27.476	0.376432343054373
27.516	0.378635624929317
27.556	0.380764281918675
27.596	0.382800028877084
27.636	0.384721728305861
27.676	0.386505535698599
27.716	0.388125317335049
27.756	0.389553367691491
27.796	0.390761355744395
27.836	0.391721327199961
27.876	0.392406623650799
27.916	0.392792607961916
27.956	0.392857229808417
27.996	0.39258154552649
28.036	0.39195029509026
28.076	0.390952569494568
28.116	0.389582527435027
28.156	0.387840035655086
28.196	0.385731066442077
28.236	0.383267789740329
28.276	0.380468387025414
28.316	0.377356612700098
28.356	0.373961132993375
28.396	0.370314754105833
28.436	0.366453548367244
28.476	0.362415887250909
28.516	0.358241389936844
28.556	0.353969962763638
28.596	0.349641067651489
28.636	0.345293270572991
28.676	0.340963882792518
28.716	0.33668864831106
28.756	0.332501371017973
28.796	0.32843338339923
28.836	0.324512878722445
28.876	0.320764427639024
28.916	0.317208806264557
28.956	0.31386313821432
28.996	0.310741358664385
29.036	0.307854865690527
29.076	0.30521314737683
29.116	0.302824253693964
29.156	0.300695020487919
29.196	0.298830996246225
29.236	0.297236161873681
29.276	0.295912593340957
29.316	0.294860134239893
29.356	0.294076187293327
29.396	0.29355569354878
29.436	0.293291247199785
29.476	0.293273257131959
29.516	0.293490087771256
29.556	0.293928125072264
29.596	0.29457175835596
29.636	0.295403342515569
29.676	0.296403251370667
29.716	0.297550027092883
29.756	0.298820517067688
29.796	0.300189972357498
29.836	0.301632059392378
29.876	0.303118746977318
29.916	0.304620256782422
29.956	0.30610522849564
29.996	0.307541146670968
30.036	0.308895161078442
30.076	0.310135239365491
30.116	0.311231279538945
30.156	0.312156160397259
30.196	0.312886694824232
30.236	0.313404328372532
30.276	0.313695653157324
30.316	0.313752909354858
30.356	0.313574392311872
30.396	0.313164697931446
30.436	0.312534809040121
30.476	0.311701769596218
30.516	0.310687993097734
30.556	0.309520399418642
30.596	0.308229396029671
30.636	0.306847653713683
30.676	0.305408778087773
30.716	0.303945979809956
30.756	0.302490849959901
30.796	0.301072368774469
30.836	0.299716325548297
30.876	0.298445205476072
30.916	0.297278504684667
30.956	0.29623326528164
30.996	0.29532462531873
31.036	0.294566190159128
31.076	0.293970194713634
31.116	0.293547467468838
31.156	0.293307271718327
31.196	0.293257115743281
31.236	0.293402587009351
31.276	0.293747199721857
31.316	0.294292247238167
31.356	0.295036691182134
31.396	0.295977122186739
31.436	0.297107809982703
31.476	0.29842085273783
31.516	0.299906381488079
31.556	0.301552824493137
31.596	0.303347238394083
31.636	0.305275689502715
31.676	0.307323628493562
31.716	0.309476265395864
31.756	0.311718849863673
31.796	0.314036794759571
31.836	0.31641569743038
31.876	0.318841354276123
31.916	0.321299804149281
31.956	0.323777501115983
31.996	0.326261571222745
32.036	0.32874004846015
32.076	0.331201976281014
32.116	0.333637324665962
32.156	0.336036654801783
32.196	0.338390738253678
32.236	0.340690314378857
32.276	0.342926049387095
32.316	0.345088686765609
32.356	0.347169328293048
32.396	0.349159727254306
32.436	0.351052470864977
32.476	0.352841107269522
32.516	0.354520244321193
32.556	0.356085600426682
32.596	0.357534068387211
32.636	0.358863802042211
32.676	0.360074243869605
32.716	0.361165960131827
32.756	0.362140434284844
32.796	0.362999864702478
32.836	0.363746977301033
32.876	0.364384922719977
32.916	0.364917359239388
32.956	0.365348528960275
32.996	0.365683209744703
33.036	0.365926681458101
33.076	0.36608464021283
33.116	0.366163006221284
33.156	0.366167830574024
33.196	0.366105311805314
33.236	0.365981804084757
33.276	0.365803832001064
33.316	0.365578107779641
33.356	0.365311441894087
33.396	0.365010578682154
33.436	0.364682092287873
33.476	0.364332275649644
33.516	0.363967068382402
33.556	0.363592008380141
33.596	0.363212119211755
33.636	0.362831720247756
33.676	0.362454264514205
33.716	0.3620821624449
33.756	0.361716655186409
33.796	0.361357919834362
33.836	0.361005352377121
33.876	0.360657890891813
33.916	0.360314411139041
33.956	0.359974047610881
33.996	0.359636338283919
34.036	0.359301142456991
34.076	0.358968419347025
34.116	0.358637803980792
34.156	0.358308229704414
34.196	0.357977734670224
34.236	0.357643446422515
34.276	0.357301663982285
34.316	0.356948146987732
34.356	0.356578380717866
34.396	0.356187756653539
34.436	0.355771609920814
34.476	0.355325208551959
34.516	0.354843671472499
34.556	0.354322022115737
34.596	0.353755345212538
34.636	0.353139107538316
34.676	0.352469519068985
34.716	0.351743958509467
34.756	0.350961268338543
34.796	0.350121889521103
34.836	0.349227821914904
34.876	0.348282474734002
34.916	0.347290368825793
34.956	0.346256784879329
34.996	0.345187445445394
35.036	0.34408828639726
35.076	0.3429653191475
35.116	0.341824610924749
35.156	0.340672427548008
35.196	0.339515436775085
35.236	0.338360909104582
35.276	0.337216847984227
35.316	0.336091990162703
35.356	0.334995640796632
35.396	0.333937381892262
35.436	0.332926748416463
35.476	0.331972925318174
35.516	0.331084456647152
35.556	0.330269048661186
35.596	0.32953340297684
35.636	0.328883016071043
35.676	0.328321963365771
35.716	0.32785269450529
35.756	0.327475824535298
35.796	0.327190035534008
35.836	0.326992187997697
35.876	0.326877588089372
35.916	0.326840480695872
35.956	0.326874679526941
35.996	0.326974183911935
36.036	0.32713365194921
36.076	0.32734876568639
36.116	0.327616376348259
36.156	0.327934489125803
36.196	0.328302182993011
36.236	0.328719435797676
36.276	0.329186850094911
36.316	0.329705504525127
36.356	0.330276808441812
36.396	0.330902282808515
36.436	0.331583347236747
36.476	0.332321231607888
36.516	0.333116865412889
36.556	0.333970852443788
36.596	0.33488353332245
36.636	0.335855011026532
36.676	0.336885051420876
36.716	0.337972995002242
36.756	0.339117629803087
36.796	0.340317091673508
36.836	0.341568872957885
36.876	0.342870007065325
36.916	0.344217246836723
36.956	0.345607280389367
36.996	0.347036922971138
37.036	0.348503204285881
37.076	0.350003297500661
37.116	0.351534443148483
37.156	0.353093863742148
37.196	0.354678676842499
37.236	0.35628584576433
37.276	0.357912174539719
37.316	0.359554200279912
37.356	0.361208001726788
37.396	0.362868998713727
37.436	0.364531841664941
37.476	0.366190400380551
37.516	0.367837894847084
37.556	0.369467133043153
37.596	0.371070861378002
37.636	0.37264212747955
37.676	0.37417453977833
37.716	0.375662339786431
37.756	0.377100375195055
37.796	0.378484010896753
37.836	0.379809040933146
37.876	0.381071677389301
37.916	0.382268674153425
37.956	0.383397472141815
37.996	0.38445629437778
38.036	0.385444142039426
38.076	0.386360706445044
38.116	0.38720627096533
38.156	0.387981646245366
38.196	0.388688136400535
38.236	0.389327563424742
38.276	0.38990233271424
38.316	0.390415419042857
38.356	0.390870207347818
38.396	0.391270232787147
38.436	0.391618922537293
38.476	0.391919394556823
38.516	0.39217437033952
38.556	0.392386206429602
38.596	0.392557025178072
38.636	0.392688858897905
38.676	0.392783739320818
38.716	0.392843704932534
38.756	0.392870745421264
38.796	0.392866699377859
38.836	0.392833121292586
38.876	0.392771140119355
38.916	0.392681325387269
38.956	0.392563568916014
38.996	0.392417001592725
39.036	0.392239969859896
39.076	0.392030088291081
39.116	0.391784372947984
39.156	0.39149944403559
39.196	0.391171785236278
39.236	0.390798046132998
39.276	0.390375312414178
39.316	0.389901283781652
39.356	0.389374328739774
39.396	0.388793401658305
39.436	0.388157841628398
39.476	0.387467116509492
39.516	0.386720570819993
39.556	0.385917271438183
39.596	0.38505599014547
39.636	0.384135256648655
39.676	0.383153418767236
39.716	0.382108706090624
39.756	0.380999229383693
39.796	0.379822947956602
39.836	0.378577708064044
39.876	0.377261372194115
39.916	0.375872053555862
39.956	0.374408398924397
39.996	0.37286976661927
40.036	0.371256249713727
40.076	0.369568655346892
40.116	0.367808500986937
40.156	0.365978054259858
40.196	0.364080606168232
40.236	0.362120900240337
40.276	0.360105582378011
40.316	0.358043541326873
40.356	0.355946054130513
40.396	0.353826554687936
40.436	0.351700052535196
40.476	0.349582220050499
40.516	0.347488235907806
40.556	0.345431560427715
40.596	0.343423085145705
40.636	0.341470659811208
40.676	0.339579101226711
40.716	0.337750734375546
40.756	0.335986517391839
40.796	0.334287197476617
40.836	0.332654306407811
40.876	0.331090771980353
40.916	0.329601057136717
40.956	0.328190812615031
40.996	0.32686631666466
41.036	0.325634047535703
41.076	0.324500436822815
41.116	0.323471719429242
41.156	0.32255376734198
41.196	0.321751800919703
41.236	0.321070026415134
41.276	0.320511298788801
41.316	0.320076994171099
41.356	0.319767134538565
41.396	0.319580895582114
41.436	0.319517237695417
41.476	0.319575432031209
41.516	0.319755351536554
41.556	0.320057474450818
41.596	0.320482686398242
41.636	0.321032064437919
41.676	0.321706927023696
41.716	0.322508997614822
41.756	0.323440550039114
41.796	0.324504351956866
41.836	0.325703116407855
41.876	0.327038672101787
41.916	0.328511185171676
41.956	0.330118627123595
41.996	0.331856533654043
42.036	0.333718213788382
42.076	0.335695283285742
42.116	0.337778144495233
42.156	0.33995630323085
42.196	0.342218548619369
42.236	0.344553082593357
42.276	0.346947474711055
42.316	0.34938857192587
42.356	0.351862291954935
42.396	0.354353315327166
42.436	0.356844873350006
42.476	0.359318860066182
42.516	0.361756371573193
42.556	0.364138534431527
42.596	0.366447555507162
42.636	0.368667705549987
42.676	0.370785940950454
42.716	0.372792128302199
42.756	0.374679024281799
42.796	0.376442096890805
42.836	0.378079331927379
42.876	0.379591026723594
42.916	0.380979547765756
42.956	0.382249016420928
42.996	0.383404947444056
43.036	0.384453788165422
43.076	0.385402446954051
43.116	0.386257893903445
43.156	0.387026921033928
43.196	0.387716055185911
43.236	0.388331612564822
43.276	0.388879805938096
43.316	0.389366856887007
43.356	0.389799028594949
43.396	0.390182574199962
43.436	0.39052356525353
43.476	0.390827670693993
43.516	0.391099939677961
43.556	0.391344656870931
43.596	0.391565261928984
43.636	0.391764382144964
43.676	0.391943945161853
43.716	0.392105319941847
43.756	0.392249444682581
43.796	0.392376958435618
43.836	0.392488316882711
43.876	0.392583918813592
43.916	0.392664224388853
43.956	0.392729839514639
43.996	0.392781553750114
44.036	0.392820354743859
44.076	0.392847415795508
44.116	0.392864069305142
44.156	0.392871782357831
44.196	0.392872131692877
44.236	0.392866765742138
44.276	0.392857349131321
44.316	0.392845490608481
44.356	0.392832665747492
44.396	0.392820148546418
44.436	0.392808959578077
44.476	0.392799837085049
44.516	0.392793231634489
44.556	0.39278931851334
44.596	0.392788023187962
44.636	0.392789062859763
44.676	0.392792010191756
44.716	0.392796367493786
44.756	0.392801637800895
44.796	0.392807383197519
44.836	0.392813262903227
44.876	0.392819046860322
44.916	0.392824609025905
44.956	0.3928299078829
44.996	0.392834960547634
45.036	0.392839816549365
45.076	0.392844536548094
45.116	0.392849171421209
45.156	0.39285374000823
45.196	0.392858208485823
45.236	0.392862475492557
45.276	0.392866362378764
45.316	0.392869610145985
45.356	0.392871884317741
45.396	0.392872780778847
45.436	0.392871824293601
45.476	0.39286845699838
45.516	0.392862020997112
45.556	0.392851745597008
45.596	0.392836749122382
45.636	0.392816059688197
45.676	0.392788653916738
45.716	0.392753506380143
45.756	0.392709626563463
45.796	0.392656078030476
45.836	0.392591978103877
45.876	0.392516489604858
45.916	0.392428810731005
45.956	0.392328192410912
45.996	0.392213966750764
46.036	0.392085585979772
46.076	0.391942653388631
46.116	0.391784936712241
46.156	0.391612343043649
46.196	0.391424890421755
46.236	0.391222675966989
46.276	0.391005864551322
46.316	0.390774688761229
46.356	0.390529471255625
46.396	0.390270624894044
46.436	0.389998629041992
46.476	0.389713948200762
46.516	0.389416917573568
46.556	0.389107603600759
46.596	0.388785682210708
46.636	0.38845035662222
46.676	0.388100332035144
46.716	0.38773381931627
46.756	0.387348580456141
46.796	0.386942006327678
46.836	0.386511196377004
46.876	0.386052983843517
46.916	0.385563929436571
46.956	0.385040290171839
46.996	0.384477918239601
47.036	0.38387215194216
47.076	0.383217730698365
47.116	0.382508701428187
47.156	0.381738307327224
47.196	0.380898931603
47.236	0.379982061909396
47.276	0.378978313415424
47.316	0.377877580844257
47.356	0.376669315080723
47.396	0.375342787838912
47.436	0.373887355706175
47.476	0.372292694978099
47.516	0.565635376201383
47.556	0.565248197173508
47.596	0.564875460686883
47.636	0.56452008995956
47.676	0.564184697447272
47.716	0.56387148995327
47.756	0.563582179153057
47.796	0.56331787974308
47.836	0.563079042482881
47.876	0.562865426086303
47.916	0.562676115147875
47.956	0.562509567096855
47.996	0.562363675471937
48.036	0.562235808234499
48.076	0.562122813300425
48.116	0.56202098703651
48.156	0.561926010833057
48.196	0.561832867879039
48.236	0.561735760569908
48.276	0.561628037666809
48.316	0.561502142475407
48.356	0.561349597139779
48.396	0.561161034542421
48.436	0.560926277695179
48.476	0.560634466470026
48.516	0.560274231529812
48.556	0.559833899570849
48.596	0.559301713822
48.636	0.55866606408628
48.676	0.557915715277735
48.716	0.557040007150507
48.756	0.556029071453322
48.796	0.554874106552075
48.836	0.553567706902603
48.876	0.552104232041893
48.916	0.550480188679478
48.956	0.548694551497727
48.996	0.546748938005729
49.036	0.544647677255634
49.076	0.542397731746727
49.116	0.540008400816218
49.156	0.53749084780471
49.196	0.53485746681856
49.236	0.532121069392245
49.276	0.529294032130542
49.316	0.526387740870989
49.356	0.523412521280322
49.396	0.520378228098204
49.436	0.517295533582024
49.476	0.514177401068073
49.516	0.511040198122943
49.556	0.507904121231482
49.596	0.504792650908405
49.636	0.501730899384386
49.676	0.498743520449429
49.716	0.495853062107916
49.756	0.493078943733625
49.796	0.490437424840161
49.836	0.487942542801783
49.876	0.485607543218798
49.916	0.483446319462074
49.956	0.481474612872166
49.996	0.479710397823821
50.036	0.47817332457646
50.076	0.476883820334804
50.116	0.475862096563224
50.156	0.475126974877289
50.196	0.474694905070303
50.236	0.474579372109252
50.276	0.474790728114881
50.316	0.475336263746167
50.356	0.476220618342413
50.396	0.477446099881446
50.436	0.479012693908773
50.476	0.480917620261984
50.516	0.483154455976859
50.556	0.485711969765996
50.596	0.488573238686328
50.636	0.491715481489955
50.676	0.495110314767647
50.716	0.498724272567591
50.756	0.502519722877791
50.796	0.506455567165544
50.836	0.510487578763035
50.876	0.514568861298619
50.916	0.518650649669288
50.956	0.522683263593516
50.996	0.526617695906571
51.036	0.530407625101136
51.076	0.534011417611653
51.116	0.537393966626725
51.156	0.540528256349431
51.196	0.543396259645673
51.236	0.545989192712666
51.276	0.548307054374115
51.316	0.550357453162201
51.356	0.552153915898463
51.396	0.553714103689073
51.436	0.555058129904745
51.476	0.556207171553
51.516	0.557182474667053
51.556	0.558004701442586
51.596	0.558693486584543
51.636	0.559267132120931
51.676	0.559742407136723
51.716	0.560134438473286
51.756	0.56045669179859
51.796	0.560721016387719
51.836	0.560937740279902
51.876	0.56111577012693
51.916	0.56126269603911
51.956	0.561384903333968
51.996	0.561487698175219
52.036	0.561575441586724
52.076	0.561651696349051
52.116	0.561719366904439
52.156	0.561780822130489
52.196	0.561837998198589
52.236	0.561892488232212
52.276	0.56194561840452
52.316	0.561998517113127
52.356	0.562052181204544
52.396	0.562107538141101
52.436	0.562165500394196
52.476	0.56222701946349
52.516	0.562293142612953
52.556	0.562365068109719
52.596	0.562444194254473
52.636	0.562532159504746
52.676	0.562630872194367
52.716	0.562742522978221
52.756	0.562869580978886
52.796	0.563014776442094
52.836	0.563181081676332
52.876	0.563371692803708
52.916	0.563590010922072
52.956	0.563839615664049
52.996	0.564124232245616
53.036	0.564447684572384
53.076	0.564813835956047
53.116	0.565226527787024
53.156	0.565689551209148
53.196	0.566206677376725
53.236	0.566781728856062
53.276	0.567418630139995
53.316	0.568121364985705
53.356	0.568893808457387
53.396	0.569739467792315
53.436	0.570661200726731
53.476	0.571660967989919
53.516	0.572739701035848
53.556	0.573897322238382
53.596	0.575132871839022
53.636	0.576444597909903
53.676	0.577829974353831
53.716	0.57928561612283
53.756	0.580807063020705
53.796	0.582388508607314
53.836	0.58402258299501
53.876	0.585700224774575
53.916	0.587410728814353
53.956	0.589141967010596
53.996	0.590880720126156
54.036	0.592613078334834
54.076	0.594324952379123
54.116	0.596002640624375
54.156	0.597633412209552
54.196	0.599205999194806
54.236	0.600710996621777
54.276	0.602141109510368
54.316	0.603491154012294
54.356	0.604757809050644
54.396	0.60593917758978
54.436	0.607034225075202
54.476	0.608042255700054
54.516	0.608962590461763
54.556	0.609794488991303
54.596	0.6105371688703
54.636	0.6111899679491
54.676	0.611752514140568
54.716	0.612224885463929
54.756	0.612607690907195
54.796	0.612902148877046
54.836	0.613110175780042
54.876	0.613234475998395
54.916	0.613278532361205
54.956	0.613246496477002
54.996	0.613142938957187
55.036	0.612972489598134
55.076	0.612739447752693
55.116	0.612447499258442
55.156	0.612099514557711
55.196	0.611697562080229
55.236	0.611243139404825
55.276	0.610737442001875
55.316	0.610181610460783
55.356	0.609577035059742
55.396	0.608925640691231
55.436	0.608230067189245
55.476	0.607493789541975
55.516	0.606721132389884
55.556	0.605917165624453
55.596	0.605087544466796
55.636	0.604238351431539
55.676	0.603375964525176
55.716	0.60250701104089
55.756	0.601638382807378
55.796	0.600777268235872
55.836	0.599931126407709
55.876	0.599107565383937
55.916	0.598314096648727
55.956	0.597557749346931
55.996	0.596844601720653
56.036	0.596179334231357
56.076	0.595564941238107
56.116	0.595002624782536
56.156	0.594491929323011
56.196	0.594031111853154
56.236	0.593617641665949
56.276	0.593248735813189
56.316	0.592921851834424
56.356	0.592634936885622
56.396	0.592386333689225
56.436	0.592174470832253
56.476	0.591997502298247
56.516	0.591852937580553
56.556	0.591737468370047
56.596	0.591647058159692
56.636	0.591577116790409
56.676	0.591522635351557
56.716	0.591478292637545
56.756	0.591438461448041
56.796	0.591397148688825
56.836	0.591348020828994
56.876	0.591284622225038
56.916	0.591200703628067
56.956	0.591090662833649
56.996	0.590950039172318
57.036	0.590775934438545
57.076	0.59056722661178
57.116	0.590324601665314
57.156	0.590050425113885
57.196	0.589748511816692
57.236	0.589423796244409
57.276	0.589081975251885
57.316	0.588729097554248
57.356	0.588371150807538
57.396	0.588013727471177
57.436	0.587661867706649
57.476	0.587319995302726
57.516	0.58699201493067
57.556	0.586681522728233
57.596	0.586391977383462
57.636	0.586126802643617
57.676	0.585889415692412
57.716	0.585683099099645
57.756	0.585510770161774
57.796	0.585374759865088
57.836	0.585276561815041
57.876	0.585216665240919
57.916	0.585194579480691
57.956	0.585209036939643
57.996	0.585258216144117
58.036	0.585339969668807
58.076	0.585451976362455
58.116	0.585591785293024
58.156	0.585756754600423
58.196	0.585944024136756
58.236	0.586150561236186
58.276	0.586373321929505
58.316	0.586609503249589
58.356	0.586856868814186
58.396	0.587114027070823
58.436	0.587380593542276
58.476	0.587657306468001
58.516	0.587946083632223
58.556	0.588250069840461
58.596	0.588573686286848
58.636	0.588922644064523
58.676	0.589303795452713
58.716	0.589724902241931
58.756	0.590194263605879
58.796	0.590720327358531
58.836	0.591311376668008
58.876	0.591975375061933
58.916	0.592719916894472
58.956	0.593552362260203
58.996	0.594480006124128
59.036	0.595510199198811
59.076	0.596650418087469
59.116	0.597908319911381
59.156	0.599291542518023
59.196	0.600807357302768
59.236	0.602462299167483
59.276	0.604261742589953
59.316	0.606209471466178
59.356	0.608307338543986
59.396	0.610555011789897
59.436	0.612949696746112
59.476	0.615485869351657
59.516	0.618154926176556
59.556	0.620944711269344
59.596	0.623839038009171
59.636	0.626817419592937
59.676	0.629855006266544
59.716	0.632922837243092
59.756	0.635988384977137
59.796	0.639016368060195
59.836	0.641969732825904
59.876	0.644810782131158
59.916	0.647502307039302
59.956	0.650008738724607
59.996	0.652297214311117
60.036	0.654338531103987
60.076	0.65610795227507
60.116	0.657585879020116
60.156	0.658758356147827
60.196	0.65961732042671
60.236	0.660160548353948
60.276	0.660391308811816
60.316	0.660317762951498
60.356	0.65995222683844
60.396	0.659310393616591
60.436	0.658410551685888
60.476	0.657272852450026
60.516	0.655918654902406
60.556	0.654370022117417
60.596	0.652649518606166
60.636	0.650780431194766
60.676	0.648787392412514
60.716	0.646697359521651
60.756	0.644540553684527
60.796	0.642351011916558
60.836	0.640166569809621
60.876	0.638028209938161
60.916	0.635978709812766
60.956	0.634060903812019
60.996	0.632315870052123
61.036	0.630781169810147
61.076	0.629489258558761
61.116	0.628466320169315
61.156	0.62773154474913
61.196	0.627296828583573
61.236	0.627166879420569
61.276	0.627339491646579
61.316	0.627805892358834
61.356	0.628550909084046
61.396	0.629553300032361
61.436	0.630786362884598
61.476	0.63221928715569
61.516	0.633819059040915
61.556	0.635552736461497
61.596	0.637389303821427
61.636	0.639300766653667
61.676	0.641262068994093
61.716	0.643250176413288
61.756	0.645242645025069
61.796	0.647216312634674
61.836	0.649146553019369
61.876	0.651007322781409
61.916	0.652771625340966
61.956	0.654412330386895
61.996	0.655902980450234
62.036	0.65721835265399
62.076	0.658334745873438
62.116	0.659230185600157
62.156	0.659884573292905
62.196	0.660279853183246
62.236	0.660400215189325
62.276	0.660232299291549
62.316	0.659765329791211
62.356	0.658991173509213
62.396	0.657904374358855
62.436	0.656502224618519
62.476	0.654784980891639
62.516	0.65275625253607
62.556	0.650423494791736
62.596	0.647798412111618
62.636	0.644897215350609
62.676	0.641740537946388
62.716	0.638353040888836
62.756	0.634762848981493
62.796	0.631000936224629
62.836	0.627100409126532
62.876	0.623095823021137
62.916	0.619022516907469
62.956	0.614915951730692
62.996	0.610811071997828
63.036	0.606741803051049
63.076	0.602740690758564
63.116	0.598838723890301
63.156	0.595065200809698
63.196	0.591447518240861
63.236	0.588010752258688
63.276	0.584777034780968
63.316	0.581764829052394
63.356	0.57898823537286
63.396	0.576456464781662
63.436	0.574173612171775
63.476	0.572138783508597
63.516	0.570346443327116
63.556	0.568786936297043
63.596	0.56744713106041
63.636	0.566311136676857
63.676	0.565361002801142
63.716	0.564577421625929
63.756	0.563940400275966
63.796	0.563429872555309
63.836	0.563026212529328
63.876	0.562710652718829
63.916	0.56246560136031
63.956	0.562274890858388
63.996	0.56212397277878
64.036	0.56200007496061
64.076	0.561892316444426
64.116	0.561791776000179
64.156	0.561691506729124
64.196	0.561586492033895
64.236	0.561473537830798
64.276	0.561351104195202
64.316	0.561219092261817
64.356	0.561078607248993
64.396	0.56093171896657
64.436	0.560781247386599
64.476	0.560630598435308
64.516	0.560483636023823
64.556	0.560344579013078
64.596	0.560217888135023
64.636	0.560108100813109
64.676	0.560019577575906
64.716	0.559956197151605
64.756	0.559921012418892
64.796	0.559915922181942
64.836	0.55994143048599
64.876	0.559996572075113
64.916	0.560078991245424
64.956	0.560185167651268
64.996	0.560310726066094
65.036	0.560450767508195
65.076	0.560600182738357
65.116	0.560753944604182
65.156	0.560907366091913
65.196	0.56105635199201
65.236	0.561197646331534
65.276	0.561329038480837
65.316	0.5614494962894
65.356	0.561559229587251
65.396	0.56165968276151
65.436	0.561753473709809
65.476	0.561844307825107
65.516	0.561936885298492
65.556	0.562036799657191
65.596	0.562150413702431
65.636	0.562284697765589
65.676	0.562447026716539
65.716	0.562644960210497
65.756	0.562886053648414
65.796	0.563177743517903
65.836	0.563527336612667
65.876	0.563942091128967
65.916	0.564429330851089
65.956	0.56499651211036
65.996	0.56565118536736
66.036	0.566400837533633
66.076	0.567252675113901
66.116	0.568213463455143
66.156	0.569289450254557
66.196	0.570486348808052
66.236	0.571809333699141
66.276	0.573262974294954
66.316	0.574851014465613
66.356	0.576576020083072
66.396	0.578439036947804
66.436	0.580439349925596
66.476	0.582574422423525
66.516	0.5848400613348
66.556	0.587230730277481
66.596	0.589739906932818
66.636	0.592360353685228
66.676	0.595084347068079
66.716	0.597903801750695
66.756	0.600810208977341
66.796	0.603794457441266
66.836	0.606846594832403
66.876	0.609955456983029
66.916	0.613108295362172
66.956	0.616290598651359
66.996	0.619486123885912
67.036	0.622677084089622
67.076	0.625844594760052
67.116	0.628969176728495
67.156	0.632031216319296
67.196	0.635011414846678
67.236	0.637891197954231
67.276	0.640653020556831
67.316	0.643280696618197
67.356	0.645759589204614
67.396	0.648076664411859
67.436	0.650220393765627
67.476	0.652180544270143
67.516	0.653947851554099
67.556	0.655513831724901
67.596	0.656870789474366
67.636	0.658012074499458
67.676	0.658932552102312
67.716	0.659629219394011
67.756	0.660101807714254
67.796	0.660353253479739
67.836	0.660389930775471
67.876	0.66022162034386
67.916	0.659861312781073
67.956	0.659324951382542
67.996	0.658631176168965
68.036	0.657801097705351
68.076	0.656858047627216
68.116	0.655827180302188
68.156	0.654734835536358
68.196	0.653607764218554
68.236	0.65247228092854
68.276	0.651353512890607
68.316	0.650274854237507
68.356	0.649257673777468
68.396	0.648321156659447
68.436	0.647482276370395
68.476	0.646755715148656
68.516	0.646153651589868
68.556	0.645685476127232
68.596	0.645357512119714
68.636	0.645172681143668
68.676	0.645130369770419
68.716	0.645226540751599
68.756	0.645454211745315
68.796	0.645804167622698
68.836	0.646265882605631
68.876	0.646828388123437
68.916	0.647480957358416
68.956	0.648213394555723
68.996	0.649015850191295
69.036	0.649878289457879
69.076	0.650789907021169
69.116	0.651738665872129
69.156	0.652711076548846
69.196	0.653692254906721
69.236	0.654666203214509
69.276	0.655616202115558
69.316	0.656525216766203
69.356	0.657376205147505
69.396	0.658152378369968
69.436	0.658837449937897
69.476	0.659415846591768
69.516	0.659872918354898
69.556	0.660195175382695
69.596	0.66037058881617
69.636	0.660388950573767
69.676	0.660242278604128
69.716	0.659925219531216
69.756	0.659435377134207
69.796	0.658773455295693
69.836	0.657943114020624
69.876	0.65695055690569
69.916	0.655803953171604
69.956	0.654512801368709
69.996	0.653087407070357
70.036	0.651538645535487
70.076	0.649878026320691
70.116	0.648118015034681
70.156	0.646272463902056
70.196	0.644356930885015
70.236	0.642388703189786
70.276	0.640386507654332
70.316	0.638369909837158
70.356	0.636358525929031
70.396	0.63437127345137
70.436	0.632425842643569
70.476	0.630538385257863
70.516	0.628723368845646
70.556	0.626993460880945
70.596	0.625359385525313
70.636	0.623829733516514
70.676	0.622410783126211
70.716	0.621106434782247
70.756	0.619918390701072
70.796	0.618846458793127
70.836	0.617888953309295
70.876	0.61704304568301
70.916	0.616304911809264
70.956	0.61566956410398
70.996	0.615130471813329
71.036	0.61467910161692
71.076	0.614304552735879
71.116	0.613993484377863
71.156	0.613730440014256
71.196	0.613498483933389
71.236	0.613280057652622
71.276	0.819237716276362
71.316	0.81953410407192
71.356	0.819873194657362
71.396	0.820271266881562
71.436	0.820742459470353
71.476	0.821298662936307
71.516	0.821949335675157
71.556	0.822701205650908
71.596	0.823557976718426
71.636	0.824520162784083
71.676	0.825585084892587
71.716	0.826747138793991
71.756	0.827998199697788
71.796	0.829328118828037
71.836	0.830725277752265
71.876	0.832177092283601
71.916	0.833670490309444
71.956	0.835192369692926
71.996	0.83672987030134
72.036	0.838270497612235
72.076	0.839802174301553
72.116	0.841313247869202
72.156	0.842792463425802
72.196	0.844229190533788
72.236	0.845613871904774
72.276	0.846938477330042
72.316	0.848196915897638
72.356	0.849385272925502
72.396	0.850501690910654
72.436	0.851545979046492
72.476	0.852519104033945
72.516	0.853422648105479
72.556	0.854258403319989
72.596	0.85502817464846
72.636	0.855733747263947
72.676	0.856376945711503
72.716	0.856959725930317
72.756	0.857484283248958
72.796	0.857953103792255
72.836	0.858368942878428
72.876	0.858734793777479
72.916	0.859053887839003
72.956	0.859329671653853
72.996	0.859565744144419
73.036	0.859765826226941
73.076	0.859933721047099
73.116	0.860073217677019
73.156	0.860187966409278
73.196	0.860281365549781
73.236	0.860356444951286
73.276	0.860415778336552
73.316	0.860461442186448
73.356	0.86049499611476
73.396	0.860517482074023
73.436	0.860529450742121
73.476	0.860530973653326
73.516	0.860521633478278
73.556	0.860500497802434
73.596	0.860466079147415
73.636	0.860416275430801
73.676	0.860348314789732
73.716	0.860258696324443
73.756	0.860143142769047
73.796	0.859996593505102
73.836	0.859813232838739
73.876	0.859586550670002
73.916	0.859309469784733
73.956	0.858974540514815
73.996	0.858574162270124
74.036	0.858100824869105
74.076	0.857547322461159
74.116	0.856906879293845
74.156	0.856173232717317
74.196	0.855340733329626
74.236	0.854404405522928
74.276	0.8533600565436
74.316	0.85220446377587
74.356	0.850935607708053
74.396	0.849552820806721
74.436	0.848056851313316
74.476	0.846449735117034
74.516	0.844734516005929
74.556	0.842914944724988
74.596	0.840995218944151
74.636	0.838979789507817
74.676	0.836873407861709
74.716	0.83468131395913
74.756	0.832409274423249
74.796	0.830063373908843
74.836	0.827649695474214
74.876	0.825173833240662
74.916	0.822640379402948
74.956	0.820052677680366
74.996	0.817413073513464
75.036	0.814723634339906
75.076	0.811987250620994
75.116	0.809208839597396
75.156	0.806396188690087
75.196	0.803560240286807
75.236	0.800714712675251
75.276	0.797874980001389
75.316	0.795056649724494
75.356	0.792274339480691
75.396	0.789540925330108
75.436	0.786867305865698
75.476	0.78426270768621
75.516	0.781735274520067
75.556	0.779292686939918
75.596	0.776942616770327
75.636	0.774692873994212
75.676	0.772551392655679
75.716	0.770526271584252
75.756	0.768625828638825
75.796	0.766858605606025
75.836	0.765233376133089
75.876	0.76375903842284
75.916	0.76244426504261
75.956	0.761297012704055
75.996	0.760323994279652
76.036	0.75953026794749
76.076	0.758919060197506
76.116	0.758491811058867
76.156	0.758248403770914
76.196	0.758187520204892
76.236	0.75830704897114
76.276	0.758604454407823
76.316	0.759076973185067
76.356	0.759721518989302
76.396	0.76053424770614
76.436	0.761509821633474
76.476	0.762640534122419
76.516	0.763915588695518
76.556	0.765320777516045
76.596	0.76683868103445
76.636	0.768449303820141
76.676	0.770130801977835
76.716	0.771860042645024
76.756	0.773612831805558
76.796	0.775363903174856
76.836	0.777087001596549
76.876	0.778755358397184
76.916	0.78034276474235
76.956	0.781825096277338
76.996	0.783181765465379
77.036	0.784396683656063
77.076	0.785458770776295
77.116	0.786361895471408
77.156	0.787104368336536
77.196	0.787688394877712
77.236	0.788119442071043
77.276	0.788405372637804
77.316	0.788555461479881
77.356	0.788579514262473
77.396	0.78848682001459
77.436	0.78828528283676
77.476	0.787981184400259
77.516	0.787579392146434
77.556	0.787083847265116
77.596	0.786498291964072
77.636	0.785826816715392
77.676	0.785074123591549
77.716	0.78424554612554
77.756	0.783346863093307
77.796	0.782383905481318
77.836	0.781362191372914
77.876	0.780286684923304
77.916	0.77916169656627
77.956	0.777990912791942
77.996	0.776777671091587
78.036	0.77552554711253
78.076	0.774239140368742
78.116	0.772924810585216
78.156	0.771591268089729
78.196	0.770249857688462
78.236	0.768914513791991
78.276	0.767601225421764
78.316	0.766327150552762
78.356	0.765109488696417
78.396	0.763964331076785
78.436	0.762905614940358
78.476	0.761944393209241
78.516	0.761088541662183
78.556	0.760342894458695
78.596	0.759709675778744
78.636	0.759189084935237
78.676	0.758779860315805
78.716	0.758479718404992
78.756	0.758285634144748
78.796	0.758193992792336
78.836	0.758200684643064
78.876	0.758301225895259
78.916	0.758490921090932
78.956	0.75876506356439
78.996	0.75911915630531
79.036	0.759549112516417
79.076	0.760051377526274
79.116	0.760622969532712
79.156	0.761261412308976
79.196	0.761964615940236
79.236	0.762730721675631
79.276	0.763557961671715
79.316	0.764444581042149
79.356	0.76538896202792
79.396	0.766389882716375
79.436	0.767446841280155
79.476	0.768560504706592
79.516	0.769733251071081
79.556	0.770969641177338
79.596	0.772276799980908
79.636	0.773664629396642
79.676	0.775145822712808
79.716	0.776735674295075
79.756	0.778451740005387
79.796	0.780313322975125
79.836	0.782340866092689
79.876	0.784555300227645
79.916	0.78697726929564
79.956	0.789626074135313
79.996	0.79251831344223
80.036	0.795666224600701
80.076	0.799075800151741
80.116	0.802744895373699
80.156	0.806661571125623
80.196	0.810802882505392
80.236	0.815134255749356
80.276	0.81960937097066
80.316	0.824170793527458
80.356	0.828751399160815
80.396	0.833276662645069
80.436	0.837667789192331
80.476	0.841845663320605
80.516	0.845735103596496
80.556	0.849268785198454
80.596	0.852390293093428
80.636	0.855056006471933
80.676	0.85723581853884
80.716	0.858913028706446
80.756	0.860083694855042
80.796	0.860755729588455
80.836	0.860947871259903
80.876	0.860688455555909
80.916	0.860013900838823
80.956	0.85896696144637
80.996	0.857594852965796
81.036	0.855947426038682
81.076	0.854075560600116
81.116	0.852029833801559
81.156	0.849859443059785
81.196	0.847611263872651
81.236	0.845328928722004
81.276	0.843051999574683
81.316	0.840815298626715
81.356	0.838648445400821
81.396	0.836575735743125
81.436	0.834616295547399
81.476	0.832784465542197
81.516	0.831090374474435
81.556	0.82954049014516
81.596	0.828138009784034
81.636	0.82688315728317
81.676	0.825773457385061
81.716	0.824803908393452
81.756	0.8239672194645
81.796	0.823254212417652
81.836	0.82265431568398
81.876	0.822156097162612
81.916	0.821747894415836
81.956	0.821418371766249
81.996	0.821156939146043
82.036	0.82095404845353
82.076	0.820801371066036
82.116	0.820691837593749
82.156	0.820619597338187
82.196	0.820579935826704
82.236	0.820569173751291
82.276	0.820584504522731
82.316	0.820623885257554
82.356	0.820686050408735
82.396	0.820770585820568
82.436	0.820877974938867
82.476	0.821009696867456
82.516	0.821168314555933
82.556	0.821357319271144
82.596	0.821580780639493
82.636	0.821842958546693
82.676	0.822147869949589
82.716	0.822498904815337
82.756	0.822898713372478
82.796	0.823349316647764
82.836	0.823852341294355
82.876	0.8244094091399
82.916	0.825022531507024
82.956	0.825694243939541
82.996	0.826427541621179
83.036	0.827225672308899
83.076	0.828091643599628
83.116	0.829027503673785
83.156	0.830033672867277
83.196	0.831108454287385
83.236	0.832247766261471
83.276	0.833445201458208
83.316	0.834692360061752
83.356	0.835979377196047
83.396	0.837295574729893
83.436	0.838630141046679
83.476	0.839972670223311
83.516	0.84131355050841
83.556	0.842644269890904
83.596	0.843957634732334
83.636	0.845247851768853
83.676	0.8465104380277
83.716	0.847741930172397
83.756	0.8489394934698
83.796	0.850100459900574
83.836	0.851221927108213
83.876	0.852300531169938
83.916	0.853332463996104
83.956	0.854313670759147
83.996	0.855240152936645
84.036	0.856108247836211
84.076	0.856914765768806
84.116	0.857656964683379
84.156	0.858332383705012
84.196	0.858938568652867
84.236	0.859472768236273
84.276	0.859931719103393
84.316	0.860311549897013
84.356	0.860607782981617
84.396	0.860815395750336
84.436	0.860928927649447
84.476	0.860942600146103
84.516	0.860850422817158
84.556	0.860646292168447
84.596	0.860324122397898
84.636	0.859878074102724
84.676	0.859302909984649
84.716	0.858594461588659
84.756	0.857750167256917
84.796	0.856769565682249
84.836	0.855654604464036
84.876	0.854409747587738
84.916	0.853041955884436
84.956	0.85156055717674
84.996	0.849977173316738
85.036	0.848305752511294
85.076	0.846562647041672
85.116	0.844766626502903
85.156	0.842938775691479
85.196	0.841102059152327
85.236	0.839280632346828
85.276	0.83749907905932
85.316	0.835781659409569
85.356	0.834151621959386
85.396	0.832630789710002
85.436	0.831239320281433
85.476	0.829995510139113
85.516	0.828915584368879
85.556	0.828013611963307
85.596	0.827301444979227
85.636	0.82678866693486
85.676	0.826482639554897
85.716	0.826388596915933
85.756	0.826509589299846
85.796	0.826846300237214
85.836	0.827396828691306
85.876	0.828156518521524
85.916	0.829117969616227
85.956	0.830271310942642
85.996	0.831604533076622
86.036	0.833103733968073
86.076	0.834753162522553
86.116	0.836534935683197
86.156	0.838428509779455
86.196	0.840410255682585
86.236	0.842453340229682
86.276	0.844528043922807
86.316	0.846602534578324
86.356	0.848643881430448
86.396	0.850619087398371
86.436	0.852496028212613
86.476	0.854244218367114
86.516	0.855835431451105
86.556	0.857244267237149
86.596	0.858448654949143
86.636	0.85943028987262
86.676	0.860175019840412
86.716	0.860673226484408
86.756	0.860920233042989
86.796	0.860916713599707
86.836	0.860669001634392
86.876	0.860189173314495
86.916	0.859494809676967
86.956	0.858608420818506
86.996	0.857556620657149
87.036	0.856369188495322
87.076	0.855078139735866
87.116	0.853716848807515
87.156	0.85231917604942
87.196	0.850918540099599
87.236	0.849546926694494
87.276	0.848233919823613
87.316	0.847005813133308
87.356	0.845884952600812
87.396	0.844889408559247
87.436	0.844032971883983
87.476	0.843325360927594
87.516	0.842772650841518
87.556	0.842377772924415
87.596	0.842140999303972
87.636	0.842060397296912
87.676	0.842132241904238
87.716	0.842351295039663
87.756	0.842711070970211
87.796	0.843204028619205
87.836	0.843821592644005
87.876	0.84455404456272
87.916	0.845390389643569
87.956	0.846318125526622
87.996	0.847323049186791
88.036	0.84838925018034
88.076	0.849499271531258
88.116	0.850634482261128
88.156	0.851775707071042
88.196	0.852903987352903
88.236	0.854001289108659
88.276	0.855051109705748
88.316	0.856038905823048
88.356	0.856952328937737
88.396	0.8577813303854
88.436	0.858518235514779
88.476	0.859157763243466
88.516	0.859697023136626
88.556	0.860135461444493
88.596	0.860474735576766
88.636	0.860718511748473
88.676	0.860872227089843
88.716	0.860942797942116
88.756	0.860938288927379
88.796	0.860867551131292
88.836	0.860739842001635
88.876	0.860564444999355
88.916	0.86035031900925
88.956	0.860105805002384
88.996	0.85983841090308
89.036	0.859554687784659
89.076	0.859260170483196
89.116	0.85895936820949
89.156	0.858655775528995
89.196	0.858351896630722
89.236	0.858049269002528
89.276	0.857748505645084
89.316	0.857449366388543
89.356	0.857150866332439
89.396	0.85685142670841
89.436	0.856549074122107
89.476	0.856241666287815
89.516	0.85592710745528
89.556	0.855603522875626
89.596	0.855269322316659
89.636	0.854923173336147
89.676	0.85456391629544
89.716	0.85419044588393
89.756	0.853801597224724
89.796	0.853396051544586
89.836	0.852972246513026
89.876	0.852528327298444
89.916	0.852062138314523
89.956	0.851571231381399
89.996	0.851052899420807
90.036	0.850504324872617
90.076	0.849922775315143
90.116	0.849305792583252
90.156	0.848651489799423
90.196	0.84795902275512
90.236	0.847229129401967
90.276	0.846464680087436
90.316	0.845671164409595
90.356	0.845252468768159
90.396	0.844911164600063
90.436	0.844664673426493
90.476	0.84451759345626
90.516	0.844465982374288
90.556	0.844500813099927
90.596	0.844610543548939
90.636	0.844782874226823
90.676	0.845005857048761
90.716	0.845268528807402
90.756	0.845561213092417
90.796	0.845875613272497
90.836	0.846204781520541
90.876	0.846543012958321
90.916	0.84688569928295
90.956	0.847229170126013
90.996	0.847570536636553
91.036	0.847907547181265
91.076	0.848238463779218
91.116	0.848561958630086
91.156	0.848877029858748
91.196	0.849182936950449
91.236	0.849479151461196
91.276	0.84976531981625
91.316	0.850041237056182
91.356	0.850306827612904
91.396	0.850562127469274
91.436	0.850807263933142
91.476	0.85104243375482
91.516	0.851267880826711
91.556	0.851483875958891
91.596	0.851690700771869
91.636	0.851888637013651
91.676	0.852077959402415
91.716	0.852258931435728
91.756	0.852431802641533
91.796	0.852596805828554
91.836	0.852754154738463
91.876	0.852904043697748
91.916	0.853046648751437
91.956	0.853182130647241
91.996	0.853310640223889
92.036	0.85343232390165
92.076	0.853547328289167
92.116	0.853655803736608
92.156	0.853757906358652
92.196	0.853853798552109
92.236	0.85394364898162
92.276	0.854027630579672
92.316	0.854105918202293
92.356	0.854178686565817
92.396	0.854246107794495
92.436	0.854308348746244
92.476	0.854365569419507
92.516	0.854417920646171
92.556	0.854465542250544
92.596	0.854508562701312
92.636	0.854547099604424
92.676	0.854581260455191
92.716	0.854611145832216
92.756	0.854636852605204
92.796	0.85465847566028
92.836	0.854676109103337
92.876	0.854689846197495
92.916	0.854699776547022
92.956	0.854705982239608
92.996	0.854708534307989
93.036	0.854707489759036
93.076	0.854702889999885
93.116	0.85469476104339
93.156	0.854683114340133
93.196	0.85466794748384
93.236	0.854649244862728
93.276	0.85462697763225
93.316	0.85460110304885
93.356	0.854571564088872
93.396	0.854538290011305
93.436	0.854501197216777
93.476	0.854460190235351
93.516	0.854415162278578
93.556	0.854365995574511
93.596	0.854312560899544
93.636	0.854254716612544
93.676	0.854192307786541
93.716	0.854125166579983
93.756	0.854053113693809
93.796	0.853975961066652
93.836	0.853893514766803
93.876	0.853805577219255
93.916	0.853711948157624
93.956	0.853612424199014
93.996	0.853506796833877
94.036	0.853394849546902
94.076	0.853276355007623
94.116	0.853151072372476
94.156	0.853018744302553
94.196	0.852879093834517
94.236	0.852731821001299
94.276	0.852576599795796
94.316	0.852413075981211
94.356	0.852240865239359
94.396	0.852059552043833
94.436	0.851868689719929
94.476	0.851667800640001
94.516	0.851456375156495
94.556	0.851233870010645
94.596	0.850999705680927
94.636	0.850753262685167
94.676	0.850493877264526
94.716	0.850220837200311
94.756	0.849933377661621
94.796	0.849630677808932
94.836	0.849311858126157
94.876	0.848975978233298
94.916	0.848622041273586
94.956	0.848249009630109
94.996	0.847855830269175
95.036	0.847441466155374
