46.872	0.266123086197751
46.952	0.266315172097535
47.032	0.266550339785965
47.112	0.266828199839637
47.192	0.267147599815559
47.272	0.267506686490577
47.352	0.267903034799843
47.432	0.268333806466586
47.512	0.268795878651218
47.592	0.269285916511876
47.672	0.269800392671499
47.752	0.270335506972771
47.832	0.270887018717815
47.912	0.271450041887249
47.992	0.272018869253287
48.072	0.272586891730697
48.152	0.273146695612155
48.232	0.273690364681556
48.312	0.274209916093128
48.392	0.274697804096945
48.472	0.275147402087811
48.552	0.275553380046517
48.632	0.275911915859467
48.712	0.276220771879565
48.792	0.276479239744759
48.872	0.276687951353153
48.952	0.276848590068766
49.032	0.276963592531331
49.112	0.277035844434891
49.192	0.2770684153773
49.272	0.277064395673847
49.352	0.277026822851695
49.432	0.276958624847026
49.512	0.27686258348524
49.592	0.276741264963249
49.672	0.276596908757369
49.752	0.276431338686905
49.832	0.276245967686606
49.912	0.27604187975399
49.992	0.275819963485588
50.072	0.275581058608111
50.152	0.27532602881621
50.232	0.275055723778792
50.312	0.274770837319039
50.392	0.274471737619251
50.472	0.274158362763586
50.552	0.273830265649593
50.632	0.27348675628545
50.712	0.273127136435249
50.792	0.272750970208847
50.872	0.272358328822065
50.952	0.27194996261332
51.032	0.271527420355909
51.112	0.271093110063163
51.192	0.270650319402193
51.272	0.270203183757388
51.352	0.269756542374751
51.432	0.269315675171356
51.512	0.268885986834562
51.592	0.268472657807934
51.672	0.268080317496555
51.752	0.267712830818596
51.832	0.267373230661462
51.912	0.267063765155513
51.992	0.266786029613399
52.072	0.266541123310674
52.152	0.266329768319736
52.232	0.266152380066302
52.312	0.266009083946699
52.392	0.265899694431425
52.472	0.265823673828521
52.552	0.26578009827918
52.632	0.265767638066961
52.712	0.265784571799941
52.792	0.265828850478414
52.872	0.265898209910432
52.952	0.265990315167301
53.032	0.26610291179702
53.112	0.266233958365632
53.192	0.266381714396374
53.272	0.266544786341456
53.352	0.266722130299968
53.432	0.266913042049225
53.512	0.267117151969046
53.592	0.267334445285684
53.672	0.267565302219367
53.752	0.267810564714523
53.832	0.268071594813506
53.912	0.268350296173281
53.992	0.268649080953139
54.072	0.26897076598533
54.152	0.269318401507093
54.232	0.269695100545249
54.312	0.270103861983017
54.392	0.270547403352253
54.472	0.271028059656743
54.552	0.271547733434801
54.632	0.272107848405312
54.712	0.27270931770812
54.792	0.273352500860085
54.872	0.274037116233899
54.952	0.274762149232828
55.032	0.27552574878348
55.112	0.276325122396713
55.192	0.277156458818041
55.272	0.278014903351846
55.352	0.278894586315516
55.432	0.279788702550746
55.512	0.280689684138423
55.592	0.281589453961544
55.672	0.282479724887196
55.752	0.283352314882137
55.832	0.284199489129008
55.912	0.285014275604055
55.992	0.285790651481705
56.072	0.286523559988126
56.152	0.287208736729269
56.232	0.287842350463364
56.312	0.288420568651361
56.392	0.288939246357927
56.472	0.289393686683809
56.552	0.289778565266232
56.632	0.290088072871441
56.712	0.290316182345862
56.792	0.290456942356371
56.872	0.290504857313124
56.952	0.290455282511573
57.032	0.290304849318915
57.112	0.290051885508348
57.192	0.289696694068283
57.272	0.289241628930853
57.352	0.288691081208242
57.432	0.288051256994351
57.512	0.287329798474275
57.592	0.286535352801735
57.672	0.285677201508861
57.752	0.284764873304312
57.832	0.283807898625554
57.912	0.282815640549387
57.992	0.281797132334276
58.072	0.280760980266194
58.152	0.279715414750655
58.232	0.278668288804027
58.312	0.277627005196479
58.392	0.276598517442324
58.472	0.275589360333328
58.552	0.274605595522956
58.632	0.273652733608884
58.712	0.272735705470865
58.792	0.271858887463139
58.872	0.271026169606245
58.952	0.270241110661658
59.032	0.269507095454344
59.112	0.268827478142242
59.192	0.268205720098678
59.272	0.267645484759498
59.352	0.267150622915977
59.432	0.266725097107042
59.512	0.266372891592226
59.592	0.266097887622976
59.672	0.265903701402692
59.752	0.265793507281813
59.832	0.265769858105728
59.912	0.265834529452235
59.992	0.265988401513994
60.072	0.26623138542945
60.152	0.266562405782452
60.232	0.266979421225386
60.312	0.26747947632245
60.392	0.268058788628394
60.472	0.268712857223022
60.552	0.269436588009654
60.632	0.270224452642566
60.712	0.271070664190063
60.792	0.271969333856902
60.872	0.272914609579914
60.952	0.273900780507432
61.032	0.274922290051563
61.112	0.275973697415992
61.192	0.277049617302936
61.272	0.278144636444921
61.352	0.279253236109525
61.432	0.280369810127297
61.512	0.281488765818949
61.592	0.282604721103723
61.672	0.28371277970237
61.752	0.284808841360132
61.832	0.28588983292957
61.912	0.286953822896265
61.992	0.287999998573667
62.072	0.289028541954224
62.152	0.290040416789623
62.232	0.291037158249196
62.312	0.292020716678138
62.392	0.29299345084155
62.472	0.293958194559025
62.552	0.294918302857894
62.632	0.295877595460809
62.712	0.296840185385577
62.792	0.297810126039082
62.872	0.298791082964499
62.952	0.29978609618405
63.032	0.300797503922155
63.112	0.301827055608442
63.192	0.30287615816431
63.272	0.30394604645744
63.352	0.305037834612165
63.432	0.30615241599503
63.512	0.307290182053606
63.592	0.308450640523887
63.672	0.309632150924159
63.752	0.310831778227765
63.832	0.312045346855001
63.912	0.313267671062761
63.992	0.314492928726764
64.072	0.315715035239123
64.152	0.316927989103021
64.232	0.318126099593371
64.312	0.3193041081839
64.392	0.320457225644475
64.472	0.321581081915951
64.552	0.322671639871686
64.632	0.323725100562456
64.712	0.324737844359646
64.792	0.325706455790652
64.872	0.326627791053937
64.952	0.32749901404847
65.032	0.328317680567693
65.112	0.329081901995124
65.192	0.329790477469459
65.272	0.330443025971078
65.352	0.331040156502894
65.432	0.331583523541724
65.512	0.332075704125089
65.592	0.332519973777977
65.672	0.332920000886787
65.752	0.33327945926365
65.832	0.33360168713412
65.912	0.333889475520436
65.992	0.334144946033263
66.072	0.334369549976458
66.152	0.334564169451085
66.232	0.334729225107139
66.312	0.334864725893141
66.392	0.334970304852646
66.472	0.335045228913089
66.552	0.335088407930101
66.632	0.335098428514897
66.712	0.33507367406051
66.792	0.335012460377698
66.872	0.334913147597746
66.952	0.334774298177194
67.032	0.334594868436909
67.112	0.334374337569386
67.192	0.334112792979795
67.272	0.333811040424251
67.352	0.333470663521979
67.432	0.333094046369951
67.512	0.332684430788618
67.592	0.332245939983437
67.672	0.331783481464839
67.752	0.331302639667257
67.832	0.330809543190895
67.912	0.330310658600496
67.992	0.329812648276857
68.072	0.329322333664095
68.152	0.328846665035371
68.232	0.328392743732934
68.312	0.32796786540402
68.392	0.327579501649382
68.472	0.327235200257746
68.552	0.32694245673548
68.632	0.326708548039534
68.712	0.32654038334482
68.792	0.326444477289385
68.872	0.326426970908301
68.952	0.326493640929925
69.032	0.326649856360262
69.112	0.3269004867484
69.192	0.327249777597729
69.272	0.327701236431949
69.352	0.328257533595917
69.432	0.328920455443296
69.512	0.329690880981843
69.592	0.330568752288229
69.672	0.331553021539463
69.752	0.332641582401209
69.832	0.333831196903446
69.912	0.335117551709857
69.992	0.336495451498024
70.072	0.337959112907356
70.152	0.339502539538984
70.232	0.341119950016036
70.312	0.342806038384765
70.392	0.344555978221678
70.472	0.346365198060766
70.552	0.348228943293066
70.632	0.350141746127321
70.712	0.352097082973643
70.792	0.354087281940934
70.872	0.356103661692032
70.952	0.358136869070904
71.032	0.360177341135
71.112	0.362215698959346
71.192	0.364242985552551
71.272	0.366250728872217
71.352	0.368230932547505
71.432	0.370176021702207
71.512	0.372078791187306
71.592	0.373932434976581
71.672	0.375730679293525
71.752	0.377467917300407
71.832	0.379139344383958
71.912	0.380741053413999
71.992	0.382270049506474
72.072	0.383724231091662
72.152	0.385102391803713
72.232	0.386404183707327
72.312	0.38763005920822
72.392	0.388781210009711
72.472	0.389859458240835
72.552	0.390867075648742
72.632	0.391806592662192
72.712	0.392680591615033
72.792	0.393491533150183
72.872	0.394241671912482
72.952	0.394933031885273
73.032	0.395567429834216
73.112	0.396146559527352
73.192	0.396672080880023
73.272	0.397145683048194
73.352	0.397569135294589
73.432	0.397944331498564
73.512	0.398273324526514
73.592	0.398558368192141
73.672	0.3988019566807
73.752	0.399006846842269
73.832	0.399176053749187
73.912	0.399312818032456
73.992	0.39942054286044
74.072	0.399502710971404
74.152	0.399562800429749
74.232	0.399604208079637
74.312	0.399630184892118
74.392	0.399643786796275
74.472	0.399647840197701
74.552	0.399644919761442
74.632	0.399637339929626
74.712	0.399627160060618
74.792	0.399616200422969
74.872	0.399606064635122
74.952	0.399598162986877
75.032	0.399593734547267
75.112	0.399593868758558
75.192	0.399599526605783
75.272	0.39961156180027
75.352	0.39963073936471
75.432	0.399657746425646
75.512	0.399693192900827
75.592	0.399737600088372
75.672	0.399791378424254
75.752	0.399854802400597
75.832	0.399927986178994
75.912	0.400010862061407
75.992	0.400103167836491
76.072	0.400204439427085
76.152	0.400314002419762
76.232	0.400430967201117
76.312	0.400554232130418
76.392	0.400682488293214
76.472	0.400814228237323
76.552	0.400947766790509
76.632	0.401081271147206
76.712	0.401212803715993
76.792	0.4013403811757
76.872	0.401462033995202
76.952	0.401575866361753
77.032	0.401680116960989
77.112	0.401773200344223
77.192	0.401853715513653
77.272	0.401920430581043
77.352	0.401972251058595
77.432	0.402008180505405
77.512	0.402027288329094
77.592	0.402028702276908
77.672	0.402011633238857
77.752	0.401975447720062
77.832	0.401919769254917
77.912	0.40184459297808
77.992	0.401750393299437
78.072	0.401638208590057
78.152	0.401509677190376
78.232	0.401367015907027
78.312	0.401212941569
78.392	0.401050560089416
78.472	0.400883249882014
78.552	0.400714552735678
78.632	0.400548066652703
78.712	0.400387339465411
78.792	0.400235747750145
78.872	0.400096360926767
78.952	0.399971799559438
79.032	0.399864104062971
79.112	0.399774625548361
79.192	0.399703951665373
79.272	0.399651868020044
79.352	0.399617354292047
79.432	0.399598617995991
79.512	0.399593169850618
79.592	0.399597941269491
79.672	0.399609435620675
79.752	0.399623894671436
79.832	0.399637460036246
79.912	0.399646314568002
79.992	0.399646798839342
80.072	0.399635508639363
80.152	0.399609383279426
80.232	0.399565790673705
80.312	0.399502608351781
80.392	0.399418295379718
80.472	0.399311948989919
80.552	0.399183337050118
80.632	0.399032901575538
80.712	0.398861729037094
80.792	0.398671484627727
80.872	0.398464306494418
80.952	0.398242669670537
81.032	0.398009240432714
81.112	0.397766757646764
81.192	0.397517968225912
81.272	0.397265615158688
81.352	0.39701245651446
81.432	0.396761297862696
81.512	0.396514996721294
81.592	0.396276422045418
81.672	0.396048375861199
81.752	0.395833515638856
81.832	0.395634300464252
81.912	0.395452977617907
81.992	0.395291601614389
82.072	0.395152070952463
82.152	0.395036150359147
82.232	0.394945461031085
82.312	0.394881433130536
82.392	0.394845225344625
82.472	0.394837628829862
82.552	0.394858997812634
82.632	0.394909216124148
82.712	0.394987699439554
82.792	0.395093439252435
82.872	0.395225073720042
82.952	0.395380947016406
83.032	0.395559143972378
83.112	0.395757503458668
83.192	0.395973598986245
83.272	0.396204716169393
83.352	0.39644784712678
83.432	0.396699717438082
83.512	0.396956852409005
83.592	0.397215684555135
83.672	0.397472663908587
83.752	0.397724368144253
83.832	0.39796759945844
83.912	0.398199467056543
83.992	0.398417455308675
84.072	0.398619484550977
84.152	0.398803947809341
84.232	0.398969727929142
84.312	0.399116194389393
84.392	0.399243179933677
84.472	0.39935093288841
84.552	0.399440056022769
84.632	0.399511439318758
84.712	0.399566199912186
84.792	0.399605640336858
84.872	0.399631234017249
84.952	0.399644637955447
85.032	0.399647728040065
85.112	0.39964264664917
85.192	0.399631851326774
85.272	0.39961815726744
85.352	0.399604770321304
85.432	0.399595310605406
85.512	0.399593827995602
85.592	0.399604807722113
85.672	0.399633162418581
85.752	0.399684208176893
85.832	0.39976362520639
85.912	0.399877409441501
85.992	0.400031822104651
86.072	0.400233340893834
86.152	0.400488612976261
86.232	0.400804408926149
86.312	0.40118757084079
86.392	0.401644947629606
86.472	0.40218330739593
86.552	0.402809227990247
86.632	0.403528962814278
86.712	0.404348282394125
86.792	0.405272298229875
86.872	0.406305299769812
86.952	0.40745063649193
87.032	0.408710673612234
87.112	0.41008681933755
87.192	0.411579594457493
87.272	0.413188679632881
87.352	0.414912879954102
87.432	0.416749967793237
87.512	0.418696433756764
87.592	0.420747192679571
87.672	0.4228953360426
87.752	0.425131990077858
87.832	0.427446292765396
87.912	0.429825492072894
87.992	0.432255149813898
88.072	0.434719415655309
88.152	0.43720133724733
88.232	0.439683213335087
88.312	0.442147017585654
88.392	0.444574816517786
88.472	0.446949107258348
88.552	0.449253023230739
88.632	0.451470445913046
88.712	0.453586027096662
88.792	0.455585271520988
88.872	0.457454837510511
88.952	0.459183103033794
89.032	0.460760887765886
89.112	0.462182153297135
89.192	0.463444386318244
89.272	0.464548400966294
89.352	0.465497583833965
89.432	0.46629678672231
89.512	0.466951098763673
89.592	0.467464917385982
89.672	0.467841539922858
89.752	0.468083369839206
89.832	0.468192594879014
89.912	0.468171957539724
89.992	0.468025211246072
90.072	0.467757416651565
90.152	0.467374991693234
90.232	0.466885384738944
90.312	0.466296670274872
90.392	0.465617370315798
90.472	0.464856289295597
90.552	0.464022401029922
90.632	0.463124796165317
90.712	0.462172502008599
90.792	0.461174175642583
90.872	0.460137967960179
90.952	0.459071463919031
91.032	0.457981807991004
91.112	0.456876082346824
91.192	0.455761804454568
91.272	0.454647243623299
91.352	0.453541590336002
91.432	0.452454785481351
91.512	0.451397044699789
91.592	0.450378285484263
91.672	0.44940764694185
91.752	0.448493091136015
91.832	0.44764133329069
91.912	0.446858053497607
91.992	0.446148245631591
92.072	0.445516461908738
92.152	0.444967018485073
92.232	0.444503987375896
92.312	0.444131114183634
92.392	0.443851798263466
92.472	0.443669256074401
92.552	0.44358666648148
92.632	0.443607457258182
92.712	0.443735605749353
92.792	0.443975709823292
92.872	0.444332727085637
92.952	0.444811705670602
93.032	0.445417450957265
93.112	0.446154240255211
93.192	0.447025858892061
93.272	0.448035955935907
93.352	0.449188488337512
93.432	0.450488185477042
93.512	0.451940843748744
93.592	0.453553280060532
93.672	0.455333126540026
