46.712	0.317304434136872
46.792	0.3153878645698
46.872	0.313673835528732
46.952	0.312184805179356
47.032	0.310944378874922
47.112	0.309976356699224
47.192	0.309303329763111
47.272	0.308945197832202
47.352	0.308917924759783
47.432	0.309232658711949
47.512	0.309895162953524
47.592	0.310905362454093
47.672	0.312256866406926
47.752	0.313936524113103
47.832	0.315924216056203
47.912	0.318193096646951
47.992	0.320710384874701
48.072	0.323438625246752
48.152	0.326337151736254
48.232	0.329363392802748
48.312	0.332473904839901
48.392	0.335625232577684
48.472	0.338774742135854
48.552	0.341881586249258
48.632	0.344907900607211
48.712	0.347820075992161
48.792	0.350589878203607
48.872	0.353195175435019
48.952	0.355620138946108
49.032	0.357855022774686
49.112	0.359895649643306
49.192	0.361742722343422
49.272	0.363400938463144
49.352	0.364878119511275
49.432	0.366184402460419
49.512	0.367331527907311
49.592	0.36833212979974
49.672	0.369199091685516
49.752	0.369944941414076
49.832	0.370581297543424
49.912	0.371118380926134
49.992	0.371564660038246
50.072	0.371926669062589
50.152	0.372209011475945
50.232	0.372414497782586
50.312	0.372544346168468
50.392	0.37259838749543
50.472	0.372575307874797
50.552	0.372472913605918
50.632	0.372288413136005
50.712	0.372018778320523
50.792	0.371661269955951
50.872	0.371214089163743
50.952	0.370676880697204
51.032	0.370050964310678
51.112	0.369339257127706
51.192	0.368545811799038
51.272	0.36767510676458
51.352	0.366731429573917
51.432	0.365718581997555
51.512	0.364639881108076
51.592	0.36349854012991
51.672	0.362298222104016
51.752	0.361043413502273
51.832	0.359739533405161
51.912	0.358392912668421
51.992	0.357010519975745
52.072	0.355599640833418
52.152	0.3541677804796
52.232	0.35272272626213
52.312	0.351272543885386
52.392	0.349825559567023
52.472	0.348390134269209
52.552	0.346974226424379
52.632	0.345584875802217
52.712	0.344227754863425
52.792	0.342906870159311
52.872	0.341624657267346
52.952	0.340382339572614
53.032	0.339180456128076
53.112	0.338019501500355
53.192	0.336900418510652
53.272	0.335824667297231
53.352	0.334794074537228
53.432	0.33381054646901
53.512	0.332875725814915
53.592	0.331990754594642
53.672	0.331156148044613
53.752	0.330371637377027
53.832	0.329636054134653
53.912	0.328947255979585
53.992	0.328302110679545
54.072	0.327696578668281
54.152	0.327125947244213
54.232	0.326585217391539
54.312	0.326069523995159
54.392	0.325574449521639
54.472	0.325096051399157
54.552	0.32463067075048
54.632	0.324174480483236
54.712	0.323723010469223
54.792	0.323270868559177
54.872	0.322811844243972
54.952	0.322339330960915
55.032	0.321847051710904
55.112	0.321329788262801
55.192	0.320784002625317
55.272	0.320208273882656
55.352	0.319603478421413
55.432	0.318972589737427
55.512	0.318320313379616
55.592	0.317652575865623
55.672	0.316975982582278
55.752	0.316297366700212
55.832	0.315623506693726
55.912	0.31496090125404
55.992	0.314315673067824
56.072	0.313693551432323
56.152	0.313099825909887
56.232	0.312539249510849
56.312	0.312015969064191
56.392	0.311533383018912
56.472	0.311094003110554
56.552	0.310699412784686
56.632	0.31035030881327
56.712	0.310046534579271
56.792	0.309787108989042
56.872	0.309570219884392
56.952	0.3093932042039
57.032	0.309252577824168
57.112	0.309144157454
57.192	0.309063266298438
57.272	0.309005019006406
57.352	0.308964636864459
57.432	0.30893773550531
57.512	0.308920540868655
57.592	0.308910017400024
57.672	0.308903892835644
57.752	0.308900589524853
57.832	0.30889908584453
57.912	0.308898741267853
57.992	0.308899124447464
58.072	0.308899881391028
58.152	0.308900665983117
58.232	0.308901135475651
58.312	0.3089009958058
58.392	0.308900065054956
58.472	0.308898322620564
58.552	0.308895927945457
58.632	0.308893206707353
58.712	0.30889062196718
58.792	0.30888875532213
58.872	0.308888316180457
58.952	0.308890181152435
59.032	0.308895454875142
59.112	0.308905532282097
59.192	0.308922141832056
59.272	0.308947357105467
59.352	0.308983576437583
59.432	0.309033488418152
59.512	0.309100046255367
59.592	0.30918646605619
59.672	0.309296254830826
59.752	0.309433278546578
59.832	0.30960184173324
59.912	0.309806745634887
59.992	0.310053296157719
60.072	0.310347267197812
60.152	0.310694785721296
60.232	0.311102126312164
60.312	0.311575423732336
60.392	0.312120374096651
60.472	0.312741962323628
60.552	0.313444278568113
60.632	0.314230447236639
60.712	0.315102691769823
60.792	0.316062444202885
60.872	0.317110470500609
60.952	0.318246861843363
61.032	0.319470927408418
61.112	0.320781082589349
61.192	0.322174888811389
61.272	0.32364908137248
61.352	0.325199596065886
61.432	0.326821653496722
61.512	0.328509767519677
61.592	0.330257503069049
61.672	0.332057209715629
61.752	0.333899735469288
61.832	0.335774219689426
61.912	0.337668116603652
61.992	0.339567516006753
62.072	0.341457499523642
62.152	0.343322630624698
62.232	0.345147445509667
62.312	0.346916807421337
62.392	0.34861611417557
62.472	0.350231609516186
62.552	0.351750765947031
62.632	0.353162687784277
62.712	0.354458452839197
62.792	0.355631232422468
62.872	0.356676020593966
62.952	0.357589124680374
63.032	0.358367611128244
63.112	0.359008856645403
63.192	0.359510370358691
63.272	0.359870081104418
63.352	0.360086889322929
63.432	0.360161107929969
63.512	0.360094585690433
63.592	0.35989034180966
63.672	0.359551716399267
63.752	0.359081326409239
63.832	0.35848043375222
63.912	0.357748856799844
63.992	0.356885603898775
64.072	0.355890050501898
64.152	0.354763318120263
64.232	0.353509176543582
64.312	0.352134265413895
64.392	0.350647784992248
64.472	0.349060744681992
64.552	0.347385054674533
64.632	0.345632945845807
64.712	0.343816987662251
64.792	0.341950388729856
64.872	0.340047342398748
64.952	0.338123125624577
65.032	0.336193669695433
65.112	0.334274615627237
65.192	0.332380238698136
65.272	0.330522626874483
65.352	0.328711403232546
65.432	0.326953990422737
65.512	0.325256308474195
65.592	0.323623518796978
65.672	0.322060611447853
65.752	0.320572655156354
65.832	0.319164643380134
65.912	0.317841009154961
65.992	0.316605140022205
66.072	0.315459208676714
66.152	0.314404330640798
66.232	0.313440955269755
66.312	0.312569355445078
66.392	0.311789982305243
66.472	0.3111034751376
66.552	0.310510363262267
66.632	0.310010710005258
66.712	0.309603964435098
66.792	0.309289118941422
66.872	0.309065129577164
66.952	0.308931428941719
67.032	0.308888279870189
67.112	0.308936757562378
67.192	0.30907833524742
67.272	0.309314216943733
67.352	0.30964463462584
67.432	0.310068276135041
67.512	0.310581907698804
67.592	0.311180185078683
67.672	0.311855623483154
67.752	0.312598647253253
67.832	0.313397745349107
67.912	0.314239880158595
67.992	0.315111115979505
68.072	0.315997270310447
68.152	0.316884497866397
68.232	0.317759770727037
68.312	0.318611186146711
68.392	0.319428150585338
68.472	0.320201631811017
68.552	0.320924540174531
68.632	0.321592242497957
68.712	0.322202976953861
68.792	0.322757983115878
68.872	0.323261170811577
68.952	0.323718377515604
69.032	0.324136312973394
69.112	0.324521439834086
69.192	0.324879011811845
69.272	0.325212547597687
69.352	0.325523805887144
69.432	0.32581316518008
69.512	0.326080190035839
69.592	0.326324353801965
69.672	0.326545679347589
69.752	0.326745160750477
69.832	0.326924878930072
69.912	0.327087887017967
69.992	0.327237871712612
70.072	0.327378719978185
70.152	0.327514136812681
70.232	0.327647430566287
70.312	0.327781527536445
70.392	0.327919163928584
70.472	0.32806320813512
70.552	0.328216930766814
70.632	0.328384047491454
70.712	0.328568566677461
70.792	0.328774479482774
70.872	0.329005364788543
70.952	0.329264138212068
71.032	0.329553060322098
71.112	0.329873924922879
71.192	0.33022826145276
71.272	0.33061749762868
71.352	0.331042817219952
71.432	0.33150474661835
71.512	0.332002698545921
71.592	0.332534639465791
71.672	0.333096984558551
71.752	0.333684972526214
71.832	0.334293504108189
71.912	0.334918118974826
71.992	0.335555814140264
72.072	0.336205613911545
72.152	0.336868737549082
72.232	0.337548365244231
72.312	0.338249067079289
72.392	0.338976039391071
72.472	0.339734279728475
72.552	0.340527766079674
72.632	0.341358753659335
72.712	0.342227406558038
72.792	0.343131863666315
72.872	0.34406867340266
72.952	0.345033573667422
73.032	0.34602245027969
73.112	0.347032228972182
73.192	0.348061505575004
73.272	0.349110762055545
73.352	0.350182070422591
73.432	0.351278416440266
73.512	0.35240288361905
73.592	0.35355797215783
73.672	0.354745064677616
73.752	0.355964251045918
73.832	0.357214286729402
73.912	0.358492615549665
73.992	0.359795387986708
74.072	0.361117512434987
74.152	0.362452660666293
74.232	0.363793339723713
74.312	0.365130984809923
74.392	0.366456221939472
74.472	0.367759271633247
74.552	0.369030359062947
74.632	0.370259980455728
74.712	0.371439167611413
74.792	0.372559713328485
74.872	0.373614355654411
74.952	0.374596952728496
75.032	0.375502744699418
75.112	0.376328494303436
75.192	0.377072553263872
75.272	0.377734835321974
75.352	0.378316679326815
75.432	0.378820598006826
75.512	0.379249974796892
75.592	0.37960870084413
75.672	0.379900850468118
75.752	0.380130429851249
75.832	0.380301254064136
75.912	0.380416929738715
75.992	0.380480949495507
76.072	0.380496810615284
76.152	0.380468184321956
76.232	0.380399003653167
76.312	0.380293481055617
76.392	0.38015602565207
76.472	0.379991120935358
76.552	0.37980315830174
76.632	0.379596328697346
76.712	0.379374532902204
76.792	0.379141339992259
76.872	0.378899979657547
76.952	0.378653394382525
77.032	0.378404293251322
77.112	0.378155244827724
77.192	0.377908729051171
77.272	0.377667140191249
77.352	0.377432771894348
77.432	0.377207748737135
77.512	0.376993855521107
77.592	0.37679242594146
77.672	0.376604257603105
77.752	0.376429475821908
77.832	0.376267473415112
77.912	0.376117016962269
77.992	0.375976322459849
78.072	0.375843104588
78.152	0.375714685929154
78.232	0.375588091679504
78.312	0.375460095491519
78.392	0.375327294546253
78.472	0.375186174106886
78.552	0.375033076441298
78.632	0.374864191621612
78.712	0.374675590532149
78.792	0.374463210766692
78.872	0.374222847053886
78.952	0.373950214015906
79.032	0.373641118205057
79.112	0.373291678251633
79.192	0.372898640514506
79.272	0.372459824120085
79.352	0.371974556733846
79.432	0.371443904786872
79.512	0.370870761766525
79.592	0.370259776627506
79.672	0.369616988616883
79.752	0.368949137805146
79.832	0.368262918256335
79.912	0.367564167431453
79.992	0.366857154439742
80.072	0.366144227951793
80.152	0.36542586179047
80.232	0.364700966292901
80.312	0.363967627162026
80.392	0.363224015607727
80.472	0.362469120508479
80.552	0.361703234591744
80.632	0.360928325877978
80.712	0.360148070533626
80.792	0.35936764224715
80.872	0.358593449411558
80.952	0.357832834963176
81.032	0.357093744094925
81.112	0.356384451976339
81.192	0.355713297893601
81.272	0.355088409912412
81.352	0.354517536981746
81.432	0.35400795332356
81.512	0.353566422450115
81.592	0.353199264433385
81.672	0.352912461459539
81.752	0.352711688021884
81.832	0.352602156874411
81.912	0.35258822484758
81.992	0.352672805712757
82.072	0.352856751335764
82.152	0.353138406826758
82.232	0.353513538237678
82.312	0.35397570712388
82.392	0.354517071138559
82.472	0.355129371124519
82.552	0.355804819638422
82.632	0.356536583412719
82.712	0.357318849201022
82.792	0.358146469604605
82.872	0.359014414806154
82.952	0.359917273230337
83.032	0.360849067712081
83.112	0.361803251285608
83.192	0.362772831067161
83.272	0.363750482016542
83.352	0.364728623408212
83.432	0.365699323611295
83.512	0.366654231284826
83.592	0.367584556140343
83.672	0.368481255335098
83.752	0.369335415635362
83.832	0.370138834278634
83.912	0.370884556318799
83.992	0.37156729418831
84.072	0.372183552793842
84.152	0.372731498095561
84.232	0.373210610210265
84.312	0.373621290508424
84.392	0.373964454039481
84.472	0.37424123110867
84.552	0.374452846428142
84.632	0.374600633642501
84.712	0.374686070454288
84.792	0.374710790987422
84.872	0.37467646500312
84.952	0.374584525308649
85.032	0.374435825231274
85.112	0.374230309071606
85.192	0.373966741199126
85.272	0.373642655592391
85.352	0.373254616640622
85.432	0.372798607706102
85.512	0.372270418617006
85.592	0.371666073020094
85.672	0.370982239310081
85.752	0.370216423442969
85.832	0.3693670099629
85.912	0.368433295560578
85.992	0.367415500012555
86.072	0.366314747537842
86.152	0.365132995139277
86.232	0.363872828750516
86.312	0.362537126989366
86.392	0.361128757305153
86.472	0.359650229228635
86.552	0.35810333038188
86.632	0.356488989609431
86.712	0.354807487461073
86.792	0.353058761771024
86.872	0.351242741516955
86.952	0.349359735615565
87.032	0.347410791508139
87.112	0.345397858666331
87.192	0.343323859321401
87.272	0.341192757169949
87.352	0.339009818246438
87.432	0.336782000021287
87.512	0.334518416929143
87.592	0.332230692944847
87.672	0.329933170008474
87.752	0.327642870781972
87.832	0.325379230787291
87.912	0.323163595696712
87.992	0.321018691166159
88.072	0.318968214333154
88.152	0.317036543936524
88.232	0.315248420248793
88.312	0.313628781122873
88.392	0.312202808185759
88.472	0.310996163354162
88.552	0.310035310009255
88.632	0.309347849437984
88.712	0.308962589949829
88.792	0.308909170082586
88.872	0.309217177539722
88.952	0.309914869920192
89.032	0.311027729848831
89.112	0.312577107210814
89.192	0.31457907218271
89.272	0.317043501035698
89.352	0.319973515133995
89.432	0.323365172154638
89.512	0.327207347807473
89.592	0.331481875437191
89.672	0.336164019105126
89.752	0.34122308210118
89.832	0.346623203754064
89.912	0.352324346482078
89.992	0.358283289303586
90.072	0.36445463999047
90.152	0.370792016436724
90.232	0.377249029632139
90.312	0.383779933229107
90.392	0.39034002977678
90.472	0.396885742162738
90.552	0.403374311347761
90.632	0.409763399677615
90.712	0.416010731296865
90.792	0.422073898964697
90.872	0.427910665938441
90.952	0.433479740919211
91.032	0.438742106802238
91.112	0.443662814522895
91.192	0.448212943558246
91.272	0.452371359177278
91.352	0.45612589151699
91.432	0.459473470303578
91.512	0.462419136295864
91.592	0.46497422154755
91.672	0.467154103152097
91.752	0.468975939545146
91.832	0.470456984735733
91.912	0.471613574111188
91.992	0.472460648018853
92.072	0.473011578545822
92.152	0.473278090013878
92.232	0.473270121994403
92.312	0.472995751567225
92.392	0.472461387234262
92.472	0.471672413050385
92.552	0.470634308273475
92.632	0.469353986143346
92.712	0.467840993620769
92.792	0.466108353883442
92.872	0.464172946682481
92.952	0.46205541796644
93.032	0.459779867029283
93.112	0.457373591801172
93.192	0.454866897825127
93.272	0.452292947520505
93.352	0.449687489687278
