93.592	0.527694274384942
93.672	0.525553048086806
93.752	0.523455722667961
93.832	0.521424353437226
93.912	0.519477699752372
93.992	0.517631965599378
94.072	0.515901497332209
94.152	0.514299061115537
94.232	0.5128356331698
94.312	0.511519952903939
94.392	0.51035799006587
94.472	0.509352471461227
94.552	0.508502894827245
94.632	0.507805939290677
94.712	0.507256040715731
94.792	0.506846002622808
94.872	0.506567555343338
94.952	0.506411742072089
95.032	0.506369236348121
95.112	0.506430714014925
95.192	0.506587281743407
95.272	0.506830910796054
95.352	0.507154776262098
95.432	0.507553418965756
95.512	0.508022744936454
95.592	0.508559923796895
95.672	0.509163272354783
95.752	0.509832211086916
95.832	0.510567289183257
95.912	0.511370211229689
95.992	0.512243783559654
96.072	0.513191671379047
96.152	0.51421803294744
96.232	0.515327086389618
96.312	0.516522677901378
96.392	0.517807995680016
96.472	0.519185575703489
96.552	0.520657499776519
96.632	0.522225666643237
96.712	0.523892016682851
96.792	0.525658362322076
96.872	0.527525815091224
96.952	0.529494009365692
97.032	0.531560197577676
97.112	0.533718387391502
97.192	0.535959109238149
97.272	0.53826972297253
97.352	0.540635273815781
97.432	0.543039621251012
97.512	0.545466557293423
97.592	0.547900434338601
97.672	0.550326543230142
97.752	0.552731046807423
97.832	0.555100441677098
97.912	0.557420891139429
97.992	0.559677999436246
98.072	0.561857003812349
98.152	0.563943444997506
98.232	0.565924106472323
98.312	0.56778787219406
98.392	0.569526078844149
98.472	0.571132413664884
98.552	0.572602318593283
98.632	0.573932348043002
98.712	0.575119785775598
98.792	0.576162624746132
98.872	0.577059688285146
98.952	0.577810556741781
99.032	0.578415167944115
99.112	0.578873062395644
99.192	0.579182542126603
99.272	0.5793399659172
99.352	0.579339690540166
99.432	0.579174967494112
99.512	0.578839409626937
99.592	0.578328240455278
99.672	0.57763896036937
99.752	0.576771261619626
99.832	0.575726306840863
99.912	0.574505887668749
99.992	0.573111835596194
100.072	0.571545665916631
100.152	0.569808804103843
100.232	0.567903150339646
100.312	0.565831440674913
100.392	0.563597386044023
100.472	0.56120607826648
100.552	0.558664483304995
100.632	0.555982063092699
100.712	0.553171506143428
100.792	0.550249252892911
100.872	0.547235452209463
100.952	0.544153516924155
101.032	0.541029223556109
101.112	0.537889604592294
101.192	0.53476235021418
101.272	0.531675718162944
101.352	0.528658538374714
101.432	0.525740197711059
101.512	0.522950357687307
101.592	0.520318094958895
101.672	0.517870704086874
101.752	0.515632514960146
101.832	0.513623709114029
101.912	0.511859304561142
101.992	0.510348488071998
102.072	0.509094240606657
102.152	0.508093249719252
102.232	0.50733632073144
102.312	0.50680932966344
102.392	0.506494519487489
102.472	0.506371934231822
102.552	0.506420762135861
102.632	0.506620381146661
102.712	0.506951027984599
102.792	0.507394095691609
102.872	0.507932121521264
102.952	0.50854862760508
103.032	0.509227933286923
103.112	0.509954942517936
103.192	0.510714988249504
103.272	0.511493888406733
103.352	0.512278198103161
103.432	0.513055537643424
103.512	0.513815004722858
103.592	0.514547576031021
103.672	0.515246294128531
103.752	0.515906150306193
103.832	0.51652370277958
103.912	0.517096417778077
103.992	0.517621987588257
104.072	0.518097837880134
104.152	0.518520781221753
104.232	0.518886936608453
104.312	0.519192095639312
104.392	0.519432367936872
104.472	0.519604765720317
104.552	0.519707776580447
104.632	0.519741837742743
104.712	0.519709612443705
104.792	0.519615959694704
104.872	0.519467703392422
104.952	0.51927323688102
105.032	0.519042149983591
105.112	0.518784927234094
105.192	0.518512864519892
105.272	0.518238130620205
105.352	0.517973886962011
105.432	0.517734285236713
105.512	0.517534256999681
105.592	0.517388842272169
105.672	0.517312508127191
105.752	0.517318623427911
105.832	0.51741908797527
105.912	0.517624333861306
105.992	0.51794402627462
106.072	0.518387951750412
106.152	0.518966747150273
106.232	0.519692556317125
106.312	0.520579356725705
106.392	0.521642676435306
106.472	0.522899036382626
106.552	0.524365156588431
106.632	0.526056928279843
106.712	0.527988465629335
106.792	0.530171190772137
106.872	0.532612565418106
106.952	0.535314797024569
107.032	0.53827377246904
107.112	0.541478126396498
107.192	0.54490881912767
107.272	0.548539337421801
107.352	0.552336358657215
107.432	0.556260608068044
107.512	0.560267502675799
107.592	0.564307250839704
107.672	0.568324922046997
107.752	0.572260859024539
107.832	0.576051216052349
107.912	0.579629049602147
107.992	0.582926240384779
108.072	0.585875728652184
108.152	0.588413669503836
108.232	0.590481378149946
108.312	0.592026915230747
108.392	0.593006351156703
108.472	0.593384894735038
108.552	0.593137942132273
108.632	0.592252197018695
108.712	0.590726946311918
108.792	0.588575440392049
108.872	0.585826301650684
108.952	0.582524721849666
109.032	0.578732895726205
109.112	0.574529134819556
109.192	0.570005575419202
109.272	0.565264549121423
109.352	0.560413952585179
109.432	0.55556214129075
109.512	0.550813070637162
109.592	0.546262268183966
109.672	0.541993800913644
109.752	0.538078471238975
109.832	0.534573441820896
109.912	0.531522922045099
109.992	0.528959359336739
110.072	0.526905245349838
110.152	0.525374955594827
110.232	0.524375720316186
110.312	0.523908006151999
110.392	0.52396600693254
110.472	0.524538232656198
110.552	0.525608278172342
110.632	0.527155325045499
110.712	0.529154068298283
110.792	0.531573802816808
110.872	0.534377618444921
110.952	0.537521760272114
111.032	0.540955317709688
111.112	0.544621320558406
111.192	0.548459034746941
111.272	0.552406480598222
111.352	0.556402653425209
111.432	0.560389480963465
111.512	0.564313135815553
111.592	0.568124166511495
111.672	0.571777042876022
111.752	0.575229883787244
111.832	0.578444651037159
111.912	0.581387856102594
111.992	0.584031573107097
112.072	0.586354442489039
112.152	0.588342528821556
112.232	0.589989755782142
112.312	0.591297584374786
112.392	0.592274336996354
112.472	0.592934319846734
112.552	0.593296880078412
112.632	0.593385543518082
112.712	0.593227181579152
112.792	0.592851085658651
112.872	0.592287903873341
112.952	0.591568399963592
113.032	0.590722186738105
113.112	0.589776698462458
113.192	0.588756450669564
113.272	0.587682773626341
113.352	0.586574074780231
113.432	0.585446390997333
113.512	0.584314008568128
113.592	0.583190038630676
113.672	0.582086622326244
113.752	0.581014740206058
113.832	0.579983795589499
113.912	0.579001056606387
113.992	0.578071212090265
114.072	0.577196324971567
114.152	0.576376190652184
114.232	0.575609011898962
114.312	0.574892323450797
114.392	0.574223850895407
114.472	0.573602069681385
114.552	0.573026495679244
114.632	0.572497629276597
114.712	0.572016591535032
114.792	0.571584781786498
114.872	0.571203696971054
114.952	0.570874816573735
115.032	0.570599576336065
115.112	0.570379452183545
115.192	0.570215946865403
115.272	0.570110500735211
115.352	0.570064482854207
115.432	0.570079211525183
115.512	0.570156088658052
115.592	0.570296776166799
115.672	0.570503120468004
115.752	0.570776933237596
115.832	0.571119681969833
115.912	0.571531910234228
115.992	0.572012740909088
116.072	0.57255977065762
116.152	0.573169193204933
116.232	0.573836073445875
116.312	0.574554897838709
116.392	0.57531994146899
116.472	0.576125281598536
116.552	0.576964938070944
116.632	0.577833106326636
116.712	0.578724192591665
116.792	0.579633020826634
116.872	0.580555102671099
116.952	0.581486532943302
117.032	0.582423715021662
117.112	0.583363112183463
117.192	0.584300873843915
117.272	0.585232482615368
117.352	0.586152540151318
117.432	0.587054686576778
117.512	0.587931650128269
117.592	0.588775431869919
117.672	0.589577499629797
117.752	0.590328916355759
117.832	0.591020433351389
117.912	0.591642504094409
117.992	0.592185293679961
118.072	0.592638784654184
118.152	0.592993038469046
118.232	0.593238820518707
118.312	0.593368588157603
118.392	0.593377623593199
118.472	0.593265022339494
118.552	0.593034236919323
118.632	0.592693012679945
118.712	0.59225283623158
118.792	0.591728162817788
118.872	0.591135693621538
118.952	0.590493832485492
119.032	0.589822354725641
119.112	0.58914212076121
119.192	0.588474659288352
119.272	0.587841607135545
119.352	0.587264036538897
119.432	0.586761678417645
119.512	0.586352151840913
119.592	0.586050397344309
119.672	0.585868136971669
119.752	0.585813183397647
119.832	0.585888741172141
119.912	0.586092865140301
119.992	0.586418295229635
120.072	0.586852894975834
120.152	0.587380708627109
120.232	0.587983312434119
120.312	0.588641061170449
120.392	0.589333819598153
120.472	0.590040996360756
120.552	0.590741023627118
120.632	0.591410728490871
120.712	0.59202507118431
120.792	0.592557424167865
120.872	0.592980206080654
120.952	0.593265647466126
121.032	0.593386426698942
121.112	0.593315993216095
121.192	0.593028672390858
121.272	0.592499796855975
121.352	0.591706040587781
121.432	0.590626015258124
121.512	0.589240958117955
121.592	0.587535310563283
121.672	0.585497210314827
121.752	0.583118999624787
121.832	0.580397830570348
121.912	0.577336650028258
121.992	0.573945516118613
122.072	0.570242878444844
122.152	0.566256430473288
122.232	0.562023446354772
122.312	0.557590275290579
122.392	0.553011079754071
122.472	0.548345933824578
122.552	0.543658776055111
122.632	0.539015403714131
122.712	0.534481800089281
122.792	0.530122508264469
122.872	0.525998967971248
122.952	0.522167926702025
123.032	0.518680043037705
123.112	0.515578564900409
123.192	0.512898233189901
123.272	0.510664657324753
123.352	0.508894098596159
123.432	0.507593750543776
123.512	0.506762489344339
123.592	0.506392036353475
123.672	0.506468407897103
123.752	0.506973528174115
123.832	0.507886861256623
123.912	0.509186965608535
123.992	0.510852771665952
124.072	0.512864361892355
124.152	0.515203280670278
124.232	0.51785242517218
124.312	0.52079572799272
124.392	0.52401774539959
124.472	0.527503240693079
124.552	0.531237000076601
124.632	0.53520381501545
124.712	0.539388032038062
124.792	0.543772592236621
124.872	0.548338062377127
124.952	0.553061571728961
125.032	0.557916028709826
125.112	0.562870246155455
125.192	0.567890048380207
125.272	0.572939858734173
125.352	0.577984413514116
125.432	0.582989887319002
125.512	0.587924295746518
125.592	0.592757734473082
125.672	0.597462797321953
125.752	0.602015065467697
125.832	0.606393889552976
125.912	0.610583325208211
125.992	0.614572849153376
126.072	0.618357468027909
126.152	0.621936943455978
126.232	0.625314630807964
126.312	0.628496540883646
126.392	0.631490398941708
126.472	0.634304690420606
126.552	0.636948366013769
126.632	0.639430854232216
126.712	0.641761876954035
126.792	0.643951156305832
126.872	0.646008018309715
126.952	0.647940813820526
127.032	0.649756623933229
127.112	0.651461410632749
127.192	0.65306018659868
127.272	0.654557282656981
127.352	0.655956974544836
127.432	0.657264207932769
127.512	0.658485102312
127.592	0.659627230140643
127.672	0.660699553314828
127.752	0.661711841194631
127.832	0.662673824922024
127.912	0.663594389306866
127.992	0.664480961945003
128.072	0.665339255689844
128.152	0.666173435415033
128.232	0.666986412999506
128.312	0.667780023642592
128.392	0.668555094222995
128.472	0.669311257238917
128.552	0.670046475515221
128.632	0.670756557761536
128.712	0.671434790597971
128.792	0.672071871155879
128.872	0.672656257351093
128.952	0.673174902768835
129.032	0.673614133908188
129.112	0.673960596193922
129.192	0.674202115789569
129.272	0.674328301503067
129.352	0.674330844680128
129.432	0.674203624411859
129.512	0.673942737184063
129.592	0.673546654497216
129.672	0.673016583856281
129.752	0.672356999504075
129.832	0.67157624076259
129.912	0.670686863528147
129.992	0.66970570883592
130.072	0.668653785888466
130.152	0.667555859651031
130.232	0.666439760766082
130.312	0.665335673377115
130.392	0.664275302843691
130.472	0.663290686228777
130.552	0.66241274073974
130.632	0.661669437303374
130.712	0.661083824169566
130.792	0.660672406299284
130.872	0.660443797322898
130.952	0.66039785756999
131.032	0.660526352755198
131.112	0.660814752039926
131.192	0.661244467098243
131.272	0.661795416134794
131.352	0.662448234527631
131.432	0.663185612093969
131.512	0.663992651853562
131.592	0.664856394121955
131.672	0.66576470071692
131.752	0.666705251840597
131.832	0.667664781962742
131.912	0.668628534348329
131.992	0.66957992531303
132.072	0.670500653753209
132.152	0.67137099265716
132.232	0.672170153722448
132.312	0.672876635020941
132.392	0.673468650218012
132.472	0.673924510750624
132.552	0.674223000366112
132.632	0.674343833259002
132.712	0.674268272023312
132.792	0.673979805752936
132.872	0.67346474138759
132.952	0.672712480208986
133.032	0.671715416774589
133.112	0.670468626776312
133.192	0.668969567544366
133.272	0.667218138487726
133.352	0.665217270596315
133.432	0.662973876319313
133.512	0.660499900676143
133.592	0.657813208651817
133.672	0.654938014246056
133.752	0.651904892262394
133.832	0.648750371771314
133.912	0.645516044253156
133.992	0.642247187222495
134.072	0.638990981538257
134.152	0.635794025165353
134.232	0.632699636624295
134.312	0.62974548114704
134.392	0.626962094437943
134.472	0.624372347901556
134.552	0.621992198659711
134.632	0.619832275338524
134.712	0.61789961910273
134.792	0.61619910123278
134.872	0.614734286345367
134.952	0.613507528113416
135.032	0.612519725538561
135.112	0.611770315145179
135.192	0.611257718346963
135.272	0.61097982900975
135.352	0.610934780535274
135.432	0.611121723706958
135.512	0.611540789629373
135.592	0.612192097293075
135.672	0.613074467475656
135.752	0.614183930572665
135.832	0.615512407455128
135.912	0.617047349196866
135.992	0.618772286079377
136.072	0.620667865190683
136.152	0.622713285464499
136.232	0.624887396304814
136.312	0.627168844615483
136.392	0.629535658919679
136.472	0.631964772459526
136.552	0.634431544281199
136.632	0.636909897006319
136.712	0.639373425672204
136.792	0.641797061972341
136.872	0.644159150945427
136.952	0.646443178661741
137.032	0.648638505312476
137.112	0.65073993242396
137.192	0.652746409148051
137.272	0.654659065563749
137.352	0.656479214595322
137.432	0.65820693076995
137.512	0.659840589483167
137.592	0.661377072970765
137.672	0.662812578697469
137.752	0.664143733854928
137.832	0.665368589748425
137.912	0.666487148887938
137.992	0.667501608518762
138.072	0.668416230420291
138.152	0.669236890227296
138.232	0.669970525016936
138.312	0.670624658103463
138.392	0.671206815002563
138.472	0.671723957626511
138.552	0.672182123321875
138.632	0.672586230401578
138.712	0.672940078936392
138.792	0.673246661660698
138.872	0.673508614403374
138.952	0.67372862467397
139.032	0.673909687472872
139.112	0.674055083360884
139.192	0.674168100233885
139.272	0.674251660246284
139.352	0.674308029213137
139.432	0.674338732695844
139.512	0.674344703879171
139.592	0.674326585914116
139.672	0.674285050506853
139.752	0.674220998351814
139.832	0.674135583471582
139.912	0.674030124809008
139.992	0.673906004597086
140.072	0.673764640253069
140.152	0.673607566883277
140.232	0.673436532621338
140.312	0.673253475077956
