93.752	0.500351337032187
93.832	0.500825516382188
93.912	0.501318147377441
93.992	0.501828069444171
94.072	0.502353722209881
94.152	0.502893166778192
94.232	0.503444204031736
94.312	0.504004511448299
94.392	0.504571785569956
94.472	0.505143794180976
94.552	0.5057183306852
94.632	0.506293123757962
94.712	0.506865756567779
94.792	0.507433584863639
94.872	0.507993743256842
94.952	0.508543247161834
95.032	0.509079124078331
95.112	0.509598537387371
95.192	0.510098891874874
95.272	0.510577909112962
95.352	0.511033685093745
95.432	0.511464711432962
95.512	0.511869857484646
95.592	0.512248294688826
95.672	0.51259934198564
95.752	0.512922256316829
95.832	0.513216029009181
95.912	0.513479213104832
95.992	0.513709837411666
96.072	0.513905448602094
96.152	0.514063253957984
96.232	0.514180279127567
96.312	0.514253545110938
96.392	0.514280217754211
96.472	0.514257684062327
96.552	0.514183581484273
96.632	0.514055850251639
96.712	0.513872782898597
96.792	0.513633088507612
96.872	0.513335968079486
96.952	0.512981170877657
97.032	0.512569010157582
97.112	0.512100385587294
97.192	0.511576816925308
97.272	0.511000469386941
97.352	0.510374141746125
97.432	0.509701270594084
97.512	0.508985941653789
97.592	0.508232874284444
97.672	0.507447384579722
97.752	0.506635334591637
97.832	0.505803063268063
97.912	0.50495728207933
97.992	0.504104931963676
98.072	0.503252981728325
98.152	0.502408188288863
98.232	0.501576862285871
98.312	0.500764720818585
98.392	0.499976804027371
98.472	0.499217462928376
98.552	0.498490437197701
98.632	0.497798952657737
98.712	0.497145769860593
98.792	0.496533223434374
98.872	0.495963237279431
98.952	0.495437290542265
99.032	0.49495637026804
99.112	0.494520957928364
99.192	0.494131057817944
99.272	0.493786296075653
99.352	0.493486085004131
99.432	0.493229812348511
99.512	0.493017017741542
99.592	0.492847527419253
99.672	0.492721525107404
99.752	0.492639560492455
99.832	0.492602507267785
99.912	0.49261149638877
99.992	0.492667854607861
100.072	0.492773060034574
100.152	0.492928716677993
100.232	0.493136535839062
100.312	0.493398304735843
100.392	0.493715845483242
100.472	0.49409096436556
100.552	0.494525382688972
100.632	0.495020667346127
100.712	0.495578162735475
100.792	0.496198902304966
100.872	0.496883514986537
100.952	0.497632131613384
101.032	0.498444275932391
101.112	0.499318746609097
101.192	0.500253549592484
101.272	0.501245888506583
101.352	0.502292219284852
101.432	0.503388342469366
101.512	0.504529531572855
101.592	0.505710623191872
101.672	0.506926096963271
101.752	0.508170137779645
101.832	0.509436765278467
101.912	0.510719967672818
101.992	0.512013833450107
102.072	0.513312599048765
102.152	0.514610633271792
102.232	0.515902242956054
102.312	0.517181418836037
102.392	0.518441528612092
102.472	0.519675101119782
102.552	0.520873830484275
102.632	0.52202897913824
102.712	0.523132014974708
102.792	0.524175401529559
102.872	0.525153432881732
102.952	0.526062939888201
103.032	0.526903600413027
103.112	0.527677916002601
103.192	0.528390854649535
103.272	0.529049124908989
103.352	0.529660199073009
103.432	0.530231281585051
103.512	0.530768407754094
103.592	0.531275863428155
103.672	0.531756069320574
103.752	0.532209870511982
103.832	0.532637063675496
103.912	0.53303694704554
103.992	0.533408760800251
104.072	0.533751818315986
104.152	0.534065421311697
104.232	0.53434861298374
104.312	0.534599893239745
104.392	0.534816936419839
104.472	0.534996464332648
104.552	0.535134156276603
104.632	0.535224577498346
104.712	0.535261109427781
104.792	0.53523604188956
104.872	0.535140807998976
104.952	0.534966418723181
105.032	0.534703962529656
105.112	0.534345137653434
105.192	0.53388264243762
105.272	0.533310403463036
105.352	0.532623711966098
105.432	0.531819442061677
105.512	0.530896262890183
105.592	0.529854922940613
105.672	0.528698453513892
105.752	0.527432149550306
105.832	0.526063262159889
105.912	0.524600583572026
105.992	0.523053925859569
106.072	0.521433745497509
106.152	0.519751081537139
106.232	0.51801772045958
106.312	0.516246394741062
106.392	0.514450927730079
106.472	0.512646127520144
106.552	0.510847345468774
106.632	0.509069883463328
106.712	0.507328496568919
106.792	0.505637068964594
106.872	0.504008498920273
106.952	0.502454756019771
107.032	0.500986950225153
107.112	0.499615302181395
107.192	0.498349006309754
107.272	0.497196010765316
107.352	0.496162822947847
107.432	0.495254521976404
107.512	0.494474978383016
107.592	0.493827197299781
107.672	0.493313701431179
107.752	0.492936850304689
107.832	0.492698995437054
107.912	0.492602493035522
107.992	0.49264964404736
108.072	0.492842618678877
108.152	0.493183406936465
108.232	0.493673787903722
108.312	0.494315291125593
108.392	0.495109126487401
108.472	0.4960560596507
108.552	0.497156229143807
108.632	0.498408969078111
108.712	0.499812635487265
108.792	0.501364434976908
108.872	0.503060295716375
108.952	0.504894847348735
109.032	0.506861451046364
109.112	0.508952309213464
109.192	0.511158656425414
109.272	0.513470933881939
109.352	0.515878871862268
109.432	0.518371566306369
109.512	0.520937499911065
109.592	0.523564555047747
109.672	0.52624022101732
109.752	0.528951969580726
109.832	0.531687612656443
109.912	0.534435656698799
109.992	0.537185596053812
110.072	0.539927957415861
110.152	0.54265418780639
110.232	0.545356512832745
110.312	0.548027802566578
110.392	0.550661521700027
110.472	0.553251843007411
110.552	0.555793772860321
110.632	0.558283221593824
110.712	0.560716986940134
110.792	0.563092593440546
110.872	0.565408036472553
110.952	0.567661549348122
111.032	0.569851468917209
111.112	0.571976243784581
111.192	0.574034537147424
111.272	0.576025323363369
111.352	0.577947984449439
111.432	0.579802330471813
111.512	0.581588506782607
111.592	0.583306907329854
111.672	0.58495819117209
111.752	0.586543351488201
111.832	0.588063866305321
111.912	0.589521874295597
111.992	0.590920253328159
112.072	0.59226256705359
112.152	0.593552918131147
112.232	0.594795668241742
112.312	0.59599520524287
112.392	0.597155827410235
112.472	0.598281669817085
112.552	0.599376619860502
112.632	0.600444281536012
112.712	0.601487879637604
112.792	0.602510143311617
112.872	0.603513219683476
112.952	0.604498621383025
113.032	0.605467228970481
113.112	0.606419425974137
113.192	0.607355236367537
113.272	0.6082744075814
113.352	0.60917645824401
113.432	0.610060634330862
113.512	0.610925717739329
113.592	0.611769842648973
113.672	0.612590382831728
113.752	0.613383915450855
113.832	0.614146331107081
113.912	0.614873059520074
113.992	0.61555938882651
114.072	0.616200806675865
114.152	0.616793296351188
114.232	0.617333519823157
114.312	0.617818940318847
114.392	0.618247815324629
114.472	0.618619092456056
114.552	0.618932286046208
114.632	0.619187386787488
114.712	0.619384768773189
114.792	0.6195251381177
114.872	0.619609502825748
114.952	0.619639132078982
115.032	0.61961555892004
115.112	0.619540596760702
115.192	0.619416313508491
115.272	0.61924503508618
115.352	0.619029420297414
115.432	0.618772503771334
115.512	0.618477674400621
115.592	0.618148605246637
115.672	0.617789131648989
115.752	0.617403057316386
115.832	0.616993944436254
115.912	0.616564916083336
115.992	0.616118499300436
116.072	0.615656483675044
116.152	0.61517981722861
116.232	0.614688557683271
116.312	0.614181905788877
116.392	0.61365834940119
116.472	0.613115892430654
116.552	0.612552333816547
116.632	0.611965536359309
116.712	0.611353669447967
116.792	0.610715353559742
116.872	0.610049702700424
116.952	0.609356330041797
117.032	0.608635389935499
117.112	0.607887637272819
117.192	0.607114485096334
117.272	0.606318054937221
117.352	0.605501163745144
117.432	0.60466719388493
117.512	0.603819925516193
117.592	0.602963367198976
117.672	0.60210160068131
117.752	0.601238669799633
117.832	0.600378506833154
117.912	0.599524846906414
117.992	0.598681172812745
118.072	0.597850711924012
118.152	0.597036470578631
118.232	0.596241340787968
118.312	0.595468269711658
118.392	0.594720397251484
118.472	0.594001151757199
118.552	0.593314276003129
118.632	0.592663713087921
118.712	0.592053410397527
118.792	0.59148716626243
118.872	0.590968489748226
118.952	0.590500523207746
119.032	0.590086064605375
119.112	0.589727562258664
119.192	0.58942702696706
119.272	0.58918593420181
119.352	0.58900508918787
119.432	0.5888844995106
119.512	0.58882338156983
119.592	0.588820292461358
119.672	0.588873329650456
119.752	0.588980379651586
119.832	0.589139382579786
119.912	0.589348512207101
119.992	0.589606259432186
120.072	0.589911436424808
120.152	0.590263136157168
120.232	0.590660633497942
120.312	0.591103273795637
120.392	0.591590357231601
120.472	0.592121036934619
120.552	0.592694170610445
120.632	0.593308162000364
120.712	0.593960818644304
120.792	0.594649298109738
120.872	0.595370132632725
120.952	0.596119422783145
121.032	0.596893117763516
121.112	0.597687374449679
121.192	0.598498930505988
121.272	0.599325426702398
121.352	0.600165497131682
121.432	0.601018668471864
121.512	0.601885119994373
121.592	0.602765354481557
121.672	0.603659842966559
121.752	0.604568781430187
121.832	0.605491974447849
121.912	0.606428803635913
121.992	0.607378268158106
122.072	0.608339079384818
122.152	0.609309774692244
122.232	0.610288844915422
122.312	0.611274871542717
122.392	0.612266619998406
122.472	0.613263102345508
122.552	0.614263616912952
122.632	0.615267796571585
122.712	0.616275603008072
122.792	0.617287326086181
122.872	0.618303534494972
122.952	0.619324992555855
123.032	0.620352510167063
123.112	0.621386779972815
123.192	0.62242820241811
123.272	0.623476781214224
123.352	0.624532102660799
123.432	0.625593412160482
123.512	0.626659707646475
123.592	0.627729811578167
123.672	0.628802355669942
123.752	0.629875717295894
123.832	0.630947924409572
123.912	0.63201658208675
123.992	0.633078879856003
124.072	0.634131726702675
124.152	0.635171943972795
124.232	0.636196487996454
124.312	0.637202674969879
124.392	0.63818835287387
124.472	0.639151965062673
124.552	0.640092560595862
124.632	0.641009749350529
124.712	0.641903624935869
124.792	0.642774665183291
124.872	0.643623648856538
124.952	0.644451554756786
125.032	0.645259443850181
125.112	0.646048359735987
125.192	0.64681923026331
125.272	0.647572776225884
125.352	0.648309456387148
125.432	0.649029449600775
125.512	0.649732664352991
125.592	0.65041875114313
125.672	0.65108713072444
125.752	0.651737061124043
125.832	0.652367716154046
125.912	0.652978251153428
125.992	0.653567908802374
126.072	0.654136144978034
126.152	0.654682677923828
126.232	0.65520747244013
126.312	0.655710678771726
126.392	0.656192516539649
126.472	0.656653158182923
126.552	0.657092699917369
126.632	0.657511223091459
126.712	0.65790891327595
126.792	0.658286239987339
126.872	0.658644089569641
126.952	0.658983767142544
127.032	0.659306893038702
127.112	0.659615240513846
127.192	0.659910510369087
127.272	0.660194104706258
127.352	0.660466986334589
127.432	0.660729624379126
127.512	0.660981961708302
127.592	0.661223419945964
127.672	0.661452958853532
127.752	0.661669149459197
127.832	0.661870263826073
127.912	0.662054420442461
127.992	0.662219720440989
128.072	0.662364336591006
128.152	0.66248657937715
128.232	0.662584889886217
128.312	0.662657743983722
128.392	0.662703610544328
128.472	0.662720997088737
128.552	0.662708517040466
128.632	0.66266500162328
128.712	0.662589652107325
128.792	0.662482133291364
128.872	0.662342572432754
128.952	0.662171484074992
129.032	0.661969612249875
129.112	0.661737746934003
129.192	0.661476590929595
129.272	0.661186666069389
129.352	0.660868249021627
129.432	0.660521360527827
129.512	0.660145788063858
129.592	0.659741132045975
129.672	0.659306873637748
129.752	0.658842457193844
129.832	0.658347376313436
129.912	0.657821241788948
129.992	0.657263790239723
130.072	0.656674842934613
130.152	0.656054246152637
130.232	0.655401824812126
130.312	0.654717368027029
130.392	0.654000658257658
130.472	0.653251531403917
130.552	0.65246994842507
130.632	0.651656041617297
130.712	0.650810100279209
130.792	0.649932513681957
130.872	0.64902369180251
130.952	0.648083978961241
131.032	0.647113626807572
131.112	0.646112850801032
131.192	0.645081913743697
131.272	0.644021231982075
131.352	0.6429314931727
131.432	0.641813714077113
131.512	0.640669232568667
131.592	0.639499661343253
131.672	0.638306769699492
131.752	0.637092333155453
131.832	0.63585803710229
131.912	0.634605452098324
131.992	0.633336059869761
132.072	0.632051365391961
132.152	0.630753038308891
132.232	0.629443018080826
132.312	0.62812356523863
132.392	0.6267972376926
132.472	0.625466807630007
132.552	0.624135211644772
132.632	0.622805522489877
132.712	0.621480949981802
132.792	0.620164872581675
132.872	0.618860858023501
132.952	0.617572647074748
133.032	0.616304144035047
133.112	0.615059367545163
133.192	0.613842374301656
133.272	0.61265724585259
133.352	0.611508138149999
133.432	0.610399337367111
133.512	0.609335350455625
133.592	0.608320954683014
133.672	0.607361142502048
133.752	0.606460994012719
133.832	0.605625470868285
133.912	0.604859121163061
133.992	0.604165853838508
134.072	0.60354884729905
134.152	0.603010566173454
134.232	0.602552901998541
134.312	0.602177423773737
134.392	0.601885599765536
134.472	0.601678948578519
134.552	0.601559106505432
134.632	0.601527771080745
134.712	0.601586542333882
134.792	0.601736787507912
134.872	0.601979540791548
134.952	0.60231539912345
135.032	0.602744465921299
135.112	0.603266373021698
135.192	0.603880321765436
135.272	0.604585140568867
135.352	0.605379372657934
135.432	0.606261343534475
135.512	0.607229182990585
135.592	0.60828082850192
135.672	0.609413978255882
135.752	0.610625978348756
135.832	0.611913762648557
135.912	0.613273868887022
135.992	0.614702479958902
136.072	0.616195498729342
136.152	0.61774865833509
136.232	0.619357612675868
136.312	0.621017975890153
136.392	0.622725299553522
136.472	0.624474988890301
136.552	0.626262224596626
136.632	0.628081903465548
136.712	0.629928621391441
136.792	0.631796713452921
136.872	0.633680348520647
136.952	0.635573643584259
137.032	0.637470807998607
137.112	0.639366305066579
137.192	0.641254995265562
137.272	0.643132265572026
137.352	0.644994123937552
137.432	0.646837217565375
137.512	0.648658785859494
137.592	0.650456574896234
137.672	0.652228735472208
137.752	0.653973740174409
137.832	0.655690354314928
137.912	0.657377654486877
137.992	0.659035074511133
138.072	0.660662452453215
138.152	0.662260054288756
138.232	0.663828561251366
138.312	0.665369003085816
138.392	0.666882664453915
138.472	0.668370995566967
138.552	0.669835537580989
138.632	0.671277884059032
138.712	0.672699680961058
138.792	0.674102655127756
138.872	0.675488672720839
138.952	0.676859813808818
139.032	0.678218432015091
139.112	0.679567213395687
139.192	0.680909238333276
139.272	0.682248006577501
139.352	0.683587411747867
139.432	0.684931675797344
139.512	0.686285219192975
139.592	0.687652475355481
139.672	0.689037713759912
139.752	0.690444875604735
139.832	0.691877426912278
139.912	0.693338282917487
139.992	0.694829800355828
140.072	0.696353759283136
140.152	0.697911362261769
140.232	0.699503262489936
140.312	0.701129590975425
140.392	0.702789991522037
140.472	0.704483707893855
140.552	0.706209721083134
