46.872	0.308420480101468
46.952	0.31219559365011
47.032	0.316339479951715
47.112	0.320805422779749
47.192	0.325535115833155
47.272	0.330459768204967
47.352	0.335502101231491
47.432	0.340579031050417
47.512	0.345604581550411
47.592	0.350492588709663
47.672	0.355159106256785
47.752	0.359524290388229
47.832	0.363513868188413
47.912	0.367060450509648
47.992	0.370104865460256
48.072	0.372597494691341
48.152	0.374499652780166
48.232	0.375784761132955
48.312	0.37643898059644
48.392	0.376461142784471
48.472	0.37586206787045
48.552	0.374663479754581
48.632	0.372896801853805
48.712	0.370602066593953
48.792	0.367826972243954
48.872	0.364625948258002
48.952	0.361059003823179
49.032	0.357190316099313
49.112	0.353086610827482
49.192	0.348815534754429
49.272	0.344444301464243
49.352	0.340038835092763
49.432	0.335663361151823
49.512	0.331380264078199
49.592	0.327249902339553
49.672	0.323330085028907
49.752	0.319675082410548
49.832	0.316334411501821
49.912	0.313351625614096
49.992	0.310763353336505
50.072	0.308598734440686
50.152	0.306879174970128
50.232	0.305618202656341
50.312	0.30482142300152
50.392	0.30448659686234
50.472	0.30460387142454
50.552	0.305156263373725
50.632	0.306120373187689
50.712	0.307467094300215
50.792	0.309162128170804
50.872	0.311166299713328
50.952	0.313435650136391
51.032	0.31592145461746
51.112	0.318570405038251
51.192	0.32132504128554
51.272	0.324124340784174
51.352	0.326904480991566
51.432	0.329599762999486
51.512	0.332143831718916
51.592	0.334471426000185
51.672	0.336520510091695
51.752	0.338234385351164
51.832	0.339563763685327
51.912	0.340468703915654
51.992	0.340920239544509
52.072	0.340901658587164
52.152	0.340409380152089
52.232	0.339453502976731
52.312	0.338057911963368
52.392	0.336259724562886
52.472	0.334108011211718
52.552	0.33166208341833
52.632	0.328989276417268
52.712	0.326162414565452
52.792	0.323257316806057
52.872	0.320350310830854
52.952	0.317515815892754
53.032	0.314824366652822
53.112	0.312340915271498
53.192	0.310123399600137
53.272	0.308221835749542
53.352	0.30667790505796
53.432	0.305524829629313
53.512	0.304787452912159
53.592	0.304482327586065
53.672	0.304617660688955
53.752	0.305193181329706
53.832	0.30620001524445
53.912	0.307620793390178
53.992	0.309430233388575
54.072	0.31159615315746
54.152	0.314080820053924
54.232	0.316842516332706
54.312	0.31983708445059
54.392	0.323019285182504
54.472	0.326344042008166
54.552	0.329767484284808
54.632	0.33324782001619
54.712	0.336746014944872
54.792	0.340226256068711
54.872	0.343656095295948
54.952	0.347006521010307
55.032	0.350252016005861
55.112	0.353370503011028
55.192	0.356343129606323
55.272	0.3591539928833
55.352	0.361789710295703
55.432	0.36423884127003
55.512	0.366491257669473
55.592	0.368537644313868
55.672	0.370369127292285
55.752	0.371977137404336
55.832	0.373353501199652
55.912	0.374490642572873
55.992	0.375381806914724
56.072	0.376021301098341
56.152	0.376404693199042
56.232	0.37652896990172
56.312	0.376392681670062
56.392	0.375996054009043
56.472	0.375341065089764
56.552	0.374431545555261
56.632	0.373273318612824
56.712	0.371874386574568
56.792	0.370245158647627
56.872	0.368398632508324
56.952	0.366350403912712
57.032	0.36411847190822
57.112	0.361722796384576
57.192	0.359184694374044
57.272	0.356526209378721
57.352	0.353769565616822
57.432	0.350936735564851
57.512	0.348049158075519
57.592	0.345127513755124
57.672	0.34219139468086
57.752	0.339258895275229
57.832	0.336346314301061
57.912	0.333468061456578
57.992	0.330636836243791
58.072	0.327863969933524
58.152	0.325159896258377
58.232	0.322534660011236
58.312	0.319998341621606
58.392	0.317561170605153
58.472	0.315233394960067
58.552	0.313024969765927
58.632	0.310945126194135
58.712	0.30900185342076
58.792	0.307201421730873
58.872	0.305548059700918
58.952	0.30404379325109
59.032	0.302688443602726
59.112	0.301479773789261
59.192	0.3004136967972
59.272	0.299484540579705
59.352	0.298685312920391
59.432	0.298007928902443
59.512	0.297443408604643
59.592	0.296982177971707
59.672	0.296614494441464
59.752	0.29633091316537
59.832	0.29612277053932
59.912	0.295982649096281
59.992	0.295904732023949
60.072	0.295884993701996
60.152	0.295921294024446
60.232	0.296013341473476
60.312	0.296162555768142
60.392	0.296371872059915
60.472	0.296645507573878
60.552	0.296988649242799
60.632	0.297407100526307
60.712	0.297906900735988
60.792	0.298493925146381
60.872	0.299173464451506
60.952	0.299949851564399
61.032	0.300826134150107
61.112	0.301803808587628
61.192	0.302882628789753
61.272	0.304060507911821
61.352	0.305333508855988
61.432	0.306695947381435
61.512	0.308140563360801
61.592	0.309658789856734
61.672	0.311241045510975
61.752	0.312876900761189
61.832	0.314555138843382
61.912	0.316263839715809
61.992	0.317990453811483
62.072	0.319721899179747
62.152	0.321444868327411
62.232	0.323146308186601
62.312	0.324813948679285
62.392	0.326436791306968
62.472	0.328005477301097
62.552	0.329512393630971
62.632	0.330951583886183
62.712	0.332318502338914
62.792	0.333609601234762
62.872	0.334821956987291
62.952	0.335953097605987
63.032	0.337000998459722
63.112	0.337964188972983
63.192	0.338841959152113
63.272	0.339634605177217
63.352	0.340343630296125
63.432	0.340971745116882
63.512	0.341522647728389
63.592	0.34200068374448
63.672	0.342410389291352
63.752	0.342755904917105
63.832	0.343040476421201
63.912	0.343266188436949
63.992	0.343433923917068
64.072	0.3435435941931
64.152	0.343594640066634
64.232	0.343586576234252
64.312	0.343519492202397
64.392	0.3433944953752
64.472	0.343213940287505
64.552	0.342981407702005
64.632	0.342701616265792
64.712	0.34238014662207
64.792	0.342022949552437
64.872	0.34163583689385
64.952	0.341224067518503
65.032	0.340792040678473
65.112	0.340343281240273
65.192	0.339880757011393
65.272	0.339407313237636
65.352	0.338926146527136
65.432	0.338441255429835
65.512	0.33795761085721
65.592	0.337481100524819
65.672	0.33701834746153
65.752	0.336576373203023
65.832	0.336162170437767
65.912	0.3357824436955
65.992	0.335443378745701
66.072	0.335150382251719
66.152	0.334908006296352
66.232	0.334720012497819
66.312	0.334589459999869
66.392	0.334518907442025
66.472	0.334510626269797
66.552	0.334566606896821
66.632	0.334688420080049
66.712	0.334877045663966
66.792	0.335132570496704
66.872	0.335453979310891
66.952	0.33583923909017
67.032	0.336285466398259
67.112	0.336789063320843
67.192	0.337345920033606
67.272	0.337951497105216
67.352	0.33860071926869
67.432	0.339287885356292
67.512	0.340006616823551
67.592	0.340749802331821
67.672	0.341509752270149
67.752	0.34227857639808
67.832	0.343048571103786
67.912	0.343812547572462
67.992	0.344564156447539
68.072	0.345298074978949
68.152	0.346009946230019
68.232	0.346696198062737
68.312	0.347353822921256
68.392	0.347980086998085
68.472	0.348572384823591
68.552	0.349128288055702
68.632	0.3496456312728
68.712	0.350122579330041
68.792	0.350557692127033
68.872	0.350949838919028
68.952	0.35129795477291
69.032	0.351600821306754
69.112	0.351856939068306
69.192	0.352064462801671
69.272	0.352221332833743
69.352	0.352325483469592
69.432	0.352375004357263
69.512	0.352368291088474
69.592	0.352304287413169
69.672	0.352182642684475
69.752	0.352003895416537
69.832	0.351769697170134
69.912	0.351482899523397
69.992	0.351147404047559
70.072	0.350767874874713
70.152	0.35034933207708
70.232	0.349896722004267
70.312	0.349414690865324
70.392	0.348907616880432
70.472	0.348379745690771
70.552	0.347835393941629
70.632	0.347279150247054
70.712	0.34671597966976
70.792	0.346151167749433
70.872	0.345590147921619
70.952	0.345038317631854
71.032	0.344500916073081
71.112	0.343982956316061
71.192	0.343489167552001
71.272	0.34302405334153
71.352	0.342592022366112
71.432	0.342197531016005
71.512	0.341845272954764
71.592	0.341540371709435
71.672	0.341288445954795
71.752	0.341095576542692
71.832	0.340968190538597
71.912	0.340912746772879
71.992	0.340935338566076
72.072	0.341041408915451
72.152	0.34123558158236
72.232	0.34152155825381
72.312	0.341902194954507
72.392	0.342379609686724
72.472	0.342955193334426
72.552	0.34362954012618
72.632	0.344402323466618
72.712	0.345272060033913
72.792	0.346236026057277
72.872	0.347290380261505
72.952	0.348430393663158
73.032	0.34965065019383
73.112	0.350945233311897
73.192	0.35230767132358
73.272	0.353730654128803
73.352	0.355205640255399
73.432	0.356722544440338
73.512	0.358269599915467
73.592	0.359833564736327
73.672	0.361400141405106
73.752	0.362954423665677
73.832	0.36448129880943
73.912	0.36596581576736
73.992	0.367393446708455
74.072	0.368750312011194
74.152	0.370023454056813
74.232	0.371201187399144
74.312	0.372273428066045
74.392	0.373231997698149
74.472	0.374070818065626
74.552	0.374785978095126
74.632	0.375375722134883
74.712	0.375840371874908
74.792	0.376182174754113
74.872	0.3764051136313
74.952	0.376514676694136
75.032	0.376517592829394
75.112	0.376421571646851
75.192	0.376235083777111
75.272	0.375967178620179
75.352	0.375627317544051
75.432	0.375225176636739
75.512	0.374770365887308
75.592	0.374272077665232
75.672	0.373738706127504
75.752	0.37317751768105
75.832	0.372594435250953
75.912	0.371993985873722
75.992	0.371379411320127
76.072	0.370752896228531
76.152	0.37011583845679
76.232	0.369469119359529
76.312	0.368813328999032
76.392	0.368148972345232
76.472	0.367476650276409
76.552	0.366797188129702
76.632	0.366111677133823
76.712	0.36542142144804
76.792	0.364727823840063
76.872	0.364032183183205
76.952	0.363335441372634
77.032	0.362638020387827
77.112	0.361939826662386
77.192	0.361240379502043
77.272	0.36053908588638
77.352	0.359835609760488
77.432	0.359130221350675
77.512	0.358424014620901
77.592	0.357718892162488
77.672	0.357017420292088
77.752	0.356322614124814
77.832	0.355637685509912
77.912	0.354965819929355
77.992	0.354310066564032
78.072	0.353673256866237
78.152	0.35305794658688
78.232	0.352466411203828
78.312	0.351900711257393
78.392	0.351362776598101
78.472	0.350854702183874
78.552	0.350379142354534
78.632	0.349939663942955
78.712	0.349541025413622
78.792	0.349189350891798
78.872	0.348891932263108
78.952	0.348656762143086
79.032	0.348491927627258
79.112	0.348404945143947
79.192	0.348402112624534
79.272	0.348488064130514
79.352	0.348665521234118
79.432	0.348935280519491
79.512	0.349296398788816
79.592	0.349746561169063
79.672	0.350282457722834
79.752	0.350900188522409
79.832	0.351595642621241
79.912	0.352364823921498
79.992	0.353204048788278
80.072	0.354110008273715
80.152	0.355079653232586
80.232	0.356109948074725
80.312	0.357197458996318
80.392	0.35833785596855
80.472	0.359525484460583
80.552	0.360753127190883
80.632	0.36201193204149
80.712	0.36329156769505
80.792	0.364580573776742
80.872	0.365866781421424
80.952	0.367137691587537
81.032	0.368380745119872
81.112	0.369583418561511
81.192	0.37073318197303
81.272	0.371817389590909
81.352	0.372823145670218
81.432	0.373737214276609
81.512	0.374546031108899
81.592	0.375235781547865
81.672	0.375792522322136
81.752	0.37620238789588
81.832	0.376451915479485
81.912	0.37652852706298
81.992	0.376421192507273
82.072	0.376121222185354
82.152	0.375623079155496
82.232	0.374925076053522
82.312	0.374029828995241
82.392	0.372944387467008
82.472	0.371680001188899
82.552	0.370251588303454
82.632	0.368677010769197
82.712	0.366976186324955
82.792	0.365170117088546
82.872	0.363279982459595
82.952	0.361326377085327
83.032	0.359328740558816
83.112	0.35730515088084
83.192	0.355272453932677
83.272	0.353246569176598
83.352	0.351242955194856
83.432	0.349277008551006
83.512	0.347364196526904
83.592	0.345520047035187
83.672	0.343760036627678
83.752	0.342099149154386
83.832	0.340551307118083
83.912	0.339128940202691
83.992	0.337842549668828
84.072	0.336700322616728
84.152	0.335708078368718
84.232	0.334869442970664
84.312	0.334186161469738
84.392	0.333658555629931
84.472	0.333286036682544
84.552	0.333067474332601
84.632	0.333001580944391
84.712	0.333087216273633
84.792	0.333323542125491
84.872	0.333710175157357
84.952	0.334247413218371
85.032	0.334936299733208
85.112	0.335778480729907
85.192	0.336775908281048
85.272	0.337930340602291
85.352	0.339242653717029
85.432	0.340712141746046
85.512	0.342335908161708
85.592	0.344108462627752
85.672	0.346021538536426
85.752	0.348063989329027
85.832	0.350221636656748
85.912	0.352477039321904
85.992	0.354809098870867
86.072	0.357192596461509
86.152	0.359597962681072
86.232	0.361991411505919
86.312	0.364335498480578
86.392	0.36659006539923
86.472	0.368713376112417
86.552	0.370663218204292
86.632	0.372397884667542
86.712	0.373877003773309
86.792	0.375062272926861
86.872	0.37591815685709
86.952	0.376412541601233
87.032	0.376517302274088
87.112	0.376208827479864
87.192	0.375468603629251
87.272	0.374283952649044
87.352	0.372648978128716
87.432	0.370565608953704
87.512	0.368044470350263
87.592	0.365105357054254
87.672	0.361777197105646
87.752	0.358097504631665
87.832	0.354111657245049
87.912	0.349872361301713
87.992	0.345439336822317
88.072	0.340879165777515
88.152	0.336265067735262
88.232	0.331676071737682
88.312	0.32719535708673
88.392	0.322907969606597
88.472	0.318898083623957
88.552	0.315246285758256
88.632	0.312027438924751
88.712	0.30930917556207
88.792	0.307150804781337
88.872	0.305602478570357
88.952	0.304704366300847
89.032	0.304485802834584
89.112	0.304964657922248
89.192	0.306147278950498
89.272	0.308029227523939
89.352	0.310596720996038
89.432	0.313828430705335
89.512	0.31769716813664
89.592	0.322171019157302
89.672	0.327213753018036
89.752	0.332784646843344
89.832	0.338838015711808
89.912	0.345322893120645
89.992	0.352183313923682
90.072	0.359359207523134
90.152	0.366787711780425
90.232	0.374404878575653
90.312	0.382147504305401
90.392	0.389954596019372
90.472	0.397768417889601
90.552	0.405535271133083
90.632	0.413205960782129
90.712	0.42073549182151
90.792	0.428082524748042
90.872	0.435208287726532
90.952	0.442074738300043
91.032	0.44864281807002
91.112	0.454871573271411
91.192	0.460717320183043
91.272	0.466133320216152
91.352	0.471070452794599
91.432	0.475478194701559
91.512	0.479305940017632
91.592	0.482505541327946
91.672	0.485034628490432
91.752	0.486860042784876
91.832	0.487961979268327
91.912	0.488337814234107
91.992	0.488003760531846
92.072	0.486994396222705
92.152	0.485360084493372
92.232	0.483162326209474
92.312	0.48046843584023
92.392	0.477346382929504
92.472	0.473860584202434
92.552	0.470068600373672
92.632	0.466019027358691
92.712	0.461750241151996
92.792	0.457290772264109
92.872	0.4526607763679
92.952	0.447874808457463
93.032	0.442944895550731
93.112	0.437883647390542
93.192	0.432706508087328
93.272	0.427433259970876
93.352	0.422088521709661
93.432	0.416701117948257
93.512	0.411302834820042
93.592	0.405927494981761
93.672	0.40060990122759
