0.072	0.0220942855422663
0.152	0.0223627592259845
0.232	0.0226154713919868
0.312	0.0228526720021591
0.392	0.0230746349108131
0.472	0.0232816644935383
0.552	0.0234740997672134
0.632	0.0236523156560224
0.712	0.023816720664513
0.792	0.0239677553246338
0.872	0.0241058904463216
0.952	0.0242316242942024
1.032	0.0243454785735366
1.112	0.0244479937047117
1.192	0.0245397250888573
1.272	0.0246212413036346
1.352	0.0246931246146005
1.432	0.0247559710225005
1.512	0.0248103912628039
1.592	0.0248570124434764
1.672	0.024896476471099
1.752	0.0249294347116802
1.832	0.0249565416582982
1.912	0.0249784461055924
1.992	0.0249957817617315
2.072	0.0250091606609431
2.152	0.0250191698124809
2.232	0.0250263703836708
2.312	0.0250313019222403
2.392	0.0250344893175907
2.472	0.0250364486615808
2.552	0.0250376916577579
2.632	0.0250387293227732
2.712	0.0250400717008006
2.792	0.0250422236973691
2.872	0.0250456799836911
2.952	0.0250509196351913
3.032	0.0250584011197361
3.112	0.0250685601560008
3.192	0.0250818110297359
3.272	0.0250985493588587
3.352	0.0251191557632637
3.432	0.0251439997006173
3.512	0.0251734410018116
3.592	0.0252078282775301
3.672	0.0252474951604427
3.752	0.0252927554939788
3.832	0.025343898341248
3.912	0.0254011850416873
3.992	0.0254648496903656
4.072	0.0255351020811077
4.152	0.0256121316193685
4.232	0.0256961108378846
4.312	0.0257871963946172
4.392	0.0258855254077162
4.472	0.0259912082930214
4.552	0.0261043196454693
4.632	0.0262248873942781
4.712	0.0263528829651705
4.792	0.0264882155585155
4.872	0.026630730356942
4.952	0.0267802097433787
5.032	0.026936377745983
5.112	0.0270989046772456
5.192	0.0272674084377513
5.272	0.0274414528395255
5.352	0.0276205433932546
5.432	0.0278041200616599
5.512	0.0279915493439375
5.592	0.0281821195977727
5.672	0.0283750395639117
5.752	0.028569439906164
5.832	0.0287643790330776
5.912	0.0289588505560232
5.992	0.029151788441709
6.072	0.0293420698970976
6.152	0.0295285167011343
6.232	0.0297098908514499
6.312	0.0298848868102368
6.392	0.0300521253760735
6.472	0.0302101478265513
6.552	0.030357410617512
6.632	0.0304922849860532
6.712	0.0306130592051659
6.792	0.0307179389702696
6.872	0.0308050481886539
6.952	0.0308724296986611
7.032	0.0309180430871265
7.112	0.0309397650288474
7.192	0.0309353952678748
7.272	0.0309026667281387
7.352	0.0308392587095341
7.432	0.0307428151821796
7.512	0.030610963984941
7.592	0.0304413335153413
7.672	0.0302315683094321
7.752	0.0299793476523291
7.832	0.0296824112798504
7.912	0.0293385957348846
7.992	0.0289458863518348
8.072	0.0285024912283234
8.152	0.0280069367244096
8.232	0.0274581898569295
8.312	0.0268558151730076
8.392	0.0262001764650677
8.472	0.0254926905425918
8.552	0.0247361503055572
8.632	0.0239351316328111
8.712	0.0230964897342574
8.792	0.0222299420823902
8.872	0.0213487205570573
8.952	0.0204702365048206
9.032	0.0196166582264823
9.112	0.0188152490283073
9.192	0.0180982403916232
9.272	0.017501911560089
9.352	0.0170644614132698
9.432	0.0168222002945413
9.512	0.0173487116727529
9.592	0.0179698561033774
9.672	0.0186923551990503
9.752	0.0195225868334319
9.832	0.0204664053386523
9.912	0.0215291190771723
9.992	0.0227156436502582
10.072	0.0240306725805794
10.152	0.0254788314385905
10.232	0.0270646986492693
10.312	0.0287925990381837
10.392	0.0306661503385612
10.472	0.0326876377567942
10.552	0.0348573956033533
10.632	0.0371733677349084
10.712	0.039630980802599
10.792	0.0422232564295655
10.872	0.0449411714424741
10.952	0.0477742392159826
11.032	0.0507110645208968
11.112	0.0537397039421421
11.192	0.0568478668263879
11.272	0.0600228759664105
11.352	0.0632514951049643
11.432	0.0665197899096484
11.512	0.0698131502236947
11.592	0.0731164705495075
11.672	0.0764145874564974
11.752	0.0796928639471162
11.832	0.0829377277087815
11.912	0.086137039201617
11.992	0.0892802910933597
12.072	0.0923585080089424
12.152	0.0953639537912068
12.232	0.0982897708832979
12.312	0.101129618957316
12.392	0.103877367998052
12.472	0.10652697322223
12.552	0.109072570208923
12.632	0.111508710344538
12.712	0.113830708641785
12.792	0.116035025418
12.872	0.118119545026161
12.952	0.120083680426546
13.032	0.121928280297539
13.112	0.123655333238389
13.192	0.125267600143957
13.272	0.126768320267843
13.352	0.128161023527696
13.432	0.129449465947914
13.512	0.130637716289698
13.592	0.131730261104281
13.672	0.132732049816354
13.752	0.133648454781564
13.832	0.134485170336234
13.912	0.135248043301431
13.992	0.13594289641776
14.072	0.136575395469777
14.152	0.137150964595662
14.232	0.137674745710342
14.312	0.138151594385477
14.392	0.138586084595886
14.472	0.138982499689178
14.552	0.139344804944926
14.632	0.139676615814665
14.712	0.139981168820782
14.792	0.140261305541685
14.872	0.140519478156989
14.952	0.140757792352929
15.032	0.140978068338541
15.112	0.14118191197133
15.192	0.141370794073396
15.272	0.141546116045106
15.352	0.141709248303073
15.432	0.141861552998876
15.512	0.142004394538276
15.592	0.142139118423188
15.672	0.142267011959689
15.752	0.142389276734434
15.832	0.142507001271156
15.912	0.142621131915007
15.992	0.142732468191866
16.072	0.142841678766786
16.152	0.142949311257439
16.232	0.143055806271718
16.312	0.143161516773603
16.392	0.143266709843942
16.472	0.143371565513576
16.552	0.143476189036505
16.632	0.143580627665074
16.712	0.143684883743958
16.792	0.143788943725326
16.872	0.143892805770633
16.952	0.143996483585056
17.032	0.144099992089764
17.112	0.1442033296604
17.192	0.144306451946363
17.272	0.144409249637761
17.352	0.144511546970648
17.432	0.144613125061028
17.512	0.144713748204254
17.592	0.144813192460902
17.672	0.144911268954388
17.752	0.1450078363697
17.832	0.145102792708371
17.912	0.145196060624244
17.992	0.14528757238952
18.072	0.145377250998195
18.152	0.145464994469535
18.232	0.145550672568447
18.312	0.145634124171579
18.392	0.145715143176972
18.472	0.145793448826794
18.552	0.145868641725997
18.632	0.145940152466324
18.712	0.146007190858313
18.792	0.146068720506378
18.872	0.14612346626302
18.952	0.146169950837816
19.032	0.146206572359574
19.112	0.146231727146755
19.192	0.146243939754754
19.272	0.146241990022304
19.352	0.146225028449976
19.432	0.146192654996071
19.512	0.146144939141891
19.592	0.146082392531412
19.672	0.146005907162476
19.752	0.14591666934723
19.832	0.145816064195628
19.912	0.145705589745035
19.992	0.14558677746902
20.072	0.14546111840184
20.152	0.145329984922796
20.232	0.145194566281702
20.312	0.145055818364312
20.392	0.144914454020295
20.472	0.144770976534005
20.552	0.144625748019394
20.632	0.144479056808109
20.712	0.144331182721203
20.792	0.144182428473982
20.872	0.144033111343674
20.952	0.143883525690967
21.032	0.143733906353759
21.112	0.143584390215096
21.192	0.143434997234749
21.272	0.143285634053086
21.352	0.143136117094059
21.432	0.142986197953746
21.512	0.142835599641899
21.592	0.142684043099621
21.672	0.142531269602955
21.752	0.142377056725422
21.832	0.142221229294705
21.912	0.142063662594978
21.992	0.141904284898942
22.072	0.14174307484484
22.152	0.141580058105887
22.232	0.141415301333041
22.312	0.141248899342031
22.392	0.141080956392329
22.472	0.140911573033122
22.552	0.140740828636467
22.632	0.140568765442481
22.712	0.140395383841792
22.792	0.140220651373625
22.872	0.140044516574676
22.952	0.139866939587705
23.032	0.139687923912447
23.112	0.139507543993318
23.192	0.139325975628367
23.272	0.139143517186881
23.352	0.138960575222541
23.432	0.138777619216057
23.512	0.13859511031535
23.592	0.138413434084782
23.672	0.138232851462021
23.752	0.138053481254587
23.832	0.137875309229116
23.912	0.137698244588705
23.992	0.137522177769711
24.072	0.137347005654306
24.152	0.137172650560956
24.232	0.136999072304775
24.312	0.136826238703748
24.392	0.136654086979092
24.472	0.136482511787676
24.552	0.136311355200291
24.632	0.136140403808781
24.712	0.13596942175775
24.792	0.135798191309618
24.872	0.135626541111492
24.952	0.135454384958052
25.032	0.135281756337577
25.112	0.135108808299833
25.192	0.134935808536852
25.272	0.134763149487867
25.352	0.134591363431014
25.432	0.134421147730905
25.512	0.13425340631386
25.592	0.134089268687262
25.672	0.133930065073741
25.752	0.1337772602825
25.832	0.133632356117573
25.912	0.133496787670197
25.992	0.133371843443797
26.072	0.133258618211471
26.152	0.13315800270027
26.232	0.13307069815221
26.312	0.132997220273523
26.392	0.132937877533209
26.472	0.132892762028064
26.552	0.132861751728456
26.632	0.132844535289792
26.712	0.132840680167988
26.792	0.132849735369632
26.872	0.132871314560248
26.952	0.132905165346415
27.032	0.13295120550822
27.112	0.133009500087496
27.192	0.133080227392043
27.272	0.1331636607257
27.352	0.133260134148827
27.432	0.133369994867166
27.512	0.133493528029362
27.592	0.133630844840468
27.672	0.133781750335515
27.752	0.133945652747684
27.832	0.134121508983412
27.912	0.134307833062735
27.992	0.13450280463087
28.072	0.134704422989785
28.152	0.134910635120036
28.232	0.13511942844309
28.312	0.135328885263675
28.392	0.135537187839532
28.472	0.135742609320118
28.552	0.135943528822395
28.632	0.136138476778456
28.712	0.136326215826443
28.792	0.136505836630135
28.872	0.136676819259151
28.952	0.136839047362741
29.032	0.136992790005138
29.112	0.137138645526761
29.192	0.137277446217126
29.272	0.137410164258995
29.352	0.137537828140353
29.432	0.137661465040651
29.512	0.137782080420607
29.592	0.137900657662726
29.672	0.138018158551063
29.752	0.138135524705945
29.832	0.138253664195076
29.912	0.138373410429381
29.992	0.138495469834311
30.072	0.138620382749764
30.152	0.13874849232559
30.232	0.138879950335763
30.312	0.13901475146497
30.392	0.139152772636521
30.472	0.139293811364155
30.552	0.139437633698094
30.632	0.13958400560989
30.712	0.139732708653469
30.792	0.139883537152059
30.872	0.140036289842669
30.952	0.140190750385614
31.032	0.14034666472628
31.112	0.140503708664824
31.192	0.140661454734641
31.272	0.140819352867879
31.352	0.140976731082105
31.432	0.14113281929815
31.512	0.14128679517637
31.592	0.141437844846791
31.672	0.141585229014822
31.752	0.141728341426756
31.832	0.141866736864472
31.912	0.142000130592464
31.992	0.142128376486767
32.072	0.142251421968581
32.152	0.142369246605654
32.232	0.142481815640281
32.312	0.142589050568517
32.392	0.142690821509063
32.472	0.14278695422729
32.552	0.142877250477
32.632	0.142961500353181
32.712	0.143039491005879
32.792	0.143111013718794
32.872	0.143175872602228
32.952	0.14323389367712
33.032	0.143284945427808
33.112	0.143328963769477
33.192	0.143365971228945
33.272	0.143396080726347
33.352	0.143419485007257
33.432	0.143436425680761
33.512	0.143447147289976
33.592	0.143451846840094
33.672	0.143450637355386
33.752	0.143443526782107
33.832	0.143430416278193
33.912	0.143411122141174
33.992	0.143385410695487
34.072	0.143353035752284
34.152	0.143313779995538
34.232	0.143267491690608
34.312	0.143214104065123
34.392	0.143153631826522
34.472	0.143086158460051
34.552	0.143011812801547
34.632	0.14293073355941
34.712	0.142843035330429
34.792	0.14274878662593
34.872	0.142647997011068
34.952	0.142540615775147
35.032	0.142426546020602
35.112	0.142305657608745
35.192	0.1421777967754
35.272	0.142042797017552
35.352	0.141900490860394
35.432	0.141750718069602
35.512	0.141593340031363
35.592	0.14142825884494
35.672	0.141255430259321
35.752	0.14107486107298
35.832	0.140886599821556
35.912	0.140690709011892
35.992	0.140487228061033
36.072	0.140276137744081
36.152	0.140057339118016
36.232	0.139830635188105
36.312	0.139595732367638
36.392	0.139352262928355
36.472	0.139099822323146
36.552	0.138838021529295
36.632	0.138566564014468
36.712	0.138285330299937
36.792	0.137994442087916
36.872	0.137694295303959
36.952	0.137385543695586
37.032	0.137069026996073
37.112	0.13674569707166
37.192	0.136416581353046
37.272	0.13608275085528
37.352	0.135745318379463
37.432	0.135405475451194
37.512	0.135064531706234
37.592	0.134723904323323
37.672	0.134385086971747
37.752	0.13404961912795
37.832	0.133719084894096
37.912	0.133395140563493
37.992	0.133079601993927
38.072	0.132774556164918
38.152	0.13248247196077
38.232	0.132206270698703
38.312	0.131949334405704
38.392	0.131715422837829
38.472	0.131508545671409
38.552	0.131332810589925
38.632	0.1311922753506
38.712	0.131090803015582
38.792	0.131031960149244
38.872	0.131018935339057
38.952	0.131054448313876
39.032	0.131140619850498
39.112	0.131278821249794
39.192	0.13146951094825
39.272	0.131712117316624
39.352	0.132004977084193
39.432	0.132345371284487
39.512	0.132729639409831
39.592	0.133153351244232
39.672	0.133611488647716
39.752	0.134098624480089
39.832	0.134609041754288
39.912	0.135136818633441
39.992	0.135675897985152
40.072	0.13622018742501
40.152	0.136763695454761
40.232	0.13730072537021
40.312	0.137826087572762
40.392	0.138335323522938
40.472	0.138824880136667
40.552	0.139292201323428
40.632	0.139735750562181
40.712	0.140154983016259
40.792	0.140550262566308
40.872	0.140922764815173
40.952	0.141274394312973
41.032	0.141607702539318
41.112	0.141925805636788
41.192	0.142232319875916
41.272	0.142531291925593
41.352	0.142827116952617
41.432	0.143124459165051
41.512	0.143428171865821
41.592	0.143743205041687
41.672	0.144074511399708
41.752	0.144426967772802
41.832	0.144805312015365
41.912	0.145214120345031
41.992	0.145657847750613
42.072	0.14614091422311
42.152	0.146667800948421
42.232	0.14724312754845
42.312	0.147871686904296
42.392	0.148558399511444
42.472	0.149308205024795
42.552	0.150125905140726
42.632	0.15101598716285
42.712	0.151982455600887
42.792	0.153028712025957
42.872	0.154157517082808
42.952	0.155371037819009
43.032	0.156670957778374
43.112	0.158058621888927
43.192	0.159535167873059
43.272	0.161101606222587
43.352	0.162758825341029
43.432	0.164507557862748
43.512	0.166348334654344
43.592	0.168281462656182
43.672	0.170307062973393
43.752	0.172425130125362
43.832	0.174635547920047
43.912	0.1769380712459
43.992	0.179332147019181
44.072	0.181816517871653
44.152	0.184388718911237
44.232	0.187044632798575
44.312	0.18977815268056
44.392	0.192581213449216
44.472	0.19544418204498
44.552	0.198356511637598
44.632	0.201307635138733
44.712	0.204287922515618
44.792	0.207289214518028
44.872	0.210304955463585
44.952	0.213329986288159
45.032	0.216359855579071
45.112	0.219389726519807
45.192	0.222413497702405
45.272	0.225423019911091
45.352	0.228407326641559
45.432	0.23135218975915
45.512	0.234239956835268
45.592	0.237049494120697
45.672	0.239756689926821
45.752	0.242335702013975
45.832	0.244760349606281
45.912	0.247005805243703
45.992	0.249050469573945
46.072	0.250877257547131
46.152	0.252473723637308
46.232	0.253831391549397
46.312	0.254944366735913
46.392	0.255807630424101
46.472	0.25641586405311
46.552	0.256763418222022
46.632	0.25684500961836
46.712	0.256656963964474
46.792	0.25619841664286
