46.872	0.281855735931742
46.952	0.2796895317652
47.032	0.277485706078267
47.112	0.275256492995084
47.192	0.273016010475601
47.272	0.270779409710428
47.352	0.268562494811079
47.432	0.26638176494356
47.512	0.26425480406175
47.592	0.262201165409522
47.672	0.26024340207988
47.752	0.258407728315262
47.832	0.256724500581015
47.912	0.25522835934413
47.992	0.253957675206664
48.072	0.252953664112113
48.152	0.252259182284831
48.232	0.251916844105097
48.312	0.251966554506168
48.392	0.252442759657868
48.472	0.253371271313597
48.552	0.254766171728704
48.632	0.25662802857056
48.712	0.258943796256915
48.792	0.261688251487328
48.872	0.264826570128037
48.952	0.268317536431994
49.032	0.272116581032776
49.112	0.276178124249725
49.192	0.280456982170847
49.272	0.284908924739113
49.352	0.289490870353859
49.432	0.294160928419899
49.512	0.298878356350144
49.592	0.303603620675915
49.672	0.308298611672001
49.752	0.312926907522808
49.832	0.317453952484868
49.912	0.321847323765326
49.992	0.326076942552902
50.072	0.330115018671506
50.152	0.333936005489306
50.232	0.337516669219269
50.312	0.340836230242132
50.392	0.343876885223892
50.472	0.346624721224146
50.552	0.349070756575259
50.632	0.351211995072219
50.712	0.353052259274648
50.792	0.354602469886515
50.872	0.355880384377599
50.952	0.356909869815638
51.032	0.357719754890979
51.112	0.358342434147119
51.192	0.358812430955652
51.272	0.359165023351864
51.352	0.359435029571898
51.432	0.359655818749673
51.512	0.359858524677804
51.592	0.360071399892433
51.672	0.360319271376568
51.752	0.360623095622771
51.832	0.360999647389747
51.912	0.361461393127058
51.992	0.362016565776287
52.072	0.362669395410705
52.152	0.363420418856379
52.232	0.364266840743369
52.312	0.36520292791289
52.392	0.36622045275891
52.472	0.367309210118549
52.552	0.368457617023125
52.632	0.369653310781871
52.712	0.370883653218755
52.792	0.372136054684518
52.872	0.373398124093967
52.952	0.374657720700782
53.032	0.375902983500794
53.112	0.377122329625593
53.192	0.378304439162605
53.272	0.379438187485732
53.352	0.380512478556795
53.432	0.381515953028668
53.512	0.382436628480775
53.592	0.383261553931845
53.672	0.383976559927362
53.752	0.384566159606777
53.832	0.385013600942159
53.912	0.38530106478521
53.992	0.38541001361574
54.072	0.385321706454818
54.152	0.385017950350004
54.232	0.384482152703242
54.312	0.383700608579204
54.392	0.38266388063181
54.472	0.381368082165466
54.552	0.3798158608368
54.632	0.378016977231539
54.712	0.375988537473006
54.792	0.373754930567486
54.872	0.371347637412839
54.952	0.368805040315294
55.032	0.366172078814827
55.112	0.363499503513424
55.192	0.360842667198597
55.272	0.35825970220327
55.352	0.355809046602246
55.432	0.3535466230108
55.512	0.351523081591779
55.592	0.349781364278044
55.672	0.348354921945486
55.752	0.347266732572336
55.832	0.346528916680484
55.912	0.346143098035157
55.992	0.346101450154777
56.072	0.34638821614277
56.152	0.346981587028552
56.232	0.347856093481653
56.312	0.348984883931109
56.392	0.35034149752056
56.472	0.351900805143543
56.552	0.353639078469371
56.632	0.355533371667718
56.712	0.357560654417114
56.792	0.359696901517339
56.872	0.36191647045581
56.952	0.364191804593531
57.032	0.366493490953474
57.112	0.368790506020616
57.192	0.371050626913586
57.272	0.373240987405836
57.352	0.375328992803873
57.432	0.377283406777281
57.512	0.37907531768775
57.592	0.380678977517221
57.672	0.382072440877721
57.752	0.383237852014702
57.832	0.384161515938388
57.912	0.384833958649608
57.992	0.38524996123607
58.072	0.385408607582633
58.152	0.385313371469294
58.232	0.38497215575245
58.312	0.384397253632699
58.392	0.383605205507195
58.472	0.382616510660966
58.552	0.381455198112519
58.632	0.380148249914839
58.712	0.378724817244859
58.792	0.377215355526516
58.872	0.375650747899556
58.952	0.374061414254413
59.032	0.37247647369901
59.112	0.370923049431724
59.192	0.369425674451406
59.272	0.368005826764659
59.352	0.366681640535546
59.432	0.36546773838819
59.512	0.364375088258441
59.592	0.363410842421501
59.672	0.362578088413613
59.752	0.361875523609626
59.832	0.361297160076276
59.912	0.360832149244573
59.992	0.360464768925397
60.072	0.360174601312622
60.152	0.359936905478946
60.232	0.359723154369078
60.312	0.359501730992235
60.392	0.359238780526596
60.472	0.358899203891099
60.552	0.358447773163618
60.632	0.357850354194909
60.712	0.357075233383796
60.792	0.35609452497107
60.872	0.354885569148621
60.952	0.353432148904915
61.032	0.351725332033141
61.112	0.349763764491456
61.192	0.347553349265866
61.272	0.345106452402035
61.352	0.342440900841268
61.432	0.339578927717241
61.512	0.336546180795324
61.592	0.333370919112724
61.672	0.330083250796235
61.752	0.326714358334186
61.832	0.323295871206994
61.912	0.319859439818458
61.992	0.316436489622276
62.072	0.313058141372551
62.152	0.30975494617752
62.232	0.306556223810333
62.312	0.303489060951108
62.392	0.30057725659168
62.472	0.297840501932626
62.552	0.295293975322068
62.632	0.292948526457224
62.712	0.290811350981187
62.792	0.288886544946138
62.872	0.287175332768868
62.952	0.285676307736196
63.032	0.284385743824771
63.112	0.283297935438952
63.192	0.28240587401757
63.272	0.281702330989503
63.352	0.281180711741911
63.432	0.280835293044959
63.512	0.280661151865218
63.592	0.280653542699213
63.672	0.280807015471567
63.752	0.281115046827438
63.832	0.281570139075313
63.912	0.282163925890302
63.992	0.282887665787769
64.072	0.283733012324376
64.152	0.284692339612604
64.232	0.285758267854419
64.312	0.286923238775955
64.392	0.288178879291593
64.472	0.28951510813323
64.552	0.290919598209769
64.632	0.292378156334564
64.712	0.293875521659913
64.792	0.295396514750166
64.872	0.29692727147841
64.952	0.298455941601844
65.032	0.299972596144755
65.112	0.301468637449773
65.192	0.302936216331148
65.272	0.30436765700307
65.352	0.3057552120286
65.432	0.307091347360085
65.512	0.308369333815392
65.592	0.309583562441333
65.672	0.310729559182448
65.752	0.311803789688213
65.832	0.312803382219329
65.912	0.313725751812228
65.992	0.314568601439362
66.072	0.315330311216997
66.152	0.31601052199818
66.232	0.316610579892142
66.312	0.317133837112635
66.392	0.317585387610336
66.472	0.317971331141791
66.552	0.318297854197965
66.632	0.318570527537588
66.712	0.318793886702736
66.792	0.318971547922104
66.872	0.319106956925737
66.952	0.319204514928572
67.032	0.319270547002418
67.112	0.319313782879192
67.192	0.319345162323373
67.272	0.31937695251014
67.352	0.319421423073493
67.432	0.319489589466514
67.512	0.319590422765771
67.592	0.319730599364277
67.672	0.319914715426933
67.752	0.320145798004489
67.832	0.320425762975049
67.912	0.320755511147638
67.992	0.321134784884919
68.072	0.321561945204223
68.152	0.322033822157948
68.232	0.322545808902589
68.312	0.323092224430241
68.392	0.323666792022379
68.472	0.324263065315847
68.552	0.324874683146902
68.632	0.325495501914759
68.712	0.326119784864034
68.792	0.326742484648832
68.872	0.327359734280037
68.952	0.327969533903399
69.032	0.328572319180523
69.112	0.329171168161622
69.192	0.329771628550191
69.272	0.33038112472974
69.352	0.331007949234902
69.432	0.331660157636691
69.512	0.332344676694277
69.592	0.333066697805464
69.672	0.33382943813973
69.752	0.334634311721231
69.832	0.335481346250901
69.912	0.336369656112595
69.992	0.337297934987703
70.072	0.338264789438938
70.152	0.339268821584767
70.232	0.340308515100389
70.312	0.341381943584395
70.392	0.342486362436205
70.472	0.34361778602198
70.552	0.344770599193055
70.632	0.345937339702289
70.712	0.347108701465743
70.792	0.348273774532629
70.872	0.349420509655658
70.952	0.350536450931997
71.032	0.351609474588997
71.112	0.352628467203942
71.192	0.353583928501905
71.272	0.354468412382687
71.352	0.355276688258357
71.432	0.356005752218437
71.512	0.356654730534785
71.592	0.357224701592543
71.672	0.357718524191625
71.752	0.358140701119112
71.832	0.358497202965566
71.912	0.358795260672252
71.992	0.359043128536598
72.072	0.359249787811962
72.152	0.359424619152662
72.232	0.359577094551071
72.312	0.359716505260451
72.392	0.359851738461714
72.472	0.359991122806434
72.552	0.360142341623998
72.632	0.36031240890253
72.712	0.360507705387647
72.792	0.360734061585674
72.872	0.360996847394802
72.952	0.361301042857406
73.032	0.361651283897402
73.112	0.362051873711891
73.192	0.362506759142263
73.272	0.363019512997028
73.352	0.363593313786907
73.432	0.364230913476661
73.512	0.364934588856897
73.592	0.365706050603023
73.672	0.366546254670368
73.752	0.367455136749015
73.832	0.368431289628745
73.912	0.369471600248801
73.992	0.370570891903355
74.072	0.371721643240392
74.152	0.372913843708659
74.232	0.374135030840364
74.312	0.375370531718147
74.392	0.376603888137481
74.472	0.377817385945548
74.552	0.378992691362157
74.632	0.380111525358473
74.712	0.381156337432969
74.792	0.382110938152266
74.872	0.38296109048639
74.952	0.38369499195511
75.032	0.384303617808257
75.112	0.384780912579402
75.192	0.3851238637547
75.272	0.385332490415124
75.352	0.385409764750932
75.432	0.385361480877975
75.512	0.385196071373514
75.592	0.384924364500478
75.672	0.384559273096613
75.752	0.384115412306585
75.832	0.383608657254229
75.912	0.383055695528867
75.992	0.382473611430498
76.072	0.381879584107594
76.152	0.381290781415203
76.232	0.380724361371279
76.312	0.380197480830759
76.392	0.379727244365824
76.472	0.379330434419046
76.552	0.379022943134089
76.632	0.378819023940252
76.712	0.378730374387999
76.792	0.378765078270874
76.872	0.37892667973216
76.952	0.379213518846484
77.032	0.379618308765487
77.112	0.380128097657973
77.192	0.380724597226674
77.272	0.381384773244065
77.352	0.382081653844409
77.432	0.382785360793207
77.512	0.383464168983949
77.592	0.384085680914552
77.672	0.384618253868041
77.752	0.385032555544115
77.832	0.385303078424215
77.912	0.385409462347582
77.992	0.385337376044447
78.072	0.38507881468496
78.152	0.384631881699136
78.232	0.384000231241373
78.312	0.38319241070559
78.392	0.382221279999214
78.472	0.381103540487686
78.552	0.379859343671853
78.632	0.378511876293999
78.712	0.377086744401652
78.792	0.375611087866503
78.872	0.374112524624763
78.952	0.372618025356189
79.032	0.371152854826107
79.112	0.369739709708767
79.192	0.368398124707539
79.272	0.367144136661921
79.352	0.365990145404396
79.432	0.36494488381237
79.512	0.364013429500858
79.592	0.36319726334915
79.672	0.362494400971002
79.752	0.361899616251151
79.832	0.361404799615059
79.912	0.36099945518032
79.992	0.360671301263949
80.072	0.360406947056674
80.152	0.360192597055004
80.232	0.360014729978786
80.312	0.359860728464184
80.392	0.359719438750801
80.472	0.359581627182763
80.552	0.359440302217365
80.632	0.359290887766122
80.712	0.359131241901252
80.792	0.358961521001959
80.872	0.358783911371631
80.952	0.358602258341136
81.032	0.358421609137224
81.112	0.358247700322465
81.192	0.358086452825603
81.272	0.35794350022644
81.352	0.357823764818534
81.432	0.357731113330658
81.512	0.357668117330888
81.592	0.357635900793923
81.672	0.357634106567104
81.752	0.357661012972187
81.832	0.35771377420707
81.912	0.357788751862074
81.992	0.357881914740858
82.072	0.357989202117608
82.152	0.358106777524256
82.232	0.358231188870889
82.312	0.358359438021637
82.392	0.358488969976918
82.472	0.358617639354009
82.552	0.358743685342517
82.632	0.358865714730484
82.712	0.358982704461653
82.792	0.359094016456368
82.872	0.359199405171523
82.952	0.359299010404413
83.032	0.359393343807199
83.112	0.359483256651458
83.192	0.359569907228945
83.272	0.359654739881364
83.352	0.359739484649538
83.432	0.359826167049562
83.512	0.359917125083314
83.592	0.360015017984836
83.672	0.360122821538027
83.752	0.360243799919601
83.832	0.36038145244612
83.912	0.360539428532149
83.992	0.36072142343761
84.072	0.360931058151493
84.152	0.361171756716942
84.232	0.361446622678443
84.312	0.361758327047085
84.392	0.36210899205463
84.472	0.362500074337561
84.552	0.362932255501676
84.632	0.363405356629357
84.712	0.363918294059943
84.792	0.364469108055857
84.872	0.365055080990089
84.952	0.36567292560477
85.032	0.366319015909824
85.112	0.366989628912791
85.192	0.36768116325635
85.272	0.368390270634848
85.352	0.369113911256875
85.432	0.369849347427191
85.512	0.370594108118723
85.592	0.371345930664631
85.672	0.372102762770112
85.752	0.372862804707495
85.832	0.37362455039289
85.912	0.374386786634489
85.992	0.375148579859854
86.072	0.375909184389286
86.152	0.376667879204263
86.232	0.377423787368855
86.312	0.378175704344187
86.392	0.37892187716335
86.472	0.379659775380617
86.552	0.380385894052154
86.632	0.381095554839987
86.712	0.381782738378945
86.792	0.382440039551113
86.872	0.383058765127146
86.952	0.383629114732742
87.032	0.38414044535017
87.112	0.384581538955274
87.192	0.38494080626748
87.272	0.385206415499908
87.352	0.385366407908634
87.432	0.385408888467566
87.512	0.385322410800029
87.592	0.385096592970342
87.672	0.384722889257375
87.752	0.384195365778453
87.832	0.383511305551849
87.912	0.382671530798063
87.992	0.38168039127396
88.072	0.380545576271345
88.152	0.379277894058816
88.232	0.377891058909483
88.312	0.376401492682419
88.392	0.374828161730932
88.472	0.373192267156412
88.552	0.371516722007584
88.632	0.369825573214996
88.712	0.368143314851352
88.792	0.366494079601637
88.872	0.364900878621768
88.952	0.363384788006044
89.032	0.361964122406619
89.112	0.360653990838784
89.192	0.359466370312759
89.272	0.358410665684289
89.352	0.357494893630303
89.432	0.356727239765689
89.512	0.356117255583797
89.592	0.355676272095991
89.672	0.355416788889272
89.752	0.355350924753623
89.832	0.355488276749895
89.912	0.355833793933755
89.992	0.356386181557411
90.072	0.357137458248928
90.152	0.358073726110263
90.232	0.359176719454638
90.312	0.360425612278561
90.392	0.361798700997099
90.472	0.363274453865927
90.552	0.364831934216738
90.632	0.366450743436246
90.712	0.368110704155526
90.792	0.369791552482013
90.872	0.371472806330132
90.952	0.37313374413435
91.032	0.374753627355005
91.112	0.376312109416915
91.192	0.377789720182648
91.272	0.379168432728932
91.352	0.380432285334621
91.432	0.381567873369079
91.512	0.382564664733366
91.592	0.38341513401798
91.672	0.3841147104377
91.752	0.384661612848788
91.832	0.385056671470068
91.912	0.385303111028236
91.992	0.385406268427516
92.072	0.385373250783516
92.152	0.385212524699966
92.232	0.384933513717272
92.312	0.384546297341387
92.392	0.384061437178673
92.472	0.383489913112328
92.552	0.382843104863525
92.632	0.382132742407578
92.712	0.381370769402849
92.792	0.380569114869161
92.872	0.379739433534098
92.952	0.378892846829388
93.032	0.378039729547766
93.112	0.377189566385653
93.192	0.376350829741625
93.272	0.375530854244118
93.352	0.374735735241131
93.432	0.373970250254899
93.512	0.373237787854407
93.592	0.37254035773509
93.672	0.371878689400603
