140.632	0.747812254967585
140.712	0.747534969219487
140.792	0.747263562892044
140.872	0.746999662674455
140.952	0.746744521131575
141.032	0.746499273595873
141.112	0.746265320281509
141.192	0.746044737870989
141.272	0.745840616260125
141.352	0.745657246475389
141.432	0.745500124821831
141.512	0.745375774973354
141.592	0.745291443637313
141.672	0.745254753462518
141.752	0.745273366881747
141.832	0.745354692247247
141.912	0.745505633179164
141.992	0.745732363618799
142.072	0.74604010777648
142.152	0.746432910377791
142.232	0.746913414182927
142.312	0.747482655308431
142.392	0.748139911301791
142.472	0.748882612814668
142.552	0.749706310692318
142.632	0.750604688427188
142.712	0.751569649437272
142.792	0.752591450574812
142.872	0.753658902027894
142.952	0.754759637813379
143.032	0.755880413603677
143.112	0.757007369112046
143.192	0.758126254533977
143.272	0.759222623312723
143.352	0.760281964630678
143.432	0.761289901315024
143.512	0.762232413183938
143.592	0.763096132918747
143.672	0.763868703966409
143.752	0.764539130595494
143.832	0.765098007307927
143.912	0.765537744710684
143.992	0.765852777024634
144.072	0.7660397923147
144.152	0.766098100976706
144.232	0.766030103737933
144.312	0.765841582616758
144.392	0.765541740343963
144.472	0.765142888052821
144.552	0.76465971038283
144.632	0.764108199876944
144.712	0.763504546391175
144.792	0.762864078111988
144.872	0.762200486330187
144.952	0.761525486888274
145.032	0.76084894712028
145.112	0.760179276797828
145.192	0.759523951922517
145.272	0.75888996223091
145.352	0.758284050511918
145.432	0.757712672315051
145.512	0.757181771038915
145.592	0.756696483728092
145.672	0.756260926538118
145.752	0.755878130807901
145.832	0.755550134579494
145.912	0.755278200470457
145.992	0.755063064885064
146.072	0.754905141496636
146.152	0.754804660174159
146.232	0.754761778721672
146.312	0.754776735110966
146.392	0.754850103823799
146.472	0.7549830845428
146.552	0.755177823613167
146.632	0.75543770220446
146.712	0.755767488948834
146.792	0.756173208391886
146.872	0.756661780868342
146.952	0.757240534463108
147.032	0.75791667169284
147.112	0.758696791314094
147.192	0.75958652775455
147.272	0.760590308374731
147.352	0.761711207584653
147.432	0.762950789338731
147.512	0.764308887585628
147.592	0.765783461129729
147.672	0.767370589530287
147.752	0.769064673153537
147.832	0.770858850373656
147.912	0.772745558803194
147.992	0.774717006619028
148.072	0.776765527302075
148.152	0.778883655552988
148.232	0.781063862888232
148.312	0.783298147133394
148.392	0.785577647646676
148.472	0.787892208926337
148.552	0.790230014406916
148.632	0.792577465434476
148.712	0.794919153388435
148.792	0.79723779692813
148.872	0.799514339728489
148.952	0.801728140172429
149.032	0.803857172938649
149.112	0.805878284809523
149.192	0.80776786739284
149.272	0.809502770838776
149.352	0.811061305175144
149.432	0.81242435490168
149.512	0.813576388816273
149.592	0.814505852920036
149.672	0.815204945245398
149.752	0.815668834619089
149.832	0.81589444257952
149.912	0.815879210503056
149.992	0.815620455417104
150.072	0.815115156383968
150.152	0.814360159655507
150.232	0.813352888976794
150.312	0.812092337024239
150.392	0.810579822690897
150.472	0.808819738113868
150.552	0.806820261409598
150.632	0.804593737334244
150.712	0.80215669680797
150.792	0.799529644900872
150.872	0.796736567035225
150.952	0.793804188690501
151.032	0.790761152936398
151.112	0.787637107690102
151.192	0.784461723029608
151.272	0.781263794340532
151.352	0.778070536011683
151.432	0.774907134010789
151.512	0.771796746532971
151.592	0.768760924224352
151.672	0.765820325620268
151.752	0.762995481239443
151.832	0.760307398888301
151.912	0.757777742510314
151.992	0.755428578790259
152.072	0.753281683997386
152.152	0.75135761428453
152.232	0.74967481833005
152.312	0.748248931622243
152.392	0.74709223959951
152.472	0.746213379835638
152.552	0.745617285191202
152.632	0.745305302987163
152.712	0.745275501495826
152.792	0.74552315742892
152.872	0.746041310695773
152.952	0.746821276881747
153.032	0.747853003116177
153.112	0.749125191893427
153.192	0.750625249898576
153.272	0.752339187033499
153.352	0.754251525244626
153.432	0.756345328010354
153.512	0.758602355882829
153.592	0.761003258534629
153.672	0.763527736984031
153.752	0.766154741691253
153.832	0.768862670716715
153.912	0.771629646290762
153.992	0.774433997792698
154.072	0.777254908102918
154.152	0.780073058846483
154.232	0.782871222309268
154.312	0.785634655636045
154.392	0.788351137848053
154.472	0.791010603632571
154.552	0.793604558203242
154.632	0.796125346418876
154.712	0.798565428210281
154.792	0.80091685574439
154.872	0.803170999245367
154.952	0.805318476525031
155.032	0.807349351160838
155.112	0.809253437441953
155.192	0.811020481729088
155.272	0.812640258042052
155.352	0.814102699434443
155.432	0.815398003239579
155.512	0.816516763399136
155.592	0.817450185861503
155.672	0.818190331058986
155.752	0.818730287813764
155.832	0.819064351415705
155.912	0.819188243631288
155.992	0.819099401629273
156.072	0.818797357244875
156.152	0.818284116457903
156.232	0.817564409815873
156.312	0.816645734440613
156.392	0.81553812365587
156.472	0.814253666717491
156.552	0.812805939372197
156.632	0.811209357197754
156.712	0.809478454989289
156.792	0.807627278719337
156.872	0.805668999725526
156.952	0.803615788534444
157.032	0.801479182496792
157.112	0.799270914096269
157.192	0.797003833018834
157.272	0.794692785302914
157.352	0.792355093728133
157.432	0.790010345502537
157.512	0.787679656373825
157.592	0.785384909617392
157.672	0.783147928338622
157.752	0.78098996076244
157.832	0.778931583308804
157.912	0.776992841114293
157.992	0.77519324168054
158.072	0.77355177642653
158.152	0.772086632729156
158.232	0.770814920569478
158.312	0.769752483033812
158.392	0.768913836904858
158.472	0.76831190406574
158.552	0.767958047034881
158.632	0.767861967295971
158.712	0.768031442728557
158.792	0.768472124489449
158.872	0.769187431609339
158.952	0.770177985391683
159.032	0.7714408469094
159.112	0.772968645212018
159.192	0.774748479886739
159.272	0.776761183081931
159.352	0.778981415013163
159.432	0.781378326813979
159.512	0.783916976604019
159.592	0.786560320403396
159.672	0.789271054810342
159.752	0.79201297724444
159.832	0.794751982235539
159.912	0.797456484483746
159.992	0.800097302536528
160.072	0.80264744835938
160.152	0.805081867973513
160.232	0.80737728525537
160.312	0.809512234207659
160.392	0.811467239388094
160.472	0.813225112841337
160.552	0.814771352755542
160.632	0.816094497176891
160.712	0.817186317997425
160.792	0.818041845738435
160.872	0.81865923384737
160.952	0.819039563681713
161.032	0.819186667192412
161.112	0.819106980088236
161.192	0.818809392889648
161.272	0.818305011590837
161.352	0.817606818691047
161.432	0.816729306609886
161.512	0.81568809880298
161.592	0.814499598420639
161.672	0.813180655260453
161.752	0.811748169415978
161.832	0.810218606333933
161.912	0.808607512330809
161.992	0.806929049284804
162.072	0.805195697720819
162.152	0.803418229186832
162.232	0.801605949761324
162.312	0.799767071148608
162.392	0.797909186674133
162.472	0.79603972879363
162.552	0.79416627649664
162.632	0.792296673327769
162.712	0.790439031314577
162.792	0.788601593190151
162.872	0.786792419649828
162.952	0.785018971828549
163.032	0.783287715531173
163.112	0.781603790021904
163.192	0.779970820814015
163.272	0.778390901109901
163.352	0.776864628323722
163.432	0.77539114350418
163.512	0.773968208428016
163.592	0.772592303522515
163.672	0.771258710498842
163.752	0.769961657617785
163.832	0.768694562812811
163.912	0.767450345445468
163.992	0.766221773389816
164.072	0.765001910434535
164.152	0.763784632534112
164.232	0.762565144685993
164.312	0.76134038628021
164.392	0.760109286471902
164.472	0.75887284966575
164.552	0.757634109057108
164.632	0.756397960473123
164.712	0.75517102852848
164.792	0.753961586996809
164.872	0.752779519510909
164.952	0.751636240125151
165.032	0.75054451860467
165.112	0.749518089719459
165.192	0.748571145907647
165.272	0.747717807873244
165.352	0.746971644119071
165.432	0.746345332608371
165.512	0.745850580210799
165.592	0.745498192289233
165.672	0.745298182665465
165.752	0.745259926931453
165.832	0.74539233001849
165.912	0.745703999205546
165.992	0.746203455065483
166.072	0.746899318804822
166.152	0.747800390948669
166.232	0.748915559103693
166.312	0.750253440086453
166.392	0.751821793155557
166.472	0.753626882489925
166.552	0.755672817880281
166.632	0.757961013957583
166.712	0.760489946657913
166.792	0.763255201498339
166.872	0.766249633544192
166.952	0.769463651392698
167.032	0.772885628105541
167.112	0.776502353412752
167.192	0.780299459561775
167.272	0.784261712331556
167.352	0.788373189642527
167.432	0.792617292304726
167.512	0.796976493455077
167.592	0.801431928815305
167.672	0.805963031052841
167.752	0.810547269284086
167.832	0.815160074176276
167.912	0.819775236816213
167.992	0.824365713143777
168.072	0.828904678198398
168.152	0.833366905036598
168.232	0.837730061790978
168.312	0.841975525430144
168.392	0.846088779705667
168.472	0.850059480814025
168.552	0.853881033615323
168.632	0.857549923305328
168.712	0.86106528549368
168.792	0.864428521469847
168.872	0.867642786045451
168.952	0.870712361014739
169.032	0.873641825850143
169.112	0.876434922268061
169.192	0.879093665977166
169.272	0.881617943170681
169.352	0.88400548869339
169.432	0.886252516726529
169.512	0.888354923680026
169.592	0.8903095597571
169.672	0.892115422260531
169.752	0.89377462219818
169.832	0.895292712738808
169.912	0.896678381525192
169.992	0.897942819877301
170.072	0.89909871661871
170.152	0.900159024935476
170.232	0.901135911658002
170.312	0.902039886965099
170.392	0.902879076843988
170.472	0.903658910061608
170.552	0.904382405372587
170.632	0.905050710471471
170.712	0.90566379001848
170.792	0.906221048546797
170.872	0.90672175668243
170.952	0.907165302871647
171.032	0.907551358732917
171.112	0.907879842740215
171.192	0.908150705321816
171.272	0.908363735403782
171.352	0.90851842549921
171.432	0.908613705832408
171.512	0.908647816749976
171.592	0.908618429735952
171.672	0.908523016243294
171.752	0.908359456898836
171.832	0.908126823343366
171.912	0.907825982270481
171.992	0.907459810339617
172.072	0.907032991109531
172.152	0.906551358386025
172.232	0.906021056940858
172.312	0.905447888788274
172.392	0.904836993941103
172.472	0.90419279091418
172.552	0.903519131448832
172.632	0.902819556971906
172.712	0.902097435511564
172.792	0.90135599607072
172.872	0.900598402830553
172.952	0.899827960987125
173.032	0.899048326794286
173.112	0.898263626313735
173.192	0.897478700136901
173.272	0.896699251297491
173.352	0.895931798290974
173.432	0.895183679639899
173.512	0.894463063704904
173.592	0.893778638496542
173.672	0.893139003605881
173.752	0.892551848836661
173.832	0.892022897499317
173.912	0.891555009073329
173.992	0.891147889972899
174.072	0.890798355889331
174.152	0.890501031484689
174.232	0.890249482657566
174.312	0.890037363140493
174.392	0.889858983917975
174.472	0.889709495721831
174.552	0.889584735823576
174.632	0.889480631640424
174.712	0.889392608569381
174.792	0.88931540558093
174.872	0.889243155398276
174.952	0.889169638446162
175.032	0.889088926079182
175.112	0.888996035001981
175.192	0.888887344012176
175.272	0.888760801056378
175.352	0.888615712398462
175.432	0.888451853978211
175.512	0.888268506306758
175.592	0.888063706011565
175.672	0.887833688604474
175.752	0.887572886015391
175.832	0.887274637444762
175.912	0.886931978512507
175.992	0.886538427243693
176.072	0.88608866218425
176.152	0.8855787930529
176.232	0.8850063281036
176.312	0.884370201440504
176.392	0.883670729626431
176.472	0.88290962372605
176.552	0.882090128270363
176.632	0.881216999951846
176.712	0.880296205324953
176.792	0.879334507513192
176.872	0.87833886814542
176.952	0.877315910426034
177.032	0.876271694760135
177.112	0.875211703072694
177.192	0.874140829373061
177.272	0.873063636495431
177.352	0.871984492765876
177.432	0.870907442753492
177.512	0.869836194862671
177.592	0.868774268872528
177.672	0.867725166246373
177.752	0.866692943238547
177.832	0.865683074778758
177.912	0.864703107090861
177.992	0.863762935050204
178.072	0.862874676559329
178.152	0.861352104732021
178.232	0.860039653102774
178.312	0.858970263956394
178.392	0.858152579614341
178.472	0.857579001967622
178.552	0.857232112448798
178.632	0.857089389260807
178.712	0.857126422303054
178.792	0.857318962704255
178.872	0.857644131081145
178.952	0.858081033713916
179.032	0.858611003413273
179.112	0.859217609522489
179.192	0.859886520053067
179.272	0.86060528603565
179.352	0.861363114207165
179.432	0.86215064942013
179.512	0.862959779386244
179.592	0.863783473772969
179.672	0.864615650401959
179.752	0.865451051488606
179.832	0.866285133127178
179.912	0.867113972952154
179.992	0.867934191530821
180.072	0.86874288361156
180.152	0.869537558800914
180.232	0.870316089234848
180.312	0.871076660031235
180.392	0.871817721724824
180.472	0.872537944844623
180.552	0.873236175228499
180.632	0.873911395400228
180.712	0.874562700066633
180.792	0.875189279416134
180.872	0.875790408445255
180.952	0.876365443966449
181.032	0.87691382786619
181.112	0.87743509326765
181.192	0.877928873136341
181.272	0.878394905744244
181.352	0.87883303539644
181.432	0.879243207535524
181.512	0.879625454422012
181.592	0.879979872845809
181.672	0.880306602451981
181.752	0.880605808401185
181.832	0.880877666806839
181.912	0.881122352374348
181.992	0.881340030848889
182.072	0.881530855423762
182.152	0.881694967163583
182.232	0.881832500138614
182.312	0.881943592079324
182.392	0.882028397526028
182.472	0.88208709805366
182.552	0.882119911804466
182.632	0.882127099899719
182.712	0.882108969498347
182.792	0.882065876365232
182.872	0.881998227556721
182.952	0.88190647840355
183.032	0.881791124255642
183.112	0.881652690925591
183.192	0.88149172385539
183.272	0.881308775009188
183.352	0.881104394054319
183.432	0.880879124884927
183.512	0.880633504913533
183.592	0.880368065887694
183.672	0.880083335860547
183.752	0.879779836877049
183.832	0.879458080208508
183.912	0.879118560135964
183.992	0.878761746436396
184.072	0.878388079287276
184.152	0.877997969602291
184.232	0.877591802078939
184.312	0.877169939266707
184.392	0.876732728549939
184.472	0.876280509786795
184.552	0.875813621834482
184.632	0.875332408016732
184.712	0.874837217852757
184.792	0.874328404200867
184.872	0.873806318010281
184.952	0.87327129886495
185.032	0.872723662316389
185.112	0.872163688107378
185.192	0.871591609708048
185.272	0.871007604977365
185.352	0.870411790036201
185.432	0.869804215628619
185.512	0.869184864236104
185.592	0.868553650525484
185.672	0.867910423471585
185.752	0.867254971365981
185.832	0.866587032931477
185.912	0.865906312663753
185.992	0.865212493729928
186.072	0.864505249225886
186.152	0.863784248772276
186.232	0.863049156843829
186.312	0.862299626104289
186.392	0.861535291560472
186.472	0.860755763393286
186.552	0.859960621328639
186.632	0.859149414112949
186.712	0.858321661498962
186.792	0.857476853147944
186.872	0.856614448943162
186.952	0.855733881723609
187.032	0.85483456597899
187.112	0.853915919324265
187.192	0.852977395442224
187.272	0.852018520169906
187.352	0.851038922507257
187.432	0.850038349958709
