46.872	0.280639845561102
46.952	0.280622631293547
47.032	0.280610606567255
47.112	0.280603514099931
47.192	0.280601111704681
47.272	0.280603180811164
47.352	0.280609532382706
47.432	0.280620008604051
47.512	0.280634475832803
47.592	0.280652809166074
47.672	0.280674878875122
47.752	0.280700541531432
47.832	0.280729638449338
47.912	0.280762008742065
47.992	0.280797514868339
48.072	0.280836063792749
48.152	0.280877618112378
48.232	0.280922195729937
48.312	0.280969857404149
48.392	0.28102068725705
48.472	0.281074781038414
48.552	0.281132248748976
48.632	0.281193223960869
48.712	0.281257883501371
48.792	0.281326467529287
48.872	0.281399287884573
48.952	0.281476726431594
49.032	0.28155923241911
49.112	0.281647301440061
49.192	0.281741431633253
49.272	0.281842067492032
49.352	0.281949539731319
49.432	0.282063997094263
49.512	0.282185357858936
49.592	0.282313290834559
49.672	0.282447242904827
49.752	0.28258648797278
49.832	0.282730187290203
49.912	0.282877438343415
49.992	0.283027313316155
50.072	0.283178869810791
50.152	0.283331156387745
50.232	0.283483225847365
50.312	0.283634144184252
50.392	0.283782993559961
50.472	0.283928872872989
50.552	0.284070875351907
50.632	0.284208049318059
50.712	0.284339361879876
50.792	0.284463677608588
50.872	0.284579740064214
50.952	0.284686180134998
51.032	0.284781541273262
51.112	0.284864300440769
51.192	0.284932890815347
51.272	0.284985726253518
51.352	0.28502123321583
51.432	0.285037896294539
51.512	0.28503433006042
51.592	0.285009357897589
51.672	0.284962093726585
51.752	0.28489201165208
51.832	0.284798993304915
51.912	0.284683353748265
51.992	0.284545850750013
52.072	0.2843876746797
52.152	0.284210414364353
52.232	0.284016007154592
52.312	0.283806672392545
52.392	0.283584797223132
52.472	0.283352814320367
52.552	0.283113107198349
52.632	0.282867956518374
52.712	0.282619529506619
52.792	0.282369935853585
52.872	0.282121320299919
52.952	0.281875945510456
53.032	0.281636249353828
53.112	0.281404862490169
53.192	0.281184572982503
53.272	0.280978257978609
53.352	0.280788804803927
53.432	0.280619029846453
53.512	0.280471611679306
53.592	0.280349051451258
53.672	0.280253657034067
53.752	0.280187539524062
53.832	0.280152618042712
53.912	0.280150620100982
53.992	0.280183070590085
54.072	0.280251272111838
54.152	0.280356284725532
54.232	0.28049891457846
54.312	0.280679718639505
54.392	0.280899023153963
54.472	0.281156938788404
54.552	0.281453363973958
54.632	0.281787970012172
54.712	0.282160172532824
54.792	0.282569108707352
54.872	0.283013632491042
54.952	0.28349232594728
55.032	0.284003531180617
55.112	0.284545384123654
55.192	0.285115837559135
55.272	0.285712679288069
55.352	0.286333548664714
55.432	0.286975961298151
55.512	0.287637350442885
55.592	0.288315123227464
55.672	0.28900670794338
55.752	0.289709590842441
55.832	0.290421325117458
55.912	0.291139518369774
55.992	0.291861806765996
56.072	0.292585830289739
56.152	0.293309219063471
56.232	0.294029601659072
56.312	0.294744618417533
56.392	0.29545193535552
56.472	0.296149255914558
56.552	0.296834314937819
56.632	0.297504843910866
56.712	0.298158537757772
56.792	0.298793038398387
56.872	0.299405963950249
56.952	0.299994995818522
57.032	0.300557983500517
57.112	0.301093014554097
57.192	0.301598405064492
57.272	0.302072610643832
57.352	0.302514082000607
57.432	0.302921110786298
57.512	0.303291702541958
57.592	0.303623523065295
57.672	0.303913927937843
57.752	0.304160051221587
57.832	0.304358923782456
57.912	0.304507620065711
57.992	0.304603417027415
58.072	0.304643963798509
58.152	0.304627439828926
58.232	0.30455268546515
58.312	0.304419258996014
58.392	0.304227401444712
58.472	0.303977907908348
58.552	0.303671927653224
58.632	0.303310746419212
58.712	0.302895621953437
58.792	0.302427714183097
58.872	0.30190809785269
58.952	0.30133786986815
59.032	0.30071834401812
59.112	0.300051281836756
59.192	0.299339079248772
59.272	0.298584857845118
59.352	0.297792446137751
59.432	0.296966254419911
59.512	0.296111069202266
59.592	0.295231837897115
59.672	0.294333517683437
59.752	0.293421008401109
59.832	0.292499171161148
59.912	0.291572915838944
59.992	0.290647299906882
60.072	0.289727571868023
60.152	0.288819146040436
60.232	0.28792752916728
60.312	0.287058219510478
60.392	0.286216616591816
60.472	0.285407995927007
60.552	0.284637540815049
60.632	0.283910417312435
60.712	0.28323185499658
60.792	0.282607193520355
60.872	0.282041848343586
60.952	0.281541200750618
61.032	0.281110428232398
61.112	0.280754309286313
61.192	0.280477045999791
61.272	0.280282157579211
61.352	0.280172444519446
61.432	0.280150000914529
61.512	0.280216245336276
61.592	0.280371937317992
61.672	0.280617148580405
61.752	0.280951180373219
61.832	0.281372453476771
61.912	0.28187841129182
61.992	0.282465476237369
62.072	0.283129074418082
62.152	0.283863733032537
62.232	0.284663209279103
62.312	0.285520590378209
62.392	0.286428320106704
62.472	0.287378165502541
62.552	0.288361135304645
62.632	0.289367429357047
62.712	0.290386476233938
62.792	0.29140707705242
62.872	0.29241765327279
62.952	0.293406552368727
63.032	0.294362295584382
63.112	0.295273736958969
63.192	0.296130182710097
63.272	0.29692147504946
63.352	0.297638056122278
63.432	0.29827110197759
63.512	0.298812736799074
63.592	0.299256246591935
63.672	0.299596248772137
63.752	0.299828849702604
63.832	0.299951705411005
63.912	0.299964000864827
63.992	0.299866395989359
64.072	0.299660979903412
64.152	0.299351189966404
64.232	0.298941734718661
64.312	0.298438483035246
64.392	0.297848270137675
64.472	0.297178661170531
64.552	0.296437784546691
64.632	0.295634136025439
64.712	0.294776434371276
64.792	0.293873578655423
64.872	0.292934677604202
64.952	0.291969028084041
65.032	0.290986121155425
65.112	0.289995646111923
65.192	0.289007454749439
65.272	0.288031466506795
65.352	0.287077559734764
65.432	0.286155413749653
65.512	0.285274315550052
65.592	0.284442948514273
65.672	0.283669205688725
65.752	0.282960053964156
65.832	0.282321485980741
65.912	0.281758538705549
65.992	0.281275355278091
66.072	0.280875257737311
66.152	0.280560822036708
66.232	0.280333942402344
66.312	0.280195893445549
66.392	0.280147411204163
66.472	0.280188800563084
66.552	0.28032006552101
66.632	0.280541049093647
66.712	0.280851564553745
66.792	0.281251501109447
66.872	0.281740895770121
66.952	0.282319962077456
67.032	0.282989060801415
67.112	0.2837486057743
67.192	0.284598913176628
67.272	0.285539999208329
67.352	0.286571362986002
67.432	0.287691800328308
67.512	0.288899297721451
67.592	0.290191017177695
67.672	0.291563389976107
67.752	0.293012271344803
67.832	0.294533108257638
67.912	0.296121086740837
67.992	0.297771250246677
68.072	0.299478532618724
68.152	0.3012377704147
68.232	0.303043757788369
68.312	0.304891366027616
68.392	0.306775675248006
68.472	0.30869216218101
68.552	0.31063686703789
68.632	0.312606458346404
68.712	0.314598145179853
68.792	0.316609479997086
68.872	0.318638000452435
68.952	0.320680835783471
69.032	0.322734419725561
69.112	0.32479437333413
69.192	0.326855557378566
69.272	0.328912342119939
69.352	0.330958975378484
69.432	0.332989922615089
69.512	0.335000101959939
69.592	0.336984985090205
69.672	0.338940555716062
69.752	0.340863207969137
69.832	0.342749631295324
69.912	0.344596701385975
69.992	0.346401432038378
70.072	0.348160964014064
70.152	0.349872555774351
70.232	0.351533562581534
70.312	0.353141442629394
70.392	0.354693782091062
70.472	0.356188347954537
70.552	0.35762314079079
70.632	0.358996461110793
70.712	0.360306953170235
70.792	0.361553613226602
70.872	0.362735749773837
70.952	0.363852942572856
71.032	0.364904996827986
71.112	0.365891944139759
71.192	0.3668140705575
71.272	0.367671951791643
71.352	0.368466470128639
71.432	0.369198833844341
71.512	0.369870547644443
71.592	0.370483331403009
71.672	0.371039038318469
71.752	0.371539591843118
71.832	0.371986899918441
71.912	0.372382764016575
71.992	0.372728825261729
72.072	0.373026538796609
72.152	0.373277181098396
72.232	0.373481913120053
72.312	0.37364187574967
72.392	0.373758267984596
72.472	0.373832416853845
72.552	0.373865811528561
72.632	0.373860086001746
72.712	0.37381697139713
72.792	0.373738283465312
72.872	0.373625906330628
72.952	0.37348178932826
73.032	0.373307990178884
73.112	0.373106736692873
73.192	0.372880428754478
73.272	0.372631615032302
73.352	0.372362952258421
73.432	0.372077148925137
73.512	0.371776923393889
73.592	0.37146502270484
73.672	0.371144263045911
73.752	0.370817596437754
73.832	0.370488194895064
73.912	0.370159520341695
73.992	0.369835339809797
74.072	0.369519699718194
74.152	0.369216867183696
74.232	0.36893122934065
74.312	0.368667163945198
74.392	0.368428920382155
74.472	0.368220528667327
74.552	0.368045704050417
74.632	0.367907734998959
74.712	0.367809385496746
74.792	0.367752806392358
74.872	0.367739487111266
74.952	0.367770271452707
75.032	0.367845429413067
75.112	0.367964758331998
75.192	0.368127715426401
75.272	0.368333560107801
75.352	0.368581441402037
75.432	0.36887044905932
75.512	0.369199650796163
75.592	0.369568117276835
75.672	0.36997495059919
75.752	0.370419327402421
75.832	0.370900519708433
75.912	0.371417866483118
75.992	0.371970706096058
76.072	0.372558281944898
76.152	0.373179641133775
76.232	0.37383357476724
76.312	0.374518600227039
76.392	0.375232968185533
76.472	0.375974679283364
76.552	0.376741506235018
76.632	0.377531014400682
76.712	0.378340592217953
76.792	0.379167505769339
76.872	0.380008958609364
76.952	0.380862169726147
77.032	0.381724453781307
77.112	0.382593278886241
77.192	0.383466283097747
77.272	0.384341252188542
77.352	0.385216066898487
77.432	0.38608864419021
77.512	0.386956881822621
77.592	0.387818614383247
77.672	0.388671596357626
77.752	0.389513532479843
77.832	0.390342139935961
77.912	0.391155236291646
77.992	0.391950832886011
78.072	0.39272722066674
78.152	0.393483025180349
78.232	0.39421721304375
78.312	0.394929066460944
78.392	0.395618145598498
78.472	0.396284245464959
78.552	0.396927353471306
78.632	0.397547622369246
78.712	0.398145359263521
78.792	0.398721023145002
78.872	0.399275225127671
78.952	0.399808723200462
79.032	0.400322414886806
79.112	0.400817330021138
79.192	0.401294619248376
79.272	0.401755535523919
79.352	0.402201421890184
79.432	0.402633701995073
79.512	0.403053870688194
79.592	0.403463480745789
79.672	0.403864133118781
79.752	0.404257464855037
79.832	0.404645138171056
79.912	0.405028821862353
79.992	0.405410173001223
80.072	0.405790816834863
80.152	0.406172331555521
80.232	0.406556227334808
80.312	0.406943930235347
80.392	0.407336778274183
80.472	0.407736035034195
80.552	0.408142904607556
80.632	0.408558548765982
80.712	0.408984096233064
80.792	0.409420638365369
80.872	0.409869203298748
80.952	0.410330717807246
81.032	0.410805965593203
81.112	0.411295560335074
81.192	0.411799939419148
81.272	0.412319377963354
81.352	0.412854016145578
81.432	0.413403898673036
81.512	0.413969011507743
81.592	0.414549314981376
81.672	0.415144781102161
81.752	0.415755431681167
81.832	0.416381371141232
81.912	0.417022806352581
81.992	0.417680020435431
82.072	0.418353292157566
82.152	0.419042769224288
82.232	0.419748314333522
82.312	0.42046934993805
82.392	0.421204746111141
82.472	0.4219527376215
82.552	0.422710890511635
82.632	0.42347611644274
82.712	0.424244722415712
82.792	0.425012470120298
82.872	0.425774664674695
82.952	0.42652627456867
83.032	0.427262077441822
83.112	0.427976852728766
83.192	0.428665587870715
83.272	0.4293236212113
83.352	0.429946735797164
83.432	0.430531192856709
83.512	0.43107369721334
83.592	0.431571356806214
83.672	0.4320217114492
83.752	0.43242279019707
83.832	0.432773161957127
83.912	0.433071996448274
83.992	0.43331907915594
84.072	0.433514730034251
84.152	0.43365965460458
84.232	0.433754802176414
84.312	0.433801238068757
84.392	0.433800082020224
84.472	0.433752534204818
84.552	0.433659907507594
84.632	0.433523646851403
84.712	0.433345357490144
84.792	0.433126813776124
84.872	0.432869950402766
84.952	0.432576884129969
85.032	0.432249949858734
85.112	0.431891669914063
85.192	0.431504698025468
85.272	0.431091781432454
85.352	0.430655730250689
85.432	0.430199416149319
85.512	0.429725816498594
85.592	0.429238075920854
85.672	0.428739552785477
85.752	0.42823383222638
85.832	0.4277246796531
85.912	0.427215926623508
85.992	0.426711320344272
86.072	0.426214363709865
86.152	0.425728174392344
86.232	0.425255396983535
86.312	0.424798177376528
86.392	0.424358206608507
86.472	0.423936811047587
86.552	0.423535088296792
86.632	0.423154033888172
86.712	0.422794636383206
86.792	0.422457889543819
86.872	0.422144734085006
86.952	0.421855963379234
87.032	0.421592159920299
87.112	0.421353693324389
87.192	0.421140810311297
87.272	0.42095379565063
87.352	0.420793159778076
87.432	0.420659756964651
87.512	0.420554810509612
87.592	0.420479833556908
87.672	0.420436481869548
87.752	0.420426371937698
87.832	0.420450946155538
87.912	0.420511414099896
87.992	0.420608770589806
88.072	0.420743872895625
88.152	0.420917550404607
88.232	0.421130697898758
88.312	0.42138430938854
88.392	0.421679481693016
88.472	0.422017397970767
88.552	0.422399299607894
88.632	0.422826448803865
88.712	0.423300103462037
88.792	0.423821482739624
88.872	0.424391742387574
88.952	0.425011923055838
89.032	0.425682881721788
89.112	0.426405212076649
89.192	0.427179170518518
89.272	0.428004581388085
89.352	0.428880765424144
89.432	0.429806487630775
89.512	0.430779917690306
89.592	0.431798595290286
89.672	0.432859401125239
89.752	0.433958513243231
89.832	0.435091416116333
89.912	0.436252973413557
89.992	0.437437557040721
90.072	0.438639225535387
90.152	0.439851975279038
90.232	0.441070003224358
90.312	0.442287946740419
90.392	0.443501066717137
90.472	0.444705323609296
90.552	0.4458973387809
90.632	0.447074251822269
90.712	0.448233529525067
90.792	0.449372815400484
90.872	0.45048989272743
90.952	0.451582769886198
91.032	0.452649878320085
91.112	0.453690299350005
91.192	0.454703904415926
91.272	0.455691350353807
91.352	0.456653885337102
91.432	0.457592996590852
91.512	0.458510056026594
91.592	0.459406025982749
91.672	0.460281285611875
91.752	0.461135611870103
91.832	0.461968283002837
91.912	0.462778124971199
91.992	0.463563519572074
92.072	0.464322396690247
92.152	0.465052245358952
92.232	0.465750161273324
92.312	0.466413075701088
92.392	0.467038028555554
92.472	0.467622443517418
92.552	0.468164381591724
92.632	0.468662735680316
92.712	0.469117243317403
92.792	0.469528399632414
92.872	0.469897321406163
92.952	0.470225643757371
93.032	0.470515435975703
93.112	0.470769257615577
93.192	0.470990292542713
93.272	0.471182519194419
93.352	0.471350718610805
93.432	0.471500272098308
93.512	0.471636722070397
93.592	0.47176525450443
93.672	0.471890144003415
