93.752	0.486111302080758
93.832	0.485969852902258
93.912	0.485828360243545
93.992	0.485687770097798
94.072	0.485549454924808
94.152	0.485414645708829
94.232	0.485283967058535
94.312	0.485157107141163
94.392	0.485032718995285
94.472	0.484908587429913
94.552	0.484781879323123
94.632	0.484649483620956
94.712	0.484508429388484
94.792	0.484356221210078
94.872	0.484191039306893
94.952	0.484011740397932
95.032	0.48381759148026
95.112	0.483607944683968
95.192	0.483382075591521
95.272	0.483139148052601
95.352	0.482878289727182
95.432	0.482598839203206
95.512	0.482300604487705
95.592	0.481984056242823
95.672	0.481650399107934
95.752	0.481301512723235
95.832	0.480939806858146
95.912	0.480568054148193
95.992	0.480189156860092
96.072	0.479805903151714
96.152	0.479420775748508
96.232	0.479035810106666
96.312	0.478652514095643
96.392	0.478271931271024
96.472	0.477894756948103
96.552	0.477521540777275
96.632	0.477152918511933
96.712	0.476789743045288
96.792	0.476433072563509
96.872	0.476084092365568
96.952	0.475743995526386
97.032	0.475413858155321
97.112	0.475094607326923
97.192	0.474787067102284
97.272	0.474492031797922
97.352	0.474210368393074
97.432	0.473943130188559
97.512	0.473691625418155
97.592	0.473457448381737
97.672	0.473242508853104
97.752	0.473049067359739
97.832	0.472879784445581
97.912	0.472737811589809
97.992	0.47262692085053
98.072	0.472551638536174
98.152	0.472517353117041
98.232	0.472530379417663
98.312	0.472597957425592
98.392	0.472728176125543
98.472	0.472929814955819
98.552	0.473212091139544
98.632	0.473584337665557
98.712	0.474055652390575
98.792	0.474634549219104
98.872	0.475328679771224
98.952	0.476144673871772
99.032	0.477088092545614
99.112	0.478163504137797
99.192	0.479374667923025
99.272	0.480724705461739
99.352	0.482216193413592
99.432	0.483851167358011
99.512	0.485630989066635
99.592	0.487556108816193
99.672	0.489625768950305
99.752	0.491837700355177
99.832	0.494187873374699
99.912	0.496670391216526
99.992	0.499277454997468
100.072	0.501999454680231
100.152	0.504825152099215
100.232	0.507741878648972
100.312	0.510735728027271
100.392	0.513791891668347
100.472	0.51689509433993
100.552	0.520030114743918
100.632	0.523182336383229
100.712	0.526338188662862
100.792	0.529485350264963
100.872	0.532612752671525
100.952	0.535710436244813
101.032	0.538769390421862
101.112	0.541781471580066
101.192	0.544739378380996
101.272	0.547636686311421
101.352	0.550467872067316
101.432	0.553228223284464
101.512	0.555913656845746
101.592	0.558520486019574
101.672	0.561045216647585
101.752	0.563484519694725
101.832	0.565835422699934
101.912	0.568095522889621
101.992	0.570263123256041
102.072	0.572337284729542
102.152	0.574317730275766
102.232	0.576204585620076
102.312	0.577998175049856
102.392	0.579698935779675
102.472	0.581307402744301
102.552	0.582824246155383
102.632	0.584250403638521
102.712	0.585587175960541
102.792	0.586836282979789
102.872	0.587999897099849
102.952	0.589080630000012
103.032	0.590081438598531
103.112	0.591005541825439
103.192	0.591856343153381
103.272	0.592637310029545
103.352	0.593351864675356
103.432	0.594003330874443
103.512	0.59459489708604
103.592	0.595129594942932
103.672	0.59561030810562
103.752	0.596039778835916
103.832	0.596420598718964
103.912	0.596755205442264
103.992	0.597045901057413
104.072	0.597294885286033
104.152	0.59750430215729
104.232	0.597676282928774
104.312	0.597812971807457
104.392	0.597916530102452
104.472	0.597989126800826
104.552	0.598032921011168
104.632	0.598050043180706
104.712	0.59804258347242
104.792	0.598012590469921
104.872	0.597962078509795
104.952	0.597893041500924
105.032	0.597807466986637
105.112	0.597707343081424
105.192	0.59759465593163
105.272	0.597471370866174
105.352	0.597339400099941
105.432	0.597200571096096
105.512	0.597056609438937
105.592	0.596909141341825
105.672	0.596759719782426
105.752	0.596609861388629
105.832	0.596461066921734
105.912	0.596314814206494
105.992	0.596172523122391
106.072	0.596035493815748
106.152	0.595904844874099
106.232	0.59578147723289
106.312	0.595666058354823
106.392	0.59555902161776
106.472	0.595460585090336
106.552	0.595370774102889
106.632	0.595289438415534
106.712	0.595216276638098
106.792	0.595150865338951
106.872	0.595092688129284
106.952	0.595041168346711
107.032	0.594995705485985
107.112	0.594955701681215
107.192	0.594920582506461
107.272	0.594889813676332
107.352	0.594862910132747
107.432	0.594839438900749
107.512	0.594819020768796
107.592	0.594801325012327
107.672	0.594786064155983
107.752	0.5947729943274
107.832	0.59476191997976
107.912	0.594752701541097
107.992	0.594745267288204
108.072	0.594739624103227
108.152	0.594735862836956
108.232	0.594734157847711
108.312	0.594734760285178
108.392	0.594737986364748
108.472	0.594744202173956
108.552	0.594753807453003
108.632	0.594767222152427
108.712	0.594784877465031
108.792	0.594807208138377
108.872	0.594834642594492
108.952	0.59486758668811
109.032	0.594906400557306
109.112	0.594951366170449
109.192	0.595002644835063
109.272	0.59506023400138
109.352	0.595123936881578
109.432	0.595193343064352
109.512	0.595267827113844
109.592	0.595346578040903
109.672	0.595428657078742
109.752	0.595513072980452
109.832	0.595598883119806
109.912	0.595685293168685
109.992	0.595771730982619
110.072	0.595857877936055
110.152	0.595943651473704
110.232	0.59602913666879
110.312	0.596114500201224
110.392	0.596199917863146
110.472	0.596285517757792
110.552	0.596371339360871
110.632	0.596457305778245
110.712	0.596543198368749
110.792	0.596628619948319
110.872	0.596712971199509
110.952	0.59679545295387
111.032	0.596875119604306
111.112	0.596950969437898
111.192	0.597022068901083
111.272	0.597087676566503
111.352	0.59714734087413
111.432	0.597200914117479
111.512	0.597248500877981
111.592	0.597290354641814
111.672	0.597326771475878
111.752	0.597357991361264
111.832	0.597384162115873
111.912	0.597405359379195
111.992	0.597421666213563
112.072	0.597433262783511
112.152	0.597440496061722
112.232	0.597443887993563
112.312	0.597444096776712
112.392	0.597441836901567
112.472	0.597437791201742
112.552	0.597432530869469
112.632	0.59742648197755
112.712	0.597419943092632
112.792	0.597413145728865
112.872	0.597406322323536
112.952	0.597399767349657
113.032	0.597393892979312
113.112	0.597389266629875
113.192	0.597386608669808
113.272	0.597386767227476
113.352	0.597390665982516
113.432	0.597399202581641
113.512	0.597413135830379
113.592	0.597432978720576
113.672	0.597458910417231
113.752	0.597490760397818
113.832	0.59752806949075
113.912	0.597570188094892
113.992	0.597616394608508
114.072	0.597666014178344
114.152	0.597718477546664
114.232	0.597773321903446
114.312	0.597830152239226
114.392	0.597888576783703
114.472	0.597948139794994
114.552	0.598008286992467
114.632	0.598068344379612
114.712	0.59812751642869
114.792	0.598184912581132
114.872	0.598239571194085
114.952	0.598290466051481
115.032	0.598336526003663
115.112	0.598376643536199
115.192	0.598409690278118
115.272	0.598434534688863
115.352	0.598450045523919
115.432	0.598455091663368
115.512	0.598448557633787
115.592	0.598429362921365
115.672	0.598396495961083
115.752	0.598349067917411
115.832	0.59828634255166
115.912	0.59820774556249
115.992	0.598112875432093
116.072	0.59800153411345
116.152	0.59787377347277
116.232	0.597729987891057
116.312	0.597571017288033
116.392	0.597398232927048
116.472	0.597213568260599
116.552	0.597019487147577
116.632	0.596818876897146
116.712	0.596614886184966
116.792	0.596410738100644
116.872	0.596209586821374
116.952	0.596014413436137
117.032	0.595827944932921
117.112	0.595652592168904
117.192	0.595490394409921
117.272	0.595342949393057
117.352	0.595211372172457
117.432	0.595096299989223
117.512	0.594997938949859
117.592	0.594916138362464
117.672	0.594850479071852
117.752	0.594800341638916
117.832	0.594764943627183
117.912	0.594743348806446
117.992	0.594734461367011
118.072	0.594737028181157
118.152	0.594749668865575
118.232	0.594770933120458
118.312	0.594799371521844
118.392	0.594833601135747
118.472	0.594872349710954
118.552	0.594914471355537
118.632	0.594958935201817
118.712	0.595004800503943
118.792	0.59505118663958
118.872	0.595097249631749
118.952	0.595142171912471
119.032	0.59518517043
119.112	0.59522551706425
119.192	0.595262563281835
119.272	0.595295759960777
119.352	0.59532467052361
119.432	0.595348971632234
119.512	0.595368443831035
119.592	0.595382957703919
119.672	0.59539245733697
119.752	0.59539694207399
119.832	0.595396456712137
119.912	0.595391085896267
119.992	0.595380942287306
120.072	0.5953661523655
120.152	0.595346849212206
120.232	0.595323165537707
120.312	0.595295236955849
120.392	0.595263221996561
120.472	0.595227327301131
120.552	0.595187834006651
120.632	0.595145131173581
120.712	0.595099746956862
120.792	0.595052369253722
120.872	0.595003860777638
120.952	0.594955265117846
121.032	0.594907800370606
121.112	0.594862847639547
121.192	0.594821939546023
121.272	0.594786748724459
121.352	0.594759077836557
121.432	0.594740849075265
121.512	0.594734084967172
121.592	0.594740876150013
121.672	0.594763335266293
121.752	0.594803536668792
121.832	0.594863449750051
121.912	0.594944875999431
121.992	0.595049394151488
122.072	0.595178321472872
122.152	0.59533269740507
122.232	0.595513295762998
122.312	0.59572067401507
122.392	0.595955254689329
122.472	0.596217416292461
122.552	0.596507580496223
122.632	0.596826271414216
122.712	0.597174126428513
122.792	0.597551844918712
122.872	0.597960106291453
122.952	0.598399478612578
123.032	0.598870334391108
123.112	0.599372764517852
123.192	0.599906504542673
123.272	0.600470867109493
123.352	0.601064660546058
123.432	0.601686112902939
123.512	0.60233285507968
123.592	0.603001958563823
123.672	0.603690037585807
123.752	0.604393441116486
123.832	0.605108482518176
123.912	0.605831610922564
123.992	0.606559601192771
124.072	0.60728969368904
124.152	0.608019596175041
124.232	0.608747364845499
124.312	0.60947124616871
124.392	0.610189425614521
124.472	0.610899722290128
124.552	0.611599347328706
124.632	0.612284791776005
124.712	0.612951855297183
124.792	0.613595884518986
124.872	0.614212123116999
124.952	0.614796035557561
125.032	0.615343564364707
125.112	0.615851329514157
125.192	0.616316593328179
125.272	0.616737016154389
125.352	0.617110281549344
125.432	0.617433681415719
125.512	0.617703714162531
125.592	0.617915883548108
125.672	0.618064826485465
125.752	0.618144713732477
125.832	0.618149804265727
125.912	0.618074978246227
125.992	0.61791600189747
126.072	0.61766955295991
126.152	0.61733302884943
126.232	0.616904307604386
126.312	0.616381669659972
126.392	0.615764033022629
126.472	0.615051354811499
126.552	0.614245157538903
126.632	0.613349008469527
126.712	0.612368743713546
126.792	0.611312404740261
126.872	0.610190060695118
126.952	0.609013525764226
127.032	0.607796102097495
127.112	0.606552361215222
127.192	0.605297935378644
127.272	0.604049281411449
127.352	0.602823431202637
127.432	0.601637581002819
127.512	0.600508534028563
127.592	0.599452092242359
127.672	0.59848246151671
127.752	0.597611717938548
127.832	0.596849404128193
127.912	0.596202290689803
127.992	0.595674292139051
128.072	0.595266501428455
128.152	0.5949772900791
128.232	0.594802450677548
128.312	0.594735373307799
128.392	0.594767236007215
128.472	0.594887222206694
128.552	0.595082782628765
128.632	0.595339949975937
128.712	0.595643714259609
128.792	0.595978451856013
128.872	0.596328383736477
128.952	0.596678034187903
129.032	0.597012645629661
129.112	0.597318533407019
129.192	0.597583380014953
129.272	0.597796477812722
129.352	0.597948931861652
129.432	0.598033834139983
129.512	0.598046401082797
129.592	0.597984060699105
129.672	0.597846478630913
129.752	0.597635515978595
129.832	0.597355119434383
129.912	0.597011148499973
129.992	0.596611159023837
130.072	0.596164155748852
130.152	0.595680298195589
130.232	0.595170558165705
130.312	0.594646344164516
130.392	0.594119103842445
130.472	0.593599911207207
130.552	0.593099100821178
130.632	0.59262598054454
130.712	0.592188637906588
130.792	0.591793852706246
130.872	0.591447100699156
130.952	0.591152575982164
131.032	0.590913216565355
131.112	0.590730740836648
131.192	0.590605647497455
131.272	0.590537199475989
131.352	0.590523488752865
131.432	0.590561585811088
131.512	0.590647739796282
131.592	0.590777640655801
131.672	0.590946698408175
131.752	0.591150286559127
131.832	0.591383942943708
131.912	0.591643492488288
131.992	0.591925062915493
132.072	0.592225074470321
132.152	0.592540184571476
132.232	0.592867208942039
132.312	0.593203066063893
132.392	0.593544762560555
132.472	0.59388938156701
132.552	0.594234104421616
132.632	0.594576247134114
132.712	0.594913283429719
132.792	0.595242840789638
132.872	0.595562686488961
132.952	0.595870688472246
133.032	0.596164786622126
133.112	0.596442982477697
133.192	0.596703351223482
133.272	0.596944075217039
133.352	0.597163505597678
133.432	0.597360221467966
133.512	0.597533083486837
133.592	0.597681270552926
133.672	0.59780430244507
133.752	0.597902043745421
133.832	0.597974691361401
133.912	0.598022744401646
133.992	0.598046958994132
134.072	0.598048284459423
134.152	0.598027782729673
134.232	0.597986534327561
134.312	0.59792554553826
134.392	0.597845676600286
134.472	0.59774760571338
134.552	0.597631845654746
134.632	0.597498816478605
134.712	0.59734896309476
134.792	0.597182896883282
134.872	0.597001542808925
134.952	0.596806263128315
135.032	0.596598952868248
135.112	0.596382105022371
135.192	0.596158849449353
135.272	0.595932975614346
135.352	0.595708962292633
135.432	0.595492015890272
135.512	0.595288122439001
135.592	0.595104104127245
135.672	0.594947681920644
135.752	0.594827531222222
135.832	0.594753306998996
135.912	0.594735608151609
135.992	0.594785860062643
136.072	0.594916087440765
136.152	0.595138567858271
136.232	0.595465399276804
136.312	0.595908051041192
136.392	0.596477008876832
136.472	0.597181613077396
136.552	0.598030146936367
136.632	0.599030138084913
136.712	0.60018876535662
136.792	0.601513159421415
136.872	0.60301043190168
136.952	0.604687379382653
137.032	0.606549951871443
137.112	0.608602658209406
137.192	0.610848121728054
137.272	0.613286901548804
137.352	0.615917586290038
137.432	0.618737033042748
137.512	0.621740609995982
137.592	0.624922316690686
137.672	0.628274880007325
137.752	0.631789904396214
137.832	0.63545803516547
137.912	0.639269076552068
137.992	0.643211972956237
138.072	0.647274511900946
138.152	0.651442799668189
138.232	0.655700625515806
138.312	0.660028910216738
138.392	0.664405630426359
138.472	0.668806454894025
138.552	0.673205601447194
138.632	0.677576726592292
138.712	0.681893729053741
138.792	0.686131293464882
138.872	0.690265057973306
138.952	0.694271840444912
139.032	0.698129907206862
139.112	0.701819398669272
139.192	0.705322949999413
139.272	0.708626228212438
139.352	0.711717909697768
139.432	0.714589439431734
139.512	0.717234589981331
139.592	0.719648605055795
139.672	0.721827303234591
139.752	0.723766668631129
139.832	0.725462495625493
139.912	0.726910220209561
139.992	0.728105148568034
140.072	0.729042862520714
140.152	0.729719692701678
140.232	0.730133372247678
140.312	0.730283753964727
140.392	0.730173160391701
140.472	0.72980646712233
140.552	0.729190857533126
