0.072	-0.0415343214165169
0.152	-0.0366301584499009
0.232	-0.0319602302934268
0.312	-0.0275150065599536
0.392	-0.0232852447832972
0.472	-0.0192619960306128
0.552	-0.0154366026593902
0.632	-0.0118006887737803
0.712	-0.00834614187816918
0.792	-0.00506509955598311
0.872	-0.00194994331457998
0.952	0.00100670428011718
1.032	0.00381198066059873
1.112	0.00647278627585557
1.192	0.00899579160592445
1.272	0.0113874470266655
1.352	0.0136539922409771
1.432	0.0158014642545528
1.512	0.0178357014652182
1.592	0.0197623447953266
1.672	0.0215868374938371
1.752	0.0233144255837647
1.832	0.0249501587172265
1.912	0.0264988931783794
1.992	0.0279652969511783
2.072	0.0293538560104505
2.152	0.0306688803940407
2.232	0.031914510136664
2.312	0.0330947206687906
2.392	0.034213327718847
2.472	0.0352739918210236
2.552	0.0362802230006611
2.632	0.0372353850276443
2.712	0.038142699518728
2.792	0.0390052496479338
2.872	0.0398259835326922
2.952	0.0406077170913886
3.032	0.0413531369316491
3.112	0.0420648032348137
3.192	0.042745152752163
3.272	0.0433965018208671
3.352	0.0440210494341446
3.432	0.0446208802839276
3.512	0.0451979679245742
3.592	0.0457541778130111
3.672	0.0462912704016514
3.752	0.0468109044425216
3.832	0.0473146405830303
3.912	0.0478039450736087
3.992	0.048280193843885
4.072	0.0487446767505464
4.152	0.0491986019554158
4.232	0.0496431004243707
4.312	0.0500792299943651
4.392	0.0505079787194287
4.472	0.0509302675623342
4.552	0.0513469527183812
4.632	0.0517588274752807
4.712	0.0521666241385343
4.792	0.0525710166801847
4.872	0.0529726240603754
4.952	0.0533720138087457
5.032	0.0537697058527815
5.112	0.0541661759397929
5.192	0.0545618583668048
5.272	0.0549571482132105
5.352	0.0553524031228481
5.432	0.0557479443007249
5.512	0.0561440575678471
5.592	0.0565409948259354
5.672	0.0569389756816872
5.752	0.05733818899167
5.832	0.0577387950301063
5.912	0.0581409282957406
5.992	0.058544700452563
6.072	0.0589502033338167
6.152	0.0593575118560334
6.232	0.0597666863527184
6.312	0.0601777745866752
6.392	0.0605908134383046
6.472	0.0610058306557075
6.552	0.0614228469291032
6.632	0.0618418783475203
6.712	0.0622629383615578
6.792	0.0626860386324832
6.872	0.0631111885409918
6.952	0.0635383938026006
7.032	0.0639676550775281
7.112	0.0643989668884313
7.192	0.0648323175745507
7.272	0.0652676907746805
7.352	0.0657050682310736
7.432	0.0661444318880253
7.512	0.0665857647509771
7.592	0.0670290495929944
7.672	0.0674742645453303
7.752	0.0679213752762333
7.832	0.0683703260208564
7.912	0.0688210286541686
7.992	0.0692733512160313
8.072	0.0697271055876438
8.152	0.0701820333837855
8.232	0.0706377881456515
8.312	0.0710939151291345
8.392	0.0715498257109726
8.472	0.0720047666222907
8.552	0.072457784693059
8.632	0.0729076878203312
8.712	0.0733530017933273
8.792	0.0737919246222507
8.872	0.0742222767834999
8.952	0.074641449049194
9.032	0.0750463494739488
9.112	0.0754333511577538
9.192	0.0757982379621271
9.272	0.076136136923088
9.352	0.0764413953610639
9.432	0.0767073103688514
9.512	0.0766787851417927
9.592	0.0766775192964513
9.672	0.0767066398321052
9.752	0.0767689854956952
9.832	0.0768670398019804
9.912	0.0770028998351986
9.992	0.0771782733636375
10.072	0.0773945830039704
10.152	0.0776530544283514
10.232	0.0779547385144124
10.312	0.0783005044603851
10.392	0.0786910189214165
10.472	0.0791266999790192
10.552	0.0796077140348554
10.632	0.0801340462313131
10.712	0.0807056048524242
10.792	0.0813223292292395
10.872	0.0819842860789546
10.952	0.082691705403354
11.032	0.0834449246117845
11.112	0.0842442775675085
11.192	0.0850899152980329
11.272	0.0859816237730531
11.352	0.0869187041280259
11.432	0.0878999442102906
11.512	0.0889236288866098
11.592	0.0899876030471045
11.672	0.0910893407428883
11.752	0.0922260083108295
11.832	0.09339450209586
11.912	0.094591488391357
11.992	0.0958133935791405
12.072	0.0970564319597909
12.152	0.0983165999975011
12.232	0.0995896568584396
12.312	0.100871084824503
12.392	0.102156108522925
12.472	0.103439674877846
12.552	0.10471652130544
12.632	0.105981333971398
12.712	0.107228924294679
12.792	0.108454326495055
12.872	0.109652905875981
12.952	0.11082035214798
13.032	0.111952613841046
13.112	0.113045854989066
13.192	0.114096504299054
13.272	0.115101324424691
13.352	0.116057581596626
13.432	0.116963214460133
13.512	0.117816932139354
13.592	0.118618245673202
13.672	0.119367425904619
13.752	0.120065354555321
13.832	0.120713342926853
13.912	0.121312983899172
13.992	0.121866030137957
14.072	0.122374309132779
14.152	0.122839715674138
14.232	0.123264207555641
14.312	0.123649794719801
14.392	0.123998547052656
14.472	0.124312590308802
14.552	0.124594106084301
14.632	0.124845416174891
14.712	0.125069092244301
14.792	0.125267987259766
14.872	0.125445207850637
14.952	0.125604080338425
15.032	0.125748000258211
15.112	0.125880182192764
15.192	0.126003437924529
15.272	0.126120063731276
15.352	0.126231758762456
15.432	0.126339641418296
15.512	0.126444354392495
15.592	0.126546138448928
15.672	0.126644870335978
15.752	0.126740114034034
15.832	0.12683113640677
15.912	0.126916924744419
15.992	0.126996253020272
16.072	0.127067758799766
16.152	0.127129946593724
16.232	0.127181149482082
16.312	0.127219450416737
16.392	0.127242595678267
16.472	0.127247933735267
16.552	0.12723245766014
16.632	0.127192916373614
16.712	0.127125998724216
16.792	0.127028500797286
16.872	0.126897434266146
16.952	0.12673003412822
17.032	0.126523698475138
17.112	0.126275901847299
17.192	0.125984207016272
17.272	0.125646347577975
17.352	0.12526042049616
17.432	0.124825053540219
17.512	0.124339473540465
17.592	0.123803417260062
17.672	0.123216971637502
17.752	0.12258026716656
17.832	0.121893208682954
17.912	0.121155336088441
17.992	0.120365848602935
18.072	0.11952376855511
18.152	0.118628271551705
18.232	0.117678995916163
18.312	0.116676244431153
18.392	0.115621066860376
18.472	0.114515212001427
18.552	0.113360889242804
18.632	0.112160519644119
18.712	0.110916504333963
18.792	0.109631053069881
18.872	0.10830612061641
18.952	0.106943472336772
19.032	0.105544773545175
19.112	0.104111720893398
19.192	0.102646181016878
19.272	0.101150264200546
19.352	0.0996264012522854
19.432	0.0980774833156826
19.512	0.0965070236622747
19.592	0.0949192584913998
19.672	0.0933191444898238
19.752	0.0917122443690044
19.832	0.0901045223974588
19.912	0.0885020978708422
19.992	0.0869110242841824
20.072	0.0853371442583732
20.152	0.0837860533574624
20.232	0.0822631358977279
20.312	0.0807736286811096
20.392	0.0793226238416533
20.472	0.077915034780295
20.552	0.0765555196230405
20.632	0.0752483741197221
20.712	0.0739973806859862
20.792	0.0728057146911087
20.872	0.0716758920870983
20.952	0.0706097177216893
21.032	0.0696082473444175
21.112	0.0686718260238575
21.192	0.0678001976205334
21.272	0.0669926655351656
21.352	0.0662482694168975
21.432	0.0655659624404468
21.512	0.0649447276915023
21.592	0.0643836304609895
21.672	0.0638818030658452
21.752	0.0634383970981123
21.832	0.0630525317919517
21.912	0.062723292114006
21.992	0.0624497628816645
22.072	0.0622310501434153
22.152	0.0620662807610461
22.232	0.0619545757432842
22.312	0.0618949522136258
22.392	0.0618861742399428
22.472	0.0619266444877322
22.552	0.0620143586972883
22.632	0.0621469175033429
22.712	0.0623216205317814
22.792	0.0625355914850285
22.872	0.0627858512974537
22.952	0.0630693459796614
23.032	0.0633829270304158
23.112	0.0637232699494898
23.192	0.0640867779404584
23.272	0.064469558148728
23.352	0.0648674342715072
23.432	0.0652760044730147
23.512	0.0656907436246374
23.592	0.0661071141502401
23.672	0.0665206211432103
23.752	0.066926859637368
23.832	0.0673215413680932
23.912	0.0677005047416568
23.992	0.0680597591967196
24.072	0.0683956093044582
24.152	0.0687047971345596
24.232	0.0689846405011298
24.312	0.0692331662173569
24.392	0.0694491876377779
24.472	0.0696322616988052
24.552	0.0697825751929582
24.632	0.0699007854849949
24.712	0.0699878456757954
24.792	0.0700448785550183
24.872	0.0700731593824582
24.952	0.0700741841724142
25.032	0.0700497991241757
25.112	0.0700023647407502
25.192	0.0699348789640641
25.272	0.0698510156296859
25.352	0.069755093605961
25.432	0.0696520054730936
25.512	0.0695471141919253
25.592	0.0694461031313178
25.672	0.069354826082245
25.752	0.0692791875877585
25.832	0.069225029689596
25.912	0.0691980154524057
25.992	0.0692035598236753
26.072	0.0692467968839932
26.152	0.0693325628048935
26.232	0.0694654167328377
26.312	0.0696496914606453
26.392	0.0698895195917988
26.472	0.0701888621091822
26.552	0.0705515353788062
26.632	0.0709811770021442
26.712	0.0714811967547373
26.792	0.0720547712207154
26.872	0.0727048564020034
26.952	0.0734341821738962
27.032	0.0742452561456997
27.112	0.0751403599108986
27.192	0.0761215165724547
27.272	0.077190461367513
27.352	0.0783486115792282
27.432	0.0795970162474529
27.512	0.0809363040375342
27.592	0.0823666528948106
27.672	0.0838877531335509
27.752	0.0854987821735254
27.832	0.087198427205605
27.912	0.0889848940235911
27.992	0.0908559053523295
28.072	0.0928086879738697
28.152	0.0948399066145935
28.232	0.0969455438063829
28.312	0.0991208006395379
28.392	0.101360020125609
28.472	0.103656634305258
28.552	0.106003227552405
28.632	0.108391744216311
28.712	0.110813767416309
28.792	0.113260846065428
28.872	0.115724745153328
28.952	0.118197493502185
29.032	0.120671311075581
29.112	0.123138549166155
29.192	0.125591603367267
29.272	0.128022918691064
29.352	0.130425237825248
29.432	0.132791990187867
29.512	0.135117668528975
29.592	0.137398185726303
29.672	0.139631043233932
29.752	0.141815146357613
29.832	0.14395038213736
29.912	0.146037077865079
29.992	0.148075425142329
30.072	0.150065091997055
30.152	0.152005179796559
30.232	0.153894421236009
30.312	0.155731578304701
30.392	0.157515993352382
30.472	0.159248075441054
30.552	0.160929558957653
30.632	0.162563507526725
30.712	0.164154010954901
30.792	0.165705656664029
30.872	0.167222909665844
30.952	0.168709543823175
31.032	0.170168248892734
31.112	0.171600504167762
31.192	0.173006615419594
31.272	0.174385904430926
31.352	0.175737046619536
31.432	0.177058394838047
31.512	0.1783481245914
31.592	0.179604283371601
31.672	0.180824758782654
31.752	0.182007223460628
31.832	0.183149140669803
31.912	0.184247891377188
31.992	0.185300979606458
32.072	0.186306286952286
32.152	0.187262289011207
32.232	0.188168117673603
32.312	0.189023481465595
32.392	0.18982852121435
32.472	0.190583629817914
32.552	0.19128929115382
32.632	0.191945994143856
32.712	0.192554223071523
32.792	0.193114481406914
32.872	0.193627321203456
32.952	0.194093342350675
33.032	0.194513187899025
33.112	0.194887569594526
33.192	0.195217316202401
33.272	0.195503446839281
33.352	0.195747274798846
33.432	0.195950516842208
33.512	0.196115360004773
33.592	0.196244477435782
33.672	0.196341002130309
33.752	0.196408434735728
33.832	0.196450502572267
33.912	0.1964710066552
33.992	0.196473684180246
34.072	0.196462110031829
34.152	0.196439655705509
34.232	0.196409492952347
34.312	0.19637462147463
34.392	0.196337894619971
34.472	0.196302008115799
34.552	0.19626944694272
34.632	0.196242398510242
34.712	0.1962226432163
34.792	0.196211447055374
34.872	0.196209490815958
34.952	0.196216842924612
35.032	0.196232976358081
35.112	0.196256823361642
35.192	0.196286849160662
35.272	0.196321124232204
35.352	0.196357391196583
35.432	0.196393125267461
35.512	0.196425594990876
35.592	0.196451930690939
35.672	0.196469195960011
35.752	0.196474446723512
35.832	0.196464762786198
35.912	0.196437249546113
35.992	0.196389022986194
36.072	0.196317204852226
36.152	0.196218950765134
36.232	0.196091510651071
36.312	0.195932308279344
36.392	0.195739021011773
36.472	0.195509623431041
36.552	0.195242395354034
36.632	0.194935910191338
36.712	0.194589024286328
36.792	0.194200883838674
36.872	0.193770983359157
36.952	0.193299248762377
37.032	0.192786102108661
37.112	0.192232509625553
37.192	0.191640024097245
37.272	0.19101076345668
37.352	0.190347400989571
37.432	0.189653206011675
37.512	0.188932109360357
37.592	0.188188746955488
37.672	0.187428512275707
37.752	0.18665752890468
37.832	0.185882512791009
37.912	0.18511056119562
37.992	0.184348888123031
38.072	0.183604545713754
38.152	0.182884238404176
38.232	0.182194245799741
38.312	0.181540368857226
38.392	0.18092788816689
38.472	0.18036148835837
38.552	0.17984510937861
38.632	0.17938177026805
38.712	0.178973434186622
38.792	0.178620947856144
38.872	0.178324117796526
38.952	0.178081898370179
39.032	0.177892645213815
39.112	0.17775436824884
39.192	0.177664963630027
39.272	0.177622352191788
39.352	0.177624535613559
39.432	0.177669527408765
39.512	0.177755198210724
39.592	0.177879045089538
39.672	0.178037932537704
39.752	0.178227885670692
39.832	0.178444006770681
39.912	0.178680538673481
39.992	0.178931073265302
40.072	0.17918889763404
40.152	0.179447347878201
40.232	0.17970012202167
40.312	0.179941522970934
40.392	0.180166582838238
40.472	0.180371037410785
40.552	0.180551223083475
40.632	0.180703949374857
40.712	0.180826424832487
40.792	0.180916229181646
40.872	0.180971327945469
40.952	0.180990104493423
41.032	0.180971401949952
41.112	0.180914523542389
41.192	0.180819226573666
41.272	0.180685694367879
41.352	0.180514502056338
41.432	0.180306624332827
41.512	0.180063525290207
41.592	0.179787187670952
41.672	0.179480092740937
41.752	0.179145220471694
41.832	0.178786001917258
41.912	0.178406223035777
41.992	0.178010006813976
42.072	0.177601841847297
42.152	0.177186624824385
42.232	0.176769700399019
42.312	0.176356830261915
42.392	0.17595400203418
42.472	0.175567164192335
42.552	0.175201957294211
42.632	0.174863492039739
42.712	0.174556233147177
42.792	0.174284057026275
42.872	0.174050433311583
42.952	0.173858660761608
43.032	0.173712101035497
43.112	0.173614292694777
43.192	0.173568905168706
43.272	0.173579558829216
43.352	0.173649523177103
43.432	0.173781368159906
43.512	0.173976654458633
43.592	0.174235750021465
43.672	0.174557767251342
43.752	0.174940609278272
43.832	0.175381113986729
43.912	0.175875202743446
43.992	0.176418030660498
44.072	0.17700418824065
44.152	0.177627906213699
44.232	0.178283262988975
44.312	0.17896441729018
44.392	0.179665823300082
44.472	0.180382353984298
44.552	0.181109347929988
44.632	0.18184255436435
44.712	0.182578021575038
44.792	0.183311965727475
44.872	0.184040691623073
44.952	0.184760554446575
45.032	0.185467962758208
45.112	0.18615941722288
45.192	0.186831586351486
45.272	0.187481387061956
45.352	0.188106024056117
45.432	0.188703019199592
45.512	0.189270258991732
45.592	0.189806041046152
45.672	0.190309125324204
45.752	0.190778786407085
45.832	0.191214832414806
45.912	0.191617602595135
45.992	0.191987917298794
46.072	0.192326961284484
46.152	0.192636130497247
46.232	0.192916887773519
46.312	0.193170620856121
46.392	0.193398532301968
46.472	0.193601593232712
46.552	0.193780572945895
46.632	0.193936097434557
46.712	0.194068727433438
46.792	0.194179029930686
