46.872	0.187463207066287
46.952	0.195721975992967
47.032	0.204262689821519
47.112	0.213021881730185
47.192	0.221933893261905
47.272	0.230930663558581
47.352	0.239942213854249
47.432	0.248897824943185
47.512	0.257727352238305
47.592	0.266362309959561
47.672	0.274737474817186
47.752	0.282792736910494
47.832	0.290475088118285
47.912	0.297740610193557
47.992	0.304556056237459
48.072	0.310899445611028
48.152	0.316760180078575
48.232	0.322138654356365
48.312	0.327045193059178
48.392	0.33149842614813
48.472	0.335523635482275
48.552	0.339150727099479
48.632	0.342411871998422
48.712	0.345339252591714
48.792	0.347963193307521
48.872	0.350310909183065
48.952	0.352405965064747
49.032	0.354268311264889
49.112	0.355914568141031
49.192	0.357358435493381
49.272	0.35861101667939
49.352	0.35968099439134
49.432	0.360574731199165
49.512	0.361296507970053
49.592	0.36184890721978
49.672	0.362233350354074
49.752	0.362450692065465
49.832	0.362501782095535
49.912	0.362387890413117
49.992	0.362110990628082
50.072	0.361673939039122
50.152	0.361080606977964
50.232	0.360336062603494
50.312	0.359446870044223
50.392	0.358421435178627
50.472	0.357270261353904
50.552	0.356006045930087
50.632	0.354643458620956
50.712	0.353198545840939
50.792	0.351687907651183
50.872	0.350127808218019
50.952	0.348533295711206
51.032	0.346917521917987
51.112	0.345291384153995
51.192	0.343663351434031
51.272	0.342039531966464
51.352	0.340424049952105
51.432	0.338819588822332
51.512	0.337227968894183
51.592	0.335650832770341
51.672	0.334090254497426
51.752	0.332548994552951
51.832	0.331030433373542
51.912	0.329538325793521
51.992	0.328076456232168
52.072	0.326648433982825
52.152	0.325257711452139
52.232	0.323907707873843
52.312	0.322601981429841
52.392	0.321344424669462
52.472	0.320139306460817
52.552	0.31899115532957
52.632	0.317904611737561
52.712	0.316884192885198
52.792	0.315934018170935
52.872	0.315057544932131
52.952	0.314257321266325
53.032	0.313534761041353
53.112	0.312890026553703
53.192	0.31232199274308
53.272	0.311828320105349
53.352	0.311405627463671
53.432	0.311049718332868
53.512	0.310755793332703
53.592	0.310518645505169
53.672	0.310332836575014
53.752	0.310192871731999
53.832	0.310093356254185
53.912	0.310029120418051
53.992	0.309995308962868
54.072	0.309987436603876
54.152	0.310001410422331
54.232	0.310033533824651
54.312	0.310080499510548
54.392	0.310139378659585
54.472	0.310207612902502
54.552	0.310283008713384
54.632	0.310363733864563
54.712	0.310448310821869
54.792	0.31053559042067
54.872	0.310624704994268
54.952	0.310714998552783
55.032	0.310805960690857
55.112	0.310897189397508
55.192	0.3109884012012
55.272	0.311079490232885
55.352	0.311170629053265
55.432	0.311262360804847
55.512	0.311355649735276
55.592	0.311451881715072
55.672	0.311552803981556
55.752	0.311660423513729
55.832	0.311776917307895
55.912	0.31190454465667
55.992	0.312045546172328
56.072	0.312202061657047
56.152	0.312376072348968
56.232	0.312569339385334
56.312	0.312783367067766
56.392	0.313019408414391
56.472	0.313278484863702
56.552	0.31356142087003
56.632	0.313868908270877
56.712	0.314201518862831
56.792	0.31455965297738
56.872	0.314943489186874
56.952	0.315352927798074
57.032	0.315787493208916
57.112	0.316246256256534
57.192	0.31672780830894
57.272	0.317230282340631
57.352	0.317751447412377
57.432	0.31828891751519
57.512	0.318840446864726
57.592	0.319404226568111
57.672	0.319979137370581
57.752	0.320564870787791
57.832	0.32116188452909
57.912	0.32177125439415
57.992	0.322394507266779
58.072	0.323033438515779
58.152	0.323690034170511
58.232	0.324366490624641
58.312	0.325065263671206
58.392	0.325789041655696
58.472	0.326540689469027
58.552	0.327323176809102
58.632	0.3281394909921
58.712	0.328992616660059
58.792	0.329885537992197
58.872	0.330821225460511
58.952	0.331802563074632
59.032	0.332832170447261
59.112	0.333912036877052
59.192	0.335043122083391
59.272	0.336224925554404
59.352	0.337455112120153
59.432	0.338729249865708
59.512	0.340040767243579
59.592	0.34138104185871
59.672	0.342739664887233
59.752	0.344104769174635
59.832	0.345463466795707
59.912	0.346802304767323
59.992	0.348107742917989
60.072	0.34936649315938
60.152	0.35056581766122
60.232	0.351693793100651
60.312	0.352739588649627
60.392	0.353693754870335
60.472	0.354548545068781
60.552	0.355298149021507
60.632	0.35593885094903
60.712	0.356468955345406
60.792	0.356888567079466
60.872	0.357199254082104
60.952	0.357403564027379
61.032	0.357504391365353
61.112	0.357504528010566
61.192	0.357406431092102
61.272	0.357212183488798
61.352	0.356923755157084
61.432	0.356543571769578
61.512	0.356075159574573
61.592	0.355523732648578
61.672	0.354896624714627
61.752	0.354203345899748
61.832	0.353455278534682
61.912	0.352665129995046
61.992	0.351846144817443
62.072	0.351011269923617
62.152	0.350172561883767
62.232	0.349340854954619
62.312	0.348525754340415
62.392	0.347735952753908
62.472	0.346979696401547
62.552	0.346265199497964
62.632	0.345600890904336
62.712	0.3449953663972
62.792	0.34445707850449
62.872	0.343993966466599
62.952	0.343613133401334
63.032	0.343320693161729
63.112	0.343121859017799
63.192	0.343021187375541
63.272	0.343022800696588
63.352	0.343130577127511
63.432	0.343348198919045
63.512	0.343678986951716
63.592	0.344125594810237
63.672	0.344689707055693
63.752	0.345371829193198
63.832	0.346171250428995
63.912	0.347086197683836
63.992	0.348114055398867
64.072	0.349251632134781
64.152	0.350495375362982
64.232	0.351841408143457
64.312	0.353285309952696
64.392	0.354821903309301
64.472	0.356445161858971
64.552	0.358148175213216
64.632	0.359923242141974
64.712	0.361762172808483
64.792	0.363656510345834
64.872	0.365597521849338
64.952	0.367576018390935
65.032	0.369582058377489
65.112	0.371604627870227
65.192	0.373631639858502
65.272	0.375650261014641
65.352	0.377647350056066
65.432	0.379609932111578
65.512	0.381525612379335
65.592	0.383382705942665
65.672	0.385170134312091
65.752	0.386877289112306
65.832	0.388494014913874
65.912	0.390010747957319
65.992	0.391418742910616
66.072	0.392710221191408
66.152	0.393878332357588
66.232	0.394916817443061
66.312	0.395819366543435
66.392	0.396578855631049
66.472	0.397186686036036
66.552	0.397632397686664
66.632	0.397903655347534
66.712	0.397986628572824
66.792	0.39786670600796
66.872	0.397529442084931
66.952	0.396961620804348
67.032	0.396152321439956
67.112	0.395093920798388
67.192	0.393782976654109
67.272	0.392220947852991
67.352	0.39041481761268
67.432	0.38837767863555
67.512	0.386129243465746
67.592	0.383696182125448
67.672	0.381112231692384
67.752	0.378417865638937
67.832	0.375659470646212
67.912	0.372888053335089
67.992	0.370157482343018
68.072	0.36752228552217
68.152	0.365035519426726
68.232	0.362746803923471
68.312	0.360700599696827
68.392	0.358934919131514
68.472	0.357480552048116
68.552	0.356360604530835
68.632	0.355590606822659
68.712	0.355178892886613
68.792	0.355126714670348
68.872	0.355428204304133
68.952	0.356070521042682
69.032	0.357034149386379
69.112	0.358293321454255
69.192	0.359816964214076
69.272	0.361570158407346
69.352	0.363515685559094
69.432	0.365615640784142
69.512	0.367832870630025
69.592	0.370131956915372
69.672	0.372479717756448
69.752	0.374845431657775
69.832	0.377200811189766
69.912	0.379519710637794
69.992	0.381777984977532
70.072	0.383953499758888
70.152	0.386026113607784
70.232	0.387977594928714
70.312	0.389791559286266
70.392	0.391453308720827
70.472	0.392949592907542
70.552	0.394268490851061
70.632	0.395399429812812
70.712	0.396333338255943
70.792	0.397062957303604
70.872	0.397583176000524
70.952	0.397891263131612
71.032	0.397987034459618
71.112	0.39787299570088
71.192	0.397554418816924
71.272	0.397039336675277
71.352	0.396338364774181
71.432	0.395464266357919
71.512	0.394431289002512
71.592	0.393254383431156
71.672	0.391948508856956
71.752	0.390528274300493
71.832	0.389007931426647
71.912	0.387401662727314
71.992	0.385723954439243
72.072	0.383989839631056
72.152	0.382214851118022
72.232	0.380414770095456
72.312	0.378605244777816
72.392	0.376801478552977
72.472	0.375018065846177
72.552	0.37326894303709
72.632	0.371567371787421
72.712	0.369925997573489
72.792	0.368356742851745
72.872	0.366870455823971
72.952	0.365476429889839
73.032	0.364181957935159
73.112	0.362991842864574
73.192	0.361908156798961
73.272	0.360930350476281
73.352	0.360055639086283
73.432	0.359279568875252
73.512	0.358596707507502
73.592	0.358001134118865
73.672	0.35748661605993
73.752	0.357046692436313
73.832	0.356674665596699
73.912	0.356363542344695
73.992	0.356106159455464
74.072	0.355895499392943
74.152	0.35572493865692
74.232	0.35558838224523
74.312	0.355480208783945
74.392	0.355395018799243
74.472	0.355327411798214
74.552	0.355272020782138
74.632	0.355223666078871
74.712	0.355177643104696
74.792	0.355130088054409
74.872	0.355078238996555
74.952	0.355020445173011
75.032	0.354956110814044
75.112	0.354885542370027
75.192	0.354809710983716
75.272	0.354729996969297
75.352	0.354647958766407
75.432	0.354564958362232
75.512	0.354481782903974
75.592	0.354398420562745
75.672	0.354313938047369
75.752	0.354226438339481
75.832	0.354133246391427
75.912	0.354031117565171
75.992	0.35391637469246
76.072	0.353784999397419
76.152	0.353632749498672
76.232	0.35345515907369
76.312	0.353247533067758
76.392	0.353004957063092
76.472	0.352722357299342
76.552	0.352394549889652
76.632	0.352016387999981
76.712	0.351582957710377
76.792	0.351089819351557
76.872	0.350533244120868
76.952	0.349910371606995
77.032	0.34921919475056
77.112	0.348458459598476
77.192	0.347627619129241
77.272	0.346726910294763
77.352	0.345757568969418
77.432	0.344722280878557
77.512	0.343625725852633
77.592	0.342474997907345
77.672	0.341279774586667
77.752	0.340052097823161
77.832	0.338805794020629
77.912	0.337555703885585
77.992	0.336316738228049
78.072	0.335102885367235
78.152	0.333926413104507
78.232	0.332797392907366
78.312	0.331723491315131
78.392	0.33071007924724
78.472	0.329760599155577
78.552	0.328877098117744
78.632	0.328060761984659
78.712	0.327312386777692
78.792	0.326632659535278
78.872	0.326022313775809
78.952	0.325482224148743
79.032	0.32501351149989
79.112	0.3246176159426
79.192	0.324296339839464
79.272	0.324051850322292
79.352	0.323886638355759
79.432	0.323803319911974
79.512	0.323804427431412
79.592	0.323892332672301
79.672	0.324069273239218
79.752	0.324337444391688
79.832	0.324699198177711
79.912	0.325157217381445
79.992	0.32571452307792
80.072	0.32637433429619
80.152	0.327139853795131
80.232	0.328014040260143
80.312	0.328999537040033
80.392	0.330098826902201
80.472	0.331314434832564
80.552	0.332648974823599
80.632	0.334104946934929
80.712	0.335684116591381
80.792	0.337386460143478
80.872	0.339209015783979
80.952	0.341145010131356
81.032	0.343183535507649
81.112	0.345309949527461
81.192	0.34750698922079
81.272	0.349756203949653
81.352	0.35203932918381
81.432	0.354339356420439
81.512	0.356641033690209
81.592	0.35893084810408
81.672	0.361196800666619
81.752	0.363428137798962
81.832	0.365615186293269
81.912	0.367749446164169
81.992	0.369823806823149
82.072	0.371832655717014
82.152	0.373771939543246
82.232	0.375639078046731
82.312	0.377432682381311
82.392	0.379152228382907
82.472	0.380797862445149
82.552	0.382370259916513
82.632	0.383870511076282
82.712	0.385299983915445
82.792	0.386660128382744
82.872	0.387952210783567
82.952	0.389177026910545
83.032	0.390334599121104
83.112	0.391423929818927
83.192	0.392442926506135
83.272	0.393388526165097
83.352	0.394256979004183
83.432	0.395044203103168
83.512	0.39574611907409
83.592	0.396358886672658
83.672	0.396878988456763
83.752	0.39730316874801
83.832	0.397628301870498
83.912	0.397851256546062
83.992	0.397968777895755
84.072	0.397977354523107
84.152	0.397873067368607
84.232	0.397651426997697
84.312	0.397307233559047
84.392	0.396834552094958
84.472	0.396226908003598
84.552	0.39547777541128
84.632	0.394581379295175
84.712	0.3935337280206
84.792	0.39233378058492
84.872	0.39098459759083
84.952	0.389494287703371
85.032	0.387876528533013
85.112	0.386150593310674
85.192	0.384340890418969
85.272	0.382476119452747
85.352	0.380588273680758
85.432	0.378711681573066
85.512	0.376882235610481
85.592	0.375136922928675
85.672	0.373513405862866
85.752	0.372049579459315
85.832	0.370783032884162
85.912	0.36975043263709
85.992	0.368986617432199
86.072	0.368523551413034
86.152	0.368389062106587
86.232	0.368605249189329
86.312	0.369186665295899
86.392	0.370138558948327
86.472	0.371455188088646
86.552	0.373118514467649
86.632	0.375097579453666
86.712	0.377348495837566
86.792	0.379814788893952
86.872	0.382428330523624
86.952	0.38511060351351
87.032	0.387774262007667
87.112	0.39032507610699
87.192	0.392664421227153
87.272	0.394692223301661
87.352	0.396310316217921
87.432	0.397425840633503
87.512	0.397954385445189
87.592	0.397822789366217
87.672	0.396971600352742
87.752	0.395357337484882
87.832	0.392954824886544
87.912	0.389759661035384
87.992	0.38579061222066
88.072	0.381091615259663
88.152	0.375732895060935
88.232	0.369810920541511
88.312	0.363447053001835
88.392	0.356784896141733
88.472	0.349986310196698
88.552	0.343226120552629
88.632	0.33668554849902
88.712	0.330544549759622
88.792	0.324973637222399
88.872	0.320126019405905
88.952	0.316130714457643
89.032	0.313087170955157
89.112	0.311061599209268
89.192	0.31008479950907
89.272	0.310151246888438
89.352	0.311219456290189
89.432	0.313213825226228
89.512	0.316028165352407
89.592	0.319530896237836
89.672	0.323571504632184
89.752	0.327987655447885
89.832	0.332612348283362
89.912	0.337280817388717
89.992	0.341837049085541
90.072	0.34613986596645
90.152	0.350068400947464
90.232	0.353526651873324
90.312	0.3564464426874
90.392	0.358788402555263
90.472	0.360540919835955
90.552	0.361717393950642
90.632	0.362352408337358
90.712	0.362497523629088
90.792	0.362217080314679
90.872	0.361584283815603
90.952	0.360677598626523
91.032	0.359577336752693
91.112	0.358362482985342
91.192	0.357107799799167
91.272	0.355881282371627
91.352	0.354742107718664
91.432	0.353739300840346
91.512	0.352911095341426
91.592	0.352284958840244
91.672	0.351878226439169
91.752	0.351699229380927
91.832	0.351748519839305
91.912	0.352019887294716
91.992	0.352500906236685
92.072	0.353172997227432
92.152	0.354011176300503
92.232	0.35498394056566
92.312	0.356053505668854
92.392	0.357176602679544
92.472	0.358305926480682
92.552	0.35939198994464
92.632	0.360384985433654
92.712	0.361236451731827
92.792	0.361900638807981
92.872	0.362335564966713
92.952	0.362503868892702
93.032	0.362373619304719
93.112	0.361919205565016
93.192	0.361122285477165
93.272	0.35997269478338
93.352	0.358469182547822
93.432	0.356619797037354
93.512	0.354441836175909
93.592	0.351961366234207
93.672	0.349212399579699
