140.632	0.809224817411518
140.712	0.810206352119508
140.792	0.81120342297379
140.872	0.812221508978723
140.952	0.813265081645454
141.032	0.814336934801418
141.112	0.815437720630484
141.192	0.816565824997042
141.272	0.817717482375429
141.352	0.818886984221649
141.432	0.820066930485723
141.512	0.821248414842671
141.592	0.822421154646236
141.672	0.82357362799064
141.752	0.824693377483868
141.832	0.825767647546741
141.912	0.82678429585701
141.992	0.827732727340504
142.072	0.828604694366391
142.152	0.82939491100376
142.232	0.830101150859832
142.312	0.830723864234642
142.392	0.831265386663404
142.472	0.83172890969297
142.552	0.832117367135197
142.632	0.83243257440779
142.712	0.832674756699816
142.792	0.832842389422694
142.872	0.832932387463529
142.952	0.832940515470682
143.032	0.832861666891063
143.112	0.832689922278064
143.192	0.832418522400189
143.272	0.832039870232734
143.352	0.831545559231813
143.432	0.830926613868428
143.512	0.830173883510383
143.592	0.829278604296064
143.672	0.828233155010139
143.752	0.827031816526073
143.832	0.825671360308093
143.912	0.824151537237071
143.992	0.822475420856222
144.072	0.820649438214218
144.152	0.818683114804458
144.232	0.816588654392604
144.312	0.814380322856778
144.392	0.812073907784566
144.472	0.809686321397521
144.552	0.807235372957166
144.632	0.804739721083592
144.712	0.802219101744072
144.792	0.799694546943897
144.872	0.797188518718372
144.952	0.794724909366209
145.032	0.792328994787454
145.112	0.790027356506812
145.192	0.787847821848459
145.272	0.785819296467366
145.352	0.783971413199083
145.432	0.782333890164978
145.512	0.78093563898949
145.592	0.779803710792862
145.672	0.778962171726903
145.752	0.778431050476115
145.832	0.778225431939404
145.912	0.778354701897456
145.992	0.778821929737546
146.072	0.779623456976537
146.152	0.780748749523696
146.232	0.782180554371166
146.312	0.783895462267878
146.392	0.78586474401834
146.472	0.788055177198544
146.552	0.790429600721495
146.632	0.792947074206836
146.712	0.795562618497911
146.792	0.79822706082598
146.872	0.800887205667891
146.952	0.803486526595066
147.032	0.805966839995449
147.112	0.80827070845578
147.192	0.810343849057631
147.272	0.812137251624222
147.352	0.813609003400984
147.432	0.81472523721925
147.512	0.815460657354492
147.592	0.815799035504028
147.672	0.815733871117686
147.752	0.815268830057107
147.832	0.814418026563658
147.912	0.813205577419353
147.992	0.811664675075122
148.072	0.809836118676799
148.152	0.807766683706291
148.232	0.805507369724751
148.312	0.80311184782397
148.392	0.800634798413626
148.472	0.798130199761204
148.552	0.795649463886889
148.632	0.793239598853802
148.712	0.790941635067497
148.792	0.788789562330635
148.872	0.786809879097859
148.952	0.785021891445808
149.032	0.78343846762175
149.112	0.782066963216607
149.192	0.780910245978362
149.272	0.779967616112003
149.352	0.779235497714012
149.432	0.778707898669722
149.512	0.778376724421491
149.592	0.778231965582677
149.672	0.77826186773666
149.752	0.778453068492922
149.832	0.778790661161224
149.912	0.779258211236197
149.992	0.779837740312246
150.072	0.780509763424675
150.152	0.781253564822805
150.232	0.782047744724309
150.312	0.782870934718062
150.392	0.783702616036294
150.472	0.784523843022839
150.552	0.785317676618774
150.632	0.786069310774451
150.712	0.786766024297663
150.792	0.78739703666713
150.872	0.787953354782189
150.952	0.788427732819969
151.032	0.788814698785131
151.112	0.789110510205887
151.192	0.789312986636446
151.272	0.789421354177989
151.352	0.789436080598193
151.432	0.789358773508752
151.512	0.789192202368781
151.592	0.788940414101603
151.672	0.788608812246025
151.752	0.788204135985438
151.832	0.787734344923706
151.912	0.787208351859931
151.992	0.786635704338664
152.072	0.786026288173275
152.152	0.78539012767726
152.232	0.784737243755785
152.312	0.784077586330454
152.392	0.783420947162881
152.472	0.78277684333159
152.552	0.782154334002939
152.632	0.781561804488661
152.712	0.781006719446736
152.792	0.780495436392471
152.872	0.780033020522637
152.952	0.779623132930624
153.032	0.779267990904486
153.112	0.778968408804189
153.192	0.778723868262091
153.272	0.778532600527456
153.352	0.778391625548579
153.432	0.778296783868768
153.512	0.778242804402794
153.592	0.778223470518128
153.672	0.778231928509399
153.752	0.778261117208899
153.832	0.778304240728744
153.912	0.778355198743952
153.992	0.778408890442392
154.072	0.778461363323117
154.152	0.778509827779885
154.232	0.77855255874772
154.312	0.778588726217436
154.392	0.778618204832242
154.472	0.778641365854469
154.552	0.778658886984545
154.632	0.778671608718128
154.712	0.778680449496619
154.792	0.778686359204244
154.872	0.778690316337247
154.952	0.778693321213154
155.032	0.778696388636604
155.112	0.778700527758133
155.192	0.778706751896038
155.272	0.778716086571535
155.352	0.778729571388681
155.432	0.778748266152547
155.512	0.778773264176948
155.592	0.778805662069431
155.672	0.778846507006278
155.752	0.778896719398176
155.832	0.778956985638047
155.912	0.779027623120214
155.992	0.779108470117194
156.072	0.779198801203052
156.152	0.779297323366222
156.232	0.779402249087866
156.312	0.779511406457573
156.392	0.779622338683907
156.472	0.779732373617776
156.552	0.779838615382346
156.632	0.779937880100874
156.712	0.780026645851763
156.792	0.780101047451694
156.872	0.780156979819708
156.952	0.780190361677001
157.032	0.780197468120946
157.112	0.780175280532035
157.192	0.7801218473993
157.272	0.780036573774055
157.352	0.779920401593358
157.432	0.779775895426724
157.512	0.779607219227614
157.592	0.779419990447536
157.672	0.779221061156136
157.752	0.779018268494951
157.832	0.778820183247603
157.912	0.778635887034739
157.992	0.778474757738763
158.072	0.778346240660198
158.152	0.778259594053338
158.232	0.778223651162648
158.312	0.778246631748402
158.392	0.778336007545363
158.472	0.778498404496418
158.552	0.778739487047801
158.632	0.779063786100437
158.712	0.77947450443628
158.792	0.779973326714185
158.872	0.780560296888439
158.952	0.781233798934295
159.032	0.78199057820882
159.112	0.782825765074335
159.192	0.783733015659323
159.272	0.784704734057073
159.352	0.785732430273697
159.432	0.786807278518268
159.512	0.787920826387221
159.592	0.789065531392339
159.672	0.790235159568624
159.752	0.791424914968843
159.832	0.792631289360202
159.912	0.79385172305399
159.992	0.795084238622962
160.072	0.796326996268931
160.152	0.79757792252633
160.232	0.798834411565053
160.312	0.800093124873115
160.392	0.801349857384025
160.472	0.802599586840302
160.552	0.803836656390445
160.632	0.805055187328321
160.712	0.806249582150599
160.792	0.80741498816451
160.872	0.808547674936108
160.952	0.809645380916095
161.032	0.810707536177233
161.112	0.811735278855963
161.192	0.812731435249361
161.272	0.813700396001536
161.352	0.814647742350985
161.432	0.815579807996187
161.512	0.816503286902048
161.592	0.817424886445792
161.672	0.818351142428241
161.752	0.819288455754531
161.832	0.820243099204504
161.912	0.821221127301783
161.992	0.822228444362395
162.072	0.82327082544964
162.152	0.824353854458764
162.232	0.825482876969886
162.312	0.826663144210784
162.392	0.827899976593812
162.472	0.829198950936075
162.552	0.830566012258714
162.632	0.832007428631982
162.712	0.833529483539792
162.792	0.83513807089048
162.872	0.836838213194255
162.952	0.838633523903013
163.032	0.84052568238485
163.112	0.84251418159954
163.192	0.84459616028073
163.272	0.846766307698658
163.352	0.849016899894082
163.432	0.851338011749931
163.512	0.853717651083684
163.592	0.856141935604001
163.672	0.858595288499941
163.752	0.861060686125825
163.832	0.86351999197052
163.912	0.865954404024365
163.992	0.868344730906301
164.072	0.870671491061216
164.152	0.872914765244786
164.232	0.875053806024539
164.312	0.877066600845637
164.392	0.87892965065214
164.472	0.880618120791155
164.552	0.882106471756401
164.632	0.883369470332923
164.712	0.884383291174913
164.792	0.885126469870215
164.872	0.885580602226128
164.952	0.885730788494016
165.032	0.885565967063371
165.112	0.885079293929607
165.192	0.884268598470612
165.272	0.883136838915675
165.352	0.881692405525996
165.432	0.879949125737994
165.512	0.877925964644191
165.592	0.875646460345365
165.672	0.873138029392749
165.752	0.87043128123787
165.832	0.867559457907191
165.912	0.864557951909092
165.992	0.861463852510724
166.072	0.858315469297168
166.152	0.855151809140352
166.232	0.852012079600513
166.312	0.848935226211211
166.392	0.845959527408695
166.472	0.843122122194018
166.552	0.84045845486412
166.632	0.838001623359105
166.712	0.835781812241976
166.792	0.833825864536948
166.872	0.832157070827066
166.952	0.830795080882012
167.032	0.829755807261563
167.112	0.829051027612763
167.192	0.828687577971209
167.272	0.828666247200658
167.352	0.828980667879591
167.432	0.829616572844998
167.512	0.830551741569707
167.592	0.831756730143297
167.672	0.833196300476629
167.752	0.834831289893373
167.832	0.836620606351289
167.912	0.838523070644555
167.992	0.840498930499962
168.072	0.842510746461244
168.152	0.844523718897335
168.232	0.846505602565003
168.312	0.848426500377059
168.392	0.850258571823701
168.472	0.851975902278809
168.552	0.853554471061898
168.632	0.854972386067288
168.712	0.856210009660231
168.792	0.857249964099083
168.872	0.858077102603374
168.952	0.858678598349911
169.032	0.859044043735821
169.112	0.859165726847436
169.192	0.859039087547103
169.272	0.858663054183921
169.352	0.85804018199326
169.432	0.857176848638574
169.512	0.856083648895719
169.592	0.854775825970023
169.672	0.85327364405407
169.752	0.851602564464429
169.832	0.849792986256944
169.912	0.847879161278797
169.992	0.845897711671228
170.072	0.843885997234565
170.152	0.841880475725361
170.232	0.839915622143053
170.312	0.83802372055618
170.392	0.836235050391792
170.472	0.834578161323861
170.552	0.833080136254011
170.632	0.831766358238269
170.712	0.83065971433075
170.792	0.829779719964904
170.872	0.829141874973743
170.952	0.828757453663684
171.032	0.828633848365371
171.112	0.828775239408174
171.192	0.829183249770495
171.272	0.829857366901479
171.352	0.830795022759958
171.432	0.83199144771595
171.512	0.833439491260947
171.592	0.835129553375054
171.672	0.837049641577664
171.752	0.83918542610661
171.832	0.841520133330164
171.912	0.844034264005131
171.992	0.846705221098887
172.072	0.849507084732522
172.152	0.852410812560038
172.232	0.855384869866953
172.312	0.858396155799028
172.392	0.86141098440703
172.472	0.864395825344786
172.552	0.867317599378453
172.632	0.870143559702342
172.712	0.872840911855974
172.792	0.875376381826982
172.872	0.87771592638785
172.952	0.879824681475611
173.032	0.881667188865322
173.112	0.883207865825057
173.192	0.884411636726895
173.272	0.885244706046137
173.352	0.885675427622004
173.432	0.885675262923087
173.512	0.885219772677715
173.592	0.884289568480426
173.672	0.882871164195194
173.752	0.880957712811437
173.832	0.878549581323682
173.912	0.87565466890112
173.992	0.872288534496192
174.072	0.868474384268325
174.152	0.86424290195589
174.232	0.859631900149679
174.312	0.854685890723545
174.392	0.849455524845666
174.472	0.843996983158945
174.552	0.838371265463707
174.632	0.832643447279565
174.712	0.826881938786869
174.792	0.821157659804726
174.872	0.815542850857696
174.952	0.810109658438705
175.032	0.804928545695589
175.112	0.800066632697622
175.192	0.795586166908265
175.272	0.791543121138488
175.352	0.787985744910998
175.432	0.784953114633822
175.512	0.782473705587904
175.592	0.780564010431476
175.672	0.779227592666416
175.752	0.778454933256967
175.832	0.778224003158243
175.912	0.778501403369887
175.992	0.77924380512593
176.072	0.780399381035409
176.152	0.781909135826595
176.232	0.783708233096718
176.312	0.785727501654151
176.392	0.787895257693094
176.472	0.790139439374911
176.552	0.792389819856339
176.632	0.794579989117551
176.712	0.796648893591623
176.792	0.798541742687007
176.872	0.800210175549523
176.952	0.801612028285604
177.032	0.802711152833922
177.112	0.803477553435755
177.192	0.803888125386607
177.272	0.803928007714262
177.352	0.803592231564039
177.432	0.80288717123733
177.512	0.801831423913995
177.592	0.800455655276551
177.672	0.798801411734416
177.752	0.796919212777652
177.832	0.794866409879319
177.912	0.792704985522619
177.992	0.790499563839944
178.072	0.788315571875842
178.152	0.785410208237749
178.232	0.782881749122112
178.312	0.78085184929148
178.392	0.77939192217184
178.472	0.778522696147661
178.552	0.778223889859532
178.632	0.778447250286604
178.712	0.779128822527923
178.792	0.78019860300526
178.872	0.781587219582093
178.952	0.783230025342959
179.032	0.785069234233902
179.112	0.787054719069943
179.192	0.789143975830825
179.272	0.791301611192125
179.352	0.793498593480876
179.432	0.79571142483735
179.512	0.797921317273563
179.592	0.800113425938775
179.672	0.802276171986136
179.752	0.804400666161996
179.832	0.806480231925548
179.912	0.808510027068337
179.992	0.810486739005569
180.072	0.81240832468734
180.152	0.81427378287367
180.232	0.816082945847825
180.312	0.817836284462373
180.392	0.819534737056415
180.472	0.821179573382665
180.552	0.822772292261675
180.632	0.824314552811188
180.712	0.825808131338476
180.792	0.827254887786466
180.872	0.828656735157324
180.952	0.830015609485145
181.032	0.831333438373349
181.112	0.832612115508596
181.192	0.833853484763495
181.272	0.83505933138963
181.352	0.836231376258525
181.432	0.837371269888877
181.512	0.838480580361761
181.592	0.8395607792703
181.672	0.840613229594624
181.752	0.841639178743549
181.832	0.842639759572762
181.912	0.843616000136649
181.992	0.844568835889845
182.072	0.8454991187117
182.152	0.846407623086634
182.232	0.847295048148112
182.312	0.848162015405592
182.392	0.849009066921894
182.472	0.849836666423812
182.552	0.850645201184761
182.632	0.851434985877745
182.712	0.852206269624276
182.792	0.852959242115844
182.872	0.853694039146831
182.952	0.854410749015983
183.032	0.855109420049871
183.112	0.855790067911698
183.192	0.856452682989243
183.272	0.857097236923778
183.352	0.85772368740129
183.432	0.858331981499532
183.512	0.858922057979385
183.592	0.859493847250633
183.672	0.860047269834467
183.752	0.860582234194339
183.832	0.861098634501104
183.912	0.861596348280386
183.992	0.862075235891893
184.072	0.862535142514503
184.152	0.862975901783898
184.232	0.863397338684422
184.312	0.863799271112725
184.392	0.864181508938259
184.472	0.864543851222493
184.552	0.864886083654824
184.632	0.865207976524061
184.712	0.865509283635561
184.792	0.865789742447419
184.872	0.866049073575823
184.952	0.866286977259392
185.032	0.866503127499072
185.112	0.866697165521714
185.192	0.866868693345623
185.272	0.867017270657129
185.352	0.867142415726107
185.432	0.867243609867387
185.512	0.867320302721168
185.592	0.867371916385423
185.672	0.867397844267202
185.752	0.867397444718904
185.832	0.867370031069981
185.912	0.867314859835119
185.992	0.867231121775717
186.072	0.867117938285901
186.152	0.866974362939686
186.232	0.866799387525248
186.312	0.866591951620308
186.392	0.866350951419804
186.472	0.866075245012894
186.552	0.865763653224235
186.632	0.86541495606923
186.712	0.865027883890093
186.792	0.864601106659279
186.872	0.864133223012573
186.952	0.863622752759625
187.032	0.863068135240155
187.112	0.862467737585234
187.192	0.861819868007387
187.272	0.86112279225722
187.352	0.860374747660558
187.432	0.859573949890887
