140.632	0.8178166007106
140.712	0.817660978863202
140.792	0.817513748476514
140.872	0.817375366864312
140.952	0.817245706538117
141.032	0.817124183423616
141.112	0.817009889929338
141.192	0.816901756344905
141.272	0.816798679413566
141.352	0.816699597299348
141.432	0.816603523875912
141.512	0.816509569883564
141.592	0.816416972268811
141.672	0.816325174486892
141.752	0.816233973616292
141.832	0.816143727459789
141.912	0.816055586647778
141.992	0.815971717766772
142.072	0.815895476475006
142.152	0.81583149199092
142.232	0.815785656810235
142.312	0.815765033248553
142.392	0.815777664707454
142.472	0.815832302992746
142.552	0.815938064142514
142.632	0.816104016840242
142.712	0.8163387386371
142.792	0.816649859965409
142.872	0.817043617637907
142.952	0.81752445178698
143.032	0.81809465420433
143.112	0.818754057791168
143.192	0.819499836721022
143.272	0.820326465722061
143.352	0.821225844368016
143.432	0.822187570601031
143.512	0.823199345566692
143.592	0.824247356358782
143.672	0.825316523236367
143.752	0.826390614881333
143.832	0.82745229745494
143.912	0.828483176732433
143.992	0.829463983570562
144.072	0.830374926764975
144.152	0.831196164104924
144.232	0.831908305185934
144.312	0.832492908212018
144.392	0.832932899573436
144.472	0.833212933008085
144.552	0.833319732266986
144.632	0.833242392452334
144.712	0.832972553651572
144.792	0.832504354554985
144.872	0.831834128059356
144.952	0.830959893770498
145.032	0.82988071469309
145.112	0.828596007139581
145.192	0.827105096064301
145.272	0.825407101505832
145.352	0.823501227198037
145.432	0.821387529810508
145.512	0.819068163060919
145.592	0.816548786351902
145.672	0.813839945791173
145.752	0.810957915614026
145.832	0.807924749088713
145.912	0.804767574990578
145.992	0.801517411331801
146.072	0.798207212609654
146.152	0.794869419605604
146.232	0.791533612665134
146.312	0.788224640256757
146.392	0.784961249674822
146.472	0.781755449033241
146.552	0.778612948529869
146.632	0.775534980240465
146.712	0.772520752445743
146.792	0.769569488501915
146.872	0.766681601222771
146.952	0.763858718763444
147.032	0.761102129183527
147.112	0.758410655899112
147.192	0.755779145273877
147.272	0.753198085397102
147.352	0.750655025483624
147.432	0.748137258582503
147.512	0.74563463153099
147.592	0.743141618768036
147.672	0.740658812918511
147.752	0.738193073291072
147.832	0.735756184934971
147.912	0.733363111123865
147.992	0.731030110157107
148.072	0.728772635111042
148.152	0.726603702529857
148.232	0.724533481860462
148.312	0.722570047629844
148.392	0.72072097046474
148.472	0.71899549133984
148.552	0.717406937658424
148.632	0.715974381825944
148.712	0.714722775510879
148.792	0.713681253616002
148.872	0.712880153341459
148.952	0.712347165475236
149.032	0.712103623581001
149.112	0.712161018800302
149.192	0.712518604645069
149.272	0.713162709593448
149.352	0.714068112326444
149.432	0.715200721657297
149.512	0.716521508297987
149.592	0.717991083203614
149.672	0.71957409170777
149.752	0.721242131687561
149.832	0.722974618499947
149.912	0.724758081994068
149.992	0.726585008838001
150.072	0.728452373660261
150.152	0.730359923326986
150.232	0.732308595643403
150.312	0.734299336721321
150.392	0.73633168361566
150.472	0.738402142632637
150.552	0.740503664124262
150.632	0.742626318893755
150.712	0.744758474776447
150.792	0.746888580690253
150.872	0.749007099167599
150.952	0.751107945511976
151.032	0.753189178741465
151.112	0.755252929581886
151.192	0.757304264343688
151.272	0.75934974795841
151.352	0.761396187855368
151.432	0.763449472765657
151.512	0.765513407004718
151.592	0.767589003541488
151.672	0.769674434693215
151.752	0.771765368699718
151.832	0.773855852248673
151.912	0.775939445935748
151.992	0.778010457561649
152.072	0.780064663587993
152.152	0.782099038695932
152.232	0.784110794645969
152.312	0.786096489621727
152.392	0.78805115347437
152.472	0.789968007161903
152.552	0.791838603139965
152.632	0.793653672109414
152.712	0.795404095359899
152.792	0.797082008788422
152.872	0.798681538707214
152.952	0.800199561051485
153.032	0.801636215782921
153.112	0.802995325022138
153.192	0.804284418682798
153.272	0.805514342474837
153.352	0.806698418361051
153.432	0.807851356444516
153.512	0.80898796514559
153.592	0.81012188600242
153.672	0.811264536095436
153.752	0.812424515977725
153.832	0.813607301950114
153.912	0.814815160624377
153.992	0.816047337503093
154.072	0.817300411213964
154.152	0.818568762826644
154.232	0.819845066708908
154.312	0.821120706780661
154.392	0.822386012174704
154.472	0.823630425158896
154.552	0.824842608493711
154.632	0.826010538183127
154.712	0.827121835630336
154.792	0.828164397641487
154.872	0.829127066758346
154.952	0.830000165577687
155.032	0.830775987868762
155.112	0.831449128819642
155.192	0.832016587962116
155.272	0.832477708525673
155.352	0.832834029937132
155.432	0.833089008949159
155.512	0.833247685763396
155.592	0.833316341718373
155.672	0.833302175440664
155.752	0.833213016235263
155.832	0.833057060805217
155.912	0.832842605673008
155.992	0.832577778196296
156.072	0.832270272121704
156.152	0.831927088617121
156.232	0.831554338678799
156.312	0.831157136198883
156.392	0.830739583200724
156.472	0.830304823971446
156.552	0.829855159999042
156.632	0.829392213622995
156.712	0.828917120608693
156.792	0.828430751590176
156.872	0.827933977194263
156.952	0.82742791885731
157.032	0.82691410760394
157.112	0.826394539893485
157.192	0.825871623284101
157.272	0.825347990717873
157.352	0.824826308865099
157.432	0.82430912533674
157.512	0.823798796418927
157.592	0.823297526067719
157.672	0.822807479615832
157.752	0.82233082404251
157.832	0.821869728836688
157.912	0.821426338808223
157.992	0.821002678864076
158.072	0.820600519574313
158.152	0.820221330191586
158.232	0.819866257158523
158.312	0.819536099980994
158.392	0.819231294096809
158.472	0.818951931336571
158.552	0.818697781760577
158.632	0.818468328095364
158.712	0.818262821579808
158.792	0.818080350660793
158.872	0.817919877269603
158.952	0.817780264031555
159.032	0.817660305435126
159.112	0.817558749731106
159.192	0.817474314508146
159.272	0.817405730015636
159.352	0.817351777565918
159.432	0.817311299031005
159.512	0.817283221947989
159.592	0.81726661441256
159.672	0.817260724201432
159.752	0.817265004790542
159.832	0.817279157149287
159.912	0.817303145580397
159.992	0.817337179682326
160.072	0.817381669908613
160.152	0.817437194393321
160.232	0.817504460809104
160.312	0.817584275603267
160.392	0.817677535189986
160.472	0.817785227259364
160.552	0.817908412589517
160.632	0.818048233386818
160.712	0.818205963677642
160.792	0.818383081891099
160.872	0.81858138148668
160.952	0.81880312623376
161.032	0.819051132900867
161.112	0.819328737797079
161.192	0.819639647378651
161.272	0.819987698154293
161.352	0.820376530631435
161.432	0.820809310296667
161.512	0.821288516248202
161.592	0.821815781629638
161.672	0.822391751821314
161.752	0.823015946791017
161.832	0.823686528046593
161.912	0.824399996615497
161.992	0.825150914121693
162.072	0.825931781848325
162.152	0.826733083298436
162.232	0.827543568632606
162.312	0.828350658997337
162.392	0.829140858389493
162.472	0.829900091869533
162.552	0.830614062790332
162.632	0.831268607011097
162.712	0.831850165535784
162.792	0.832346420325266
162.872	0.832747057484752
162.952	0.833044492531016
163.032	0.833234475561298
163.112	0.833316480903974
163.192	0.833293861932574
163.272	0.833173785109395
163.352	0.832966952117644
163.432	0.832687100532539
163.512	0.832350259412621
163.592	0.831973772594708
163.672	0.831575165720309
163.752	0.831171022002351
163.832	0.830776001642718
163.912	0.830402132946674
163.992	0.830058404570465
164.072	0.829750731607973
164.152	0.829482178520195
164.232	0.829253346851246
164.312	0.829062901700794
164.392	0.828908196994846
164.472	0.828785819733056
164.552	0.828692073303316
164.632	0.828623397871112
164.712	0.828576621145018
164.792	0.828549021689682
164.872	0.828538354953238
164.952	0.828542785788713
165.032	0.82856073720346
165.112	0.828590807361635
165.192	0.828631712878334
165.272	0.828682222902486
165.352	0.828741247703803
165.432	0.828808065774567
165.512	0.828882520619388
165.592	0.8289652403747
165.672	0.829057865470176
165.752	0.82916307835977
165.832	0.829284404875736
165.912	0.829425881448728
165.992	0.829591551126711
166.072	0.829784871876129
166.152	0.83000811680931
166.232	0.830261871414152
166.312	0.830544654752245
166.392	0.83085277939459
166.472	0.83118039278763
166.552	0.831519643765759
166.632	0.831860950085328
166.712	0.832193341888271
166.792	0.832504859802768
166.872	0.832782998314073
166.952	0.833015176258513
167.032	0.83318922297461
167.112	0.833293782847349
167.192	0.833318577029772
167.272	0.833254521542798
167.352	0.833093745807204
167.432	0.83282958473005
167.512	0.832456630527005
167.592	0.831970886356643
167.672	0.831370026034662
167.752	0.830653747071992
167.832	0.829824216304004
167.912	0.828886612815765
167.992	0.827849746442936
168.072	0.826726604538791
168.152	0.825534647592391
168.232	0.824295738661519
168.312	0.823035641725809
168.392	0.821783134122128
168.472	0.820568972760199
168.552	0.819424949678634
168.632	0.818383117542894
168.712	0.817475148274795
168.792	0.81673174676915
168.872	0.816182035788742
168.952	0.815852912018144
169.032	0.815768433837135
169.112	0.815949310540574
169.192	0.816412531781836
169.272	0.817171059194024
169.352	0.818233493955674
169.432	0.819603687045614
169.512	0.821280296810627
169.592	0.823256409262896
169.672	0.825519429495031
169.752	0.828051311648025
169.832	0.83082915780976
169.912	0.833826059563862
169.992	0.837011939199542
170.072	0.840354300691885
170.152	0.843818930261406
170.232	0.847370402157921
170.312	0.85097249247228
170.392	0.854588638971663
170.472	0.858182530697647
170.552	0.861718718818096
170.632	0.865163227237574
170.712	0.868483807571906
170.792	0.871649704423859
170.872	0.874630767197786
170.952	0.877396209398668
171.032	0.879913308745543
171.112	0.882146487240661
171.192	0.884057179151554
171.272	0.885604718270557
171.352	0.886748244809709
171.432	0.887449450761366
171.512	0.887675801891973
171.592	0.887403751767167
171.672	0.886621538917481
171.752	0.885331269549582
171.832	0.883550097387527
171.912	0.881310519526565
171.992	0.878659959307143
172.072	0.875659798161067
172.152	0.872384059876893
172.232	0.868917839101087
172.312	0.865355239002227
172.392	0.861796659181024
172.472	0.858345404854234
172.552	0.855103971081903
172.632	0.852170332853248
172.712	0.849634550440911
172.792	0.847575780898879
172.872	0.846059416666563
172.952	0.845134436026271
173.032	0.844830969787822
173.112	0.845158275137166
173.192	0.846103591637771
173.272	0.847632686864713
173.352	0.849691951089838
173.432	0.852211527924808
173.512	0.855109009247528
173.592	0.858293267507023
173.672	0.861668103347583
173.752	0.865135432129634
173.832	0.868598299909067
173.912	0.871963980111431
173.992	0.875147042515678
174.072	0.878072060318956
174.152	0.880675681478792
174.232	0.882907858696527
174.312	0.88473212724513
174.392	0.886125074120073
174.472	0.887075231266309
174.552	0.887581605540547
174.632	0.887652013002068
174.712	0.887301330184599
174.792	0.886549828488072
174.872	0.88542183927278
174.952	0.883944921489402
175.032	0.882149555403757
175.112	0.88006930215532
175.192	0.877741139787318
175.272	0.875205567819975
175.352	0.872506163300599
175.432	0.869688582920489
175.512	0.866798928944647
175.592	0.863881694710912
175.672	0.860977763000207
175.752	0.858122846193837
175.832	0.855346506940279
175.912	0.852671960829454
175.992	0.850116615416752
176.072	0.847692999154432
176.152	0.845409766139582
176.232	0.843272541015878
176.312	0.841284336100827
176.392	0.839445591229762
176.472	0.837754177806673
176.552	0.83620549592824
176.632	0.834792741228213
176.712	0.833507338948138
176.792	0.832339471324403
176.872	0.831278537125101
176.952	0.830313449077707
177.032	0.829432815307982
177.112	0.828625127322184
177.192	0.827878972707751
177.272	0.827183278896698
177.352	0.826527597283118
177.432	0.825902401302969
177.512	0.825299307090617
177.592	0.82471119581156
177.672	0.824132269378296
177.752	0.823558083651719
177.832	0.822985523784595
177.912	0.822412772904769
177.992	0.821839294959418
178.072	0.821265765699181
178.152	0.820808298995061
178.232	0.820312150393235
178.312	0.819787862892539
178.392	0.819249482457835
178.472	0.818712327941498
178.552	0.818191340245093
178.632	0.8177000097903
178.712	0.817249793294465
178.792	0.816849894573906
178.872	0.816507286218823
178.952	0.816226875910374
179.032	0.816011745996477
179.112	0.815863416284444
179.192	0.815782100717328
179.272	0.815766941629974
179.352	0.815816215366553
179.432	0.815927509827688
179.512	0.816097875424575
179.592	0.816323951819911
179.672	0.816602073138526
179.752	0.816928353841703
179.832	0.817298757142382
179.912	0.817709149090362
179.992	0.818155340198913
180.072	0.818633119791329
180.152	0.819138286578422
180.232	0.819666679062536
180.312	0.820214206842977
180.392	0.820776883761297
180.472	0.82135086061929
180.552	0.821932456016938
180.632	0.822518182011081
180.712	0.823104763868159
180.792	0.823689153146333
180.872	0.824268533059794
180.952	0.82484031712589
181.032	0.825402145559892
181.112	0.825951880147542
181.192	0.826487598338915
181.272	0.827007589161767
181.352	0.827510350761017
181.432	0.827994587511782
181.512	0.828459206929537
181.592	0.828903314811939
181.672	0.829326205271158
181.752	0.829727346190609
181.832	0.830106362156741
181.912	0.830463016631811
181.992	0.830797195121519
182.072	0.831108891194432
182.152	0.831398195021151
182.232	0.831665283898232
182.312	0.831910414189949
182.392	0.832133913935465
182.472	0.832336176099474
182.552	0.832517652684189
182.632	0.83267884957813
182.712	0.832820321363371
182.792	0.832942666032849
182.872	0.833046519548461
182.952	0.833132550287345
183.032	0.833201453798424
183.112	0.833253948163119
183.192	0.833290770266942
183.272	0.83331267295857
183.352	0.83332042263747
183.432	0.833314796780925
183.512	0.833296581270858
183.592	0.833266567524888
183.672	0.833225549556957
183.752	0.833174321203884
183.832	0.83311367346856
183.912	0.833044391682606
183.992	0.8329672525159
184.072	0.832883020987353
184.152	0.832792448018481
184.232	0.832696269395441
184.312	0.832595206657501
184.392	0.832489969621506
184.472	0.832381260351141
184.552	0.832269777346468
184.632	0.832156218285817
184.712	0.832041280501002
184.792	0.831925659757857
184.872	0.831810046948291
184.952	0.831695123432482
185.032	0.83158155636805
185.112	0.831469994681456
185.192	0.831361065450537
185.272	0.831255371905101
185.352	0.831153492940913
185.432	0.831055983955977
185.512	0.830963378574481
185.592	0.830876190775129
185.672	0.830794915967189
185.752	0.830720030004883
185.832	0.830651986379607
185.912	0.830591212572685
185.992	0.830538106733044
186.072	0.830493034851756
186.152	0.830456328887223
186.232	0.830428286639048
186.312	0.830409170900438
186.392	0.830399206932825
186.472	0.830398579202253
186.552	0.830407427393467
186.632	0.830425840612335
186.712	0.830453851774436
186.792	0.830491433069241
186.872	0.830538491273259
186.952	0.830594863553515
187.032	0.830660315605414
187.112	0.830734541873241
187.192	0.830817166884444
187.272	0.830907747633248
187.352	0.83100577636246
187.432	0.831110680484684
