0.072	0.0707369233176394
0.152	0.0710427821595943
0.232	0.0713828314052591
0.312	0.0717547513059174
0.392	0.0721563889781294
0.472	0.0725857483386392
0.552	0.0730409775588043
0.632	0.0735203547424987
0.712	0.074022271539917
0.792	0.0745452180793507
0.872	0.0750877717494234
0.952	0.0756485894490027
1.032	0.0762264026022024
1.112	0.0768200132582422
1.192	0.0774282892459439
1.272	0.0780501589507878
1.352	0.0786846059127413
1.432	0.0793306631391886
1.512	0.0799874081391465
1.592	0.0806539599128939
1.672	0.0813294761004215
1.752	0.082013149335836
1.832	0.0827042031604321
1.912	0.0834018880134124
1.992	0.0841054764798344
2.072	0.084814258453747
2.152	0.0855275360556504
2.232	0.0862446180961172
2.312	0.086964813614685
2.392	0.0876874254604161
2.472	0.0884117441489991
2.552	0.0891370439048558
2.632	0.0898625812357352
2.712	0.0905875971490389
2.792	0.0913113208761445
2.872	0.0920329741319108
2.952	0.0927517750308482
3.032	0.0934669410860067
3.112	0.0941776901139804
3.192	0.0948832405593123
3.272	0.0955828120829949
3.352	0.0962756258871593
3.432	0.0969609048424047
3.512	0.0976378742888926
3.592	0.0983057627481969
3.672	0.0989638017758523
3.752	0.0996112259600466
3.832	0.100247272958967
3.912	0.100871183179692
3.992	0.101482200298648
4.072	0.102079573536543
4.152	0.102662560152311
4.232	0.103230428716159
4.312	0.10378246194071
4.392	0.104317958316386
4.472	0.10483623179303
4.552	0.10533661063576
4.632	0.105818435898442
4.712	0.106281061947158
4.792	0.106723859013101
4.872	0.107146217302642
4.952	0.107547551940883
5.032	0.107927307643735
5.112	0.108284961116084
5.192	0.108620022356462
5.272	0.108932035024026
5.352	0.10922057665195
5.432	0.109485261662911
5.512	0.109725747477654
5.592	0.109941741242068
5.672	0.110133005476172
5.752	0.110299360961136
5.832	0.110440683842825
5.912	0.110556899975364
5.992	0.110647977475793
6.072	0.110713920247207
6.152	0.11075476464643
6.232	0.110770582564186
6.312	0.110761486886901
6.392	0.110727640243937
6.472	0.110669266094504
6.552	0.110586659801442
6.632	0.110480196942632
6.712	0.110350343758256
6.792	0.110197667070821
6.872	0.110022846834767
6.952	0.109826692169037
7.032	0.109610160527524
7.112	0.109374374140799
7.192	0.10912063610877
7.272	0.108850446077582
7.352	0.10856551754776
7.432	0.108267798299295
7.512	0.107959500875921
7.592	0.107643143764136
7.672	0.107321603380427
7.752	0.10699817626724
7.832	0.106676648064791
7.912	0.106361365648553
7.992	0.106057311949343
8.072	0.105770187218042
8.152	0.105506501102724
8.232	0.105273677382996
8.312	0.10508017155226
8.392	0.104935596429897
8.472	0.104850842363959
8.552	0.104838174371963
8.632	0.104911284078895
8.712	0.105085261165613
8.792	0.105376424554862
8.872	0.105801926522901
8.952	0.106379006028618
9.032	0.107123734519035
9.112	0.108049083298141
9.192	0.109162190692786
9.272	0.11046084344494
9.352	0.111929465804991
9.432	0.113535333864348
9.512	0.113952310728251
9.592	0.114266731147524
9.672	0.114472933811982
9.752	0.11456710099722
9.832	0.114546960964987
9.912	0.114411485871443
9.992	0.114160526593452
10.072	0.113794318504091
10.152	0.113313141935834
10.232	0.112717198292927
10.312	0.112006694568066
10.392	0.111182064686744
10.472	0.110244204624593
10.552	0.109194570022652
10.632	0.108035303898106
10.712	0.106769354710337
10.792	0.105400585047022
10.872	0.103933999576412
10.952	0.102376168781831
11.032	0.100735538230111
11.112	0.0990225008563641
11.192	0.0972492598735073
11.272	0.0954295345872254
11.352	0.0935781347397722
11.432	0.0917106369665532
11.512	0.0898431386775371
11.592	0.0879920490048391
11.672	0.0861738388107085
11.752	0.0844046963906351
11.832	0.0826999769227257
11.912	0.0810736445944542
11.992	0.0795378412405796
12.072	0.0781027002930443
12.152	0.0767762650430939
12.232	0.0755645434738028
12.312	0.0744716339630429
12.392	0.0734998461084331
12.472	0.0726497242253288
12.552	0.0719201029031353
12.632	0.0713081769333428
12.712	0.0708095872891761
12.792	0.0704185192970215
12.872	0.0701278276874007
12.952	0.0699291594910676
13.032	0.0698131118720369
13.112	0.0697694392354435
13.192	0.0697873031649294
13.272	0.0698555925595485
13.352	0.0699633105701594
13.432	0.0700999776024958
13.512	0.0702560061704105
13.592	0.0704229800803944
13.672	0.0705937907507348
13.752	0.0707626274187589
13.832	0.0709248661183608
13.912	0.071076902841213
13.992	0.0712160105125861
14.072	0.0713402302312431
14.152	0.0714482926411222
14.232	0.0715395353587098
14.312	0.0716138123823669
14.392	0.0716713942336753
14.472	0.071712877396493
14.552	0.0717391017651323
14.632	0.0717511005574067
14.712	0.0717500532702218
14.792	0.0717371699351759
14.872	0.071713519399708
14.952	0.0716798565426018
15.032	0.0716364963081162
15.112	0.0715832920995183
15.192	0.071519785101458
15.272	0.0714454308032089
15.352	0.0713598628400689
15.432	0.0712631309143887
15.512	0.0711558432689969
15.592	0.0710391433936195
15.672	0.0709146124920892
15.752	0.0707841587593236
15.832	0.0706499291864304
15.912	0.0705142850779055
15.992	0.0703798676958343
16.072	0.0702496728426638
16.152	0.0701271022209937
16.232	0.0700159413291033
16.312	0.0699202698567944
16.392	0.069844342950347
16.472	0.0697925190727631
16.552	0.0697692608036675
16.632	0.0697792206947554
16.712	0.0698273873494202
16.792	0.0699192433844189
16.872	0.0700608898438588
16.952	0.0702591168408446
17.032	0.0705214182013094
17.112	0.0708559481053328
17.192	0.0712714403198049
17.272	0.0717770811416756
17.352	0.072382340879841
17.432	0.0730967403210059
17.512	0.0739296078845371
17.592	0.0748898514257519
17.672	0.0759857587422914
17.752	0.0772248013115302
17.832	0.078613407674851
17.912	0.0801566152449311
17.992	0.081857636797082
18.072	0.0837174420566669
18.152	0.0857344584277087
18.232	0.0879045046529257
18.312	0.0902209136026784
18.392	0.0926747652401616
18.472	0.0952550529285929
18.552	0.0979487748165013
18.632	0.100740863071707
18.712	0.103614110694167
18.792	0.106549197751093
18.872	0.109524994780287
18.952	0.11251916733201
19.032	0.115509103925916
19.112	0.11847282197121
19.192	0.121389732503332
19.272	0.124241175639639
19.352	0.127010730177261
19.432	0.129684264740632
19.512	0.132249903195515
19.592	0.134697902889826
19.672	0.137020490882975
19.752	0.139211638897137
19.832	0.141266826885698
19.912	0.143182837914907
19.992	0.14495768856122
20.072	0.146590670518407
20.152	0.148082453992259
20.232	0.14943516350948
20.312	0.150652426768858
20.392	0.15173931928237
20.472	0.152702130913696
20.552	0.153547980005698
20.632	0.154284438203803
20.712	0.154919218629942
20.792	0.15545996690534
20.872	0.155914150623772
20.952	0.156289019075842
21.032	0.156591498885774
21.112	0.156828069302918
21.192	0.157004553893188
21.272	0.157125878071867
21.352	0.15719587630926
21.432	0.157217265380012
21.512	0.157191736423243
21.592	0.157120173901575
21.672	0.157002935467716
21.752	0.156840122263162
21.832	0.156631755805535
21.912	0.156377889310733
21.992	0.156078657062181
22.072	0.155734271031207
22.152	0.155344983772778
22.232	0.15491108449632
22.312	0.154432922562677
22.392	0.153910909998416
22.472	0.153345522612057
22.552	0.15273732791789
22.632	0.152087019931713
22.712	0.151395411976097
22.792	0.150663443828165
22.872	0.149892122280988
22.952	0.149082403470715
23.032	0.148235040708101
23.112	0.147350444930538
23.192	0.146428595159676
23.272	0.145469107683112
23.352	0.144471460890628
23.432	0.143435241033188
23.512	0.14236030342002
23.592	0.141246845557959
23.672	0.140095389237587
23.752	0.138906654162753
23.832	0.137681363849907
23.912	0.13642003678919
23.992	0.135122786600817
24.072	0.133789201212977
24.152	0.132418370719421
24.232	0.131008987688091
24.312	0.129559590593573
24.392	0.128068970002147
24.472	0.126536676698464
24.552	0.124963484993515
24.632	0.123351849491229
24.712	0.121706145286481
24.792	0.120032638461595
24.872	0.118339230452335
24.952	0.11663503634017
25.032	0.114929859555929
25.112	0.113233724426351
25.192	0.111556415157196
25.272	0.109907016592587
25.352	0.108293543335236
25.432	0.106722696630612
25.512	0.105199667840765
25.592	0.103728099779488
25.672	0.102310151882335
25.752	0.10094657118006
25.832	0.0996367952780304
25.912	0.0983791476663498
25.992	0.0971710641186689
26.072	0.0960093672253208
26.152	0.0948905845033039
26.232	0.0938112493915639
26.312	0.0927682403019219
26.392	0.0917591271222875
26.472	0.0907824442439562
26.552	0.0898379075491391
26.632	0.0889265683673841
26.712	0.0880507789550222
26.792	0.0872140265341557
26.872	0.0864206755925636
26.952	0.0856756514327515
27.032	0.0849840493616796
27.112	0.0843508377394926
27.192	0.0837806412406792
27.272	0.0832776635224661
27.352	0.0828456945347682
27.432	0.08248816150072
27.512	0.0822081462449944
27.592	0.0820084013073767
27.672	0.0818913442709288
27.752	0.081859064622023
27.832	0.0819133701077988
27.912	0.082055930129485
27.992	0.082288470638133
28.072	0.0826130003358969
28.152	0.0830319385929386
28.232	0.0835482078796588
28.312	0.0841652641122721
28.392	0.0848870139157327
28.472	0.0857175680686453
28.552	0.0866609362506381
28.632	0.0877206628714191
28.712	0.0888994624922077
28.792	0.0901988562700637
28.872	0.0916188758535839
28.952	0.0931578391803498
29.032	0.094812295114906
29.112	0.0965770733313605
29.192	0.0984454058095992
29.272	0.100409053506695
29.352	0.102458563625163
29.432	0.10458360535327
29.512	0.106773356513912
29.592	0.109016910428949
29.672	0.111303796281874
29.752	0.113624417016155
29.832	0.115970245060026
29.912	0.11833369606066
29.992	0.120707793825346
30.072	0.123085672538906
30.152	0.125460204123129
30.232	0.127823807515568
30.312	0.130168517785165
30.392	0.13248634636912
30.472	0.134769849390324
30.552	0.137012561670218
30.632	0.139209182897929
30.712	0.14135551679297
30.792	0.143448236710498
30.872	0.145484457221443
30.952	0.147461312842523
31.032	0.149375688285232
31.112	0.151224137869207
31.192	0.153002948591705
31.272	0.154708398757492
31.352	0.156337037440579
31.432	0.157885936460019
31.512	0.159352902744018
31.592	0.160736630683658
31.672	0.162036715305675
31.752	0.163253605378742
31.832	0.164388569573958
31.912	0.165443615333032
31.992	0.166421358106817
32.072	0.167324874261482
32.152	0.168157530393586
32.232	0.168922776692142
32.312	0.169624001887627
32.392	0.17026448695114
32.472	0.170847427641803
32.552	0.171376009943543
32.632	0.171853530089976
32.712	0.172283484944927
32.792	0.172669584371789
32.872	0.173015711339161
32.952	0.173325858184938
33.032	0.173604022326316
33.112	0.173854088806394
33.192	0.174079728040596
33.272	0.174284311099228
33.352	0.174470844613523
33.432	0.174641943185833
33.512	0.174799837346626
33.592	0.174946404756469
33.672	0.175083226440194
33.752	0.175211658588495
33.832	0.175332900819086
33.912	0.175448038098949
33.992	0.175558056074038
34.072	0.175663830501463
34.152	0.175766095739931
34.232	0.17586540246262
34.312	0.175962098081669
34.392	0.176056336488301
34.472	0.176148102180463
34.552	0.176237250419462
34.632	0.176323561642761
34.712	0.176406779443056
34.792	0.176486622824399
34.872	0.176562779755471
34.952	0.176634875750693
35.032	0.176702424900753
35.112	0.176764792706905
35.192	0.176821185154523
35.272	0.176870657429077
35.352	0.176912153844711
35.432	0.176944574813632
35.512	0.176966845115857
35.592	0.176977975160668
35.672	0.176977110260594
35.752	0.176963558137544
35.832	0.176936792895646
35.912	0.176896454579008
35.992	0.176842352577324
36.072	0.176774474258281
36.152	0.176692992300815
36.232	0.176598269996902
36.312	0.1764908524178
36.392	0.176371431085073
36.472	0.176240781267978
36.552	0.17609967781064
36.632	0.175948785309316
36.712	0.175788535995679
36.792	0.175618998218482
36.872	0.175439749044045
36.952	0.175249752432279
37.032	0.175047242639181
37.112	0.174829627672153
37.192	0.174593430973601
37.272	0.174334281795637
37.352	0.174046954824149
37.432	0.173725469511254
37.512	0.173363226848238
37.592	0.172953167150837
37.672	0.172487941728235
37.752	0.171960110649053
37.832	0.171362339837202
37.912	0.170687602244328
37.992	0.169929403510451
38.072	0.169082031248337
38.152	0.168140787093733
38.232	0.167102228732887
38.312	0.165964373134926
38.392	0.164726778719711
38.472	0.163390465217191
38.552	0.161957684635041
38.632	0.160431534348135
38.712	0.158815522125536
38.792	0.157113186843929
38.872	0.155327818086761
38.952	0.15346225734433
39.032	0.151518871406068
39.112	0.149499647033934
39.192	0.147406331137034
39.272	0.145240599017171
39.352	0.143004319087964
39.432	0.140699915479701
39.512	0.138330845388992
39.592	0.135902072292225
39.672	0.133420436724322
39.752	0.130894832876635
39.832	0.128336179674562
39.912	0.125757090492954
39.992	0.123171354624361
40.072	0.120593383588329
40.152	0.118037775459328
40.232	0.11551897443448
40.312	0.113051044269042
40.392	0.110647467580321
40.472	0.108320939039316
40.552	0.106083127221979
40.632	0.103944421245586
40.712	0.101913658131622
40.792	0.0999979821407635
40.872	0.0982028293484802
40.952	0.0965319927769599
41.032	0.0949877684975888
41.112	0.0935711485037416
41.192	0.0922819929090508
41.272	0.0911192772698257
41.352	0.0900813749641145
41.432	0.0891663289336009
41.512	0.0883721676699167
41.592	0.0876972602210628
41.672	0.087140513537264
41.752	0.086701383977271
41.832	0.0863797293700657
41.912	0.0861754742105916
41.992	0.0860881887736866
42.072	0.086116798254551
42.152	0.0862594414162743
42.232	0.0865134366919449
42.312	0.0868754919587502
42.392	0.0873420973295254
42.472	0.0879099440624884
42.552	0.0885762355783015
42.632	0.0893388622212399
42.712	0.0901962940844498
42.792	0.091147281498337
42.872	0.0921904397507944
42.952	0.0933237706819057
43.032	0.094544172258594
43.112	0.0958471736064723
43.192	0.0972268490692443
43.272	0.0986759018105374
43.352	0.100185939571105
43.432	0.101747895406078
43.512	0.103352442855311
43.592	0.104990378035922
43.672	0.106652942204988
43.752	0.108332026812974
43.832	0.110020274639368
43.912	0.111711110252855
43.992	0.113398689844502
44.072	0.115077835591677
44.152	0.116744007028984
44.232	0.118393305213914
44.312	0.120022498362601
44.392	0.121629023929898
44.472	0.123210896332779
44.552	0.12476656819959
44.632	0.126294710817859
44.712	0.127793916583329
44.792	0.129262407721143
44.872	0.130697738246937
44.952	0.132096530223265
45.032	0.133454412360805
45.112	0.134766178450292
45.192	0.136026112964856
45.272	0.137228475050591
45.352	0.138368138721745
45.432	0.139441109070702
45.512	0.140444880546141
45.592	0.141378591438382
45.672	0.142242929560069
45.752	0.143039819640506
45.832	0.143772081255719
45.912	0.1444430617573
45.992	0.145056323597913
46.072	0.145615430754589
46.152	0.146123837173974
46.232	0.146584833935748
46.312	0.147001585418622
46.392	0.147377209577058
46.472	0.1477148695121
46.552	0.148017783066308
46.632	0.148289150032525
46.712	0.148532016070959
46.792	0.148749143627612
