93.752	0.581522178497838
93.832	0.578867594252184
93.912	0.576168833253885
93.992	0.573438309388234
94.072	0.570690250231284
94.152	0.567939914434501
94.232	0.565202625081451
94.312	0.562492890595099
94.392	0.559823854811267
94.472	0.557207158476832
94.552	0.55465326602064
94.632	0.552171938686381
94.712	0.54977256078767
94.792	0.547464138799921
94.872	0.545255006166709
94.952	0.543152309944038
95.032	0.541161529161119
95.112	0.539286179785808
95.192	0.537527794209733
95.272	0.535886067086761
95.352	0.534359124407697
95.432	0.532943873361891
95.512	0.531636363188863
95.592	0.530432096720364
95.672	0.529326342918605
95.752	0.528314437295929
95.832	0.527392039805147
95.912	0.526555343670456
95.992	0.525801167873791
96.072	0.52512689818597
96.152	0.524530325627648
96.232	0.524009468405698
96.312	0.523562342198733
96.392	0.52318679913893
96.472	0.522880490412721
96.552	0.522640968770954
96.632	0.522465915822512
96.712	0.522353499469947
96.792	0.522302646189754
96.872	0.522313172569067
96.952	0.522385775827107
97.032	0.522521848241066
97.112	0.522723136190091
97.192	0.522991434070651
97.272	0.52332837998247
97.352	0.523735315506674
97.432	0.52421327569299
97.512	0.524763025154481
97.592	0.525385054899797
97.672	0.526079523329006
97.752	0.526846201227745
97.832	0.527684370953676
97.912	0.528592746516292
97.992	0.529569480337511
98.072	0.530612284688257
98.152	0.531718577750564
98.232	0.532885616383449
98.312	0.534110517621986
98.392	0.535390129637005
98.472	0.536720754186046
98.552	0.538097755006529
98.632	0.539515102911832
98.712	0.540965025921981
98.792	0.542437917131426
98.872	0.5439225183767
98.952	0.545406341842391
99.032	0.546876206787086
99.112	0.548318854316758
99.192	0.549721527820605
99.272	0.551072507563806
99.352	0.552361525310982
99.432	0.553580058037372
99.512	0.554721474491668
99.592	0.555781013977221
99.672	0.55675546446037
99.752	0.557642621378275
99.832	0.558440726914167
99.912	0.559148006802129
99.992	0.559762339520969
100.072	0.560281159632101
100.152	0.560701693393664
100.232	0.561021404981599
100.312	0.561238473994432
100.392	0.561352295490256
100.472	0.561363729699675
100.552	0.561274926700708
100.632	0.561088888820688
100.712	0.560808876651148
100.792	0.560437692852073
100.872	0.559977184025438
100.952	0.559428208178073
101.032	0.558790915062492
101.112	0.558065305984659
101.192	0.557252074683415
101.272	0.556353406669306
101.352	0.555373545336199
101.432	0.554319142314977
101.512	0.55319928831943
101.592	0.552025122351889
101.672	0.550809245395737
101.752	0.549565045496205
101.832	0.548305867596316
101.912	0.547044229452222
101.992	0.545791255918768
102.072	0.544556349846172
102.152	0.543347115491645
102.232	0.542169512482001
102.312	0.541028140960503
102.392	0.539926659037658
102.472	0.538868137904803
102.552	0.537855087396043
102.632	0.536889261192659
102.712	0.535971357932102
102.792	0.535100612222013
102.872	0.534274537232168
102.952	0.533489051601631
103.032	0.532738860102075
103.112	0.532018042337928
103.192	0.531320734355507
103.272	0.530641595429909
103.352	0.529975922396229
103.432	0.529319628129638
103.512	0.528669055078804
103.592	0.528020688724997
103.672	0.52737104779057
103.752	0.526716787793806
103.832	0.52605487554673
103.912	0.525382821217601
103.992	0.524698914221918
104.072	0.524002412713887
104.152	0.523293664774226
104.232	0.522574146346582
104.312	0.521846410243821
104.392	0.521113995218403
104.472	0.520381261566012
104.552	0.51965324288722
104.632	0.518935595002088
104.712	0.518234624577939
104.792	0.517557335627036
104.872	0.516911385549559
104.952	0.516304879395431
105.032	0.515746027005743
105.112	0.515242720212125
105.192	0.51480211612461
105.272	0.514430334509722
105.352	0.514132315339513
105.432	0.513911797585902
105.512	0.513771369334417
105.592	0.513712538450147
105.672	0.513735815643887
105.752	0.513840832609855
105.832	0.514026503863345
105.912	0.514291206481598
105.992	0.514632925067016
106.072	0.515049278655955
106.152	0.5155373756598
106.232	0.516093537640526
106.312	0.516712989633543
106.392	0.517389618111753
106.472	0.518115857767445
106.552	0.518882812231421
106.632	0.519680598193229
106.712	0.52049887098514
106.792	0.521327510747273
106.872	0.522157417182836
106.952	0.522981176664668
107.032	0.523793538401744
107.112	0.524591647453246
107.192	0.525374911706901
107.272	0.526144607026584
107.352	0.526903469652037
107.432	0.527655318921855
107.512	0.52840470288103
107.592	0.529156752871923
107.672	0.529917076881116
107.752	0.530691540935901
107.832	0.531485931154361
107.912	0.532305518226952
107.992	0.533154442392142
108.072	0.534035262882266
108.152	0.534948732901906
108.232	0.5358938268479
108.312	0.536867992231588
108.392	0.537867729964855
108.472	0.538889182909582
108.552	0.539928727663746
108.632	0.540983396042503
108.712	0.542050957237162
108.792	0.543129707892259
108.872	0.544218211882221
108.952	0.545314824726457
109.032	0.546417219492579
109.112	0.547522267915898
109.192	0.548626197632164
109.272	0.549724916151089
109.352	0.55081459187171
109.432	0.551892343638531
109.512	0.552956695565339
109.592	0.554007857236687
109.672	0.555047726201149
109.752	0.55607948145941
109.832	0.557106854703907
109.912	0.558133483430101
109.992	0.559162158015756
110.072	0.560194094850491
110.152	0.561228481344454
110.232	0.562262548798618
110.312	0.563291798154435
110.392	0.564310383954233
110.472	0.565311541888708
110.552	0.566287818864613
110.632	0.567230884963625
110.712	0.568131307786285
110.792	0.568978266875849
110.872	0.569759242430944
110.952	0.570460075574463
111.032	0.571065538333666
111.112	0.571559795330774
111.192	0.57192667875783
111.272	0.572149807811467
111.352	0.572212532309589
111.432	0.5720977132336
111.512	0.571787827581151
111.592	0.571265471283997
111.672	0.570514249453044
111.752	0.569519972885406
111.832	0.568271768843015
111.912	0.566762996544195
111.992	0.564991943609233
112.072	0.562962283002012
112.152	0.560683346723327
112.232	0.558170322941262
112.312	0.555444406216292
112.392	0.552532859681104
112.472	0.549468787052053
112.552	0.546290394022545
112.632	0.543040079460685
112.712	0.539763420880757
112.792	0.536507936943611
112.872	0.533321674341177
112.952	0.530251906137227
113.032	0.527343907315494
113.112	0.524639753068737
113.192	0.522177251883829
113.272	0.519989079143766
113.352	0.518102143312259
113.432	0.516537308533355
113.512	0.515309396779696
113.592	0.514427428539339
113.672	0.513895018041691
113.752	0.51371081431363
113.832	0.513868921336073
113.912	0.514359341356762
113.992	0.515168518174963
114.072	0.51627999613461
114.152	0.517675189726926
114.232	0.519334230812046
114.312	0.521236744990862
114.392	0.523362393076066
114.472	0.525691161280488
114.552	0.528203379693931
114.632	0.530879583029556
114.712	0.533700383781689
114.792	0.536646532658015
114.872	0.539699104768584
114.952	0.542839853580158
115.032	0.546051585180162
115.112	0.549318414218742
115.192	0.552625829137821
115.272	0.555960637269703
115.352	0.559310726961936
115.432	0.562664901154815
115.512	0.566012741448912
115.592	0.569344536265458
115.672	0.57265121707707
115.752	0.575924312977836
115.832	0.57915574869595
115.912	0.58233766046197
115.992	0.585462214955836
116.072	0.588521457738008
116.152	0.591507220182816
116.232	0.594411238354407
116.312	0.597225303054646
116.392	0.599941451602344
116.472	0.602552307706386
116.552	0.605051450871354
116.632	0.607433535115842
116.712	0.609694397908552
116.792	0.611831025457153
116.872	0.613841365959015
116.952	0.615724126309448
117.032	0.617478785533596
117.112	0.619105515453295
117.192	0.620605205472021
117.272	0.62197957972484
117.352	0.62323122148258
117.432	0.624363351164032
117.512	0.62537966377074
117.592	0.626284016635783
117.672	0.62708002337585
117.752	0.627770748130683
117.832	0.628358571337767
117.912	0.628845118930325
117.992	0.629231536068364
118.072	0.629518965060196
118.152	0.629709068516146
118.232	0.629804466661088
118.312	0.629809095244877
118.392	0.629728283549927
118.472	0.629568493322363
118.552	0.629336905787152
118.632	0.629041091663051
118.712	0.628688764467366
118.792	0.628287600753783
118.872	0.627845194914887
118.952	0.627369054875938
119.032	0.626866531561699
119.112	0.626344832659495
119.192	0.625810997407921
119.272	0.625271716446097
119.352	0.624733127740217
119.432	0.624200719016809
119.512	0.623679097962548
119.592	0.623171778670834
119.672	0.622681220289099
119.752	0.622209023284736
119.832	0.621756187544793
119.912	0.621323407109148
119.992	0.620911112265173
120.072	0.620519198384958
120.152	0.620146611204849
120.232	0.619790816549365
120.312	0.619447308639845
120.392	0.619109519017595
120.472	0.6187692259189
120.552	0.618417176818415
120.632	0.618043790483139
120.712	0.617639753783219
120.792	0.617196452683995
120.872	0.616706200896314
120.952	0.616162423483427
121.032	0.615559862893821
121.112	0.61489507679288
121.192	0.614167133414735
121.272	0.613378134565746
121.352	0.612533258739393
121.432	0.611640347979634
121.512	0.610708808379297
121.592	0.609748047660485
121.672	0.608765965939245
121.752	0.60776784802707
121.832	0.606755924406453
121.912	0.605729797784907
121.992	0.604687418112608
122.072	0.603626151472003
122.152	0.602543793496078
122.232	0.60143930207887
122.312	0.60031296188949
122.392	0.599166200706929
122.472	0.598001394989563
122.552	0.59682169008391
122.632	0.595630852512659
122.712	0.594433237909801
122.792	0.593233790157559
122.872	0.592037922527528
122.952	0.590851331881741
123.032	0.589679770564626
123.112	0.588528846129147
123.192	0.587403714769163
123.272	0.586308798080243
123.352	0.585247684924727
123.432	0.584223192916479
123.512	0.583237618496735
123.592	0.582293291865479
123.672	0.581393170074389
123.752	0.580541238744015
123.832	0.579742687354436
123.912	0.579003672340203
123.992	0.578330617851481
124.072	0.577729349314662
124.152	0.577204345193916
124.232	0.576758168753503
124.312	0.576391254481333
124.392	0.576102201842541
124.472	0.575888325871599
124.552	0.575746153827293
124.632	0.575671724490842
124.712	0.575660608200071
124.792	0.575707751359378
124.872	0.57580728038317
124.952	0.575952458618485
125.032	0.576135852758409
125.112	0.576349814482814
125.192	0.576587177320814
125.272	0.576841897310036
125.352	0.57710945366706
125.432	0.577386892585142
125.512	0.577672486309933
125.592	0.57796495709847
125.672	0.578262629578521
125.752	0.578562693303756
125.832	0.578860693309462
125.912	0.579150467279295
125.992	0.579424464784704
126.072	0.579674239566781
126.152	0.579891014178568
126.232	0.580066240619384
126.312	0.580191849723715
126.392	0.58026018362985
126.472	0.580263728802041
126.552	0.580194726205516
126.632	0.580044843414878
126.712	0.579805338455269
126.792	0.579467627995111
126.872	0.579024021464942
126.952	0.578468454751455
127.032	0.57779718671399
127.112	0.57700911506824
127.192	0.576105784749277
127.272	0.575091138294308
127.352	0.57397127232603
127.432	0.572754356192345
127.512	0.571450702485766
127.592	0.570072865461579
127.672	0.568635848221486
127.752	0.567157168115212
127.832	0.565656505359936
127.912	0.564155059572652
127.992	0.562674814704931
128.072	0.561237795434902
128.152	0.559865440648299
128.232	0.558578238509821
128.312	0.557395399782532
128.392	0.556334590088877
128.472	0.555411771894537
128.552	0.554641059449683
128.632	0.554034485522532
128.712	0.553601928011542
128.792	0.553351260853344
128.872	0.553288720690805
128.952	0.553419361225988
129.032	0.553747633636558
129.112	0.554277945962991
129.192	0.555014982821671
129.272	0.555963761075031
129.352	0.557129592327964
129.432	0.558517783828794
129.512	0.560133112329932
129.592	0.561979280679683
129.672	0.564058323172549
129.752	0.566369904381855
129.832	0.568910747003859
129.912	0.571674204181956
129.992	0.57464988025016
130.072	0.577823457129323
130.152	0.581176756866785
130.232	0.584687918572893
130.312	0.588331841941294
130.392	0.592080970321579
130.472	0.595906176347849
130.552	0.599777813238585
130.632	0.603666803693425
130.712	0.607545484123566
130.792	0.6113882251374
130.872	0.615171848826503
130.952	0.618875721398137
131.032	0.622481746918698
131.112	0.625974298167197
131.192	0.629339991375996
131.272	0.632567390950296
131.352	0.635646838480401
131.432	0.638570286570801
131.512	0.64133118553622
131.592	0.643924604612739
131.672	0.646347510636584
131.752	0.64859905744515
131.832	0.650680851217739
131.912	0.652597079115299
131.992	0.654354417415032
132.072	0.655961835789473
132.152	0.657430239197804
132.232	0.658772010252118
132.312	0.660000539224431
132.392	0.661129729003289
132.472	0.662173474322511
132.552	0.66314514915474
132.632	0.664057158435721
132.712	0.664920739888611
132.792	0.66574593257749
132.872	0.666541698103398
132.952	0.667316180137288
133.032	0.668077041780773
133.112	0.668831678454207
133.192	0.66958724294366
133.272	0.670350487545473
133.352	0.671127454996917
133.432	0.67192308862607
133.512	0.672740853712735
133.592	0.673582402857701
133.672	0.674447381777934
133.752	0.675333454712185
133.832	0.676236508028037
133.912	0.67715100615936
133.992	0.678070441633704
134.072	0.678987767040478
134.152	0.679895728055083
134.232	0.68078707797164
134.312	0.681654685636911
134.392	0.682491606497759
134.472	0.683291139210962
134.552	0.684046877165866
134.632	0.684752789590473
134.712	0.685403303310988
134.792	0.685993346616339
134.872	0.686518360408893
134.952	0.686974325099637
135.032	0.687357818241633
135.112	0.687666111027024
135.192	0.687897306823341
135.272	0.688050476614247
135.352	0.688125764806198
135.432	0.688124467890713
135.512	0.688049072225478
135.592	0.687903265841623
135.672	0.687691933877826
135.752	0.687421098829727
135.832	0.687097809368193
135.912	0.686729980976491
135.992	0.686326163641919
136.072	0.685895270503405
136.152	0.685446332430498
136.232	0.684988293524977
136.312	0.684529913225614
136.392	0.684079772668635
136.472	0.683646307018247
136.552	0.68323784682546
136.632	0.682862684018854
136.712	0.682528981362221
136.792	0.68224448404008
136.872	0.682016134286311
136.952	0.681849656461647
137.032	0.681749167131766
137.112	0.681716921992585
137.192	0.681753279721161
137.272	0.681856836428619
137.352	0.682024637967739
137.432	0.682252384629788
137.512	0.68253460146239
137.592	0.682864782155047
137.672	0.683235553195356
137.752	0.683638895682517
137.832	0.684066360668464
137.912	0.68450928777774
137.992	0.684959027386011
138.072	0.68540707755383
138.152	0.685845107018618
138.232	0.686264992377811
138.312	0.686658886710671
138.392	0.687019298726309
138.472	0.687339189123332
138.552	0.687612102962273
138.632	0.687832313734727
138.712	0.687995011248358
138.792	0.688096497281204
138.872	0.688134338370727
138.952	0.688107438297802
139.032	0.688015972894458
139.112	0.687861163843404
139.192	0.687644946416466
139.272	0.687369594368388
139.352	0.687037377834169
139.432	0.686650322175208
139.512	0.686210066564112
139.592	0.685717823537882
139.672	0.685174452141293
139.752	0.684580546875932
139.832	0.683936545873333
139.912	0.683242900569464
139.992	0.682500288305118
140.072	0.681709742517963
140.152	0.680872822845313
140.232	0.679991722284637
140.312	0.679069216992982
140.392	0.67810845298504
140.472	0.677112642179818
140.552	0.676084593244479
