0.072	0.0944491833345318
0.152	0.0943668851223508
0.232	0.0943116314885978
0.312	0.0942825894974472
0.392	0.0942789236619325
0.472	0.094299795866668
0.552	0.094344365120183
0.632	0.0944117872036631
0.712	0.0945012141873856
0.792	0.0946117939391266
0.872	0.0947426698351036
0.952	0.0948929807054995
1.032	0.0950618606649418
1.112	0.0952484387285577
1.192	0.0954518386840527
1.272	0.0956711795518979
1.352	0.0959055768685259
1.432	0.0961541450870673
1.512	0.0964160008507231
1.592	0.096690266767505
1.672	0.0969760752065353
1.752	0.0972725718438006
1.832	0.0975789183952687
1.912	0.0978942945655782
1.992	0.0982178999017809
2.072	0.09854895587552
2.152	0.0988867081168603
2.232	0.099230428763217
2.312	0.0995794187499133
2.392	0.0999330098457829
2.472	0.100290566322744
2.552	0.100651486137768
2.632	0.10101520228579
2.712	0.101381184378796
2.792	0.101748939518851
2.872	0.102118012304785
2.952	0.102487984415458
3.032	0.1028584734626
3.112	0.103229131187498
3.192	0.103599641552695
3.272	0.103969719054689
3.352	0.10433910696642
3.432	0.104707576079347
3.512	0.10507492375112
3.592	0.105440972364997
3.672	0.105805567287504
3.752	0.106168574677356
3.832	0.106529879042846
3.912	0.106889381054293
3.992	0.107246996997391
4.072	0.107602659748545
4.152	0.107956320636292
4.232	0.108307952041868
4.312	0.108657550662708
4.392	0.10900513990949
4.472	0.109350771134242
4.552	0.109694523932616
4.632	0.110036505247359
4.712	0.110376847287058
4.792	0.110715705413138
4.872	0.11105325545652
4.952	0.111389690533328
5.032	0.111725217683766
5.112	0.112060054513553
5.192	0.112394425433254
5.272	0.112728558560888
5.352	0.113062683630538
5.432	0.113397030207036
5.512	0.113731825714794
5.592	0.114067293122729
5.672	0.114403648078465
5.752	0.114741096859453
5.832	0.115079835425064
5.912	0.11542004975503
5.992	0.11576191787193
6.072	0.116105613100487
6.152	0.116451306301398
6.232	0.11679916644001
6.312	0.117149359264638
6.392	0.117502042900674
6.472	0.117857361092524
6.552	0.118215436047145
6.632	0.118576361512639
6.712	0.11894019598788
6.792	0.119306958127123
6.872	0.119676623657003
6.952	0.120049121484187
7.032	0.120424328955105
7.112	0.120802067948824
7.192	0.121182100142391
7.272	0.12156412106024
7.352	0.121947754090134
7.432	0.12233254475614
7.512	0.12271795373743
7.592	0.12310334920994
7.672	0.123487996948935
7.752	0.12387104738335
7.832	0.124251519506498
7.912	0.124628283392476
7.992	0.125000040260975
8.072	0.125365300188996
8.152	0.125722356789428
8.232	0.126069257347665
8.312	0.126403764632553
8.392	0.126723308545548
8.472	0.127024925504502
8.552	0.127305184736294
8.632	0.127560099487099
8.712	0.127785024561056
8.792	0.127974545326011
8.872	0.128122366506804
8.952	0.128221215927992
9.032	0.128262789577331
9.112	0.128237777081697
9.192	0.128136025358253
9.272	0.127946916968042
9.352	0.12766003435736
9.432	0.127266124600656
9.512	0.126861375781046
9.592	0.12643037287011
9.672	0.125976440981199
9.752	0.125503107704285
9.832	0.125014050769058
9.912	0.124513094993191
9.992	0.12400425936174
10.072	0.123491810464492
10.152	0.122980324557915
10.232	0.122474728046118
10.312	0.121980257981827
10.392	0.121502302149536
10.472	0.121046139052366
10.552	0.120616644106262
10.632	0.120218022696847
10.712	0.119853610608935
10.792	0.119525777918442
10.872	0.11923594666649
10.952	0.118984685908272
11.032	0.118771833016092
11.112	0.1185966550403
11.192	0.118457997653267
11.272	0.118354380678973
11.352	0.118284109191995
11.432	0.118245399427258
11.512	0.118236436423894
11.592	0.118255385829877
11.672	0.118300372909434
11.752	0.118369419554438
11.832	0.118460404747891
11.912	0.118571091770351
11.992	0.118699224278861
12.072	0.118842681461985
12.152	0.118999625193632
12.232	0.11916858546906
12.312	0.11934847461513
12.392	0.119538526974154
12.472	0.119738193231468
12.552	0.119947047914781
12.632	0.120164725435396
12.712	0.120390857091034
12.792	0.12062503848483
12.872	0.12086678977988
12.952	0.121115444142601
13.032	0.121370012519535
13.112	0.121629071418425
13.192	0.121890659002906
13.272	0.122152230203871
13.352	0.122410730337854
13.432	0.122662708433341
13.512	0.122904455083706
13.592	0.123132187354875
13.672	0.12334225640167
13.752	0.123531323197379
13.832	0.123696513991255
13.912	0.123835541393499
13.992	0.123946730886557
14.072	0.124028956346336
14.152	0.124081562629379
14.232	0.124104253059826
14.312	0.124096987372268
14.392	0.124059929854858
14.472	0.123993449933928
14.552	0.123898121365495
14.632	0.123774740643554
14.712	0.123624340992368
14.792	0.123448164896686
14.872	0.12324760365192
14.952	0.12302414515958
15.032	0.122779317996346
15.112	0.122514680501171
15.192	0.122231850182994
15.272	0.121932561267303
15.352	0.121618717532792
15.432	0.121292452248314
15.512	0.120956120393238
15.592	0.120612242830107
15.672	0.120263437159978
15.752	0.119912315829553
15.832	0.119561347185702
15.912	0.119212762010977
15.992	0.11886849599389
16.072	0.118530136374792
16.152	0.118198916024762
16.232	0.117875751523563
16.312	0.117561236201794
16.392	0.117255632045748
16.472	0.116958905319045
16.552	0.116670761541052
16.632	0.116390680403923
16.712	0.116118000056276
16.792	0.115852005326807
16.872	0.11559199122272
16.952	0.115337319715558
17.032	0.115087458972066
17.112	0.114841970151853
17.192	0.114600471954945
17.272	0.114362613026638
17.352	0.114128068891033
17.432	0.113896545855062
17.512	0.113667809675435
17.592	0.113441731641202
17.672	0.113218325630435
17.752	0.112997739123132
17.832	0.112780237210932
17.912	0.112566166417456
17.992	0.112355870365277
18.072	0.112149568834836
18.152	0.111947271202117
18.232	0.111748697486108
18.312	0.111553280601115
18.392	0.111360299373832
18.472	0.111169083755908
18.552	0.110979202556091
18.632	0.1107906375358
18.712	0.110603857786021
18.792	0.110419755975311
18.872	0.110239477078162
18.952	0.110064212454668
19.032	0.109894971423523
19.112	0.109732451576312
19.192	0.109577037396555
19.272	0.109428894152631
19.352	0.109288104403419
19.432	0.109154843219145
19.512	0.109029509084678
19.592	0.108912817628989
19.672	0.10880584921042
19.752	0.108710023059883
19.832	0.108627033718121
19.912	0.108558784219296
19.992	0.108507270800024
20.072	0.108474450360807
20.152	0.108462190614808
20.232	0.108472280634449
20.312	0.108506465044408
20.392	0.108566505299992
20.472	0.10865426487696
20.552	0.108771761822555
20.632	0.10892118882691
20.712	0.109104853349247
20.792	0.109325050853345
20.872	0.10958391032857
20.952	0.109883215947124
21.032	0.110224181226816
21.112	0.110607275876725
21.192	0.11103217141743
21.272	0.111497834834369
21.352	0.112002766653056
21.432	0.112545335892418
21.512	0.113124106917956
21.592	0.113738093978818
21.672	0.114386880668105
21.752	0.115070553697523
21.832	0.115789502648361
21.912	0.116544186931348
21.992	0.117334908367487
22.072	0.118161605739676
22.152	0.119023702736164
22.232	0.119919997844336
22.312	0.120848554989994
22.392	0.121806577904868
22.472	0.122790313132544
22.552	0.123795002118391
22.632	0.124814866808455
22.712	0.125843138066092
22.792	0.126872149093573
22.872	0.127893479636657
22.952	0.128898138927993
23.032	0.129876792390645
23.112	0.130819992485521
23.192	0.131718385234869
23.272	0.132562884064226
23.352	0.133344809003477
23.432	0.134056033705673
23.512	0.134689167727151
23.592	0.135237775135209
23.672	0.135696609803751
23.752	0.136061820822801
23.832	0.136331057263426
23.912	0.136503449951621
23.992	0.136579494872987
24.072	0.136560875885057
24.152	0.136450290593997
24.232	0.136251329199328
24.312	0.135968412050561
24.392	0.135606786181072
24.472	0.135172558473094
24.552	0.1346727174576
24.632	0.134115134169922
24.712	0.133508536829541
24.792	0.132862441885936
24.872	0.1321870637015
24.952	0.131493237120786
25.032	0.130792298119386
25.112	0.130095896732821
25.192	0.129415766581968
25.272	0.128763455686258
25.352	0.128150003714602
25.432	0.127585662962157
25.512	0.127079659759723
25.592	0.126639987633877
25.672	0.126273251183509
25.752	0.125984575870138
25.832	0.125777518459569
25.912	0.125654013987201
25.992	0.125614385001681
26.072	0.125657444325318
26.152	0.125780659122064
26.232	0.125980351215432
26.312	0.126251865720145
26.392	0.126589708227565
26.472	0.126987646017368
26.552	0.12743881450832
26.632	0.127935855113234
26.712	0.128471104388104
26.792	0.129036802860188
26.872	0.129625278779056
26.952	0.130229068959812
27.032	0.13084096771812
27.112	0.131454047172637
27.192	0.132061639973647
27.272	0.132657307154291
27.352	0.133234760394255
27.432	0.133787758798228
27.512	0.13430998094272
27.592	0.134794910276376
27.672	0.135235781658841
27.752	0.135625656461955
27.832	0.135957606057433
27.912	0.136224982536926
27.992	0.136421731440897
28.072	0.136542681375374
28.152	0.13658374441298
28.232	0.136542027730752
28.312	0.136415863334686
28.392	0.136204791163435
28.472	0.135909525567359
28.552	0.135531894027237
28.632	0.135074753508574
28.712	0.134541881971288
28.792	0.133937826791317
28.872	0.133267729749015
28.952	0.132537171497868
29.032	0.131752017328273
29.112	0.130918271932838
29.192	0.130041959917937
29.272	0.129129016267556
29.352	0.128185155865073
29.432	0.127215718859496
29.512	0.126225525775204
29.592	0.125218767934802
29.672	0.124198949672568
29.752	0.123168904548974
29.832	0.122130901398634
29.912	0.121086779887074
29.992	0.120038088957502
30.072	0.118986266260522
30.152	0.117932800982512
30.232	0.116879311710521
30.312	0.115827605972282
30.392	0.114779694116534
30.472	0.11373771300289
30.552	0.112703851164377
30.632	0.111680322428523
30.712	0.110669300681536
30.792	0.1096728603273
30.872	0.108692977969568
30.952	0.107731548811732
31.032	0.106790400612892
31.112	0.105871326931733
31.192	0.104976130552792
31.272	0.104106665574483
31.352	0.103264875137394
31.432	0.102452806774237
31.512	0.10167260729832
31.592	0.100926499115516
31.672	0.100216738201536
31.752	0.0995455600741953
31.832	0.0989151203325401
31.912	0.0983274331090673
31.992	0.0977842928825157
32.072	0.0972871626055922
32.152	0.0968370160220702
32.232	0.0964341787475739
32.312	0.0960782162609299
32.392	0.0957678802513225
32.472	0.0955011320608291
32.552	0.0952752386801607
32.632	0.0950869280118913
32.712	0.0949325607745694
32.792	0.094808301430038
32.872	0.0947102913865833
32.952	0.0946348146777823
33.032	0.0945784511214786
33.112	0.0945382153709103
33.192	0.0945116733221185
33.272	0.0944970215576983
33.352	0.0944931281074995
33.432	0.0944995342647148
33.512	0.0945164129832181
33.592	0.0945444895529687
33.672	0.0945849341635036
33.752	0.0946392356742952
33.832	0.0947090733216183
33.912	0.0947962068035058
33.992	0.0949024077358026
34.072	0.0950294345136941
34.152	0.095179044514461
34.232	0.0953530241838719
34.312	0.0955532165475226
34.392	0.0957815210036906
34.472	0.0960398603351107
34.552	0.0963301295266925
34.632	0.0966541459763377
34.712	0.0970136135299848
34.792	0.0974101288164581
34.872	0.0978452196570394
34.952	0.0983203763792443
35.032	0.0988370493841843
35.112	0.0993966066209296
35.192	0.100000217464086
35.272	0.100648689974144
35.352	0.101342316137323
35.432	0.102080756489313
35.512	0.1028629515518
35.592	0.103687087737898
35.672	0.104550572683275
35.752	0.105450016904679
35.832	0.106381216871244
35.912	0.10733916464147
35.992	0.108318071367498
36.072	0.109311482242668
36.152	0.110312466898847
36.232	0.111313857791693
36.312	0.112308512421382
36.392	0.113289586870126
36.472	0.114250747690846
36.552	0.115186355435256
36.632	0.116091611954068
36.712	0.116962649069232
36.792	0.117796545688592
36.872	0.118591306691085
36.952	0.11934575881452
37.032	0.120059385138986
37.112	0.120732168746558
37.192	0.121364460997826
37.272	0.121956862265892
37.352	0.122510145845491
37.432	0.123025230287361
37.512	0.123503174642331
37.592	0.123945205919071
37.672	0.12435276624347
37.752	0.124727531235369
37.832	0.125071396933884
37.912	0.125386434343379
37.992	0.125674784474777
38.072	0.125938523809978
38.152	0.126179541160395
38.232	0.126399431018206
38.312	0.126599450083695
38.392	0.126780574282007
38.472	0.126943609148326
38.552	0.127089316464303
38.632	0.127218522314434
38.712	0.127332111342116
38.792	0.127430903533675
38.872	0.12751551803018
38.952	0.127586246767169
39.032	0.12764298761995
39.112	0.127685307666163
39.192	0.127712628058813
39.272	0.127724423102672
39.352	0.127720408582384
39.432	0.127700653341186
39.512	0.127665554688911
39.592	0.127615722557204
39.672	0.127551831034821
39.752	0.127474433160146
39.832	0.127383835941823
39.912	0.127280082967538
39.992	0.127162994951498
40.072	0.127032219145819
40.152	0.126887324077617
40.232	0.126727868841439
40.312	0.126553458932552
40.392	0.126363803120009
40.472	0.126158777140017
40.552	0.125938478455632
40.632	0.12570331513619
40.712	0.125454083625199
40.792	0.125192016368292
40.872	0.124918798200941
40.952	0.124636537132373
41.032	0.124347674060777
41.112	0.124054880479822
41.192	0.123760928766429
41.272	0.123468569351432
41.352	0.123180416262245
41.432	0.122898847765563
41.512	0.122625917467557
41.592	0.122363328786615
41.672	0.12211244648685
41.752	0.121874348480999
41.832	0.121649909070164
41.912	0.121439897789958
41.992	0.121245038499343
42.072	0.121066000033584
42.152	0.120903335051014
42.232	0.120757387334834
42.312	0.120628173490472
42.392	0.120515304274927
42.472	0.120417991866495
42.552	0.12033514955812
42.632	0.120265526279657
42.712	0.120207875754527
42.792	0.12016110974856
42.872	0.120124377341532
42.952	0.120097067822345
43.032	0.120078746758188
43.112	0.120069021258897
43.192	0.120067388643438
43.272	0.12007312281898
43.352	0.120085198765121
43.432	0.120102244573483
43.512	0.120122523549677
43.592	0.120143940038906
43.672	0.120164036587424
43.752	0.120179998964677
43.832	0.120188707799882
43.912	0.120186828404985
43.992	0.120170928610364
44.072	0.120137640058548
44.152	0.120083791532412
44.232	0.120006512647477
44.312	0.119903326636117
44.392	0.119772213225543
44.472	0.119611630298816
44.552	0.119420553833479
44.632	0.119198509824971
44.712	0.118945576231725
44.792	0.118662359309452
44.872	0.118349939035037
44.952	0.11800977846265
45.032	0.117643645768336
45.112	0.117253577803311
45.192	0.116841868156395
45.272	0.11641109913626
45.352	0.115964208029466
45.432	0.115504560398797
45.512	0.115035995130185
45.592	0.114562825987535
45.672	0.114089771149688
45.752	0.113621815929001
45.832	0.113163957873664
45.912	0.112720890214058
45.992	0.112296652272546
46.072	0.111894327950329
46.152	0.111515838238802
46.232	0.111161918439903
46.312	0.110832255486624
46.392	0.110525754632358
46.472	0.110240835953146
46.552	0.109975712261381
46.632	0.10972856039701
46.712	0.109497550995045
46.792	0.109280719113818
