93.752	0.573821595630957
93.832	0.571695250656834
93.912	0.569533053527799
93.992	0.567347100935252
94.072	0.565149600183173
94.152	0.56295260625446
94.232	0.560767863646867
94.312	0.55860676151605
94.392	0.556480296298095
94.472	0.554399120492544
94.552	0.552373561650093
94.632	0.550413577196278
94.712	0.548528715046694
94.792	0.546728118244353
94.872	0.545020530204763
94.952	0.543414348455312
95.032	0.541917630270256
95.112	0.540537967253397
95.192	0.539282236164585
95.272	0.538156318617773
95.352	0.537164831330597
95.432	0.536310927790737
95.512	0.535596171810767
95.592	0.535020463518091
95.672	0.534581989185178
95.752	0.534277186746924
95.832	0.534100728372927
95.912	0.534045559498815
95.992	0.534103050153754
96.072	0.534263258463338
96.152	0.534515274215871
96.232	0.534847614595009
96.312	0.535248617129203
96.392	0.535706786790897
96.472	0.536211090003942
96.552	0.53675117555261
96.632	0.537317480283374
96.712	0.537901237619277
96.792	0.5384943642892
96.872	0.539089252716476
96.952	0.539678538225079
97.032	0.540254945447018
97.112	0.540811162139655
97.192	0.541339816613732
97.272	0.541833606394573
97.352	0.542285587618409
97.432	0.542689504646831
97.512	0.543040177196517
97.592	0.543333821511418
97.672	0.54356823809107
97.752	0.543742746123247
97.832	0.543857889108836
97.912	0.543914960957502
97.992	0.5439155623097
98.072	0.543861240539254
98.152	0.543753396979227
98.232	0.543593477317
98.312	0.54338333717627
98.392	0.543125574319224
98.472	0.542823730022541
98.552	0.542482202390574
98.632	0.542105901644839
98.712	0.541699825910083
98.792	0.54126870222023
98.872	0.540816796731836
98.952	0.540348027182116
99.032	0.53986628779904
99.112	0.539375802416732
99.192	0.538881383196227
99.272	0.538388475878989
99.352	0.537902968692503
99.432	0.537430863956314
99.512	0.536977903012435
99.592	0.536549218419833
99.672	0.536149118968979
99.752	0.535780979405992
99.832	0.535447229689858
99.912	0.535149432634953
99.992	0.534888392687201
100.072	0.53466425979654
100.152	0.534476651659848
100.232	0.534324764381698
100.312	0.534207447628781
100.392	0.53412325406643
100.472	0.534070469739995
100.552	0.534047133578867
100.632	0.534051078498355
100.712	0.534080005058702
100.792	0.534131584990302
100.872	0.534203579201332
100.952	0.534293949206738
101.032	0.534400953503426
101.112	0.534523221972713
101.192	0.534659801082445
101.272	0.534810160038152
101.352	0.53497416096802
101.432	0.535151995632259
101.512	0.535344113152562
101.592	0.535551156096112
101.672	0.535773934566866
101.752	0.536013451216971
101.832	0.53627095284778
101.912	0.536547945684149
101.992	0.536846133481714
102.072	0.537167259909048
102.152	0.537512863411792
102.232	0.537883995642606
102.312	0.538281006093261
102.392	0.538703469553589
102.472	0.539150284920801
102.552	0.539619915721886
102.632	0.54011071257245
102.712	0.540621185089688
102.792	0.541150195522086
102.872	0.541697022989169
102.952	0.542261217173785
103.032	0.542842342092297
103.112	0.543439726256267
103.192	0.544052211260347
103.272	0.544677981153836
103.352	0.545314559076662
103.432	0.545958972019303
103.512	0.54660801283734
103.592	0.547258543197814
103.672	0.547907701853515
103.752	0.548552952951056
103.832	0.54919197035764
103.912	0.549822356410964
103.992	0.55044124804676
104.072	0.551044951698608
104.152	0.551628733742902
104.232	0.552186822913474
104.312	0.552712665534792
104.392	0.55319938295779
104.472	0.55364034669255
104.552	0.554029785654731
104.632	0.554363171784772
104.712	0.554637313716463
104.792	0.554850227046132
104.872	0.555000758643982
104.952	0.555088101019582
105.032	0.555111463458158
105.112	0.555069949098698
105.192	0.554962590452281
105.272	0.554788544675145
105.352	0.55454738893543
105.432	0.554239313605376
105.512	0.553865228003918
105.592	0.553426807713479
105.672	0.552926486365039
105.752	0.552367420472255
105.832	0.551753537622741
105.912	0.551089592687387
105.992	0.550381178930803
106.072	0.549634720423257
106.152	0.548857416677472
106.232	0.548057106364134
106.312	0.5472421043855
106.392	0.546421057933412
106.472	0.54560280963716
106.552	0.544796169785802
106.632	0.544009632853833
106.712	0.543251056387672
106.792	0.542527292391143
106.872	0.541843871691974
106.952	0.541204862780259
107.032	0.540612848891162
107.112	0.540069028466896
107.192	0.539573469926559
107.272	0.539125431005577
107.352	0.538723650957401
107.432	0.538366656082023
107.512	0.538052998454682
107.592	0.537781332815062
107.672	0.537550417916105
107.752	0.537359107458468
107.832	0.537206284686747
107.912	0.537090834547876
107.992	0.53701170078087
108.072	0.536967991113717
108.152	0.536959099653011
108.232	0.536984869156399
108.312	0.537045732635228
108.392	0.537142805499574
108.472	0.537277947124903
108.552	0.537453787064252
108.632	0.537673704339838
108.712	0.537941803197882
108.792	0.538262875270498
108.872	0.538642314550299
108.952	0.539085928174281
109.032	0.539599647482156
109.112	0.54018916537256
109.192	0.540859568518702
109.272	0.541615007896202
109.352	0.542458487049779
109.432	0.543391811318806
109.512	0.544415654706353
109.592	0.545529697577593
109.672	0.546732772165037
109.752	0.54802295337542
109.832	0.549397615525721
109.912	0.55085340168105
109.992	0.552386175143028
110.072	0.553991040454438
110.152	0.555662487606519
110.232	0.557394558834375
110.312	0.559181028060153
110.392	0.561015523370696
110.472	0.562891594784336
110.552	0.56480272469603
110.632	0.566742317137753
110.712	0.568703605000917
110.792	0.570679590744899
110.872	0.572662954034762
110.952	0.574645889315044
111.032	0.576619845976275
111.112	0.578575369808018
111.192	0.580502074474535
111.272	0.58238876803414
111.352	0.584223786167457
111.432	0.585995622557633
111.512	0.587693651821678
111.592	0.589308701156498
111.672	0.590833382800306
111.752	0.592262163178316
111.832	0.593591053457513
111.912	0.59481715138259
111.992	0.595938180359827
112.072	0.596952062039641
112.152	0.597856759933692
112.232	0.598650458723605
112.312	0.599331675860452
112.392	0.599899352348424
112.472	0.600352973600846
112.552	0.600692468455066
112.632	0.600917865279673
112.712	0.601029047853235
112.792	0.601025543862889
112.872	0.600906393043918
112.952	0.600670373448516
113.032	0.600316567919343
113.112	0.599844973830625
113.192	0.599257119154946
113.272	0.598556450899264
113.352	0.597748280492614
113.432	0.5968394506003
113.512	0.595837929962002
113.592	0.594752421225526
113.672	0.593592196365645
113.752	0.592367177509015
113.832	0.591088007669104
113.912	0.589766068272173
113.992	0.588413393503707
114.072	0.587042461747736
114.152	0.58566579926664
114.232	0.584295566486184
114.312	0.582943201083232
114.392	0.581619158036855
114.472	0.580332708466284
114.552	0.579091783390098
114.632	0.57790281388996
114.712	0.576770723966238
114.792	0.575699104891282
114.872	0.574690478364925
114.952	0.573746478660006
115.032	0.572868030721974
115.112	0.572055445546955
115.192	0.571308355952219
115.272	0.57062552919993
115.352	0.570004802590653
115.432	0.569443075170903
115.512	0.568936411343284
115.592	0.568480302202037
115.672	0.568070018295764
115.752	0.567700856745504
115.832	0.567368385887058
115.912	0.567068618744682
115.992	0.56679804593
116.072	0.566553483025161
116.152	0.566331895636499
116.232	0.566130101567346
116.312	0.565944475371645
116.392	0.565770717365478
116.472	0.565603798031415
116.552	0.565438039277375
116.632	0.565267431059312
116.712	0.565086038905485
116.792	0.564888374705899
116.872	0.564669568534843
116.952	0.564425382524786
117.032	0.564152028570895
117.112	0.563845803374452
117.192	0.563502684042199
117.272	0.563118153822473
117.352	0.562687324589227
117.432	0.5622052323744
117.512	0.561667185563661
117.592	0.561069080677463
117.672	0.560407550328574
117.752	0.559679927258796
117.832	0.558884161707397
117.912	0.558018819098546
117.992	0.557083316865289
118.072	0.55607835532415
118.152	0.555006382397729
118.232	0.553871921329641
118.312	0.552681670662125
118.392	0.551444321311582
118.472	0.550170211541456
118.552	0.548870889320338
118.632	0.547558693688057
118.712	0.546246478683913
118.792	0.54494741661582
118.872	0.543674758711223
118.952	0.54244153767608
119.032	0.541260239970125
119.112	0.540142442820223
119.192	0.539098498954769
119.272	0.538137373333936
119.352	0.537266612252168
119.432	0.536492392609077
119.512	0.535819628287783
119.592	0.535252070774309
119.672	0.534792365673145
119.752	0.534442111709069
119.832	0.53420195852565
119.912	0.534071726987709
119.992	0.534050552709982
120.072	0.534137048408223
120.152	0.534329460763197
120.232	0.534625800868384
120.312	0.535023927374838
120.392	0.53552159580066
120.472	0.536116517369515
120.552	0.536806429426879
120.632	0.53758919034727
120.712	0.538462961626788
120.792	0.539426436333134
120.872	0.54047903416554
120.952	0.541621074006291
121.032	0.542853847198764
121.112	0.544179501250849
121.192	0.54560083995132
121.272	0.547121149913601
121.352	0.548743997572068
121.432	0.550473125525045
121.512	0.552312454054907
121.592	0.554265986373661
121.672	0.556337632779336
121.752	0.558531063476814
121.832	0.560849524578228
121.912	0.563295637121979
121.992	0.565871380587833
122.072	0.568578130204888
122.152	0.571416546556863
122.232	0.574386345769405
122.312	0.577485894962721
122.392	0.580711541768139
122.472	0.584056976977527
122.552	0.587512785668542
122.632	0.5910662711476
122.712	0.594701618279502
122.792	0.598400357739316
122.872	0.602141903084366
122.952	0.60590419919671
123.032	0.609664318136069
123.112	0.613398924091771
123.192	0.617084562793176
123.272	0.620697602499393
123.352	0.624213902543584
123.432	0.627608364461232
123.512	0.630854511161131
123.592	0.63392442437602
123.672	0.63678953326353
123.752	0.639421939550191
123.832	0.641795984825503
123.912	0.643889861655956
123.992	0.64568684730712
124.072	0.64717546718927
124.152	0.648348901131661
124.232	0.649203958277898
124.312	0.649739871103157
124.392	0.64995723891135
124.472	0.649857426215414
124.552	0.649442218204952
124.632	0.64871374105131
124.712	0.647674758302843
124.792	0.646329059429036
124.872	0.644681743205123
124.952	0.642739552270041
125.032	0.640511232667267
125.112	0.638007562841594
125.192	0.635240930062086
125.272	0.632224918508861
125.352	0.628974171925638
125.432	0.625504401713885
125.512	0.621832653086852
125.592	0.617977780620488
125.672	0.613960696758243
125.752	0.609804228827528
125.832	0.605532736924886
125.912	0.601171473052434
125.992	0.596745896338064
126.072	0.592281347287559
126.152	0.587803011947262
126.232	0.583336011694076
126.312	0.57890578472204
126.392	0.574538507815803
126.472	0.570261221070144
126.552	0.566101726913935
126.632	0.562088340224435
126.712	0.558249387067975
126.792	0.554612588348573
126.872	0.551204474040706
126.952	0.548049901020111
127.032	0.545171743104782
127.112	0.542590740562553
127.192	0.540325358862262
127.272	0.538391596188344
127.352	0.536802678480641
127.432	0.535568724762201
127.512	0.534696503905277
127.592	0.534189416545559
127.672	0.534047787298118
127.752	0.534269382229713
127.832	0.534849943638961
127.912	0.53578355570231
127.992	0.53706271353336
128.072	0.538678074037165
128.152	0.540618026441223
128.232	0.542868260999104
128.312	0.545411510401653
128.392	0.548227579942893
128.472	0.551293697602358
128.552	0.554585114089996
128.632	0.558075843894291
128.712	0.561739425142055
128.792	0.565549562573498
128.872	0.56948044859109
128.952	0.573506787111658
129.032	0.577603646373689
129.112	0.58174614439291
129.192	0.585909046811527
129.272	0.590066614415317
129.352	0.594192704727476
129.432	0.598261130044236
129.512	0.602246361741653
129.592	0.606124392040915
129.672	0.609873470172297
129.752	0.613474666938207
129.832	0.616912196254657
129.912	0.620173370275357
129.992	0.62324834712894
130.072	0.626129752168723
130.152	0.628812273069628
130.232	0.63129233623511
130.312	0.63356790674003
130.392	0.635638347955521
130.472	0.637504343082164
130.552	0.639167659706431
130.632	0.640630834707264
130.712	0.641896870074647
130.792	0.642969046748452
130.872	0.643851006997484
130.952	0.644547227080164
131.032	0.645063533884724
131.112	0.645407573141214
131.192	0.645589132141513
131.272	0.645620131936287
131.352	0.645514281966492
131.432	0.645286705229684
131.512	0.644953490662751
131.592	0.644531155322366
131.672	0.644036378044984
131.752	0.643485886303854
131.832	0.642896234200173
131.912	0.642283530650201
131.992	0.641663040321796
132.072	0.641048587025559
132.152	0.640452029098455
132.232	0.639882872659815
132.312	0.639348051962483
132.392	0.638851922087227
132.472	0.638396553487681
132.552	0.637982007235636
132.632	0.637606603419311
132.712	0.637267165907045
132.792	0.636959248389641
132.872	0.636677332254699
132.952	0.636415095396373
133.032	0.636165780866957
133.112	0.635922690536362
133.192	0.635679757035945
133.272	0.63543197140724
133.352	0.635175632907821
133.432	0.63490848805694
133.512	0.634629782185979
133.592	0.634340238350675
133.672	0.634041976157829
133.752	0.633738414862041
133.832	0.633434271165342
133.912	0.633135666996069
133.992	0.632850273632418
134.072	0.632587347388335
134.152	0.632357747516878
134.232	0.632173843738653
134.312	0.632049288072797
134.392	0.631998621144444
134.472	0.632036823120853
134.552	0.632178865020535
134.632	0.63243921924833
134.712	0.632831392937135
134.792	0.633367455169836
134.872	0.634057568100286
134.952	0.634909551984887
135.032	0.635928624911032
135.112	0.63711722371254
135.192	0.638475087087493
135.272	0.63999973958665
135.352	0.641687304330646
135.432	0.643533346564731
135.512	0.645533644494741
135.592	0.647684760974653
135.672	0.649984332932999
135.752	0.652431023502612
135.832	0.655024135175126
135.912	0.657762992303124
135.992	0.66064639846271
136.072	0.663672277933426
136.152	0.666837471128542
136.232	0.670137599883131
136.312	0.673566785182903
136.392	0.677117048671775
136.472	0.680777489070515
136.552	0.684533456792732
136.632	0.688365997844028
136.712	0.692251906403769
136.792	0.696164412238713
136.872	0.7000742130891
136.952	0.703950588375058
137.032	0.707762247198233
137.112	0.711477664928858
137.192	0.715064969535181
137.272	0.718491659995081
137.352	0.721724354533518
137.432	0.724728850954016
137.512	0.727470593245898
137.592	0.729915524005627
137.672	0.732031104850642
137.752	0.733787387909882
137.832	0.735158013781466
137.912	0.736121119658375
137.992	0.736660104786225
138.072	0.736764194240699
138.152	0.736428720272972
138.232	0.73565514212805
138.312	0.734450825792152
138.392	0.732828692252344
138.472	0.730806957698932
138.552	0.728409040499152
138.632	0.725663617773904
138.712	0.722604801660524
138.792	0.719272325719036
138.872	0.715711486221573
138.952	0.711972679798099
139.032	0.708110445138896
139.112	0.704182126260705
139.192	0.70024644192991
139.272	0.6963621118773
139.352	0.692586614979561
139.432	0.688975415720901
139.512	0.685581677566383
139.592	0.682456233425601
139.672	0.679647646566508
139.752	0.677202150677097
139.832	0.675163050986619
139.912	0.673569689761774
139.992	0.672455968421815
140.072	0.671848717355438
140.152	0.671766296866903
140.232	0.672217638947125
140.312	0.67320173532221
140.392	0.674707550315461
140.472	0.676714368886796
140.552	0.679192421537288
