0.072	0.0569999339447769
0.152	0.0558483917748269
0.232	0.0547228538690199
0.312	0.0536234983448161
0.392	0.0525504716691465
0.472	0.0515039074305115
0.552	0.0504839375781465
0.632	0.0494906971853446
0.712	0.0485243233921544
0.792	0.0475849498924497
0.872	0.0466726992302533
0.952	0.0457876759284197
1.032	0.0449299616943613
1.112	0.0440996097072563
1.192	0.0432966389832465
1.272	0.0425210310698212
1.352	0.0417727286094838
1.432	0.0410516365896818
1.512	0.0403576267274524
1.592	0.0396905428947854
1.672	0.0390502062133997
1.752	0.0384364189788293
1.832	0.0378489662540709
1.912	0.0372876152156714
1.992	0.0367521132369255
2.072	0.0362421850852108
2.152	0.035757530477678
2.232	0.0352978220549396
2.312	0.0348627043183818
2.392	0.0344517931363377
2.472	0.0340646757860519
2.552	0.0337009108382524
2.632	0.033360028561912
2.712	0.0330415316501522
2.792	0.0327448963453598
2.872	0.032469574153243
2.952	0.0322149943670063
3.032	0.0319805668157791
3.112	0.0317656844482279
3.192	0.0315697249823579
3.272	0.031392051264131
3.352	0.0312320105521131
3.432	0.0310889336840781
3.512	0.0309621348697853
3.592	0.0308509126488197
3.672	0.030754552033148
3.752	0.0306723274741465
3.832	0.0306035060897578
3.912	0.0305473503419584
3.992	0.0305031200652444
4.072	0.0304700740028174
4.152	0.0304474709393752
4.232	0.0304345706944495
4.312	0.0304306352691945
4.392	0.0304349300312374
4.472	0.0304467248458344
4.552	0.0304652951964322
4.632	0.0304899232614595
4.712	0.0305198990830213
4.792	0.0305545219354322
4.872	0.030593101733313
4.952	0.0306349604345577
5.032	0.0306794335376672
5.112	0.0307258715127823
5.192	0.0307736412864834
5.272	0.0308221278258678
5.352	0.0308707357177234
5.432	0.0309188910224627
5.512	0.0309660435277017
5.592	0.031011669298902
5.672	0.0310552735231404
5.752	0.0310963935505306
5.832	0.0311346017259915
5.912	0.0311695078525211
5.992	0.0312007609825109
6.072	0.0312280507436675
6.152	0.0312511089839695
6.232	0.0312697117551828
6.312	0.0312836813266806
6.392	0.0312928880803263
6.472	0.031297252102231
6.552	0.0312967440911756
6.632	0.0312913853260817
6.712	0.0312812470873602
6.792	0.0312664495601318
6.872	0.0312471612010761
6.952	0.031223598890886
7.032	0.0311960280583925
7.112	0.0311647624676148
7.192	0.0311301635084611
7.272	0.0310926379162488
7.352	0.0310526337730188
7.432	0.0310106351096699
7.512	0.0309671548527923
7.592	0.0309227260562928
7.672	0.0308778918812855
7.752	0.0308331949559424
7.832	0.0307891662100879
7.912	0.030746314143979
7.992	0.0307051150773354
8.072	0.0306660040354991
8.152	0.030629366459916
8.232	0.0305955310295438
8.312	0.0305647631543273
8.392	0.0305372588676427
8.472	0.0305131389831637
8.552	0.0304924437938503
8.632	0.0304751297157786
8.712	0.0304610697673375
8.792	0.0304500599884214
8.872	0.0304418336379193
8.952	0.0304360846930969
9.032	0.0304325022588579
9.112	0.0304308179023955
9.192	0.030430869494392
9.272	0.0304326885322972
9.352	0.0304366226032791
9.432	0.0304435081079966
9.512	0.0304903047862588
9.592	0.0305756615798778
9.672	0.0307038216470126
9.752	0.0308786087152377
9.832	0.03110333864662
9.912	0.0313807845364202
9.992	0.0317131850329311
10.072	0.0321023061622547
10.152	0.0325495168149779
10.232	0.0330558449261993
10.312	0.0336220307564012
10.392	0.0342485798095318
10.472	0.0349357328890072
10.552	0.0356833544090271
10.632	0.0364908025817492
10.712	0.0373567791111178
10.792	0.0382792276587161
10.872	0.0392553858115399
10.952	0.0402819904235194
11.032	0.0413555800290446
11.112	0.0424728693669429
11.192	0.0436311026947713
11.272	0.0448283103750633
11.352	0.0460634771667792
11.432	0.0473366227852772
11.512	0.0486487932030393
11.592	0.0500019195779196
11.672	0.0513985684626697
11.752	0.052841638839606
11.832	0.0543340288340453
11.912	0.0558782198576431
11.992	0.0574759006726673
12.072	0.0591276959463691
12.152	0.0608329586982386
12.232	0.0625896707253837
12.312	0.0643945520859113
12.392	0.0662433012062102
12.472	0.0681309598196229
12.552	0.0700522751514221
12.632	0.0720019542585639
12.712	0.0739747039124374
12.792	0.0759651351242887
12.872	0.077967562861101
12.952	0.0799758067373766
13.032	0.0819831572858867
13.112	0.0839825237774185
13.192	0.0859667274328153
13.272	0.0879288023569664
13.352	0.0898621764781176
13.432	0.0917607140762975
13.512	0.0936186765671714
13.592	0.0954305883140272
13.672	0.0971911268265551
13.752	0.098895202196001
13.832	0.100538141869446
13.912	0.102115893017025
13.992	0.103625239837438
14.072	0.105063982092414
14.152	0.106430995908763
14.232	0.107726180869189
14.312	0.108950314350079
14.392	0.110104833484055
14.472	0.111191604847061
14.552	0.112212724811581
14.632	0.11317043048356
14.712	0.114067121915934
14.792	0.114905364748491
14.872	0.11568778114103
14.952	0.116416856033464
15.032	0.117094654884834
15.112	0.117722516180915
15.192	0.11830089122412
15.272	0.11882935536492
15.352	0.11930681458119
15.432	0.119731772319167
15.512	0.120102533033343
15.592	0.120417290022981
15.672	0.120674137984633
15.752	0.120871073070727
15.832	0.121006040906604
15.912	0.121076992439409
15.992	0.121081968058842
16.072	0.12101917527961
16.152	0.12088705522984
16.232	0.120684202010064
16.312	0.120409225011297
16.392	0.120060678016284
16.472	0.119637114127709
16.552	0.11913722221372
16.632	0.118560051374427
16.712	0.117905196681857
16.792	0.117172746528492
16.872	0.116363042209169
16.952	0.115476376511818
17.032	0.114512743717139
17.112	0.11347165747075
17.192	0.112352130255228
17.272	0.11115282513941
17.352	0.109872242681103
17.432	0.108508911974919
17.512	0.10706164643862
17.592	0.105529782952996
17.672	0.103913370943882
17.752	0.102213360648673
17.832	0.100431851558167
17.912	0.0985724051911454
17.992	0.0966404101659997
18.072	0.0946434151619933
18.152	0.0925911910556998
18.232	0.0904955375240455
18.312	0.0883699429040767
18.392	0.0862290665653909
18.472	0.0840879501849052
18.552	0.0819612754209338
18.632	0.0798627811972459
18.712	0.0778048336903332
18.792	0.0757982837030049
18.872	0.0738526269529522
18.952	0.0719762350965532
19.032	0.0701765659174036
19.112	0.0684603534781125
19.192	0.0668336331937773
19.272	0.0653017083698693
19.352	0.0638691826380828
19.432	0.0625399720322086
19.512	0.0613172545934297
19.592	0.0602034719397402
19.672	0.0592003613585881
19.752	0.0583089749415926
19.832	0.0575297240305552
19.912	0.0568625125747921
19.992	0.056306966624458
20.072	0.0558627801738361
20.152	0.0555300047760561
20.232	0.0553092094379899
20.312	0.0552014718081857
20.392	0.0552082060041776
20.472	0.0553309297858497
20.552	0.0555711613949619
20.632	0.0559305719188465
20.712	0.0564114147014969
20.792	0.0570171019976975
20.872	0.0577526670887458
20.952	0.0586249005442987
21.032	0.0596419967886241
21.112	0.0608127629928923
21.192	0.0621455679211174
21.272	0.0636472171555589
21.352	0.0653220459679851
21.432	0.0671714422680161
21.512	0.0691937233480324
21.592	0.0713842626475092
21.672	0.0737357733161552
21.752	0.0762386355514302
21.832	0.078881092034063
21.912	0.0816492928804102
21.992	0.0845272720336077
22.072	0.0874970268946917
22.152	0.0905386975593068
22.232	0.0936308597577202
22.312	0.0967510226578661
22.392	0.0998763797320059
22.472	0.102984633932177
22.552	0.10605474781951
22.632	0.109067553223763
22.712	0.112006118846818
22.792	0.114855967021892
22.872	0.117605159949388
22.952	0.120244215113683
23.032	0.122766023885202
23.112	0.125165896339151
23.192	0.127441543762369
23.272	0.129592960454669
23.352	0.131622228383147
23.432	0.133533292225916
23.512	0.135331600409668
23.592	0.137023633169758
23.672	0.138616329607498
23.752	0.140116619209675
23.832	0.141531056754413
23.912	0.142865638690193
23.992	0.144125830356355
24.072	0.145316832429739
24.152	0.146443905522045
24.232	0.147512579918764
24.312	0.148528655895856
24.392	0.149498009330369
24.472	0.150426217978644
24.552	0.151318114498519
24.632	0.152177439008792
24.712	0.15300676998336
24.792	0.153807663234144
24.872	0.154580900269746
24.952	0.155326774661997
25.032	0.156045328038854
25.112	0.156736507319874
25.192	0.157400257588105
25.272	0.158036551191042
25.352	0.15864541620979
25.432	0.159227006593706
25.512	0.159781657714714
25.592	0.160309904234762
25.672	0.160812480097288
25.752	0.161290302976408
25.832	0.161744438058189
25.912	0.162176005806852
25.992	0.162586068895902
26.072	0.162975559280962
26.152	0.16334524421546
26.232	0.163695708889531
26.312	0.164027380021562
26.392	0.164340612407056
26.472	0.164635781517813
26.552	0.164913356897824
26.632	0.165173948021401
26.712	0.165418308966959
26.792	0.165647305037577
26.872	0.165861873198747
26.952	0.166062980981888
27.032	0.166251595888081
27.112	0.166428667422036
27.192	0.166595110769389
27.272	0.166751792720572
27.352	0.166899514916349
27.432	0.167038997004223
27.512	0.167170877921432
27.592	0.167295723659091
27.672	0.167414032827647
27.752	0.167526244606076
27.832	0.167632741603921
27.912	0.167733846533235
27.992	0.16782981626319
28.072	0.167920836643855
28.152	0.168007014272003
28.232	0.168088385165415
28.312	0.168164936258162
28.392	0.168236634194312
28.472	0.168303453065615
28.552	0.168365398439501
28.632	0.168422517285034
28.712	0.168474895875004
28.792	0.168522649361801
28.872	0.168565903042332
28.952	0.168604770512797
29.032	0.168639337410237
29.112	0.168669650248727
29.192	0.16869571041941
29.272	0.168717473553212
29.352	0.1687348540332
29.432	0.168747723414054
29.512	0.168755902527675
29.592	0.168759150517428
29.672	0.168757154664927
29.752	0.16874952101794
29.832	0.168735771950605
29.912	0.16871534910879
29.992	0.168687613503518
30.072	0.168651841759267
30.152	0.168607213568915
30.232	0.168552783098118
30.312	0.168487436343536
30.392	0.168409838232758
30.472	0.168318377442827
30.552	0.168211119922528
30.632	0.168085775550747
30.712	0.167939682769994
30.792	0.167769819551761
30.872	0.167572845058583
30.952	0.167345169351858
31.032	0.167083059681172
31.112	0.166782776331214
31.192	0.166440719999965
31.272	0.166053569335769
31.352	0.165618408415764
31.432	0.165132847143365
31.512	0.164595127792634
31.592	0.16400423073453
31.672	0.163359984197921
31.752	0.162663178234052
31.832	0.161915642826127
31.912	0.161120271238783
31.992	0.160280981824823
32.072	0.159402596914457
32.152	0.158490639291013
32.232	0.15755112834216
32.312	0.156590374665409
32.392	0.155614817477794
32.472	0.154630954642425
32.552	0.153645334149669
32.632	0.152664498036184
32.712	0.15169492646714
32.792	0.150742980137291
32.872	0.149814790978407
32.952	0.148916148425993
33.032	0.148052433803411
33.112	0.147228587000935
33.192	0.146449132242832
33.272	0.145718207506544
33.352	0.145039532531509
33.432	0.144416349128715
33.512	0.143851354973105
33.592	0.143346551608285
33.672	0.142903070184357
33.752	0.142521085102867
33.832	0.142199775570671
33.912	0.141937354531091
33.992	0.141731187008954
34.072	0.141577986345293
34.152	0.141474006269785
34.232	0.141415228565531
34.312	0.14139751855252
34.392	0.141416686758259
34.472	0.141468532632953
34.552	0.141548949987293
34.632	0.141654024287856
34.712	0.141780057882979
34.792	0.141923535090836
34.872	0.142081076643645
34.952	0.14224929554663
35.032	0.142424637956804
35.112	0.142603331819995
35.192	0.142781520575621
35.272	0.142955516964417
35.352	0.143122132260029
35.432	0.143279011656713
35.512	0.14342484995235
35.592	0.143559466947675
35.672	0.143683756732354
35.752	0.143799500859128
35.832	0.143909074868642
35.912	0.144015093488814
35.992	0.14412008012658
36.072	0.144226059230331
36.152	0.144334170103189
36.232	0.144444448790889
36.312	0.144555785322151
36.392	0.144666029961623
36.472	0.144772304884182
36.552	0.144871383142767
36.632	0.144960027340726
36.712	0.145035293057045
36.792	0.145094792682055
36.872	0.145136810013849
36.952	0.145160446733268
37.032	0.14516583694127
37.112	0.145154353798898
37.192	0.145128717267962
37.272	0.145093134589029
37.352	0.145053322119377
37.432	0.145016379532006
37.512	0.14499062338184
37.592	0.144985301181119
37.672	0.145010174252146
37.752	0.145075122809384
37.832	0.145189670856691
37.912	0.145362392058797
37.992	0.145600391198908
38.072	0.145908987770365
38.152	0.146291559457776
38.232	0.146749584976074
38.312	0.147282879138299
38.392	0.147889851610667
38.472	0.148567742465982
38.552	0.149312781806994
38.632	0.150120260408922
38.712	0.150984593335334
38.792	0.151899485037543
38.872	0.152858084738977
38.952	0.153853095782633
39.032	0.154876816471752
39.112	0.155921086748702
39.192	0.156977165074817
39.272	0.158035629550579
39.352	0.159086382960634
39.432	0.160118863595212
39.512	0.161122420573431
39.592	0.162086780389412
39.672	0.163002485768796
39.752	0.163861243453123
39.832	0.164656190155551
39.912	0.165382106340072
39.992	0.166035585067927
40.072	0.166615204883296
40.152	0.16712171215482
40.232	0.167558170979898
40.312	0.16793004072991
40.392	0.168245176293009
40.472	0.168513756358262
40.552	0.168748140257772
40.632	0.168962667755149
40.712	0.169173416701081
40.792	0.169397920032619
40.872	0.169654831399068
40.952	0.169963542022369
41.032	0.170343761004215
41.112	0.170815084314679
41.192	0.171396568851403
41.272	0.172106344218715
41.352	0.172961255738013
41.432	0.173976495194719
41.512	0.175165163825252
41.592	0.176537746044286
41.672	0.178101401050323
41.752	0.17985914206761
41.832	0.181809085199088
41.912	0.183943941928643
41.992	0.186250817987482
42.072	0.188711491981589
42.152	0.191303202512525
42.232	0.193999783114887
42.312	0.196772869304564
42.392	0.199593028614995
42.472	0.202430690710624
42.552	0.205256831321659
42.632	0.208043463786989
42.712	0.21076393780984
42.792	0.213393167984432
42.872	0.215907952773588
42.952	0.218287289713711
43.032	0.220512549958695
43.112	0.222567831854231
43.192	0.22444043564192
43.272	0.226121101518512
43.352	0.227604074953771
43.432	0.22888728218069
43.512	0.229972221087561
43.592	0.230863607822553
43.672	0.231568986794255
43.752	0.232098056435856
43.832	0.232461730792007
43.912	0.232671610712455
43.992	0.232739606222818
44.072	0.232677581473606
44.152	0.232497422899879
44.232	0.232211439213525
44.312	0.231832378722626
44.392	0.23137336965868
44.472	0.230848015649624
44.552	0.230270449580157
44.632	0.2296551082656
44.712	0.229016612741045
44.792	0.228369595814396
44.872	0.227728508381315
44.952	0.227107345457053
45.032	0.226519217140943
45.112	0.225975817026946
45.192	0.22548712324075
45.272	0.225061179058311
45.352	0.224703813556001
45.432	0.224418355105936
45.512	0.224205422296446
45.592	0.224062843178896
45.672	0.223985792684797
45.752	0.223967122056191
45.832	0.22399786462648
45.912	0.224067833665114
45.992	0.224166036595388
46.072	0.224280832413964
46.152	0.224399995185987
46.232	0.224511046198042
46.312	0.224601854511828
46.392	0.224661654787322
46.472	0.224682236385885
46.552	0.224658984805753
46.632	0.224591587393657
46.712	0.224484147183343
46.792	0.224344389659276
