46.872	0.34803902339911
46.952	0.347642915939218
47.032	0.347260260938242
47.112	0.346884408808251
47.192	0.346508856735454
47.272	0.346127962441358
47.352	0.345737527297899
47.432	0.345335129300111
47.512	0.344920160747847
47.592	0.344493559834916
47.672	0.344057468817368
47.752	0.343614923523035
47.832	0.343169530706859
47.912	0.342725173993131
47.992	0.342285795656721
48.072	0.341855116822103
48.152	0.341436250308789
48.232	0.341031440349525
48.312	0.34064195705804
48.392	0.340268096198088
48.472	0.339909391141987
48.552	0.339564979854174
48.632	0.339233911498809
48.712	0.338915361413569
48.792	0.338608816830629
48.872	0.338314137965085
48.952	0.338031534609286
49.032	0.337761578954883
49.112	0.337505210762174
49.192	0.337263680869
49.272	0.337038475259078
49.352	0.336831211794674
49.432	0.336643440602188
49.512	0.336476422143278
49.592	0.33633096532526
49.672	0.336207317334129
49.752	0.336105121600212
49.832	0.336023465229118
49.912	0.335960980525556
49.992	0.335915955067776
50.072	0.335886443065306
50.152	0.335870373588477
50.232	0.335865647831838
50.312	0.335870232817115
50.392	0.335882247826248
50.472	0.335900025364595
50.552	0.335922145692166
50.632	0.335947439928077
50.712	0.33597495490028
50.792	0.336003897877276
50.872	0.33603357158745
50.952	0.336063298807176
51.032	0.336092355924052
51.112	0.336119931519988
51.192	0.336145108239975
51.272	0.336166891419794
51.352	0.336184284440492
51.432	0.336196385820472
51.512	0.336202491466338
51.592	0.336202176299139
51.672	0.336195326822008
51.752	0.336182131433475
51.832	0.336163047932132
51.912	0.336138747412519
51.992	0.336110059864723
52.072	0.336077933512684
52.152	0.336043414600681
52.232	0.336007664304475
52.312	0.335972022798273
52.392	0.335938103101398
52.472	0.335907895655964
52.552	0.33588384701352
52.632	0.335868893921315
52.712	0.335866448673073
52.792	0.335880353886068
52.872	0.335914849179858
52.952	0.335974595905327
53.032	0.336064786658881
53.112	0.336191321098909
53.192	0.336360980096174
53.272	0.336581532363539
53.352	0.336861713787926
53.432	0.337211017226537
53.512	0.337639335315885
53.592	0.338156569757416
53.672	0.338772226146602
53.752	0.33949502001559
53.832	0.340332562000413
53.912	0.341291051192286
53.992	0.342374884917717
54.072	0.343586225978299
54.152	0.344924547420305
54.232	0.346386166031948
54.312	0.347963874137406
54.392	0.349646689521478
54.472	0.351419652701452
54.552	0.353263716412641
54.632	0.355155770239094
54.712	0.357068845173103
54.792	0.358972533740825
54.872	0.360833635843733
54.952	0.362616917362743
55.032	0.364285871851621
55.112	0.365803389679058
55.192	0.367132432882556
55.272	0.368236838149187
55.352	0.369082358907576
55.432	0.369637918193348
55.512	0.369876888631609
55.592	0.369778071758674
55.672	0.369326111783607
55.752	0.368511278391281
55.832	0.367328794699404
55.912	0.365778055289411
55.992	0.363862123851618
56.072	0.361587802367296
56.152	0.35896626139845
56.232	0.356014012905746
56.312	0.35275382662428
56.392	0.349215191992982
56.472	0.34543409840893
56.552	0.34145218696483
56.632	0.337315427510816
56.712	0.333072681975125
56.792	0.328774486040572
56.872	0.324472153425177
56.952	0.320217158625724
57.032	0.316060607305758
57.112	0.31205246085932
57.192	0.308240357474176
57.272	0.30466811405023
57.352	0.301374203936916
57.432	0.298390586287212
57.512	0.295742098993969
57.592	0.293446319090037
57.672	0.291513699971517
57.752	0.289947740795071
57.832	0.288744907112232
57.912	0.287894304721192
57.992	0.287377364251086
58.072	0.287167777744742
58.152	0.287231880500826
58.232	0.287529576847987
58.312	0.28801566067898
58.392	0.28864129435982
58.472	0.289355478921493
58.552	0.290106457223203
58.632	0.290843228143956
58.712	0.291517269023871
58.792	0.29208446565093
58.872	0.292507242675242
58.952	0.292756728392646
59.032	0.292814602307317
59.112	0.29267441527071
59.192	0.292342340605444
59.272	0.291837283050427
59.352	0.291190405120005
59.432	0.290444133524659
59.512	0.289650607527221
59.592	0.288869525493794
59.672	0.288165417303162
59.752	0.287604524581297
59.832	0.287251583030923
59.912	0.287166809226449
59.992	0.287403415045617
60.072	0.28800583076486
60.152	0.28900869708491
60.232	0.290436523335643
60.312	0.292303663681992
60.392	0.294614368786029
60.472	0.297362771368967
60.552	0.300532696168204
60.632	0.30409743842074
60.712	0.308019806147399
60.792	0.312252611016618
60.872	0.316739759233599
60.952	0.321417971496942
61.032	0.326218825271553
61.112	0.331070861734815
61.192	0.335901601099522
61.272	0.340639156704015
61.352	0.345213444996773
61.432	0.349557159817721
61.512	0.353606644401907
61.592	0.357302857818752
61.672	0.360592600336986
61.752	0.363429889062616
61.832	0.365777374684683
61.912	0.36760757654389
61.992	0.368903758614294
62.072	0.369660387499152
62.152	0.369883277999008
62.232	0.369589461563237
62.312	0.368806817989366
62.392	0.367573503294921
62.472	0.365937138753111
62.552	0.363953727940839
62.632	0.361686226862616
62.712	0.359202788514153
62.792	0.356574773742636
62.872	0.35387460324614
62.952	0.351173582587705
63.032	0.348539893759039
63.112	0.346036807676342
63.192	0.343721214983702
63.272	0.341642550652296
63.352	0.339842086276235
63.432	0.338352615348072
63.512	0.337198587709736
63.592	0.336396630875583
63.672	0.335956385754798
63.752	0.33588161884893
63.832	0.336171527025954
63.912	0.336822183925392
63.992	0.337828065367034
64.072	0.33918343118296
64.152	0.340883213838765
64.232	0.34292309515331
64.312	0.345298584833472
64.392	0.348003158030565
64.472	0.351025673232698
64.552	0.354347696076843
64.632	0.357941205464272
64.712	0.361767089487103
64.792	0.365774725073607
64.872	0.369902634135315
64.952	0.374079744053915
65.032	0.378226989036193
65.112	0.382258773422677
65.192	0.386084157643495
65.272	0.389608095229846
65.352	0.392733282879476
65.432	0.395363334980857
65.512	0.397407765066646
65.592	0.398788552609062
65.672	0.399446195104247
65.752	0.399343977425474
65.832	0.398469808546679
65.912	0.3968354125318
65.992	0.394473597046158
66.072	0.391435790601349
66.152	0.387790632943506
66.232	0.383623531783769
66.312	0.379036605738634
66.392	0.374147613020682
66.472	0.369086733495465
66.552	0.363991746376541
66.632	0.35900202833318
66.712	0.354252140770313
66.792	0.349866196579569
66.872	0.345953446268936
66.952	0.342604810269563
67.032	0.339890401031425
67.112	0.33785810399479
67.192	0.336532920989043
67.272	0.335917094965339
67.352	0.335991003883464
67.432	0.336714759870574
67.512	0.338030460917253
67.592	0.339864945442969
67.672	0.342132936211442
67.752	0.344740484399267
67.832	0.347588481374999
67.912	0.35057604516993
67.992	0.353603672406848
68.072	0.356576057659595
68.152	0.359404523469721
68.232	0.362009047619154
68.312	0.364319918083936
68.392	0.36627904424347
68.472	0.367840874246895
68.552	0.368972951090996
68.632	0.369656169046607
68.712	0.369884754638235
68.792	0.369665977884267
68.872	0.369019539149917
68.952	0.367976500659211
69.032	0.366577731741359
69.112	0.36487189269252
69.192	0.362913078465851
69.272	0.360758490983983
69.352	0.358466457890586
69.432	0.356094840794924
69.512	0.353699891181691
69.592	0.351335452208275
69.672	0.349052221295722
69.752	0.346896952586576
69.832	0.344911611952796
69.912	0.34313246115363
69.992	0.341589295819404
70.072	0.340305110181134
70.152	0.339296074343792
70.232	0.338571805530933
70.312	0.338135894705886
70.392	0.337986500955367
70.472	0.338116869440853
70.552	0.338515964244209
70.632	0.339169070656055
70.712	0.34005843812804
70.792	0.341163931223377
70.872	0.34246364189903
70.952	0.34393426306741
71.032	0.345551327033547
71.112	0.347289272043554
71.192	0.34912150025815
71.272	0.351020478443388
71.352	0.352958032466859
71.432	0.354905807717273
71.512	0.356835792027482
71.592	0.358720680991667
71.672	0.36053404750254
71.752	0.362250337072112
71.832	0.363844840656668
71.912	0.365293830433643
71.992	0.366574948568314
72.072	0.367667853235673
72.152	0.368555085319144
72.232	0.369222930168121
72.312	0.369662046173403
72.392	0.369867839889196
72.472	0.369840555679332
72.552	0.36958508971469
72.632	0.369110648106926
72.712	0.368430315534511
72.792	0.367560560451693
72.872	0.366520700866658
72.952	0.365332288775789
73.032	0.364018387627766
73.112	0.362602780794987
73.192	0.361109072709894
73.272	0.359559742032616
73.352	0.357975314622195
73.432	0.356373868901301
73.512	0.354770905776263
73.592	0.353179663530511
73.672	0.351611779237828
73.752	0.350078009052027
73.832	0.348588647809493
73.912	0.347153582499402
73.992	0.345781956724238
74.072	0.344481630618986
74.152	0.343258781504517
74.232	0.342117920995349
74.312	0.341062298784834
74.392	0.340094564684819
74.472	0.33921740744654
74.552	0.338433951737898
74.632	0.337747813350006
74.712	0.337162848971275
74.792	0.336682770638959
74.872	0.336310837854967
74.952	0.336049726370561
75.032	0.33590158451193
75.112	0.335868258808546
75.192	0.335951590210584
75.272	0.336153701837702
75.352	0.336477236228575
75.432	0.336925468531604
75.512	0.337502294450928
75.592	0.338212168524137
75.672	0.339060025407093
75.752	0.340051312436913
75.832	0.34119226066673
75.912	0.342490339929441
75.992	0.343954704766702
76.072	0.345596508746439
76.152	0.347428859300749
76.232	0.349466322399735
76.312	0.351724053074577
76.392	0.354216654631045
76.472	0.35695684716211
76.552	0.359954295191869
76.632	0.363214645651851
76.712	0.366738753339746
76.792	0.370521906618819
76.872	0.374552906762119
76.952	0.378812809266719
77.032	0.383273553243271
77.112	0.387896691730475
77.192	0.392632410294709
77.272	0.397419725771329
77.352	0.402188126299279
77.432	0.406860408156376
77.512	0.411356493761673
77.592	0.415597758931085
77.672	0.419510620780443
77.752	0.423029212334086
77.832	0.426097299713888
77.912	0.428669050053259
77.992	0.430709224053999
78.072	0.432193703019834
78.152	0.433109270257887
78.232	0.433452323149027
78.312	0.433227183544318
78.392	0.432444557351459
78.472	0.431119439791814
78.552	0.429269644310921
78.632	0.426915461439421
78.712	0.424080192829251
78.792	0.420791216884595
78.872	0.417082063661383
78.952	0.412994233496079
79.032	0.40857825545072
79.112	0.403893949072312
79.192	0.399009112842236
79.272	0.393995912492301
79.352	0.388926679433439
79.432	0.383869953289491
79.512	0.37888717452222
79.592	0.374031055484124
79.672	0.36934644424673
79.752	0.364872291691199
79.832	0.360643663543101
79.912	0.356693150944807
79.992	0.353050970643608
80.072	0.349743608249582
80.152	0.346791775980591
80.232	0.344208468736156
80.312	0.341997891902338
80.392	0.340155688897539
80.472	0.338670225194392
80.552	0.337524361707665
80.632	0.336697204047937
80.712	0.33616541715628
80.792	0.335903914915662
80.872	0.33588604052386
80.952	0.336083533182773
81.032	0.336466582283265
81.112	0.337004171922786
81.192	0.337664815746962
81.272	0.338417620031578
81.352	0.339233454297982
81.432	0.340086051901721
81.512	0.340952890706944
81.592	0.341815716709448
81.672	0.342660714408112
81.752	0.343478361573943
81.832	0.344262988750529
81.912	0.345012204767784
81.992	0.345726299959097
82.072	0.346407629136365
82.152	0.347060012355996
82.232	0.347688272554649
82.312	0.348297879594611
82.392	0.348894696547973
82.472	0.349484829865673
82.552	0.350074535127533
82.632	0.350670033902418
82.712	0.351277281246212
82.792	0.35190164043081
82.872	0.352547516991876
82.952	0.353217969012064
83.032	0.353914447872569
83.112	0.354636770406046
83.192	0.355383367345894
83.272	0.356151695891299
83.352	0.356938766542498
83.432	0.357741596853202
83.512	0.358557395724517
83.592	0.359383409564316
83.672	0.360216533115363
83.752	0.361052830671213
83.832	0.361887196056728
83.912	0.362713302458076
83.992	0.363523860707176
84.072	0.364311082576364
84.152	0.365067197204894
84.232	0.365784863538124
84.312	0.366457358318371
84.392	0.367078649972996
84.472	0.367643491969147
84.552	0.368147570470683
84.632	0.368587709162853
84.712	0.368962071504427
84.792	0.369270255431275
84.872	0.369513205901853
84.952	0.369692945077418
85.032	0.369812186817967
85.112	0.369873961597818
85.192	0.369881345250576
85.272	0.369837339398259
85.352	0.36974492336202
85.432	0.369607239063782
85.512	0.36942785377579
85.592	0.369211040814378
85.672	0.368962006819686
85.752	0.368687004435571
85.832	0.368393306795156
85.912	0.368089002374461
85.992	0.367782657259681
86.072	0.367482924231069
86.152	0.367198126728738
86.232	0.366935923788162
86.312	0.366703135867738
86.392	0.366505677139685
86.472	0.366348535433758
86.552	0.36623578129047
86.632	0.366170538616416
86.712	0.366154905496785
86.792	0.366189901287498
86.872	0.36627544479029
86.952	0.366410378844876
87.032	0.366592549933273
87.112	0.366818856126258
87.192	0.367085188662259
87.272	0.367386266039603
87.352	0.367715386333145
87.432	0.368064121630823
87.512	0.368422010137635
87.592	0.368776310779197
87.672	0.369111851519222
87.752	0.36941103720909
87.832	0.369654056757838
87.912	0.369819372791881
87.992	0.369884529151022
88.072	0.369827255430152
88.152	0.369626779225086
88.232	0.369265181808714
88.312	0.36872861346626
88.392	0.368008194529693
88.472	0.367100479634701
88.552	0.366007481252382
88.632	0.364736358375467
88.712	0.363298812911125
88.792	0.361710377490795
88.872	0.359989807572447
88.952	0.358158609455359
89.032	0.356240677032133
89.112	0.354262141044615
89.192	0.352251236379288
89.272	0.350237987491255
89.352	0.348253691214722
89.432	0.346330120649725
89.512	0.344498420372247
89.592	0.342787925604739
89.672	0.341225110472976
89.752	0.339832819958474
89.832	0.338629950343261
89.912	0.337631550509968
89.992	0.336849117449788
90.072	0.336290964519094
90.152	0.335962533614065
90.232	0.33586654359101
90.312	0.336002993964826
90.392	0.336369114162494
90.472	0.336959321277845
90.552	0.337765257956789
90.632	0.33877594617411
90.712	0.33997804250123
90.792	0.341356146912517
90.872	0.342893077190524
90.952	0.344570046581111
91.032	0.346366647721425
91.112	0.34826076965885
91.192	0.350228388797063
91.272	0.35224342428171
91.352	0.354277907793289
91.432	0.35630252653857
91.512	0.358287184142569
91.592	0.360201570985168
91.672	0.362015681060143
91.752	0.3637001463552
91.832	0.365226388246128
91.912	0.366566978082119
91.992	0.367696089463948
92.072	0.368590138357149
92.152	0.369228423140385
92.232	0.369593834035072
92.312	0.369673260711579
92.392	0.369457963541777
92.472	0.368944037775918
92.552	0.368133051727796
92.632	0.367032811966396
92.712	0.365658276833074
92.792	0.364032129598286
92.872	0.362184597826285
92.952	0.360152422318606
93.032	0.357977311968284
93.112	0.355703967950376
93.192	0.353378336125957
93.272	0.351046236626871
93.352	0.348752394794701
93.432	0.346539858009123
93.512	0.34444959419352
93.592	0.342519938367332
93.672	0.340785971221521
