46.872	0.305262361084063
46.952	0.30375946120708
47.032	0.302347158742331
47.112	0.301025281540928
47.192	0.299793806944733
47.272	0.298652990232695
47.352	0.297603183533405
47.432	0.296644489931161
47.512	0.29577644125025
47.592	0.294997796115639
47.672	0.294306507751682
47.752	0.293699828036577
47.832	0.293174517848529
47.912	0.292727081914487
47.992	0.292353958914418
48.072	0.292051647162924
48.152	0.291816769485095
48.232	0.291646115262947
48.312	0.291536718366543
48.392	0.291485915279364
48.472	0.291491369724117
48.552	0.291551054602272
48.632	0.291663225064307
48.712	0.291826315653823
48.792	0.292038793298635
48.872	0.292298992091666
48.952	0.292605021945931
49.032	0.292954736055062
49.112	0.293345780580633
49.192	0.293775765336383
49.272	0.294242565852296
49.352	0.294744632964914
49.432	0.295281234664003
49.512	0.295852559905528
49.592	0.296459614086811
49.672	0.297103888765109
49.752	0.297786917691027
49.832	0.298509837587833
49.912	0.299273075597097
49.992	0.300076242689641
50.072	0.300918277103564
50.152	0.301797676566894
50.232	0.302712700378708
50.312	0.303661520598615
50.392	0.304642285593123
50.472	0.30565299960212
50.552	0.306691347630882
50.632	0.307754669080096
50.712	0.308840003920635
50.792	0.309944145450173
50.872	0.311063802333924
50.952	0.312195780167053
51.032	0.313337061249181
51.112	0.314484880406653
51.192	0.315636853233625
51.272	0.316791067212508
51.352	0.317946124521305
51.432	0.319101227250906
51.512	0.320256150400628
51.592	0.321411077289765
51.672	0.322566401486437
51.752	0.323722512086286
51.832	0.324879505753903
51.912	0.326036940979106
51.992	0.327193689786172
52.072	0.328347809764572
52.152	0.329496398115238
52.232	0.330635619052613
52.312	0.331760836997123
52.392	0.332866846063196
52.472	0.333948146089559
52.552	0.334999260475493
52.632	0.33601493863066
52.712	0.33699018730236
52.792	0.337920170844837
52.872	0.33880011727745
52.952	0.339625286138599
53.032	0.340391078470974
53.112	0.3410933035921
53.192	0.341728561997524
53.272	0.342294614712262
53.352	0.342790679995177
53.432	0.343217556688934
53.512	0.343577521156162
53.592	0.34387397613178
53.672	0.344111026078188
53.752	0.344293139094682
53.832	0.344424823698258
53.912	0.344510459448006
53.992	0.344554283005349
54.072	0.344560391438486
54.152	0.344532744671517
54.232	0.344475222686336
54.312	0.344391742517127
54.392	0.344286297022705
54.472	0.344163088490157
54.552	0.34402669106941
54.632	0.343882130042819
54.712	0.3437347728393
54.792	0.343590138727324
54.872	0.343453529586688
54.952	0.343329715719574
55.032	0.343222744871245
55.112	0.343135900702366
55.192	0.343071626411552
55.272	0.343031631013451
55.352	0.343016919188562
55.432	0.343027816014255
55.512	0.343063968477042
55.592	0.34312446469302
55.672	0.343207826151859
55.752	0.343312005958104
55.832	0.343434250831486
55.912	0.343570964528151
55.992	0.343717699109886
56.072	0.343869314422752
56.152	0.344020174192024
56.232	0.344164548767844
56.312	0.344297025988872
56.392	0.344412727104651
56.472	0.344507313782841
56.552	0.344576925174586
56.632	0.344618056217659
56.712	0.344627700071151
56.792	0.344603776104993
56.872	0.344545637251476
56.952	0.344454513871235
57.032	0.344333892253061
57.112	0.344189560251674
57.192	0.344029295844803
57.272	0.343862479593302
57.352	0.343699878834215
57.432	0.343553412441875
57.512	0.343435951889818
57.592	0.343361142702469
57.672	0.343343077092209
57.752	0.343395602464403
57.832	0.343531428905516
57.912	0.343761084292898
57.992	0.344091890068338
58.072	0.34452727476623
58.152	0.345066496629644
58.232	0.34570458455559
58.312	0.346432777357102
58.392	0.347239354814608
58.472	0.348110433086824
58.552	0.349030686054312
58.632	0.349984092699319
58.712	0.350954405297804
58.792	0.351925390786084
58.872	0.352881038067784
58.952	0.353805622110596
59.032	0.354683738777733
59.112	0.355500506131965
59.192	0.356241737830875
59.272	0.356894015945723
59.352	0.357444876225255
59.432	0.357883005610797
59.512	0.358198193942375
59.592	0.35838137631684
59.672	0.358424888319597
59.752	0.358322777841822
59.832	0.358071167772411
59.912	0.35766860735185
59.992	0.357116153529804
60.072	0.356417104788703
60.152	0.355576463548941
60.232	0.354600159449917
60.312	0.353494218864814
60.392	0.352264297504584
60.472	0.350915531020919
60.552	0.349452677739948
60.632	0.347880583009814
60.712	0.346204710090022
60.792	0.344431331213652
60.872	0.342567484983162
60.952	0.340620770798394
61.032	0.338598930113123
61.112	0.336509353564495
61.192	0.334358765295567
61.272	0.332152995981816
61.352	0.329896898515435
61.432	0.327594576959589
61.512	0.325249880444542
61.592	0.322867002246789
61.672	0.320451175446841
61.752	0.318009304400889
61.832	0.315550261462114
61.912	0.313084882103184
61.992	0.310625707439312
62.072	0.308186546513449
62.152	0.305782072086723
62.232	0.303427619543569
62.312	0.301139196948995
62.392	0.298933711972506
62.472	0.296829236079322
62.552	0.294845086824026
62.632	0.293001571473648
62.712	0.29131936744234
62.792	0.289818564596133
62.872	0.288517619155514
62.952	0.287432442925767
63.032	0.286575807653542
63.112	0.285957200668304
63.192	0.285583126625016
63.272	0.285457696692063
63.352	0.285583320376761
63.432	0.285961294073068
63.512	0.286592175533809
63.592	0.287475945238413
63.672	0.288611916625987
63.752	0.289998400201513
63.832	0.291632143512123
63.912	0.293507522086363
63.992	0.295615628094911
64.072	0.297943530350468
64.152	0.300473826090201
64.232	0.303184681844101
64.312	0.306050400232692
64.392	0.3090422975138
64.472	0.312129768401526
64.552	0.315281428888628
64.632	0.318466070335635
64.712	0.321653392591582
64.792	0.324814689002173
64.872	0.327923207281307
64.952	0.330954039469955
65.032	0.333883705220428
65.112	0.336689221099137
65.192	0.339346861777582
65.272	0.341831416824096
65.352	0.344116260073992
65.432	0.346174455247079
65.512	0.347980801198215
65.592	0.349514049686617
65.672	0.35075837366904
65.752	0.351704156068386
65.832	0.352347757654448
65.912	0.352690403496188
65.992	0.352736623342173
66.072	0.352492906459839
66.152	0.35196703855042
66.232	0.351167888707197
66.312	0.35010528142694
66.392	0.348789980492239
66.472	0.347233796634397
66.552	0.34544933470162
66.632	0.343449528327596
66.712	0.341247576546122
66.792	0.338857161337879
66.872	0.336292808095935
66.952	0.333570354751917
67.032	0.330707292603758
67.112	0.32772309256257
67.192	0.324639600689759
67.272	0.321481381416435
67.352	0.318275770026226
67.432	0.315052834657193
67.512	0.311845008156942
67.592	0.308686421447817
67.672	0.305611968809025
67.752	0.302656317608783
67.832	0.29985292611541
67.912	0.297233233259098
67.992	0.29482597272307
68.072	0.292656629917348
68.152	0.29074702906594
68.232	0.289115052652434
68.312	0.287774450761318
68.392	0.286734827119822
68.472	0.286001798435052
68.552	0.285577256619136
68.632	0.285459672579643
68.712	0.285644394382691
68.792	0.286123892223027
68.872	0.286887960527203
68.952	0.28792392880231
69.032	0.289216934866044
69.112	0.290750272272201
69.192	0.292505791100225
69.272	0.294464271117403
69.352	0.296605720026974
69.432	0.298909467894223
69.512	0.30135406683237
69.592	0.303917110918096
69.672	0.30657512016553
69.752	0.309303555210866
69.832	0.312077154284921
69.912	0.314870562646287
69.992	0.317659135002085
70.072	0.320419716438136
70.152	0.323131238579943
70.232	0.325774930507407
70.312	0.32833423654519
70.392	0.330794685477816
70.472	0.333143753319725
70.552	0.335370689236692
70.632	0.337466476093573
70.712	0.33942395130455
70.792	0.341237785176474
70.872	0.342904291480173
70.952	0.344421283163403
71.032	0.345787908750859
71.112	0.347004443267083
71.192	0.348072193228165
71.272	0.348993477610184
71.352	0.349771484945132
71.432	0.350410097426288
71.512	0.350913624026942
71.592	0.351286314412019
71.672	0.351531994212202
71.752	0.351654013088632
71.832	0.351655252031127
71.912	0.351538248636808
71.992	0.351305603098464
72.072	0.350960445821399
72.152	0.350506751367775
72.232	0.349949651076229
72.312	0.349295487813128
72.392	0.348551573958763
72.472	0.347725870983258
72.552	0.346826515948502
72.632	0.345861247935142
72.712	0.344837063937966
72.792	0.343760053115203
72.872	0.342635294000493
72.952	0.341466866287282
73.032	0.340258087079409
73.112	0.339011707275342
73.192	0.337730293476119
73.272	0.336416764343267
73.352	0.335074958748426
73.432	0.333710004315662
73.512	0.332328490644243
73.592	0.330938301137495
73.672	0.329548124437161
73.752	0.328166893294279
73.832	0.32680334201019
73.912	0.325465708360149
73.992	0.324161693163597
74.072	0.322898526642307
74.152	0.321683152708927
74.232	0.320522316229913
74.312	0.319422708295847
74.392	0.318391111605685
74.472	0.317434530294522
74.552	0.316560251518977
74.632	0.31577593768747
74.712	0.31508964067068
74.792	0.314509547649562
74.872	0.314043526488903
74.952	0.313698694244983
75.032	0.313480968109205
75.112	0.313394787173309
75.192	0.313443058168641
75.272	0.313627333114161
75.352	0.313947987978494
75.432	0.314404584729849
75.512	0.314996237480969
75.592	0.315721837805605
75.672	0.316580006893651
75.752	0.317568954808174
75.832	0.318686156567087
75.912	0.319927944875436
75.992	0.321289212408572
76.072	0.322763582195994
76.152	0.324343813222433
76.232	0.326022461851027
76.312	0.327792639787171
76.392	0.329648651135856
76.472	0.331586156887499
76.552	0.333601979057756
76.632	0.335693480762663
76.712	0.337857630666091
76.792	0.340090102045079
76.872	0.342384739904976
76.952	0.344733288386357
77.032	0.347125575301274
77.112	0.349550131818205
77.192	0.351994947082656
77.272	0.354448204594656
77.352	0.356899047386293
77.432	0.359338113154094
77.512	0.361757724539265
77.592	0.364151932004909
77.672	0.366516324605127
77.752	0.368847623442067
77.832	0.371143219493028
77.912	0.373400716697374
77.992	0.3756174962269
78.072	0.377790473701627
78.152	0.37991606763452
78.232	0.381990146284076
78.312	0.384008101206627
78.392	0.385965131728542
78.472	0.387856639275857
78.552	0.389678663630351
78.632	0.391428436486833
78.712	0.393104840390428
78.792	0.394708686508577
78.872	0.396242682975124
78.952	0.397711074355893
79.032	0.39911894305393
79.112	0.400471555576623
79.192	0.40177377147333
79.272	0.403029703100125
79.352	0.404242643320222
79.432	0.405415324059446
79.512	0.406550204373437
79.592	0.407649804114261
79.672	0.408716980051578
79.752	0.409755090768432
79.832	0.410768013370945
79.912	0.411760063517767
79.992	0.41273569984681
80.072	0.413699067179116
80.152	0.41465349094471
80.232	0.415601070878732
80.312	0.41654246858222
80.392	0.417476932102184
80.472	0.418402556491102
80.552	0.419316711609033
80.632	0.420216521335364
80.712	0.421099291241601
80.792	0.421962805037578
80.872	0.422805480835878
80.952	0.423626367047303
81.032	0.424425017722396
81.112	0.425201330675558
81.192	0.425955390841048
81.272	0.426687355058717
81.352	0.427397458093301
81.432	0.428086060353512
81.512	0.428753691554355
81.592	0.429401069439234
81.672	0.43002904197898
81.752	0.430638407832957
81.832	0.431229706890096
81.912	0.431802974875149
81.992	0.432357513937776
82.072	0.432891720093131
82.152	0.433402964741866
82.232	0.433887459463445
82.312	0.434340164395566
82.392	0.434754804366215
82.472	0.435123996326944
82.552	0.435439531638578
82.632	0.435692801719998
82.712	0.435875258577444
82.792	0.435978824538646
82.872	0.435996192054767
82.952	0.435920953923695
83.032	0.435747590076034
83.112	0.435471370770669
83.192	0.435088250994403
83.272	0.43459486751181
83.352	0.433988700499579
83.432	0.433268413615567
83.512	0.43243435561331
83.592	0.431489147836267
83.672	0.43043820703674
83.752	0.429290098633489
83.832	0.428056577879757
83.912	0.426752280835808
83.992	0.425394165158965
84.072	0.424000821004924
84.152	0.422591842711917
84.232	0.421187429076419
84.312	0.419808179422182
84.392	0.418474962011326
84.472	0.417208837791238
84.552	0.416030923601326
84.632	0.41496204206798
84.712	0.414022174457049
84.792	0.413229751013478
84.872	0.412600913084701
84.952	0.412148829524844
85.032	0.411883107669686
85.112	0.411809423408528
85.192	0.411929479484636
85.272	0.412241204500562
85.352	0.412739090368693
85.432	0.413414655708848
85.512	0.414256876538529
85.592	0.415252543220568
85.672	0.416386511964539
85.752	0.417641806420131
85.832	0.418999740576902
85.912	0.420440155439761
85.992	0.421941685509795
86.072	0.423481946226789
86.152	0.425037611241896
86.232	0.426584372524154
86.312	0.428096917785521
86.392	0.429549041140405
86.472	0.430913988316716
86.552	0.432165083707615
86.632	0.433276571621102
86.712	0.434224488193871
86.792	0.43498741688099
86.872	0.435547032534755
86.952	0.435888439759108
87.032	0.436000365424222
87.112	0.435875268244105
87.192	0.435509359571677
87.272	0.434902509510272
87.352	0.434057987445507
87.432	0.432982018105341
87.512	0.431683235212062
87.592	0.430172182534269
87.672	0.428460995287511
87.752	0.42656328986833
87.832	0.424494231219029
87.912	0.422270664679536
87.992	0.419911156201952
88.072	0.417435838059033
88.152	0.414866015873586
88.232	0.412223517647526
88.312	0.409529932782786
88.392	0.4068058712205
88.472	0.404070263138959
88.552	0.401339834986313
88.632	0.398628894337235
88.712	0.395949344718507
88.792	0.393310809774809
88.872	0.390720910509885
88.952	0.388185464212716
89.032	0.38570850246664
89.112	0.383292292429256
89.192	0.380937389735776
89.272	0.378642641581232
89.352	0.376405377014788
89.432	0.374221973155702
89.512	0.372088528106572
89.592	0.37000150352678
89.672	0.367958424476297
89.752	0.365958399284303
89.832	0.36400228114481
89.912	0.362092597968875
89.992	0.360233241676486
90.072	0.35842890529219
90.152	0.356684562612274
90.232	0.355005127695637
90.312	0.353395088423719
90.392	0.351858386122
90.472	0.350398609555865
90.552	0.349019231005087
90.632	0.347723674379806
90.712	0.346515428508718
90.792	0.345398057379907
90.872	0.344375019766082
90.952	0.343449497911626
91.032	0.342624278361276
91.112	0.341901593747479
91.192	0.341283193849239
91.272	0.340770554078929
91.352	0.340365071828092
91.432	0.340068291801277
91.512	0.33988218797357
91.592	0.339809226362263
91.672	0.339852161807253
91.752	0.340013671764092
91.832	0.340295839751851
91.912	0.340699672726705
91.992	0.341224826785563
92.072	0.34186959312332
92.152	0.342631086912304
92.232	0.343505626737288
92.312	0.34448915874593
92.392	0.345577433622449
92.472	0.34676600613716
92.552	0.348050156497049
92.632	0.349424877777222
92.712	0.350884940873217
92.792	0.352425135988096
92.872	0.354040679431812
92.952	0.355727609610012
93.032	0.357483060404592
93.112	0.359305323754258
93.192	0.361193579752597
93.272	0.363147400098407
93.352	0.36516630327679
93.432	0.36724938273619
93.512	0.369394903559657
93.592	0.371600063185203
93.672	0.373860817153766
