93.752	0.455480814230185
93.832	0.458454212468979
93.912	0.461842249420926
93.992	0.465626225009572
94.072	0.469781894008946
94.152	0.474280647206371
94.232	0.479090782034945
94.312	0.484178244483388
94.392	0.489506622898233
94.472	0.495036867853429
94.552	0.500727080291398
94.632	0.506532499884401
94.712	0.512406024455373
94.792	0.518299091274656
94.872	0.524162423479112
94.952	0.529946397818804
95.032	0.535601261093319
95.112	0.541077243875492
95.192	0.546324655513928
95.272	0.551294539029328
95.352	0.555939972006598
95.432	0.560217738219109
95.512	0.564090201151288
95.592	0.567527242186173
95.672	0.570507598842852
95.752	0.573019576475559
95.832	0.575061171920737
95.912	0.576639628887023
95.992	0.577770594320924
96.072	0.578477186689071
96.152	0.578789030283616
96.232	0.578741244057454
96.312	0.578373414883373
96.392	0.57772852120641
96.472	0.576851754682394
96.552	0.575789262904237
96.632	0.574586912544788
96.712	0.573289151298667
96.792	0.571937991485726
96.872	0.570572112321059
96.952	0.569226086207635
97.032	0.567929737997389
97.112	0.566707639090367
97.192	0.565578769228551
97.272	0.564556457312591
97.352	0.563648688913105
97.432	0.562858687349632
97.512	0.562185662178962
97.592	0.56162561798962
97.672	0.561172088586858
97.752	0.560816721892053
97.832	0.560549724567778
97.912	0.560360212361076
97.992	0.560236539854571
98.072	0.56016667420667
98.152	0.560138607142932
98.232	0.560140787031202
98.312	0.560162550327533
98.392	0.560194494666888
98.472	0.560228748335675
98.552	0.560259125159433
98.632	0.560281171666333
98.712	0.560292137792288
98.792	0.560290912618171
98.872	0.560277946781383
98.952	0.560255147903064
99.032	0.560225724601736
99.112	0.560193951134721
99.192	0.560164854922419
99.272	0.560143870137807
99.352	0.560136512751939
99.432	0.560148111387235
99.512	0.560183602915259
99.592	0.56024736586167
99.672	0.560343042578126
99.752	0.560473327750032
99.832	0.560639745433633
99.912	0.560842470622589
99.992	0.561080266368691
100.072	0.561350592787818
100.152	0.561649864926409
100.232	0.56197379527876
100.312	0.56231773571804
100.392	0.5626769329605
100.472	0.563046638983934
100.552	0.563422101403745
100.632	0.563798498653711
100.712	0.564170877833959
100.792	0.564534136321214
100.872	0.564883081499744
100.952	0.565212530997798
101.032	0.56551742014986
101.112	0.565792899876755
101.192	0.56603444133728
101.272	0.566237968094384
101.352	0.566400013467643
101.432	0.566517872753224
101.512	0.566589729685546
101.592	0.566614722671062
101.672	0.566592957818074
101.752	0.566525481867444
101.832	0.566414232345807
101.912	0.566261972372359
101.992	0.566072253097985
102.072	0.56584938571055
102.152	0.565598359689517
102.232	0.565324679799488
102.312	0.565034156369023
102.392	0.564732653344237
102.472	0.564425834454511
102.552	0.564118961103333
102.632	0.563816778087499
102.712	0.563523454835291
102.792	0.563242553646575
102.872	0.562977004632188
102.952	0.562729077712589
103.032	0.562500361997223
103.112	0.562291781628204
103.192	0.562103667262335
103.272	0.561935856234783
103.352	0.561787822110915
103.432	0.561658833108737
103.512	0.56154809777118
103.592	0.561454858217445
103.672	0.561378449417504
103.752	0.561318335335415
103.832	0.561274105374963
103.912	0.561245442099249
103.992	0.561232102673131
104.072	0.561233899516566
104.152	0.561250679539597
104.232	0.561282334563913
104.312	0.561328840042989
104.392	0.561390289188267
104.472	0.561466934610422
104.552	0.561559228906304
104.632	0.561667816101163
104.712	0.561793481643775
104.792	0.561937072789448
104.872	0.562099389972815
104.952	0.562281069636384
105.032	0.562482499325512
105.112	0.562703753835905
105.192	0.56294455700683
105.272	0.563204300064314
105.352	0.563482103454163
105.432	0.563776883187444
105.512	0.56408743776089
105.592	0.564412533327555
105.672	0.564750982781874
105.752	0.56510171776759
105.832	0.565463822035014
105.912	0.565836510088189
105.992	0.566219119318049
106.072	0.566611108625835
106.152	0.567012046060796
106.232	0.567421613011419
106.312	0.567839619968566
106.392	0.568265977297955
106.472	0.56870060557705
106.552	0.569143305954327
106.632	0.5695935868753
106.712	0.570050512012898
106.792	0.570512627645968
106.872	0.570977941007897
106.952	0.571443994058683
107.032	0.5719080496456
107.112	0.572367293700921
107.192	0.572819027882446
107.272	0.573260863826903
107.352	0.573690837967064
107.432	0.574107408592027
107.512	0.574509403964811
107.592	0.574895899394988
107.672	0.575266030765732
107.752	0.575618863385642
107.832	0.575953394717914
107.912	0.576268644830719
107.992	0.57656380621134
108.072	0.576838423115845
108.152	0.577092490737328
108.232	0.57732643902429
108.312	0.577541049748021
108.392	0.577737318898272
108.472	0.577916280357982
108.552	0.578078856410087
108.632	0.578225748185588
108.712	0.578357345215665
108.792	0.578473670637976
108.872	0.578574375848262
108.952	0.578658766284121
109.032	0.578725856667205
109.112	0.578774461454572
109.192	0.578803294921357
109.272	0.578811043315483
109.352	0.57879639892397
109.432	0.578758057513113
109.512	0.578694690727701
109.592	0.578604919541732
109.672	0.578487317174762
109.752	0.578340465316018
109.832	0.578163082244515
109.912	0.577954231036671
109.992	0.577713572684701
110.072	0.577441627083573
110.152	0.577139984916499
110.232	0.576811399041759
110.312	0.576459735722864
110.392	0.576089892233512
110.472	0.575707704742371
110.552	0.575319887817926
110.632	0.574933998483942
110.712	0.574558447035514
110.792	0.574202422972718
110.872	0.573875732659218
110.952	0.573588576601168
111.032	0.573351309645631
111.112	0.573174235474454
111.192	0.573067493694708
111.272	0.573040840954917
111.352	0.573103177283741
111.432	0.573261762787155
111.512	0.573521096605276
111.592	0.573881478224081
111.672	0.574337671384825
111.752	0.574877971215045
111.832	0.575483765703183
111.912	0.576129662016257
111.992	0.576784176890698
112.072	0.577410766804832
112.152	0.57796914724193
112.232	0.578416884658708
112.312	0.578711204857456
112.392	0.578811053336807
112.472	0.578679459660094
112.552	0.578286118566183
112.632	0.577610115877377
112.712	0.576642641947984
112.792	0.575389429028661
112.872	0.573872688847274
112.952	0.572132320874317
113.032	0.570226188256044
113.112	0.568229412710281
113.192	0.566232719927797
113.272	0.564339889749334
113.352	0.562664445066247
113.432	0.561325674961694
113.512	0.560444119633445
113.592	0.560136673494725
113.672	0.560511427757177
113.752	0.561662379359319
113.832	0.563664242196154
113.912	0.566567622516715
113.992	0.570394865711279
114.072	0.575136927141813
114.152	0.580751540934813
114.232	0.587162704108579
114.312	0.594261651509129
114.392	0.601909324000218
114.472	0.609940104688263
114.552	0.618166724485064
114.632	0.626386080612093
114.712	0.634385296589045
114.792	0.641947786298971
114.872	0.648859471120574
114.952	0.654915048984918
115.032	0.659924515761787
115.112	0.663720269349511
115.192	0.666164418031855
115.272	0.66715551031578
115.352	0.666633929376786
115.432	0.664585238110732
115.512	0.661041184865809
115.592	0.656078543533482
115.672	0.649816137226736
115.752	0.642410698781333
115.832	0.634051993654481
115.912	0.624957342009139
115.992	0.61536536167651
116.072	0.605529006378362
116.152	0.595707688317503
116.232	0.586158467259821
116.312	0.577126486586423
116.392	0.568835426431662
116.472	0.561478911609839
116.552	0.555214154946526
116.632	0.550157923345324
116.712	0.546384714103766
116.792	0.543927563034373
116.872	0.542781254449125
116.952	0.542906542450311
117.032	0.544235302234853
117.112	0.546676957760866
117.192	0.550125141508857
117.272	0.55446392984166
117.352	0.559573464342208
117.432	0.565333989782431
117.512	0.571627800739094
117.592	0.578339776663512
117.672	0.585357235036241
117.752	0.592569508356434
117.832	0.599868058276257
117.912	0.607147855052773
117.992	0.614309096601716
118.072	0.621258711957836
118.152	0.627911583289148
118.232	0.634191583760213
118.312	0.640032123715656
118.392	0.645376541502884
118.472	0.650178596687539
118.552	0.654402993159152
118.632	0.658025746345771
118.712	0.661034432156299
118.792	0.663427889329029
118.872	0.665215244718553
118.952	0.666414353235979
119.032	0.667049789173831
119.112	0.667150540821495
119.192	0.666747810668227
119.272	0.665873186435675
119.352	0.664557341841515
119.432	0.662829342937499
119.512	0.660716410662104
119.592	0.658243953530956
119.672	0.655435830389052
119.752	0.652314735061083
119.832	0.648902618750441
119.912	0.645221316616386
119.992	0.641293333577465
120.072	0.637142568106043
120.152	0.632795027331923
120.232	0.628279537004488
120.312	0.623628281388989
120.392	0.618877083003468
120.472	0.614065507865377
120.552	0.609236561272525
120.632	0.604435926481784
120.712	0.599710849762261
120.792	0.595108734403908
120.872	0.590675541712272
120.952	0.586454301437612
121.032	0.582483875566396
121.112	0.578798014187242
121.192	0.575424575692438
121.272	0.572384899268883
121.352	0.569693301224135
121.432	0.567356811933479
121.512	0.565375179571248
121.592	0.563741235841832
121.672	0.5624415981911
121.752	0.56145757724866
121.832	0.560766121804448
121.912	0.560340737759617
121.992	0.560152340835344
122.072	0.560170098069449
122.152	0.56036232099828
122.232	0.56069743968331
122.312	0.561145009871069
122.392	0.561676631102074
122.472	0.562266644420475
122.552	0.562892497553463
122.632	0.563534781094205
122.712	0.564177031541732
122.792	0.564805412158108
122.872	0.56540836658175
122.952	0.565976385696189
123.032	0.566501926518896
123.112	0.566979412714062
123.192	0.567405238008774
123.272	0.567777742651828
123.352	0.568097055435629
123.432	0.568364805859545
123.512	0.56858375676174
123.592	0.568757407756067
123.672	0.56888961151347
123.752	0.568984276953103
123.832	0.56904516482345
123.912	0.569075750826954
123.992	0.569079159427162
124.072	0.569058179911536
124.152	0.569015299167091
124.232	0.568952740512628
124.312	0.568872497670469
124.392	0.568776389802764
124.472	0.568666122109818
124.552	0.56854333868651
124.632	0.568409628125238
124.712	0.568266543193118
124.792	0.568115615364064
124.872	0.567958357251797
124.952	0.567796304914935
125.032	0.567631090964625
125.112	0.567464494900292
125.192	0.567298498126178
125.272	0.567135342111641
125.352	0.566977504144319
125.432	0.566827601332733
125.512	0.566688310908575
125.592	0.566562264404325
125.672	0.566451935194237
125.752	0.566359615351786
125.832	0.566287428777542
125.912	0.566237317827614
125.992	0.566211050940552
126.072	0.566210234844476
126.152	0.566236272126076
126.232	0.566290306236141
126.312	0.566373193504688
126.392	0.566485483072398
126.472	0.56662742481015
126.552	0.566799024195149
126.632	0.567000138604016
126.712	0.567230575973923
126.792	0.567490222838643
126.872	0.567779161469701
126.952	0.568097743780328
127.032	0.568446616162504
127.112	0.568826702341511
127.192	0.56923911159285
127.272	0.569684955180065
127.352	0.570165052855685
127.432	0.570679599655165
127.512	0.571227819382926
127.592	0.571807622148668
127.672	0.572415332118027
127.752	0.57304556464365
127.832	0.573691217690424
127.912	0.574343601274251
127.992	0.574992693095083
128.072	0.575627460915854
128.152	0.57623617970799
128.232	0.576806793108716
128.312	0.57732726972776
128.392	0.577785915507803
128.472	0.578171662678784
128.552	0.578474332461923
128.632	0.578684840020259
128.712	0.578795400274458
128.792	0.578799772417796
128.872	0.578693566784551
128.952	0.578474615732233
129.032	0.578143357370351
129.112	0.577703181497128
129.192	0.577160693962611
129.272	0.576525884224424
129.352	0.575812142244757
129.432	0.575036112599918
129.512	0.574217288182155
129.592	0.573377335833271
129.672	0.572539124706594
129.752	0.57172561502685
129.832	0.570958819393041
129.912	0.570259076940516
129.992	0.569644579423567
130.072	0.56913123998666
130.152	0.568732782039689
130.232	0.568460815441568
130.312	0.568324643853742
130.392	0.568331033461305
130.472	0.568483872919927
130.552	0.568783676222125
130.632	0.569226974562838
130.712	0.569805787408114
130.792	0.570507117855783
130.872	0.571312746467385
130.952	0.572199498002675
131.032	0.573139920087016
131.112	0.574103277252647
131.192	0.575056803973183
131.272	0.575966933114984
131.352	0.576800365339551
131.432	0.577525091734827
131.512	0.578111423123772
131.592	0.578532966514189
131.672	0.578767509909511
131.752	0.578797766789336
131.832	0.578611901532582
131.912	0.578203839259658
131.992	0.577573451810991
132.072	0.576726712987892
132.152	0.575675871727952
132.232	0.574439656685882
132.312	0.573043451856762
132.392	0.571519379653097
132.472	0.569906238350342
132.552	0.568249205211401
132.632	0.566599299329226
132.712	0.565012575704515
132.792	0.563548984739583
132.872	0.562270814936625
132.952	0.561240782829117
133.032	0.560519830252161
133.112	0.56016477055735
133.192	0.560226061478346
133.272	0.560745962667312
133.352	0.561757259661846
133.432	0.563282561480861
133.512	0.565334001075513
133.592	0.567913148746044
133.672	0.571010966475143
133.752	0.574607769823416
133.832	0.578673363652484
133.912	0.583167574489863
133.992	0.58804124444103
134.072	0.593237627101672
134.152	0.598693893527212
134.232	0.604342605254629
134.312	0.610112997186917
134.392	0.61593215320616
134.472	0.62172607955543
134.552	0.627420940845042
134.632	0.632944396241015
134.712	0.638226983459077
134.792	0.64320335919561
134.872	0.64781336443005
134.952	0.652003058026963
135.032	0.655726051696689
135.112	0.658945131399292
135.192	0.661634119245633
135.272	0.663779659148219
135.352	0.665382630189271
135.432	0.666458844619029
135.512	0.667038817619897
135.592	0.667166497273371
135.672	0.66689703954583
135.752	0.666293843333307
135.832	0.665425178269317
135.912	0.664360833195161
135.992	0.663169125927794
136.072	0.661914483351239
136.152	0.660655654808039
136.232	0.659444544119907
136.312	0.658325465652666
136.392	0.657334776729869
136.472	0.65650080928495
136.552	0.65584405215057
136.632	0.655377632102642
136.712	0.65510815294013
136.792	0.655036567597136
136.872	0.655158946430475
136.952	0.655467172414689
137.032	0.655949446088613
137.112	0.656590438758059
137.192	0.657371401900406
137.272	0.658270158462557
137.352	0.659261077510024
137.432	0.660315267835273
137.512	0.661401051780018
137.592	0.662484574264141
137.672	0.663530666892512
137.752	0.664503951844409
137.832	0.665369973371327
137.912	0.666096350762388
137.992	0.666654045251136
138.072	0.667018538927806
138.152	0.667170839167312
138.232	0.667098295835018
138.312	0.666795104741169
138.392	0.666262432944251
138.472	0.665508182756554
138.552	0.664546364353583
138.632	0.663396155417246
138.712	0.662080791745353
138.792	0.660626274588964
138.872	0.659059924469972
138.952	0.657408968309738
139.032	0.655699093332402
139.112	0.653953060713576
139.192	0.652189744984668
139.272	0.650423710121032
139.352	0.648665185912506
139.432	0.646920513310675
139.512	0.645192906737435
139.592	0.643483219620322
139.672	0.641790516892598
139.752	0.640112605052224
139.832	0.638446511187141
139.912	0.636788902259269
139.992	0.635136508201327
140.072	0.633486479114282
140.152	0.631836507349618
140.232	0.630184693892062
140.312	0.628529173676071
140.392	0.626867660436943
140.472	0.625197100895804
140.552	0.623513593239323
