0.072	0.130225022593009
0.152	0.12929415611174
0.232	0.128365159018273
0.312	0.127438757522071
0.392	0.126515665828236
0.472	0.12559659361952
0.552	0.124682249832262
0.632	0.123773343977149
0.712	0.122870587154608
0.792	0.121974686738753
0.872	0.121086335168656
0.952	0.120206194364215
1.032	0.119334879611728
1.112	0.118472948656148
1.192	0.117620897697094
1.272	0.116779166004136
1.352	0.115948147886087
1.432	0.115128207902984
1.512	0.114319695289595
1.592	0.113522953803653
1.672	0.112738323844241
1.752	0.111966136856978
1.832	0.111206704212947
1.912	0.110460305018449
1.992	0.109727176515918
2.072	0.109007509972315
2.152	0.108301452428719
2.232	0.107609113417908
2.312	0.106930574397808
2.392	0.106265899511556
2.472	0.105615147012742
2.552	0.104978378024754
2.632	0.104355662634731
2.712	0.103747083732429
2.792	0.103152737518059
2.872	0.102572730593494
2.952	0.102007176393812
3.032	0.101456191706546
3.112	0.100919893012502
3.192	0.100398394355778
3.272	0.0998918075734707
3.352	0.0994002442912176
3.432	0.098923819863586
3.512	0.0984626576917265
3.592	0.0980168926809881
3.672	0.0975866737119588
3.752	0.0971721653799875
3.832	0.0967735477480858
3.912	0.096391014757927
3.992	0.0960247720443874
4.072	0.0956750340791643
4.152	0.0953420213282072
4.232	0.0950259575118082
4.312	0.0947270674245999
4.392	0.0944455754764419
4.472	0.0941817044715947
4.552	0.0939356737594892
4.632	0.0937076969164252
4.712	0.093497979373609
4.792	0.0933067159282075
4.872	0.0931340877852165
4.952	0.0929802590374322
5.032	0.0928453728121497
5.112	0.0927295471012997
5.192	0.0926328704371429
5.272	0.0925553979940617
5.352	0.0924971488103949
5.432	0.0924581040535202
5.512	0.0924382060621554
5.592	0.0924373573497235
5.672	0.0924554184377087
5.752	0.0924922037941371
5.832	0.0925474756512301
5.912	0.0926209362388306
5.992	0.0927122195381855
6.072	0.0928208837472368
6.152	0.0929464049574165
6.232	0.0930881723956247
6.312	0.0932454849895805
6.392	0.0934175496197724
6.472	0.0936034801755738
6.552	0.0938022966724645
6.632	0.0940129242847263
6.712	0.0942341923393144
6.792	0.0944648326144204
6.872	0.0947034781628702
6.952	0.0949486635720689
7.032	0.0951988279647082
7.112	0.0954523211597973
7.192	0.0957074145624972
7.272	0.0959623141777968
7.352	0.0962151770167168
7.432	0.0964641284710126
7.512	0.0967072789751739
7.592	0.0969427370093001
7.672	0.0971686173691353
7.752	0.0973830476809496
7.832	0.0975841744074444
7.912	0.0977701633482013
7.992	0.0979392042617349
8.072	0.0980895263286072
8.152	0.0982194253234354
8.232	0.0983272992230297
8.312	0.0984117023877218
8.392	0.098471409781979
8.472	0.0985054886882892
8.552	0.0985133776972305
8.632	0.0984949762065241
8.712	0.0984507450467333
8.792	0.0983818351785146
8.872	0.0982902473349156
8.952	0.0981790207261781
9.032	0.0980524501664206
9.112	0.0979163329976984
9.192	0.0977782236568316
9.272	0.097647693127584
9.352	0.0975366116634007
9.432	0.0974595293440927
9.512	0.0975228946373647
9.592	0.09759542606227
9.672	0.0976845310748615
9.752	0.0977970771010916
9.832	0.0979389568240379
9.912	0.09811475684117
9.992	0.0983276376104811
10.072	0.0985792165393207
10.152	0.0988695857638788
10.232	0.0991974904154915
10.312	0.0995606567780385
10.392	0.0999561763024133
10.472	0.100380943880765
10.552	0.100832048281546
10.632	0.101307127780075
10.712	0.101804526759878
10.792	0.102323163817601
10.872	0.102862052360791
10.952	0.103419648586765
11.032	0.103993053801815
11.112	0.104577353423991
11.192	0.105165353996
11.272	0.105747855473027
11.352	0.106314317067785
11.432	0.106853827122137
11.512	0.10735604080142
11.592	0.107811858212045
11.672	0.108213676256156
11.752	0.108555282965341
11.832	0.108831288440996
11.912	0.109036539230232
11.992	0.109165665448728
12.072	0.109212844960808
12.152	0.109171816632028
12.232	0.109036355645316
12.312	0.108800918199876
12.392	0.10846139115219
12.472	0.108016019793268
12.552	0.107466296843569
12.632	0.106817502390271
12.712	0.106078797790332
12.792	0.105262662854699
12.872	0.10438382849614
12.952	0.10345804008827
13.032	0.102501021041775
13.112	0.101527734256621
13.192	0.100552110300526
13.272	0.0995871185400858
13.352	0.0986449835304768
13.432	0.0977373394342465
13.512	0.0968751940003187
13.592	0.096068770948051
13.672	0.095327300915045
13.752	0.094658792812055
13.832	0.0940699205464455
13.912	0.0935660586933693
13.992	0.0931514052768705
14.072	0.092829123630537
14.152	0.0926015253627099
14.232	0.0924702698449948
14.312	0.0924366073966496
14.392	0.0925016185011884
14.472	0.0926663639280321
14.552	0.0929318855713461
14.632	0.0932990261433417
14.712	0.0937681145192357
14.792	0.0943386067552012
14.872	0.0950088078025999
14.952	0.0957757680611451
15.032	0.0966353980657857
15.112	0.0975827327213494
15.192	0.0986122953210895
15.272	0.099718386552496
15.352	0.100895243557346
15.432	0.102137037627102
15.512	0.1034377819648
15.592	0.104791151830483
15.672	0.106190308571087
15.752	0.107627712421476
15.832	0.109095040526853
15.912	0.110583219430993
15.992	0.112082643962793
16.072	0.113583492404217
16.152	0.115076168355898
16.232	0.116551712510869
16.312	0.11800216494359
16.392	0.119420794627644
16.472	0.120802148743877
16.552	0.122141836980262
16.632	0.12343625788597
16.712	0.124682224412567
16.792	0.125876627710312
16.872	0.127016254436541
16.952	0.128097868197216
17.032	0.129118463889
17.112	0.130075588230255
17.192	0.13096767012874
17.272	0.131794374759096
17.352	0.132556694846045
17.432	0.133256783627957
17.512	0.133897596172829
17.592	0.134482380014589
17.672	0.135014062186229
17.752	0.135494825018299
17.832	0.135925839577084
17.912	0.136307187925212
17.992	0.136638078490336
18.072	0.136917280095332
18.152	0.137143421939271
18.232	0.137315186898519
18.312	0.137431405721571
18.392	0.13749097594436
18.472	0.137492634552046
18.552	0.137434866295024
18.632	0.137315901408471
18.712	0.137133749446292
18.792	0.136886241999861
18.872	0.136571030764372
18.952	0.136185529484322
19.032	0.135726902132745
19.112	0.135192197308328
19.192	0.13457865951662
19.272	0.133884122129501
19.352	0.133107422350321
19.432	0.132248618503723
19.512	0.131308844386609
19.592	0.130289887669932
19.672	0.129193674622883
19.752	0.128021825554782
19.832	0.126775579721567
19.912	0.125456179744702
19.992	0.124065529661635
20.072	0.122607006826712
20.152	0.121086163542515
20.232	0.119511048251098
20.312	0.117892193637232
20.392	0.116242391270049
20.472	0.114576234623513
20.552	0.112909547903456
20.632	0.111258793255985
20.712	0.109640373903943
20.792	0.108069876297208
20.872	0.106561384465437
20.952	0.105126843646389
21.032	0.103775623315272
21.112	0.102514339463283
21.192	0.101346929863809
21.272	0.100274914021185
21.352	0.0992978403820928
21.432	0.0984137177314608
21.512	0.0976194376277988
21.592	0.096911068798164
21.672	0.0962840453311458
21.752	0.0957332897191634
21.832	0.0952533586709308
21.912	0.0948385898157369
21.992	0.0944832959697521
22.072	0.0941819271793349
22.152	0.0939291892496215
22.232	0.0937201027994377
22.312	0.0935500122410247
22.392	0.0934145507981441
22.472	0.0933096463266168
22.552	0.0932315543772972
22.632	0.093176896657809
22.712	0.0931426883559254
22.792	0.0931263515412013
22.872	0.093125681833925
22.952	0.0931387819078111
23.032	0.0931639909164517
23.112	0.0931998140270309
23.192	0.0932448516018951
23.272	0.0932977620094277
23.352	0.0933572557806031
23.432	0.0934221224197529
23.512	0.0934912673120323
23.592	0.0935637660799387
23.672	0.0936389184365964
23.752	0.0937162572724048
23.832	0.0937955297111159
23.912	0.0938766898933352
23.992	0.0939598563643074
24.072	0.094045228088163
24.152	0.0941329868483933
24.232	0.0942231887986793
24.312	0.0943156521682624
24.392	0.0944098701970972
24.472	0.0945049874021322
24.552	0.0945998533055388
24.632	0.0946931753200317
24.712	0.0947837662749009
24.792	0.0948708415277508
24.872	0.0949542862889245
24.952	0.0950348228390965
25.032	0.0951140392988066
25.112	0.0951943340110404
25.192	0.0952787486476439
25.272	0.0953707509073922
25.352	0.0954740605623385
25.432	0.0955925365434211
25.512	0.0957300235185414
25.592	0.0958902465653466
25.672	0.0960767728530243
25.752	0.0962929995270372
25.832	0.0965421686030083
25.912	0.0968274500708333
25.992	0.097152020610821
26.072	0.0975191151229353
26.152	0.097932070669259
26.232	0.0983942995423206
26.312	0.0989091216671625
26.392	0.0994795969038762
26.472	0.100108418726251
26.552	0.100797850489329
26.632	0.101549711228614
26.712	0.102365478933592
26.792	0.103246462520275
26.872	0.104193930391858
26.952	0.105209093735397
27.032	0.106292996603344
27.112	0.10744642935768
27.192	0.10866990610262
27.272	0.109963760513637
27.352	0.111328325721303
27.432	0.112764051394464
27.512	0.114271461229606
27.592	0.115850915960806
27.672	0.117502066798551
27.752	0.119223215023027
27.832	0.121010843015625
27.912	0.122859274351441
27.992	0.124760507420746
28.072	0.126704338157793
28.152	0.12867867207072
28.232	0.130669844925848
28.312	0.132663085069254
28.392	0.134643099185524
28.472	0.136594725459275
28.552	0.138503616952988
28.632	0.140356832310914
28.712	0.142143088299491
28.792	0.143852763449701
28.872	0.145477715675867
28.952	0.147011070671141
29.032	0.148447106238649
29.112	0.149781385966406
29.192	0.151010981892938
29.272	0.152134670961431
29.352	0.153152939630132
29.432	0.154067815135392
29.512	0.154882548515758
29.592	0.155601264935882
29.672	0.156228689924916
29.752	0.156770026924193
29.832	0.157230929155816
29.912	0.157617526600831
29.992	0.157936426574764
30.072	0.158194634176795
30.152	0.158399402223012
30.232	0.158558047288551
30.312	0.158677747963026
30.392	0.158765357044246
30.472	0.158827246041056
30.552	0.158869180632593
30.632	0.158896218286458
30.712	0.158912620794155
30.792	0.158921772280024
30.872	0.158926099782803
30.952	0.158926993352935
31.032	0.158924725993558
31.112	0.158918380501035
31.192	0.158905792506943
31.272	0.158883518020076
31.352	0.15884682990233
31.432	0.158789743000312
31.512	0.158705063219855
31.592	0.158584464822724
31.672	0.158418614955991
31.752	0.158197348353809
31.832	0.157909886647502
31.912	0.157545116869102
31.992	0.157091916216729
32.072	0.156539475242738
32.152	0.155877608558313
32.232	0.155097076546582
32.312	0.154189908021777
32.392	0.153149735622918
32.472	0.151972155480536
32.552	0.150655059693605
32.632	0.149198917961058
32.712	0.147607010286976
32.792	0.145885537409555
32.872	0.144043522863768
32.952	0.142092640498078
33.032	0.140046959118337
33.112	0.137922459847147
33.192	0.135736332835478
33.272	0.13350618949616
33.352	0.131249206001627
33.432	0.128981373133144
33.512	0.126717005844597
33.592	0.124468602267115
33.672	0.122246983789609
33.752	0.120061679402141
33.832	0.117921415385212
33.912	0.11583455783304
33.992	0.113809361342391
34.072	0.111854079899132
34.152	0.109976943488931
34.232	0.108185971397376
34.312	0.106488654339302
34.392	0.104891652106375
34.472	0.10340051188669
34.552	0.102019421800804
34.632	0.100751027237976
34.712	0.0995963550609815
34.792	0.0985547786996506
34.872	0.0976240666732622
34.952	0.0968004867235379
35.032	0.0960789342089186
35.112	0.0954530954108748
35.192	0.0949156753117961
35.272	0.0944586531825564
35.352	0.0940735620411317
35.432	0.0937517810709494
35.512	0.0934848164020252
35.592	0.0932645552936435
35.672	0.0930834924207886
35.752	0.0929349074459935
35.832	0.092812995034393
35.912	0.0927129599743637
35.992	0.0926310742569569
36.072	0.0925646761390624
36.152	0.0925121381541487
36.232	0.0924728163505222
36.312	0.0924469739829021
36.392	0.0924357286450856
36.472	0.0924410580471147
36.552	0.0924658825915969
36.632	0.0925142643262973
36.712	0.0925917173468349
36.792	0.0927055811657453
36.872	0.0928654330179199
36.952	0.0930834774883635
37.032	0.0933748536454857
37.112	0.0937578840105573
37.192	0.0942542630589571
37.272	0.0948891048121538
37.352	0.0956908329960982
37.432	0.096690889297264
37.512	0.0979230934673012
37.592	0.0994227064178688
37.672	0.101225289028235
37.752	0.103365363212987
37.832	0.105874882380846
37.912	0.108781587086952
37.992	0.112107264616128
38.072	0.115865920155812
38.152	0.120061916125593
38.232	0.124688563742069
38.312	0.129727386325868
38.392	0.135148265918218
38.472	0.140910514731132
38.552	0.146964566235653
38.632	0.153253395543317
38.712	0.159713406127224
38.792	0.166274465601845
38.872	0.17285930398927
38.952	0.179383108176893
39.032	0.185754238485941
39.112	0.191876346021246
39.192	0.197652080056031
39.272	0.202987826969917
39.352	0.207798715111522
39.432	0.212012676623914
39.512	0.215572369152909
39.592	0.218434400849873
39.672	0.220566833936999
39.752	0.221945854474399
39.832	0.222552876218202
39.912	0.222373328264581
39.992	0.221397965337218
40.072	0.219625437236431
40.152	0.217065759210726
40.232	0.213743567175669
40.312	0.209700320387554
40.392	0.204994584101343
40.472	0.199700889254615
40.552	0.193907239309311
40.632	0.187711440529966
40.712	0.181216348622655
40.792	0.174525367767416
40.872	0.167738413223418
40.952	0.160948483916485
41.032	0.154239632786954
41.112	0.147686357641334
41.192	0.141353779459649
41.272	0.135298293119462
41.352	0.129568465391486
41.432	0.12420548576668
41.512	0.119243312325438
41.592	0.114708603953801
41.672	0.110620361554737
41.752	0.106989138784996
41.832	0.103816425286681
41.912	0.101094492262888
41.992	0.0988068231653472
42.072	0.0969291688909095
42.152	0.0954313269545253
42.232	0.094279336624794
42.312	0.093437716279567
42.392	0.0928714432548361
42.472	0.0925475066141814
42.552	0.0924359531236689
42.632	0.0925105045844532
42.712	0.0927488157628034
42.792	0.0931324239575417
42.872	0.0936464408123641
42.952	0.0942789903739083
43.032	0.0950204390851184
43.112	0.0958625265738249
43.192	0.0967974904469031
43.272	0.0978173247233656
43.352	0.0989133031099243
43.432	0.100075849771628
43.512	0.101294779111953
43.592	0.102559924536223
43.672	0.103861892955166
43.752	0.105192712476338
43.832	0.106546235091997
43.912	0.107918169240946
43.992	0.109305704616901
44.072	0.110706933797445
44.152	0.112120288221405
44.232	0.11354405273093
44.312	0.114976061310273
44.392	0.116413614556762
44.472	0.117853501224232
44.552	0.119292064083282
44.632	0.120725345590728
44.712	0.122149225388313
44.792	0.123559535518808
44.872	0.124952163711697
44.952	0.12632309482845
45.032	0.127668309063409
45.112	0.128983682252539
45.192	0.130264914936589
45.272	0.13150758892246
45.352	0.132707338363474
45.432	0.1338601962307
45.512	0.134962995726056
45.592	0.136013772110829
45.672	0.137011941743168
45.752	0.137958273320947
45.832	0.138854689260853
45.912	0.139703977545963
45.992	0.140509458496723
46.072	0.141274790544941
46.152	0.142003882049863
46.232	0.142700822416629
46.312	0.143369809748805
46.392	0.144015055586493
46.472	0.144640584342397
46.552	0.145249938814942
46.632	0.145845879992777
46.712	0.146430174321978
46.792	0.147003505805429
