140.632	0.723963188202859
140.712	0.72387278377893
140.792	0.72379205176874
140.872	0.723720879903524
140.952	0.723659243250452
141.032	0.723607182755373
141.112	0.723564773145043
141.192	0.723532092107305
141.272	0.723509201637185
141.352	0.723496135154349
141.432	0.723492890813716
141.512	0.723499440862739
141.592	0.723515745186788
141.672	0.723541760640515
141.752	0.723577434286668
141.832	0.723622695822044
141.912	0.723677452696805
141.992	0.723741587653777
142.072	0.723814958209474
142.152	0.72389742391546
142.232	0.723988895537005
142.312	0.724089388506584
142.392	0.724199078395557
142.472	0.724318360053658
142.552	0.724447878809443
142.632	0.724588539757136
142.712	0.724741507955301
142.792	0.72490818325123
142.872	0.725090155202011
142.952	0.72528915552455
143.032	0.72550699708917
143.112	0.725745487524946
143.192	0.726006340341556
143.272	0.72629108062479
143.352	0.726600931940609
143.432	0.726936675950483
143.512	0.727298499234351
143.592	0.727685852416087
143.672	0.728097329898006
143.752	0.728530581647831
143.832	0.728982313941586
143.912	0.729448353090234
143.992	0.729923772442945
144.072	0.730403067935882
144.152	0.730880358095774
144.232	0.731349533896619
144.312	0.73180436666452
144.392	0.732238604108275
144.472	0.732646077840698
144.552	0.733020850043616
144.632	0.733357437755004
144.712	0.733651061172978
144.792	0.733897869485546
144.872	0.734095098350465
144.952	0.73424115371769
145.032	0.734335590526385
145.112	0.73437903155299
145.192	0.734373023111473
145.272	0.734319826547804
145.352	0.734222207273618
145.432	0.73408328230154
145.512	0.733906381910472
145.592	0.733694917216511
145.672	0.73345234545566
145.752	0.733182172259504
145.832	0.732887925472269
145.912	0.732573157520861
145.992	0.732241459973082
146.072	0.731896456709492
146.152	0.731541823821956
146.232	0.731181310158561
146.312	0.730818684435761
146.392	0.730457654903276
146.472	0.730101800788091
146.552	0.72975445696666
146.632	0.729418564387586
146.712	0.729096568327193
146.792	0.728790358173981
146.872	0.728501228616679
146.952	0.728229879685401
147.032	0.727976472140725
147.112	0.727740699808592
147.192	0.72752188162049
147.272	0.72731907952614
147.352	0.72713124031408
147.432	0.726957316183601
147.512	0.726796361131179
147.592	0.726647574377481
147.672	0.726510276064985
147.752	0.726383846677052
147.832	0.726267679191906
147.912	0.726161138651108
147.992	0.726063548152482
148.072	0.725974231643207
148.152	0.725892580473172
148.232	0.725818110894082
148.312	0.725750527852099
148.392	0.725689769358624
148.472	0.725635994436871
148.552	0.725589546912616
148.632	0.725550912493091
148.712	0.725520657185555
148.792	0.725499364129419
148.872	0.725487595560324
148.952	0.725485870538833
149.032	0.725494667717456
149.112	0.72551447156674
149.192	0.7255458304722
149.272	0.725589398709317
149.352	0.725645965915319
149.432	0.725716465171459
149.512	0.72580193195769
149.592	0.725903433671206
149.672	0.726022017711685
149.752	0.726158712877591
149.832	0.726314579747694
149.912	0.726490819084248
149.992	0.726688937176291
150.072	0.726910929991575
150.152	0.727159442871155
150.232	0.727437881145605
150.312	0.72775044129618
150.392	0.728102069951504
150.472	0.728498382926901
150.552	0.728945543390708
150.632	0.729450074324532
150.712	0.730018607241007
150.792	0.730657586070734
150.872	0.731372947114565
150.952	0.732169812282464
151.032	0.733052257532634
151.112	0.73402321364388
151.192	0.735084496849666
151.272	0.736236905419233
151.352	0.73748025807528
151.432	0.738813316752854
151.512	0.740233667310761
151.592	0.741737651888698
151.672	0.743320417537817
151.752	0.744976107863309
151.832	0.746698239580397
151.912	0.74848013987436
151.992	0.750315284399576
152.072	0.752197363793542
152.152	0.754120095716971
152.232	0.756076958737182
152.312	0.758061021255159
152.392	0.760064879225482
152.472	0.762080670230333
152.552	0.764100247642389
152.632	0.766115405229826
152.712	0.768117994601752
152.792	0.770099983797778
152.872	0.772053569552625
152.952	0.773971300847236
153.032	0.775846218348548
153.112	0.777672118456891
153.192	0.77944394385743
153.272	0.781158223748648
153.352	0.782813495474969
153.432	0.784410593888666
153.512	0.785952637265282
153.592	0.787444684679556
153.672	0.788893107328036
153.752	0.790304688597374
153.832	0.791685555826874
153.912	0.793040248565447
153.992	0.794370926419887
154.072	0.795676797158947
154.152	0.796953891721316
154.232	0.798195435632309
154.312	0.799392575927769
154.392	0.800535367748907
154.472	0.801613929525061
154.552	0.802619677855759
154.632	0.803546160974136
154.712	0.804389408093797
154.792	0.805147833459884
154.872	0.805821851794335
154.952	0.806413221478365
155.032	0.806924401403776
155.112	0.807358031211734
155.192	0.807716614363287
155.272	0.80800242589477
155.352	0.808217665180379
155.432	0.808364590735763
155.512	0.808445643867074
155.592	0.808463671507369
155.672	0.808422072828947
155.752	0.808324778479701
155.832	0.808176225027481
155.912	0.807981377286339
155.992	0.807745584662669
156.072	0.807474283970365
156.152	0.807172621396901
156.232	0.806844964520806
156.312	0.806494473785463
156.392	0.80612289897546
156.472	0.805730543233963
156.552	0.805316595988884
156.632	0.804879883036918
156.712	0.804419662128637
156.792	0.803936160874898
156.872	0.803430964850705
156.952	0.802907136977879
157.032	0.802369031232629
157.112	0.801821893372662
157.192	0.801271490752882
157.272	0.800723903492795
157.352	0.800185503361305
157.432	0.799663092118877
157.512	0.799164101794943
157.592	0.798696785670771
157.672	0.798270270983224
157.752	0.797894383520813
157.832	0.797579277150433
157.912	0.797334963911894
157.992	0.79717102688484
158.072	0.797096576901467
158.152	0.79712025235257
158.232	0.797250271222552
158.312	0.797494605083543
158.392	0.79786102928152
158.472	0.7983569363454
158.552	0.798989097480799
158.632	0.799763497984046
158.712	0.800685240706812
158.792	0.801758543585905
158.872	0.802986848530011
158.952	0.804372886574143
159.032	0.805918671407269
159.112	0.807625365188258
159.192	0.809492927537164
159.272	0.811519639530999
159.352	0.813701614766345
159.432	0.816032474413376
159.512	0.818503269832277
159.592	0.821102738508117
159.672	0.823817894812052
159.752	0.826634803151521
159.832	0.8295391979144
159.912	0.832516862382775
159.992	0.835553690789155
160.072	0.838635393025029
160.152	0.84174699541704
160.232	0.844872377715532
160.312	0.847993931487125
160.392	0.851092526206671
160.472	0.854147617593654
160.552	0.857137425377871
160.632	0.860039252403809
160.712	0.862830000622765
160.792	0.865486756838678
160.872	0.867987673296867
160.952	0.87031306367065
161.032	0.872446317167132
161.112	0.874374465979386
161.192	0.876088425821322
161.272	0.877582752465131
161.352	0.87885510705361
161.432	0.879905698055623
161.512	0.88073679318363
161.592	0.881352388649375
161.672	0.881758085616681
161.752	0.881961030655319
161.832	0.881969834455745
161.912	0.881794479198234
161.992	0.881446212379061
162.072	0.880937460144466
162.152	0.880281732250197
162.232	0.879493391282423
162.312	0.878587158372298
162.392	0.877577311709885
162.472	0.876476695224753
162.552	0.875295772609675
162.632	0.8740419867962
162.712	0.872719587880979
162.792	0.871329983234361
162.872	0.869872502662943
162.952	0.868345348204699
163.032	0.866746599991743
163.112	0.865075164985271
163.192	0.863331615825601
163.272	0.861518881437732
163.352	0.859642792886817
163.432	0.857712267489731
163.512	0.855739093544756
163.592	0.853737193388596
163.672	0.851721553515191
163.752	0.849707224985664
163.832	0.847708675410999
163.912	0.845739287498489
163.992	0.843811455833091
164.072	0.841937055027969
164.152	0.840127955373404
164.232	0.838396644516692
164.312	0.836757380386146
164.392	0.835227183880434
164.472	0.833826558236225
164.552	0.832579899660843
164.632	0.831515234666469
164.712	0.830662609633194
164.792	0.830051912595749
164.872	0.829710224065551
164.952	0.829659182080647
165.032	0.829913036718963
165.112	0.830478073079163
165.192	0.831352742586105
165.272	0.832528379805368
165.352	0.833990130429427
165.432	0.835717750591627
165.512	0.837686090149319
165.592	0.839865693689532
165.672	0.842223578812863
165.752	0.844724267471079
165.832	0.847331016765324
165.912	0.850007075971874
165.992	0.852716756604721
166.072	0.855426392540195
166.152	0.858104815998914
166.232	0.860723472769749
166.312	0.863256551358106
166.392	0.865681116029194
166.472	0.86797710932963
166.552	0.870127444296216
166.632	0.87211802807083
166.712	0.873937674481184
166.792	0.87557796875744
166.872	0.877033138157387
166.952	0.878299808477763
167.032	0.879376712456704
167.112	0.88026435187426
167.192	0.880964615272873
167.272	0.88148040530821
167.352	0.881815414696135
167.432	0.881974048822016
167.512	0.881961461334569
167.592	0.881783645221915
167.672	0.881447559738362
167.752	0.880961260716063
167.832	0.880334042371246
167.912	0.879576580235337
167.992	0.878700962160721
168.072	0.877720524539498
168.152	0.876649413970611
168.232	0.875501812138182
168.312	0.874290986738728
168.392	0.873028461268959
168.472	0.871723508532753
168.552	0.870383094331387
168.632	0.869012326512703
168.712	0.867615194995281
168.792	0.866195310596211
168.872	0.864756483273325
168.952	0.863303131736004
169.032	0.861840455368466
169.112	0.860374491112069
169.192	0.858912160495166
169.272	0.85746129725392
169.352	0.856030588243485
169.432	0.854629462774355
169.512	0.853267803737438
169.592	0.851955538862299
169.672	0.850702230809603
169.752	0.849516885020122
169.832	0.848407867535784
169.912	0.847382922260564
169.992	0.846449218328175
170.072	0.845613361509905
170.152	0.844881230541702
170.232	0.844257767683573
170.312	0.843746858305636
170.392	0.84335131875487
170.472	0.843072966611729
170.552	0.842912813356563
170.632	0.84287121558522
170.712	0.842947899892422
170.792	0.843141887080307
170.872	0.843451369308852
170.952	0.843873618626063
171.032	0.844405084988878
171.112	0.845041643506178
171.192	0.845778703972584
171.272	0.846611214595967
171.352	0.847533471851094
171.432	0.848538690412809
171.512	0.849618544760958
171.592	0.850762965179356
171.672	0.851960237824173
171.752	0.853197350655321
171.832	0.854460506470915
171.912	0.855735767948332
171.992	0.857009737537979
172.072	0.8582701811536
172.152	0.859506534650293
172.232	0.860710382655142
172.312	0.861875784523633
172.392	0.862999361200153
172.472	0.864080107267213
172.552	0.865118950526508
172.632	0.866118118821547
172.712	0.867080486294029
172.792	0.868008969073216
172.872	0.868905961851297
172.952	0.869773035733331
173.032	0.870610895737272
173.112	0.871419390739803
173.192	0.872197595446025
173.272	0.87294407063861
173.352	0.873657142761331
173.432	0.87433512723014
173.512	0.874976508220456
173.592	0.875580055409259
173.672	0.876144794327061
173.752	0.876669923081167
173.832	0.877154755761168
173.912	0.877598732505206
173.992	0.878001504951285
174.072	0.878363150191049
174.152	0.878684395518931
174.232	0.878966785330007
174.312	0.87921275402239
174.392	0.879425594367731
174.472	0.879609296575993
174.552	0.879768324793858
174.632	0.879907371947084
174.712	0.880031123606798
174.792	0.880144058045076
174.872	0.880250311818131
174.952	0.880353587958282
175.032	0.880457084397662
175.112	0.880563421532898
175.192	0.880674540945861
175.272	0.880791617056857
175.352	0.880914998722702
175.432	0.881044163597707
175.512	0.88117772336237
175.592	0.881313521638091
175.672	0.881448731612053
175.752	0.88157989430114
175.832	0.881702848321552
175.912	0.881812513239439
175.992	0.88190253115387
176.072	0.881964841450426
176.152	0.881989270702022
176.232	0.881963218442834
176.312	0.881871479320196
176.392	0.881696186443961
176.472	0.881416877870478
176.552	0.881010725715683
176.632	0.880452971858702
176.712	0.879717626053903
176.792	0.878778445409623
176.872	0.877610168470241
176.952	0.876189860691213
177.032	0.874498257906325
177.112	0.872520928674774
177.192	0.870249308585969
177.272	0.867681626065277
177.352	0.864823831489829
177.432	0.861690355133035
177.512	0.858304659446404
177.592	0.854699288442916
177.672	0.850915216716331
177.752	0.847000467593958
177.832	0.843008352550143
177.912	0.838995591713072
177.992	0.835020810589825
178.072	0.833256285685977
178.152	0.832293264816272
178.232	0.83211914656205
178.312	0.832661755067463
178.392	0.833813921921902
178.472	0.8354544352418
178.552	0.837463202466168
178.632	0.839730601070428
178.712	0.842162137612931
178.792	0.844679835598512
178.872	0.847221625260303
178.952	0.849739665440708
179.032	0.852198235959136
179.112	0.854571581741183
179.192	0.856841934218082
179.272	0.858997796922395
179.352	0.861032518837774
179.432	0.862943136691612
179.512	0.864729458204906
179.592	0.866393341186509
179.672	0.867938126209467
179.752	0.869368191410231
179.832	0.870688604764055
179.912	0.871904853515318
179.992	0.873022636413694
180.072	0.874047705484955
180.152	0.874985745335735
180.232	0.875842284013302
180.312	0.876622628839229
180.392	0.877331821299563
180.472	0.877974608002219
180.552	0.87855542715927
180.632	0.879078405272637
180.712	0.879547362661654
180.792	0.87996582496298
180.872	0.880337036686726
180.952	0.880663974178603
181.032	0.880949357504406
181.112	0.881195661378101
181.192	0.881405126210311
181.272	0.881579769436669
181.352	0.881721397384311
181.432	0.881831618281169
181.512	0.881911856457421
181.592	0.881963367250094
181.672	0.881987252828893
181.752	0.881984478339504
181.832	0.881955887352248
181.912	0.881902216046726
181.992	0.88182410562861
182.072	0.881722113136775
182.152	0.881596721262994
182.232	0.881448346952496
182.312	0.881277349099392
182.392	0.881084035820621
182.472	0.880868670518552
182.552	0.880631476091693
182.632	0.880372638261619
182.712	0.880092307975289
182.792	0.879790603083151
182.872	0.879467610045467
182.952	0.879123386255017
183.032	0.878757962350747
183.112	0.878371344774948
183.192	0.87796351857169
183.272	0.877534450625959
183.352	0.877084093063914
183.432	0.87661238800662
183.512	0.876119273552561
183.592	0.875604691382094
183.672	0.875068594927981
183.752	0.874510958488443
183.832	0.873931785463427
183.912	0.873331114739827
183.992	0.872709023668918
184.072	0.872065628794033
184.152	0.871401084908328
184.232	0.870715584340488
184.312	0.870009357405607
184.392	0.869282675265183
184.472	0.868535853808211
184.552	0.867769257159821
184.632	0.866983298718068
184.712	0.86617843939284
184.792	0.865355182142807
184.872	0.864514065210003
184.952	0.863655658678525
185.032	0.862780565913837
185.112	0.861889429550402
185.192	0.860982942266915
185.272	0.860061860460902
185.352	0.859127014449044
185.432	0.858179313210613
185.512	0.85721974447371
185.592	0.856249370891149
185.672	0.855269323963697
185.752	0.854280799888741
185.832	0.853285055650716
185.912	0.852283403477784
185.992	0.851277203226928
186.072	0.850267850885601
186.152	0.849256763577628
186.232	0.848245366053519
186.312	0.847235082181029
186.392	0.846227330880239
186.472	0.84522352797002
186.552	0.844225089446738
186.632	0.843233431732941
186.712	0.842249965346909
186.792	0.841276084755762
186.872	0.840313155129095
186.952	0.839362502096051
187.032	0.838425406019653
187.112	0.837503099675146
187.192	0.836596765792748
187.272	0.835707533770076
187.352	0.834836469560756
