0.0072	0.098010758670983
0.0152	0.0989653322171045
0.0232	0.099923113996079
0.0312	0.10088094081278
0.0392	0.101835896009542
0.0472	0.102785285893766
0.0552	0.103726619450299
0.0632	0.104657591445517
0.0712	0.105576068310575
0.0792	0.106480079066152
0.0872	0.107367811463604
0.0952	0.108237610307661
0.1032	0.109087975429211
0.1112	0.109917558358133
0.1192	0.110725157092884
0.1272	0.111509709464172
0.1352	0.112270287506687
0.1432	0.113006094625437
0.1512	0.113716460917619
0.1592	0.114400835989503
0.1672	0.115058780210351
0.1752	0.115689952879014
0.1832	0.116294096970432
0.1912	0.1168710251907
0.1992	0.117420610342403
0.2072	0.11794277793839
0.2152	0.118437502366864
0.2232	0.118904806685966
0.2312	0.119344763411346
0.2392	0.119757493780559
0.2472	0.120143165183953
0.2552	0.120501986040977
0.2632	0.120834196205996
0.2712	0.121140055221159
0.2792	0.121419831202058
0.2872	0.121673792016782
0.2952	0.121902198130181
0.3032	0.122105298353433
0.3112	0.12228332859185
0.3192	0.122436510616368
0.3272	0.122565050665744
0.3352	0.12266913982776
0.3432	0.122748954807222
0.3512	0.122804660156902
0.3592	0.122836414049663
0.3672	0.122844375834921
0.3752	0.122828709544294
0.3832	0.122789584155606
0.3912	0.122727169850239
0.3992	0.122641631126859
0.4072	0.122533117627711
0.4152	0.12240175673494
0.4232	0.122247649967196
0.4312	0.122070873106942
0.4392	0.121871478120481
0.4472	0.121649494628059
0.4552	0.121404931080173
0.4632	0.121137776561194
0.4712	0.120848003979388
0.4792	0.12053557210027
0.4872	0.12020042737692
0.4952	0.119842503766507
0.5032	0.119461719668581
0.5112	0.119057971546717
0.5192	0.118631126341109
0.5272	0.118181013644189
0.5352	0.117707423476832
0.5432	0.117210111084737
0.5512	0.116688804970241
0.5592	0.116143215957804
0.5672	0.115573047953638
0.5752	0.114978006047072
0.5832	0.114357800557337
0.5912	0.113712149652158
0.5992	0.113040783008096
0.6072	0.112343449389803
0.6152	0.111619931699469
0.6232	0.110870068101367
0.6312	0.110093776510979
0.6392	0.109291085674058
0.6472	0.108462166698429
0.6552	0.10760736591026
0.6632	0.106727230378049
0.6712	0.105822527836274
0.6792	0.104894263375244
0.6872	0.10394370213883
0.6952	0.102972400688623
0.7032	0.101982261884896
0.7112	0.100975620091329
0.7192	0.0999553589574549
0.7272	0.0989250602755184
0.7352	0.0978891767173711
0.7432	0.0968532066822402
0.7512	0.0958238596152232
0.7592	0.0948091917150166
0.7672	0.0938186784315231
0.7752	0.0928631687781841
0.7832	0.0919546546228225
0.7912	0.0911057521311075
0.7992	0.0903287913219222
0.8072	0.0896344549698371
0.8152	0.0890300237144915
0.8232	0.0885174631458778
0.8312	0.0883223534505436
0.8392	0.0881526602761316
0.8472	0.0880062229689383
0.8552	0.0878811886211681
0.8632	0.0877759121931154
0.8712	0.0876888653274956
0.8792	0.0876185614965221
0.8872	0.087563506987142
0.8952	0.0875221801147951
0.9032	0.087493028797475
0.9112	0.0874744802386778
0.9192	0.0874649518206689
0.9272	0.087462862895811
0.9352	0.0874666338093812
0.9432	0.0874746811906959
0.9512	0.0874854146915669
0.9592	0.0874972622923466
0.9672	0.0875086958208966
0.9752	0.0875182577015609
0.9832	0.0875245933967697
0.9912	0.0875264901498616
0.9992	0.0875228958223162
1.0072	0.0875129418817966
1.0152	0.0874959769213258
1.0232	0.0874715798898646
1.0312	0.0874395607311442
1.0392	0.0873999744932427
1.0472	0.0873531268375167
1.0552	0.0872995777503776
1.0632	0.0872401703450519
1.0712	0.0871760748284695
1.0792	0.087108802780653
1.0872	0.0870401912969653
1.0952	0.0869723556922803
1.1032	0.0869076099995276
1.1112	0.0868483619076721
1.1192	0.0867970083831243
1.1272	0.0867558520835489
1.1352	0.0867270419936588
1.1432	0.0867125514275595
1.1512	0.0867141990625946
1.1592	0.0867336984048002
1.1672	0.0867727258010056
1.1752	0.0868329848225158
1.1832	0.0869162269695869
1.1912	0.0870242306958902
1.1992	0.087158747633881
1.2072	0.08732141047343
1.2152	0.0875136322557514
1.2232	0.0877365528161981
1.2312	0.0879910178041073
1.2392	0.0882775792891031
1.2472	0.0885965351713968
1.2552	0.0889479748981516
1.2632	0.0893317985049247
1.2712	0.0897476965406049
1.2792	0.0901950583550523
1.2872	0.0906727828064878
1.2952	0.0911790768834415
1.3032	0.0917112805579394
1.3112	0.0922657704108333
1.3192	0.0928380064329932
1.3272	0.0934227249462643
1.3352	0.0940142020420014
1.3432	0.0946065466845931
1.3512	0.0951938961744461
1.3592	0.0957704900954586
1.3672	0.0963307653265815
1.3752	0.0968694880679004
1.3832	0.0973819225787989
1.3912	0.0978641254823496
1.3992	0.0983133234612738
1.4072	0.0987281843373577
1.4152	0.0991089475014879
1.4232	0.09945732226453
1.4312	0.0997760949562465
1.4392	0.100068565731524
1.4472	0.100337945726503
1.4552	0.100586713589402
1.4632	0.100816183818765
1.4712	0.101026243322625
1.4792	0.101215415829468
1.4872	0.10138121787667
1.4952	0.10152081267003
1.5032	0.101631683381035
1.5112	0.10171231549773
1.5192	0.101762567376614
1.5272	0.101783678554256
1.5352	0.101777946402976
1.5432	0.101748179568818
1.5512	0.101697075970769
1.5592	0.10162689219661
1.5672	0.101539317748963
1.5752	0.101435590023781
1.5832	0.101316780632807
1.5912	0.101184174597223
1.5992	0.101039431102081
1.6072	0.10088463485578
1.6152	0.100722141300563
1.6232	0.100554240750073
1.6312	0.100382730692707
1.6392	0.100208518829457
1.6472	0.100031271636298
1.6552	0.0998492439923244
1.6632	0.0996593041837738
1.6712	0.0994570828360279
1.6792	0.0992372749138279
1.6872	0.098994145004218
1.6952	0.0987220713329423
1.7032	0.0984160430772117
1.7112	0.0980720649576424
1.7192	0.0976874658451554
1.7272	0.0972610267207715
1.7352	0.0967929355368708
1.7432	0.0962846100387702
1.7512	0.0957384564884468
1.7592	0.0951576728667718
1.7672	0.0945461472245647
1.7752	0.0939084113528706
1.7832	0.0932497231172648
1.7912	0.0925762708328166
1.7992	0.091895316157488
1.8072	0.0912152303755669
1.8152	0.090545484116109
1.8232	0.0898965133464679
1.8312	0.0892794392471891
1.8392	0.0887056883544503
1.8472	0.0881865313780759
1.8552	0.0877325744105661
1.8632	0.0873533172412291
1.8712	0.0870567801256044
1.8792	0.0868491826030284
1.8872	0.0867347150197618
1.8952	0.0867154080156096
1.9032	0.0867910954983864
1.9112	0.086959504375692
1.9192	0.0872164479518307
1.9272	0.0875560707806762
1.9352	0.087971126968051
1.9432	0.0884532717038458
1.9512	0.0889933398132449
1.9592	0.0895816634517106
1.9672	0.090208468066741
1.9752	0.0908643579680319
1.9832	0.091540783015688
1.9912	0.0922303600545117
1.9992	0.0929269192187866
2.0072	0.0936252703856177
2.0152	0.0943207241599192
2.0232	0.0950085273993928
2.0312	0.0956833962844443
2.0392	0.0963393658424726
2.0472	0.0969698852883987
2.0552	0.09756803328869
2.0632	0.0981267341574625
2.0712	0.0986389549379174
2.0792	0.099097824566311
2.0872	0.0994967570059055
2.0952	0.0998296100019603
2.1032	0.100090938973675
2.1112	0.100276325255675
2.1192	0.100382702371212
2.1272	0.100408555107342
2.1352	0.100353918156062
2.1432	0.100220316248466
2.1512	0.100010740387655
2.1592	0.0997295698102689
2.1672	0.099382481811409
2.1752	0.0989763456539412
2.1832	0.0985190192650821
2.1912	0.0980189585285262
2.1992	0.0974847988180615
2.2072	0.0969249791258715
2.2152	0.0963474624121233
2.2232	0.0957596584609187
2.2312	0.0951685366648538
2.2392	0.0945807062209052
2.2472	0.0940024348257167
2.2552	0.0934396294948704
2.2632	0.0928977321167052
2.2712	0.0923815505252306
2.2792	0.0918951556691781
2.2872	0.0914418379848716
2.2952	0.0910240956929107
2.3032	0.09064360794016
2.3112	0.0903011940312338
2.3192	0.0899967820407659
2.3272	0.0897293753838178
2.3352	0.0894970503217528
2.3432	0.0892970567130992
2.3512	0.089126001609748
2.3592	0.0889800422522846
2.3672	0.0888551069200231
2.3752	0.0887471130525102
2.3832	0.0886521304941507
2.3912	0.0885665197609243
2.3992	0.0884870545282814
2.4072	0.088410990743142
2.4152	0.0883361046783979
2.4232	0.0882607145895982
2.4312	0.0881836493206741
2.4392	0.088104191312907
2.4472	0.0880220480119802
2.4552	0.087937346316282
2.4632	0.0878506298854526
2.4712	0.0877628595163297
2.4792	0.0876753919001877
2.4872	0.0875899257611523
2.4952	0.0875083982332521
2.5032	0.0874328278719444
2.5112	0.0873651518839244
2.5192	0.0873071106811828
2.5272	0.0872601962829677
2.5352	0.0872256764891859
2.5432	0.0872047037066156
2.5512	0.0871984952583276
2.5592	0.0872085649800605
2.5672	0.0872369663769497
2.5752	0.0872865223440956
2.5832	0.0873610073473984
2.5912	0.0874652567618971
2.5992	0.087605188540981
2.6072	0.0877877432160509
2.6152	0.0880207141478675
2.6232	0.0883124726520427
2.6312	0.0886716446199811
2.6392	0.089106788561959
2.6472	0.0896260732159108
2.6552	0.0902370075597521
2.6632	0.0909462748904251
2.6712	0.0917596572865418
2.6792	0.0926820009420433
2.6872	0.0937172423042195
2.6952	0.0948685143702778
2.7032	0.0961383369106242
2.7112	0.0975288558327709
2.7192	0.0990420256053399
2.7272	0.10067967663566
2.7352	0.102443477084453
2.7432	0.104334704329603
2.7512	0.106353871019575
2.7592	0.108500320106741
2.7672	0.110771894607092
2.7752	0.11316478179961
2.7832	0.115673720008727
2.7912	0.118292420885009
2.7992	0.121014096874708
2.8072	0.123832013880047
2.8152	0.126739936106288
2.8232	0.129732226646407
2.8312	0.132803844513573
2.8392	0.135950407674318
2.8472	0.139168248000359
2.8552	0.142454328242519
2.8632	0.145806222859687
2.8712	0.149221929079384
2.8792	0.152699383622801
2.8872	0.156235751451272
2.8952	0.159826730089511
2.9032	0.163465905520163
2.9112	0.167144375621792
2.9192	0.170850635534475
2.9272	0.174570471378426
2.9352	0.178286781703307
2.9432	0.18197948431548
2.9512	0.185625496442308
2.9592	0.189198958558921
2.9672	0.192671956665168
2.9752	0.196015691395766
2.9832	0.199201861867711
2.9912	0.202203996813071
2.9992	0.204998331270267
3.0072	0.207564115454774
3.0152	0.209883487750226
3.0232	0.21194104830384
3.0312	0.213723355281602
3.0392	0.215218667057473
3.0472	0.216417033428969
3.0552	0.217310676904541
3.0632	0.217894520368925
3.0712	0.218166720219786
3.0792	0.218129084633315
3.0872	0.217787257623708
3.0952	0.217150639104971
3.1032	0.216232128228534
3.1112	0.215047813802095
3.1192	0.21361674314785
3.1272	0.211960897068029
3.1352	0.210105312349618
3.1432	0.208078259296737
3.1512	0.205911218525052
3.1592	0.203638422531466
3.1672	0.201295828290383
3.1752	0.198919824196114
3.1832	0.196546012243747
3.1912	0.194208381344269
3.1992	0.191938899354833
3.2072	0.189767770453151
3.2152	0.18772396782361
3.2232	0.185835692175928
3.2312	0.184130536469757
3.2392	0.182635471102922
3.2472	0.181376359046426
3.2552	0.180377219500337
3.2632	0.179659228501405
3.2712	0.179239400182112
3.2792	0.179129336328689
3.2872	0.17933459899672
3.2952	0.179854437149124
3.3032	0.180681799363534
3.3112	0.181803721714317
3.3192	0.183201924340111
3.3272	0.184853349852267
3.3352	0.18673060388946
3.3432	0.188802332651582
3.3512	0.191033848393009
3.3592	0.193388041441219
3.3672	0.195826196382251
3.3752	0.198308685087375
3.3832	0.200795514749739
3.3912	0.20324672336758
3.3992	0.205622749376716
3.4072	0.207884946651354
3.4152	0.209996306595855
3.4232	0.211922353890813
3.4312	0.213632029555038
3.4392	0.215098341552434
3.4472	0.216298746809482
3.4552	0.217215317347032
3.4632	0.217834737725261
3.4712	0.218148211550276
3.4792	0.218151364503459
3.4872	0.217844160778213
3.4952	0.217230801070949
3.5032	0.216319528219679
3.5112	0.215122284776892
3.5192	0.213654222076679
3.5272	0.211933120692664
3.5352	0.209978873254389
3.5432	0.207813107193573
3.5512	0.205458955749326
3.5592	0.202940850745541
3.5672	0.200284177350758
3.5752	0.197514686525481
3.5832	0.194657677927863
3.5912	0.191737081364862
3.5992	0.188774760637236
3.6072	0.185790301949873
3.6152	0.182801239731758
3.6232	0.179823577466032
3.6312	0.176872414992954
3.6392	0.173962450642034
3.6472	0.171108203159365
3.6552	0.168323913400296
3.6632	0.165623261347669
3.6712	0.163019180360777
3.6792	0.160523753881193
3.6872	0.158148064952292
3.6952	0.155902037887534
3.7032	0.153794282433631
3.7112	0.151831892116933
3.7192	0.150020288049042
3.7272	0.148363216281393
3.7352	0.146862799203693
3.7432	0.145519578295023
3.7512	0.144332542319583
3.7592	0.143299041040759
3.7672	0.142414501996451
3.7752	0.141672278955244
3.7832	0.141063713302207
3.7912	0.140578301972237
3.7992	0.14020397865981
3.8072	0.139927528607194
3.8152	0.139734896217123
3.8232	0.139611232539382
3.8312	0.13954083652914
3.8392	0.139507075830445
3.8472	0.139492165067572
3.8552	0.139477079300384
3.8632	0.139441800516186
3.8712	0.139365684503405
3.8792	0.139227920058254
3.8872	0.139008267719286
3.8952	0.13868795806563
3.9032	0.138250630780285
3.9112	0.137683356326194
3.9192	0.136977602168109
3.9272	0.136129909708499
3.9352	0.135142239545461
3.9432	0.134021969887346
3.9512	0.132781453410762
3.9592	0.131437115371835
3.9672	0.13000833258488
3.9752	0.128516373305466
3.9832	0.126983397631144
3.9912	0.125431475396855
3.9992	0.123881761884739
4.0072	0.122353815842304
4.0152	0.120864949869361
4.0232	0.119429687870674
4.0312	0.118059420595904
4.0392	0.116762232835037
4.0472	0.115543045238895
4.0552	0.114403990610712
4.0632	0.11334482654736
4.0712	0.112363364478801
4.0792	0.111455973954928
4.0872	0.303902532464833
4.0952	0.305241171619243
4.1032	0.306528676738833
4.1112	0.307764176677233
4.1192	0.308947590410781
4.1272	0.310079156889146
4.1352	0.311159440324357
4.1432	0.312189549253593
4.1512	0.313171328181721
4.1592	0.314107551605317
4.1672	0.315001969913731
4.1752	0.315859091358225
4.1832	0.316683958109397
4.1912	0.31748209965038
4.1992	0.318259467424038
4.2072	0.319022378166998
4.2152	0.31977733789028
4.2232	0.320530658967951
4.2312	0.321287963245122
4.2392	0.322053737123233
4.2472	0.322830989834569
4.2552	0.323621376113031
4.2632	0.324425725200666
4.2712	0.325244639645702
4.2792	0.326079081366456
4.2872	0.326930970836162
4.2952	0.327803446689438
4.3032	0.328700743575502
4.3112	0.329627899099576
4.3192	0.330590349353559
4.3272	0.331593214862491
4.3352	0.33264037746063
4.3432	0.333733486189803
4.3512	0.334870976607381
4.3592	0.336047197092294
4.3672	0.337251730595164
4.3752	0.338469430465545
4.3832	0.339681144378566
4.3912	0.340865018610347
4.3992	0.341998423834094
4.4072	0.343060085448227
4.4152	0.344031595578516
4.4232	0.344898416406369
4.4312	0.345649970107522
4.4392	0.346278924541299
4.4472	0.346780179660899
4.4552	0.347150441788181
4.4632	0.347387941901553
4.4712	0.347492450120481
4.4792	0.347465281795759
4.4872	0.347309480092359
4.4952	0.347029401150446
4.5032	0.346629940735352
4.5112	0.346115590302827
4.5192	0.345489732907002
4.5272	0.344753947448392
4.5352	0.34390782003319
4.5432	0.342949042411521
4.5512	0.341873556309506
4.5592	0.340675791243691
4.5672	0.339349553417246
4.5752	0.337889025090896
4.5832	0.336290047389535
4.5912	0.334551669217315
4.5992	0.332677264964938
4.6072	0.330674710516905
4.6152	0.328556149814667
4.6232	0.326337300829111
4.6312	0.3240364439268
4.6392	0.321673598244808
4.6472	0.31926980493219
4.6552	0.316846355332109
4.6632	0.314424128739353
4.6712	0.312023182434168
4.6792	0.30966233176014
4.6872	0.307358669860792
4.6952	0.305127247809865
4.7032	0.302981020719126
4.7112	0.300930791418163
4.7192	0.298985123538988
4.7272	0.297150350808564
4.7352	0.295430618835131
4.7432	0.293828009950228
4.7512	0.292342968062271
4.7592	0.290974918837864
4.7672	0.289722909574402
4.7752	0.288586120776837
4.7832	0.287564227938693
4.7912	0.286657540777493
4.7992	0.285867003727399
4.8072	0.285194252797431
4.8152	0.284641766186779
4.8232	0.284213001329241
4.8312	0.28391243368232
4.8392	0.283745471503702
4.8472	0.283718137888854
4.8552	0.283836548676606
4.8632	0.284106294534808
4.8712	0.284531815990966
4.8792	0.285115873240506
4.8872	0.285859160978542
4.8952	0.286760111910431
4.9032	0.28781500054983
4.9112	0.289018375100293
4.9192	0.290363534289098
4.9272	0.291842807959582
4.9352	0.293447433717584
4.9432	0.295166960745131
4.9512	0.296988386829727
4.9592	0.298895237452299
4.9672	0.300867007070081
4.9752	0.302879377196954
4.9832	0.304905153516912
4.9912	0.306915582829638
4.9992	0.308881893154246
5.0072	0.310776584251022
5.0152	0.312574340480885
5.0232	0.314252557254586
5.0312	0.315791529647501
5.0392	0.317174079355943
5.0472	0.318385092886241
5.0552	0.319410940774143
5.0632	0.320238829760704
5.0712	0.32085632676329
5.0792	0.321251630680407
5.0872	0.321414298863473
5.0952	0.321336346792395
5.1032	0.321013526356736
5.1112	0.32044643882957
5.1192	0.319641193465439
5.1272	0.318609619306726
5.1352	0.317368822319348
5.1432	0.315940156561843
5.1512	0.31434786864932
5.1592	0.312617850256081
5.1672	0.31077670990087
5.1752	0.308851221727731
5.1832	0.306868255149538
5.1912	0.304854916506289
5.1992	0.302838531354669
5.2072	0.300846249070104
5.2152	0.298904278763799
5.2232	0.297036788469309
5.2312	0.295264820030819
5.2392	0.293605569140964
5.2472	0.292072075519033
5.2552	0.290673209925074
5.2632	0.28941398456035
5.2712	0.28829597184309
5.2792	0.287317697555227
5.2872	0.28647506351357
5.2952	0.285761897163094
5.3032	0.285170518588784
5.3112	0.284692366166182
5.3192	0.284318649693961
5.3272	0.284040913956797
5.3352	0.283851446558454
5.3432	0.283743521739289
5.3512	0.283711425076286
5.3592	0.283750285520102
5.3672	0.283855772626086
5.3752	0.284023756344037
5.3832	0.284250064652279
5.3912	0.284530419103102
5.3992	0.284860561803314
5.4072	0.285236512892438
5.4152	0.28565480740702
5.4232	0.286112545009298
5.4312	0.286607270023931
5.4392	0.287136733150443
5.4472	0.287698656693506
5.4552	0.288290608009702
5.4632	0.288910054174145
5.4712	0.289554588222432
5.4792	0.290222433814825
5.4872	0.290913095680364
5.4952	0.291628020223135
5.5032	0.292371211747095
5.5112	0.293149734031055
5.5192	0.293973858859075
5.5272	0.29485676267442
5.5352	0.295813816075543
5.5432	0.2968615658605
5.5512	0.29801661628967
5.5592	0.299294657398494
5.5672	0.300709651248304
5.5752	0.302273362059197
5.5832	0.303995299371432
5.5912	0.305882781677011
5.5992	0.307940850690316
5.6072	0.310172015584439
5.6152	0.312575723071999
5.6232	0.315147539999669
5.6312	0.317878389021872
5.6392	0.320754048451847
5.6472	0.323755031128296
5.6552	0.326857112062808
5.6632	0.330032554554857
5.6712	0.333251640411123
5.6792	0.336484115041794
5.6872	0.33970053356446
5.6952	0.342873308034112
5.7032	0.34597737602743
5.7112	0.348990553890874
5.7192	0.351893698241352
5.7272	0.354670587203855
5.7352	0.357307416445233
5.7432	0.35979254423698
5.7512	0.362116399576446
5.7592	0.364271551764303
5.7672	0.366253261991617
5.7752	0.368060333830543
5.7832	0.369695320312492
5.7912	0.371164118573703
5.7992	0.372475175667861
5.8072	0.373638048867435
5.8152	0.374661690782777
5.8232	0.375553437674802
5.8312	0.376318568825195
5.8392	0.376960343943819
5.8472	0.377480460570214
5.8552	0.377879451165609
5.8632	0.378156717452902
5.8712	0.3783107001676
5.8792	0.378339169578738
5.8872	0.378239521880492
5.8952	0.378009499028782
5.9032	0.377647844231327
5.9112	0.377154654019647
5.9192	0.376531423268365
5.9272	0.375780812511855
5.9352	0.374905946080559
5.9432	0.373909821988408
5.9512	0.372795187244031
5.9592	0.371564804674258
5.9672	0.370222184233886
5.9752	0.368772779823044
5.9832	0.367224914168809
5.9912	0.365590005879624
5.9992	0.36388217143671
6.0072	0.362117388993943
6.0152	0.360312321136546
6.0232	0.35848311013405
6.0312	0.356644647743338
6.0392	0.35481028605557
6.0472	0.352991866293645
6.0552	0.351199990141176
6.0632	0.349444353900405
6.0712	0.347733886660225
6.0792	0.346076711893867
6.0872	0.344480292597743
6.0952	0.342951793112966
6.1032	0.341498466961666
6.1112	0.34012777221158
6.1192	0.338847509513783
6.1272	0.337665663972031
6.1352	0.336589853296345
6.1432	0.335626770089195
6.1512	0.334781973115185
6.1592	0.334059747365431
6.1672	0.333463312585336
6.1752	0.332995404821792
6.1832	0.332658765035714
6.1912	0.332456226382202
6.1992	0.332390742899384
6.2072	0.332465044069896
6.2152	0.332681233922348
6.2232	0.333040679997063
6.2312	0.333544100554851
6.2392	0.334191380126192
6.2472	0.334981488464018
6.2552	0.335912405127622
6.2632	0.336980840419858
6.2712	0.33818199189477
6.2792	0.339509444375582
6.2872	0.340955073218578
6.2952	0.342509127102081
6.3032	0.344160860124707
6.3112	0.345899352996274
6.3192	0.347714336892539
6.3272	0.349597011353937
6.3352	0.351540736318502
6.3432	0.353541186122647
6.3512	0.355596163240421
6.3592	0.357705194994939
6.3672	0.359868865115712
6.3752	0.362087899206846
6.3832	0.364362589291184
6.3912	0.366692437904091
6.3992	0.369076078830665
6.4072	0.371511360771382
6.4152	0.373995555019373
6.4232	0.376525418254325
6.4312	0.379097314665796
6.4392	0.381707519335458
6.4472	0.38435264980003
6.4552	0.387030167186059
6.4632	0.38973907568625
6.4712	0.392480851612873
6.4792	0.395260335787657
6.4872	0.398086369217968
6.4952	0.400971864238133
6.5032	0.403933018594929
6.5112	0.406987640800186
6.5192	0.410152751066717
6.5272	0.413441907765884
6.5352	0.416862675959698
6.5432	0.420414345204461
6.5512	0.424086078280248
6.5592	0.42785631409662
6.5672	0.431693412717761
6.5752	0.435557191435042
6.5832	0.439400859207891
6.5912	0.443173248936187
6.5992	0.446820406345562
6.6072	0.450286239529309
6.6152	0.453512158062475
6.6232	0.456436207688721
6.6312	0.458992372357298
6.6392	0.461111060513856
6.6472	0.462720927205637
6.6552	0.463752119823569
6.6632	0.464140527065811
6.6712	0.463832398900666
6.6792	0.462788573752111
6.6872	0.460987978034802
6.6952	0.458430149389047
6.7032	0.455136331723922
6.7112	0.451149125952582
6.7192	0.446530940808043
6.7272	0.441361585282476
6.7352	0.435735277048479
6.7432	0.429757875983992
6.7512	0.423544664099011
6.7592	0.417218882189432
6.7672	0.410910230049295
6.7752	0.404752405701282
6.7832	0.39887868904339
6.7912	0.393415943334088
6.7992	0.388477478941466
6.8072	0.384156289040463
6.8152	0.380520476171293
6.8232	0.377611823520481
6.8312	0.375447200928624
6.8392	0.374021964817659
6.8472	0.373313874925743
6.8552	0.373286620982356
6.8632	0.373893152262971
6.8712	0.375079258667473
6.8792	0.376787376231844
6.8872	0.378960364219262
6.8952	0.381545212479328
6.9032	0.38449448974619
6.9112	0.387764679335799
6.9192	0.391312764943342
6.9272	0.395092993767616
6.9352	0.399054035824424
6.9432	0.403138465551875
6.9512	0.407285162534786
6.9592	0.411433185557979
6.9672	0.415525650576657
6.9752	0.419513501287188
6.9832	0.423357670787687
6.9912	0.427029489341137
6.9992	0.430509809655796
7.0072	0.433787352118767
7.0152	0.436856335816231
7.0232	0.439714788978091
7.0312	0.442363551127301
7.0392	0.444805424300262
7.0472	0.447044739605501
7.0552	0.449087566918709
7.0632	0.450941972293879
7.0712	0.452618021959762
7.0792	0.454127787326196
7.0872	0.455485315257856
7.0952	0.456706284426422
7.1032	0.457807290136671
7.1112	0.458804712258369
7.1192	0.459713210938062
7.1272	0.460544162439239
7.1352	0.461304323270385
7.1432	0.461994951362027
7.1512	0.462611633201311
7.1592	0.463144910696635
7.1672	0.463581338136952
7.1752	0.463904578102068
7.1832	0.464096344764322
7.1912	0.464137108299175
7.1992	0.464006541767558
7.2072	0.463683821758703
7.2152	0.463147972376892
7.2232	0.4623783200975
7.2312	0.461355103312538
7.2392	0.460060299075205
7.2472	0.458478572082249
7.2552	0.456598367871432
7.2632	0.454413130821436
7.2712	0.451922418773318
7.2792	0.449132762690695
7.2872	0.446058344141744
7.2952	0.442721176990293
7.3032	0.439150672199701
7.3112	0.435382692327209
7.3192	0.431457961015664
7.3272	0.427420029346895
7.3352	0.423313652500485
7.3432	0.419183619314457
7.3512	0.415073772365303
7.3592	0.411026417901783
7.3672	0.407081732731194
7.3752	0.403276895573289
7.3832	0.399645163771777
7.3912	0.396215012129356
7.3992	0.393009515593083
7.4072	0.390046613935602
7.4152	0.387339955491352
7.4232	0.384899933145856
7.4312	0.382734882480263
7.4392	0.380852217294055
7.4472	0.379258856383687
7.4552	0.377961036525517
7.4632	0.376963792629367
7.4712	0.376270199258113
7.4792	0.37588053317767
7.4872	0.375791635832246
7.4952	0.375996599494454
7.5032	0.376485074100542
7.5112	0.377244246233173
7.5192	0.378260188026252
7.5272	0.379519117540425
7.5352	0.381007934621986
7.5432	0.382714000141399
7.5512	0.384624290268568
7.5592	0.38672447146564
7.5672	0.388998272042383
7.5752	0.39142750035808
7.5832	0.393992636458903
7.5912	0.396673758856037
7.5992	0.399451342413491
7.6072	0.4023066420891
7.6152	0.405221421882001
7.6232	0.40817725673802
7.6312	0.411154978134822
7.6392	0.414134761747662
7.6472	0.417096655430636
7.6552	0.42002159407635
7.6632	0.42289259599509
7.6712	0.425695561220526
7.6792	0.428419175445907
7.6872	0.431054342850611
7.6952	0.433593382749767
7.7032	0.436029137454738
7.7112	0.438354419320571
7.7192	0.44056213421145
7.7272	0.44264581379725
7.7352	0.444600463875377
7.7432	0.446423321838297
7.7512	0.448114135851769
7.7592	0.449674901192567
7.7672	0.451109299549456
7.7752	0.452421911283488
7.7832	0.453617499595173
7.7912	0.454700611496526
7.7992	0.455675457372386
7.8072	0.456545910969528
7.8152	0.457315537495111
7.8232	0.457987687478666
7.8312	0.458565534267867
7.8392	0.459051998247254
7.8472	0.459449641123955
7.8552	0.459760572068427
7.8632	0.459986275195166
7.8712	0.460127332183659
7.8792	0.460183050860516
7.8872	0.460151058453256
7.8952	0.460026807435371
7.9032	0.459803130199749
7.9112	0.459469872102328
7.9192	0.459013701103271
7.9272	0.458418262715209
7.9352	0.45766483425828
7.9432	0.456733365007211
7.9512	0.455603917786905
7.9592	0.454258372966647
7.9672	0.452682038247662
7.9752	0.450864859487094
7.9832	0.448802078707877
7.9912	0.446494272644914
7.9992	0.443947043637522
8.0072	0.441170566667318
8.0152	0.438179266514402
8.0232	0.43499164301307
8.0312	0.431630203380329
8.0392	0.428121132743583
8.0472	0.424493546780913
8.0552	0.420778296864095
8.0632	0.417006378350805
8.0712	0.413207108171412
8.0792	0.409406290184603
8.0872	0.40562446265634
8.0952	0.401875679199891
8.1032	0.398167209017205
8.1112	0.394500145466192
8.1192	0.390870737187137
8.1272	0.387272432678674
8.1352	0.383697800647266
8.1432	0.38013999746117
8.1512	0.376593575794533
8.1592	0.373054663179441
8.1672	0.369520532883709
8.1752	0.501089528104632
8.1832	0.501182140113787
8.1912	0.501358125481468
8.1992	0.501615932027528
8.2072	0.501954404678592
8.2152	0.502372609599877
8.2232	0.502869423114488
8.2312	0.503442877365577
8.2392	0.504089323826749
8.2472	0.50480264639719
8.2552	0.50557369435875
8.2632	0.506390102759029
8.2712	0.50723650476219
8.2792	0.508095110181818
8.2872	0.508946489387828
8.2952	0.509770464641592
8.3032	0.510547007734139
8.3112	0.511257128793321
8.3192	0.511883712403705
8.3272	0.512412262748761
8.3352	0.512831391453829
8.3432	0.513133029417554
8.3512	0.513312419657895
8.3592	0.513367975277987
8.3672	0.513301075013311
8.3752	0.51311588350679
8.3832	0.5128192186109
8.3912	0.512420421172487
8.3992	0.511931175327433
8.4072	0.511365279664275
8.4152	0.51073837773832
8.4232	0.510067647788418
8.4312	0.509371479086589
8.4392	0.50866910591756
8.4472	0.507980164950242
8.4552	0.507324195241679
8.4632	0.50672012507721
8.4712	0.506185777600377
8.4792	0.505737523605676
8.4872	0.505390088515071
8.4952	0.505156290379663
8.5032	0.505046597357033
8.5112	0.505068448079797
8.5192	0.505225356111976
8.5272	0.505515886763085
8.5352	0.50593296503021
8.5432	0.506463835916641
8.5512	0.507090753268693
8.5592	0.507792352975283
8.5672	0.508545236001232
8.5752	0.509325181705515
8.5832	0.510107673155955
8.5912	0.510867676947571
8.5992	0.511578862817259
8.6072	0.512212756802263
8.6152	0.512738477453219
8.6232	0.513123506236503
8.6312	0.513335713460781
8.6392	0.513346414280887
8.6472	0.513133903729104
8.6552	0.512686836752568
8.6632	0.512006902557242
8.6712	0.511110334103783
8.6792	0.510027992209018
8.6872	0.508803994157055
8.6952	0.50749304077917
8.7032	0.506156829411237
8.7112	0.504860199311304
8.7192	0.503667644748658
8.7272	0.502640485625317
8.7352	0.50183484574981
8.7432	0.501300286254169
8.7512	0.501078801311685
8.7592	0.501204018892423
8.7672	0.501700563933386
8.7752	0.502583631362816
8.7832	0.503858890826507
8.7912	0.50552268761618
8.7992	0.507562442208899
8.8072	0.509957275812265
8.8152	0.512678834998295
8.8232	0.515692317995351
8.8312	0.518957717630389
8.8392	0.522431248691715
8.8472	0.526066763646099
8.8552	0.529816991627529
8.8632	0.533634643741425
8.8712	0.537473386498408
8.8792	0.541288614370553
8.8872	0.545038170761714
8.8952	0.548683133511103
8.9032	0.552188665448136
8.9112	0.555524861978842
8.9192	0.558667531600854
8.9272	0.561598596294679
8.9352	0.564305958925472
8.9432	0.566782742668814
8.9512	0.569025634661167
8.9592	0.571032684143925
8.9672	0.572801668156642
8.9752	0.574329326944726
8.9832	0.575611454594122
8.9912	0.576643893533037
8.9992	0.577424439380423
9.0072	0.577954552319449
9.0152	0.578240431918444
9.0232	0.578293091619106
9.0312	0.578127377245934
9.0392	0.577760218854434
9.0472	0.57720896453716
9.0552	0.576490118046213
9.0632	0.575618677838671
9.0712	0.574608391273719
9.0792	0.573472724177738
9.0872	0.572225571985591
9.0952	0.570881623254327
9.1032	0.569456640169205
9.1112	0.567967511286839
9.1192	0.566432009580128
9.1272	0.56486865342363
9.1352	0.563296887619647
9.1432	0.561737231629216
9.1512	0.560211328964954
9.1592	0.558741520925546
9.1672	0.557349936660838
9.1752	0.556056995763982
9.1832	0.554879752961303
9.1912	0.55383084485941
9.1992	0.552918370442103
9.2072	0.552146477788429
9.2152	0.551516544022884
9.2232	0.551028731881034
9.2312	0.550683221404114
9.2392	0.550480739960288
9.2472	0.55042238665848
9.2552	0.550508675793668
9.2632	0.550738137432364
9.2712	0.551106311569804
9.2792	0.551605122579849
9.2872	0.552222818752457
9.2952	0.552944684514847
9.3032	0.553754262353862
9.3112	0.554634143332943
9.3192	0.555566677700961
9.3272	0.55653441298683
9.3352	0.557520124496897
9.3432	0.558506554517601
9.3512	0.559476347075997
9.3592	0.560411886240219
9.3672	0.561295434099456
9.3752	0.562109564097272
9.3832	0.562837645937371
9.3912	0.563464454486736
9.3992	0.563977219632477
9.4072	0.564366657369043
9.4152	0.564627838477771
9.4232	0.564760941903287
9.4312	0.564771545710951
9.4392	0.564670064674033
9.4472	0.564470549165468
9.4552	0.564189250789967
9.4632	0.56384319129668
9.4712	0.56344905179176
9.4792	0.563022451118172
9.4872	0.562577733305395
9.4952	0.562128085551236
9.5032	0.56168565622803
9.5112	0.561261283735089
9.5192	0.560864286414818
9.5272	0.560502177601663
9.5352	0.56018031011784
9.5432	0.559901530237383
9.5512	0.559666251957857
9.5592	0.559472860100221
9.5672	0.55931842119246
9.5752	0.559199575549617
9.5832	0.559113452185319
9.5912	0.559058415675464
9.5992	0.559034562449379
9.6072	0.55904382625837
9.6152	0.559089583157943
9.6232	0.559175969936417
9.6312	0.559307269844583
9.6392	0.559487284825317
9.6472	0.559718930458436
9.6552	0.560004284600578
9.6632	0.560345061093882
9.6712	0.560743158127152
9.6792	0.561201103440897
9.6872	0.561722413107323
9.6952	0.562311763619608
9.7032	0.562974914965473
9.7112	0.563718414753833
9.7192	0.564549192848735
9.7272	0.565474109299348
9.7352	0.56649952481761
9.7432	0.567631119305154
9.7512	0.568873765947173
9.7592	0.570231615246986
9.7672	0.571708244691005
9.7752	0.573306881472774
9.7832	0.575030526496845
9.7912	0.576882008644153
9.7992	0.578863790086997
9.8072	0.580977442101981
9.8152	0.583222802480378
9.8232	0.585596850820209
9.8312	0.58809258651208
9.8392	0.590698334965506
9.8472	0.593397668668896
9.8552	0.596170080054652
9.8632	0.598992270855833
9.8712	0.601839856823623
9.8792	0.604688941419809
9.8872	0.607517179376298
9.8952	0.610304250963994
9.9032	0.613031811518884
9.9112	0.615683178904104
9.9192	0.618242987466131
9.9272	0.620697096132608
9.9352	0.623032716211564
9.9432	0.625238885028683
9.9512	0.627307055751321
9.9592	0.629231501645032
9.9672	0.631009369016257
9.9752	0.632640744046807
9.9832	0.634128603506329
9.9912	0.63547845172797
9.9992	0.636697772918223
10.0072	0.63779561492846
10.0152	0.638782041947013
10.0232	0.639667873781286
10.0312	0.640464700943088
10.0392	0.641185150366847
10.0472	0.641843201121763
10.0552	0.642454591036546
10.0632	0.643036804349014
10.0712	0.643608571462925
10.0792	0.64418916181486
10.0872	0.644797751627743
10.0952	0.645452713342605
10.1032	0.646171074795267
10.1112	0.646968618259817
10.1192	0.647860365840797
10.1272	0.648860975600929
10.1352	0.649984874829509
10.1432	0.65124603494784
10.1512	0.652657187431576
10.1592	0.654228583196248
10.1672	0.655966264956678
10.1752	0.657870027812586
10.1832	0.659931274636165
10.1912	0.662131645000181
10.1992	0.664442393479882
10.2072	0.666824819625669
10.2152	0.669231910740099
10.2232	0.671610950021138
10.2312	0.673906186885025
10.2392	0.676061197254411
10.2472	0.678020564256755
10.2552	0.679730722206982
10.2632	0.681140134352969
10.2712	0.682199234619026
10.2792	0.682860503643182
10.2872	0.683079061235124
10.2952	0.682813926336818
10.3032	0.682029989341447
10.3112	0.680700641230001
10.3192	0.678810833855349
10.3272	0.676360117185713
10.3352	0.673365024628919
10.3432	0.66986024650914
10.3512	0.665898658052378
10.3592	0.661549951114565
10.3672	0.656897889351466
10.3752	0.652036693426434
10.3832	0.647066546682989
10.3912	0.642088177065759
10.3992	0.637197572842267
10.4072	0.632481466042129
10.4152	0.628013909312375
10.4232	0.623854998107633
10.4312	0.620052017494264
10.4392	0.616641590763055
10.4472	0.613652343506058
10.4552	0.6111075203654
10.4632	0.609026417745648
10.4712	0.607424538971661
10.4792	0.606313543701892
10.4872	0.605700733162004
10.4952	0.605588002761937
10.5032	0.605970939354292
10.5112	0.606838068864762
10.5192	0.608170366789655
10.5272	0.609941833398622
10.5352	0.612120611086989
10.5432	0.614670308441184
10.5512	0.617551440881002
10.5592	0.620722737450985
10.5672	0.624141342766487
10.5752	0.627762322266636
10.5832	0.63153813728746
10.5912	0.635418589713972
10.5992	0.63935119311006
10.6072	0.643282632784584
10.6152	0.647161023376238
10.6232	0.650938290581311
10.6312	0.654571970439221
10.6392	0.658026189823459
10.6472	0.661271729821013
10.6552	0.664285607538202
10.6632	0.66705067520042
10.6712	0.669555474552929
10.6792	0.671794321636888
10.6872	0.673767656749427
10.6952	0.67548236058753
10.7032	0.676951410233176
10.7112	0.678192868722711
10.7192	0.679228553670707
10.7272	0.680082541478529
10.7352	0.680779552501022
10.7432	0.681343514854625
10.7512	0.681796405630779
10.7592	0.682157419423201
10.7672	0.68244249049569
10.7752	0.682664213328194
10.7832	0.682832093352695
10.7912	0.68295305867592
10.7992	0.683032050398852
10.8072	0.683072533995593
10.8152	0.683076828889389
10.8232	0.683046224111489
10.8312	0.682980991641978
10.8392	0.682880464201954
10.8472	0.682743268154974
10.8552	0.682567780269309
10.8632	0.682352775926481
10.8712	0.682098116124143
10.8792	0.681805360141911
10.8872	0.681478201599677
10.8952	0.681122562433061
10.9032	0.680746374900554
10.9112	0.68035909300066
10.9192	0.679970916646246
10.9272	0.679591881720329
10.9352	0.679231097371136
10.9432	0.678896061210344
10.9512	0.678592155702189
10.9592	0.678322482634848
10.9672	0.678088054605539
10.9752	0.677888140083221
10.9832	0.677720685448796
10.9912	0.677582717854299
10.9992	0.677470643253256
11.0072	0.677380361901303
11.0152	0.677307227025028
11.0232	0.677245974544377
11.0312	0.677190764815051
11.0392	0.677135358918848
11.0472	0.677073448819937
11.0552	0.676999073082957
11.0632	0.676907071089653
11.0712	0.676793424466915
11.0792	0.67665542647684
11.0872	0.676491657256325
11.0952	0.676301876939757
11.1032	0.676086834358738
11.1112	0.675847989505783
11.1192	0.675587207451892
11.1272	0.675306477395453
11.1352	0.675007595728056
11.1432	0.67469180157156
11.1512	0.674359468667072
11.1592	0.674010014312458
11.1672	0.673642028708613
11.1752	0.673253574820663
11.1832	0.672842688600633
11.1912	0.67240797586901
11.1992	0.671949094588928
11.2072	0.671467016513126
11.2152	0.670963948929048
11.2232	0.670442996175351
11.2312	0.669907764490655
11.2392	0.669362023070942
11.2472	0.66880942463864
11.2552	0.668253584024104
11.2632	0.667698420001986
11.2712	0.667148451434848
11.2792	0.666608907585477
11.2872	0.666085686607866
11.2952	0.665585020760272
11.3032	0.66511302163207
11.3112	0.664675177205543
11.3192	0.664275861902546
11.3272	0.663918011811756
11.3352	0.663603132003135
11.3432	0.663331294020203
11.3512	0.66310117884846
11.3592	0.662910170932544
11.3672	0.662754379081334
11.3752	0.662628731570497
11.3832	0.662527260981004
11.3912	0.662443555408573
11.3992	0.662371357019022
11.4072	0.662305323654477
11.4152	0.662241580877456
11.4232	0.662177934517007
11.4312	0.662113722641662
11.4392	0.662049292574487
11.4472	0.661985142296211
11.4552	0.661921179173917
11.4632	0.661856182634053
11.4712	0.661787756913195
11.4792	0.661712928703373
11.4872	0.661629273040464
11.4952	0.661535978780615
11.5032	0.661434822959608
11.5112	0.661330853135993
11.5192	0.661232536794978
11.5272	0.661151331078611
11.5352	0.661100872542358
11.5432	0.66109585512986
11.5512	0.661150789899031
11.5592	0.661278786406392
11.5672	0.661490400507597
11.5752	0.661792732733685
11.5832	0.662188983031298
11.5912	0.662678347140819
11.5992	0.663256166073294
11.6072	0.663914577092257
11.6152	0.664643472847942
11.6232	0.665431441105741
11.6312	0.666266519279151
11.6392	0.667136787242179
11.6472	0.66803059775258
11.6552	0.668936816856082
11.6632	0.669845194380642
11.6712	0.670746768189037
11.6792	0.671634254947141
11.6872	0.672502523580244
11.6952	0.673348706778944
11.7032	0.674171824146193
11.7112	0.674972039702976
11.7192	0.675749787367888
11.7272	0.676504767417635
11.7352	0.6772351946293
11.7432	0.6779376869827
11.7512	0.678607686261727
11.7592	0.679240125535945
11.7672	0.679830162950066
11.7752	0.680373737153736
11.7832	0.680867767546253
11.7912	0.681310176807958
11.7992	0.681699856311012
11.8072	0.682036636958884
11.8152	0.682321272704706
11.8232	0.682555479135915
11.8312	0.682741852220695
11.8392	0.682883633533843
11.8472	0.682984383613371
11.8552	0.683047648047655
11.8632	0.683076676045288
11.8712	0.683074308256178
11.8792	0.683043049605111
11.8872	0.682985274247937
11.8952	0.682903483063877
11.9032	0.682800546727202
11.9112	0.682679893525126
11.9192	0.682545609435517
11.9272	0.682402452779607
11.9352	0.682255783934115
11.9432	0.682111452779297
11.9512	0.681975654817607
11.9592	0.681854757331538
11.9672	0.681755101569259
11.9752	0.681682783631595
11.9832	0.681643433106226
11.9912	0.681641942190924
11.9992	0.681682055570319
12.0072	0.681765801732908
12.0152	0.681892724992559
12.0232	0.682058954398496
12.0312	0.682256293533521
12.0392	0.682471574326357
12.0472	0.682686447243714
12.0552	0.682877752913261
12.0632	0.683018448606695
12.0712	0.683078900433973
12.0792	0.683028337391115
12.0872	0.682836279449166
12.0952	0.682473803200237
12.1032	0.681914616502793
12.1112	0.681135892804177
12.1192	0.680118836172194
12.1272	0.678849108657407
12.1352	0.677317188582976
12.1432	0.675518733185781
12.1512	0.673455045900469
12.1592	0.671133551458833
12.1672	0.668568010297723
12.1752	0.665778274239017
12.1832	0.662789413778079
12.1912	0.659630087870753
12.1992	0.656330518710273
12.2072	0.652920653301399
12.2152	0.649428781018497
12.2232	0.645880839739381
12.2312	0.642300550182737
12.2392	0.638709915709698
12.2472	0.635129639621976
12.2552	0.631579463284574
12.2632	0.839874564494375
12.2712	0.840953692623331
12.2792	0.842102468977972
12.2872	0.8433051892791
12.2952	0.844545539091426
12.3032	0.845806540165126
12.3112	0.847070446326831
12.3192	0.848318766400066
12.3272	0.849532514515474
12.3352	0.850692546959925
12.3432	0.851780064754281
12.3512	0.85277701406234
12.3592	0.853666302623242
12.3672	0.854431876183371
12.3752	0.855058792766739
12.3832	0.855533193861125
12.3912	0.855842485105283
12.3992	0.855975763628158
12.4072	0.855924454544346
12.4152	0.855683014848394
12.4232	0.855249736270275
12.4312	0.854627429552086
12.4392	0.85382399799535
12.4472	0.85285285013009
12.4552	0.851732889744811
12.4632	0.850487939606674
12.4712	0.849145763185126
12.4792	0.84773676855996
12.4872	0.846292498445665
12.4952	0.844844147006226
12.5032	0.843421382065292
12.5112	0.842051598409908
12.5192	0.840759580871778
12.5272	0.839567395593875
12.5352	0.83849442445033
12.5432	0.837557512692833
12.5512	0.836771165405659
12.5592	0.836147621227452
12.5672	0.835696818472473
12.5752	0.835426413576914
12.5832	0.835341930695696
12.5912	0.835447061388753
12.5992	0.835744122185131
12.6072	0.83623453546394
12.6152	0.836919065822227
12.6232	0.837797596740976
12.6312	0.838868394159518
12.6392	0.840127051865663
12.6472	0.841565382797844
12.6552	0.843170487907492
12.6632	0.844924223641723
12.6712	0.846803193789692
12.6792	0.848779105691458
12.6872	0.850819306978914
12.6952	0.852887604271622
12.7032	0.854945401131573
12.7112	0.856953113595501
12.7192	0.858871798693173
12.7272	0.860664883606448
12.7352	0.862299753077748
12.7432	0.863749027789358
12.7512	0.864991450693349
12.7592	0.866012360180524
12.7672	0.866803819789416
12.7752	0.867364563150874
12.7832	0.867699899125743
12.7912	0.867821563205036
12.7992	0.867747386422587
12.8072	0.867500661443916
12.8152	0.86710913108429
12.8232	0.866603630815907
12.8312	0.866016582356042
12.8392	0.865380580560709
12.8472	0.86472728298441
12.8552	0.86408670621966
12.8632	0.863486782575941
12.8712	0.862953045404753
12.8792	0.86250828154902
12.8872	0.862171883792575
12.8952	0.861958857210531
12.9032	0.861878812329308
12.9112	0.861935136780913
12.9192	0.862124532966919
12.9272	0.862437129997414
12.9352	0.862857201814125
12.9432	0.863364376552628
12.9512	0.863935021982007
12.9592	0.864543540907767
12.9672	0.865163476822236
12.9752	0.865768453224113
12.9832	0.866332987814578
12.9912	0.866833322036657
12.9992	0.867248290700169
13.0072	0.867560080332605
13.0152	0.867754777392687
13.0232	0.867822598432344
13.0312	0.867757771290468
13.0392	0.867558164041483
13.0472	0.86722479866593
13.0552	0.86676135223137
13.0632	0.86617369068593
13.0712	0.865469422807447
13.0792	0.864657393957158
13.0872	0.863747144837195
13.0952	0.862748261775061
13.1032	0.861669764421052
13.1112	0.860519702828236
13.1192	0.859305136678528
13.1272	0.858032331023429
13.1352	0.856707178883126
13.1432	0.855335731895188
13.1512	0.853924826527532
13.1592	0.85248266921563
13.1672	0.851019379768879
13.1752	0.849547329744694
13.1832	0.848081252130941
13.1912	0.84663796414568
13.1992	0.845235618131094
13.2072	0.843892533479933
13.2152	0.842625911979379
13.2232	0.841450604583175
13.2312	0.84037814075536
13.2392	0.839416192618442
13.2472	0.838568541496253
13.2552	0.837835397016639
13.2632	0.837213898719143
13.2712	0.836698674201276
13.2792	0.83628241406315
13.2872	0.83595643080444
13.2952	0.835711201105915
13.3032	0.835536839327104
13.3112	0.835423462355607
13.3192	0.835361465783397
13.3272	0.835341711072929
13.3352	0.835355607248975
13.3432	0.83539513520969
13.3512	0.835452866270246
13.3592	0.835522015718449
13.3672	0.835596578928917
13.3752	0.835671490153695
13.3832	0.83574272093536
13.3912	0.83580728685107
13.3992	0.835863121871699
13.4072	0.835908847392686
13.4152	0.835943551944293
13.4232	0.835966627603201
13.4312	0.835977684692323
13.4392	0.83597658973137
13.4472	0.835963580130509
13.4552	0.8359393423496
13.4632	0.83590504545231
13.4712	0.835862318933276
13.4792	0.835813154874691
13.4872	0.835759750607323
13.4952	0.835704354653775
13.5032	0.83564911808025
13.5112	0.835595965915217
13.5192	0.835546497416717
13.5272	0.835501933420689
13.5352	0.835463097385918
13.5432	0.835430421549936
13.5512	0.835403969132288
13.5592	0.835383466138382
13.5672	0.835368343604725
13.5752	0.83535781350155
13.5832	0.835350962327324
13.5912	0.835346851192061
13.5992	0.835344620729712
13.6072	0.835343588470517
13.6152	0.835343323543229
13.6232	0.835343696677627
13.6312	0.835344902959829
13.6392	0.835347458286241
13.6472	0.835352177347867
13.6552	0.835360150442893
13.6632	0.835372735662832
13.6712	0.835391577206838
13.6792	0.835418661372946
13.6872	0.835456411387859
13.6952	0.835507804000377
13.7032	0.835576501863653
13.7112	0.835667000214813
13.7192	0.835784776506131
13.7272	0.835936431207279
13.7352	0.836129831695775
13.7432	0.836374261282149
13.7512	0.83668058604661
13.7592	0.83706142147928
13.7672	0.837531278795416
13.7752	0.838106617531089
13.7832	0.838805735624326
13.7912	0.83964841087445
13.7992	0.84065528647877
13.8072	0.841847021745824
13.8152	0.843243265168493
13.8232	0.844861551265966
13.8312	0.846716256892893
13.8392	0.848817650434645
13.8472	0.851171073972749
13.8552	0.853776295786461
13.8632	0.856627077153468
13.8712	0.859710969682921
13.8792	0.863009302495341
13.8872	0.866497226314678
13.8952	0.870143717833991
13.9032	0.873911462122678
13.9112	0.87775656019809
13.9192	0.881628268390545
13.9272	0.885468996664635
13.9352	0.889214648245073
13.9432	0.89279528625256
13.9512	0.896136106380798
13.9592	0.899158552952327
13.9672	0.901781595137061
13.9752	0.903923369834846
13.9832	0.905503141010848
13.9912	0.906443642134977
13.9992	0.906673870088278
14.0072	0.906132342820803
14.0152	0.904770884286153
14.0232	0.902559000229499
14.0312	0.899488661122338
14.0392	0.895578967768794
14.0472	0.890879862265801
14.0552	0.885473995064592
14.0632	0.879476260806704
14.0712	0.873030580469428
14.0792	0.866304425963223
14.0872	0.859482164686273
14.0952	0.852757886603471
14.1032	0.846328053454486
14.1112	0.840384615982348
14.1192	0.835108007967302
14.1272	0.830660065565442
14.1352	0.827177508950515
14.1432	0.824765905093796
14.1512	0.823494055781689
14.1592	0.823390568121613
14.1672	0.824442997779254
14.1752	0.826598680427603
14.1832	0.829766908850686
14.1912	0.833823612927993
14.1992	0.838618556901074
14.2072	0.843984517130185
14.2152	0.849747620656393
14.2232	0.855737956020873
14.2312	0.861798513054357
14.2392	0.867791274642598
14.2472	0.873599488610705
14.2552	0.87912683921863
14.2632	0.884294506954352
14.2712	0.889037716897176
14.2792	0.893302340638905
14.2872	0.897042081195301
14.2952	0.900216535338233
14.3032	0.902790318842737
14.3112	0.904732989476712
14.3192	0.906019822575268
14.3272	0.906633255048554
14.3352	0.906564606320349
14.3432	0.905815577799199
14.3512	0.904399218447148
14.3592	0.902340361522048
14.3672	0.899675732844949
14.3752	0.896453962259787
14.3832	0.892735452698869
14.3912	0.888591989489108
14.3992	0.884105754648864
14.4072	0.879367727148452
14.4152	0.874475264026317
14.4232	0.869529068613067
14.4312	0.864629831908296
14.4392	0.859875126711805
14.4472	0.855356556559845
14.4552	0.851157389302933
14.4632	0.847350779592796
14.4712	0.84399868456372
14.4792	0.841151323209721
14.4872	0.838847123357427
14.4952	0.837112868317631
14.5032	0.835963832589145
14.5112	0.835403588422837
14.5192	0.835423469159715
14.5272	0.836001874444901
14.5352	0.837103793600074
14.5432	0.83868087751278
14.5512	0.840672268479092
14.5592	0.843006212961496
14.5672	0.845602250345275
14.5752	0.848373647256101
14.5832	0.851229986722299
14.5912	0.854079973961044
14.5992	0.856834408034537
14.6072	0.859409356395576
14.6152	0.861729446136028
14.6232	0.86373089578259
14.6312	0.865363873034812
14.6392	0.866593955776127
14.6472	0.867402517363485
14.6552	0.867786133890286
14.6632	0.867755321719021
14.6712	0.867332927542263
14.6792	0.866552424796118
14.6872	0.865456226522495
14.6952	0.864094004020256
14.7032	0.862520920189402
14.7112	0.860795701581886
14.7192	0.858978531305649
14.7272	0.857128959476542
14.7352	0.855304048761536
14.7432	0.85355696045134
14.7512	0.851935768962498
14.7592	0.850482500450387
14.7672	0.849232508310435
14.7752	0.848214267196356
14.7832	0.847449190759876
14.7912	0.846951610989682
14.7992	0.846728843886301
14.8072	0.846781231379924
14.8152	0.84710202063144
14.8232	0.847677233975187
14.8312	0.848485755829109
14.8392	0.849499940648587
14.8472	0.850686605248786
14.8552	0.852008371719138
14.8632	0.853425402698106
14.8712	0.854897449698826
14.8792	0.856385729515527
14.8872	0.857854561291037
14.8952	0.859272654029886
14.9032	0.860614014534558
14.9112	0.861858295626918
14.9192	0.86299054367193
14.9272	0.864000585749627
14.9352	0.864882361161279
14.9432	0.865633575662614
14.9512	0.86625566357817
14.9592	0.866753839908348
14.9672	0.867137036365039
14.9752	0.867417518895012
14.9832	0.867610059199899
14.9912	0.867730785684627
14.9992	0.867795964046469
15.0072	0.867820860152618
15.0152	0.867818848676066
15.0232	0.867800888718665
15.0312	0.867775351982446
15.0392	0.867748138261409
15.0472	0.867722997822125
15.0552	0.867701970543381
15.0632	0.867685882810832
15.0712	0.867674816905249
15.0792	0.867668492852192
15.0872	0.867666546469856
15.0952	0.867668686263846
15.1032	0.867674715129569
15.1112	0.867684452068923
15.1192	0.867697608059063
15.1272	0.867713662450059
15.1352	0.867731789554028
15.1432	0.867750888946374
15.1512	0.867769701414876
15.1592	0.867786963313175
15.1672	0.867801560634025
15.1752	0.867812645245743
15.1832	0.867819694495471
15.1912	0.867822539971798
15.1992	0.867821379752075
15.2072	0.867816774367396
15.2152	0.867809633377189
15.2232	0.86780117204725
15.2312	0.86779281648806
15.2392	0.867786059828421
15.2472	0.867782259422279
15.2552	0.867782387539224
15.2632	0.867786784165282
15.2712	0.867794942104716
15.2792	0.867805362337205
15.2872	0.867815526111539
15.2952	0.867821985469599
15.3032	0.867820548083294
15.3112	0.867806519207542
15.3192	0.867774945164849
15.3272	0.867720827631177
15.3352	0.867639301079888
15.3432	0.867525784258726
15.3512	0.867376139778138
15.3592	0.867186878431899
15.3672	0.866955397739366
15.3752	0.86668020768887
15.3832	0.866361067446656
15.3912	0.865998979732937
15.3992	0.865595994127733
15.4072	0.865154837669378
15.4152	0.86467843612467
15.4232	0.864169450771322
15.4312	0.863629897068263
15.4392	0.863060891250543
15.4472	0.862462543523072
15.4552	0.86183403762708
15.4632	0.861173877254369
15.4712	0.860480331439602
15.4792	0.859751989961206
15.4872	0.858988387608619
15.4952	0.858190536916584
15.5032	0.857361213939177
15.5112	0.856504875060229
15.5192	0.855627214008936
15.5272	0.854184607112992
15.5352	0.852794098771041
15.5432	0.851477144240486
15.5512	0.850245809837093
15.5592	0.849104147012107
15.5672	0.848050381934936
15.5752	0.847079077911302
15.5832	0.846182881003767
15.5912	0.845353761948618
15.5992	0.844583816079176
15.6072	0.843865723571414
15.6152	0.843192975788954
15.6232	0.842559953306022
15.6312	0.841961916603574
15.6392	0.841394951355191
15.6472	0.84085589747251
15.6552	0.840342274334095
15.6632	0.839852213127962
15.6712	0.839384399105073
15.6792	0.83893802206741
15.6872	0.838512730986839
15.6952	0.838108593022187
15.7032	0.83772605336588
15.7112	0.837365895240605
15.7192	0.837029202366195
15.7272	0.836717325497115
15.7352	0.836431855473514
15.7432	0.836174600810284
15.7512	0.835947566380042
15.7592	0.83575292816398
15.7672	0.835593000938213
15.7752	0.835470197615971
15.7832	0.835386983442727
15.7912	0.835345830331639
15.7992	0.835349176916222
15.8072	0.835399397568399
15.8152	0.83549878073028
15.8232	0.835649514933823
15.8312	0.835853679039733
15.8392	0.836113233111255
15.8472	0.836430007904637
15.8552	0.836805693033416
15.8632	0.837241823631826
15.8712	0.837739766951183
15.8792	0.838300708383483
15.8872	0.838925636938126
15.8952	0.839615330730618
15.9032	0.840370342387313
15.9112	0.841190984507322
15.9192	0.842077318140021
15.9272	0.843029145694146
15.9352	0.844046008709201
15.9432	0.845127190801039
15.9512	0.846271725359101
15.9592	0.847478402843203
15.9672	0.848745776248443
15.9752	0.850072164168138
15.9832	0.851455648610152
15.9912	0.852894069136842
15.9992	0.854385018224149
16.0072	0.855925838761224
16.0152	0.857513624317225
16.0232	0.859145223009449
16.0312	0.860817244941523
16.0392	0.862526070895253
16.0472	0.864267862386265
16.0552	0.866038572232398
16.0632	0.86783395549105
16.0712	0.869649579234899
16.0792	0.871480833021345
16.0872	0.87332293938874
16.0952	0.875170963606152
16.1032	0.877019821999224
16.1112	0.878864291417644
16.1192	0.880699020452331
16.1272	0.882518542323969
16.1352	0.884317286881083
16.1432	0.886089593347373
16.1512	0.887829720781336
16.1592	0.889531853589797
16.1672	0.891190102228255
16.1752	0.892798500068576
16.1832	0.894350998281337
16.1912	0.89584146290509
16.1992	0.897263677580879
16.2072	0.898611351597743
16.2152	0.899878132908775
16.2232	0.901057626008636
16.2312	0.90214341176427
16.2392	0.903129063713335
16.2472	0.904008158956556
16.2552	0.90477428198093
16.2632	0.905421020200172
16.2712	0.905941949514843
16.2792	0.906330611005437
16.2872	0.906580480822022
16.2952	0.906684940354362
16.3032	0.906637253053513
16.3112	0.906430555099925
16.3192	0.906057863433013
16.3272	0.905512097641486
16.3352	0.904786105579865
