0.0072	-0.130931000385725
0.0152	-0.104094395895227
0.0232	-0.079105611533938
0.0312	-0.055881297026387
0.0392	-0.0343403775985634
0.0472	-0.0144039089451589
0.0552	0.00400504133728578
0.0632	0.0209614795470724
0.0712	0.0365385285984167
0.0792	0.0508074511209137
0.0872	0.0638376810853946
0.0952	0.0756968426408706
0.1032	0.0864507236222795
0.1112	0.096163210372715
0.1192	0.104896190807689
0.1272	0.112709462475664
0.1352	0.119660664430876
0.1432	0.12580524476995
0.1512	0.131196456660797
0.1592	0.135885376815428
0.1672	0.139920947718488
0.1752	0.143350037171421
0.1832	0.146217501935583
0.1912	0.148566246538293
0.1992	0.150437270350262
0.2072	0.15186969668389
0.2152	0.152900784725281
0.2232	0.15356593514879
0.2312	0.153898701415451
0.2392	0.153930815413843
0.2472	0.153692231119951
0.2552	0.153211182005454
0.2632	0.152514245192078
0.2712	0.151626405836715
0.2792	0.150571116769362
0.2872	0.149370353479775
0.2952	0.148044667198623
0.3032	0.146613239445259
0.3112	0.145093939814426
0.3192	0.143503384926946
0.3272	0.141856994872349
0.3352	0.140169046206088
0.3432	0.138452720675454
0.3512	0.136720148626041
0.3592	0.134982450312302
0.3672	0.133249779285725
0.3752	0.131531368203904
0.3832	0.129835577138294
0.3912	0.128169943510555
0.3992	0.126541229927053
0.4072	0.124955469372059
0.4152	0.1234180074689
0.4232	0.121933541567578
0.4312	0.120506154010366
0.4392	0.119139342238905
0.4472	0.11783604601652
0.4552	0.116598672427145
0.4632	0.115429119732112
0.4712	0.114328801132641
0.4792	0.113298669700741
0.4872	0.112339245687891
0.4952	0.111450643691792
0.5032	0.110632599033414
0.5112	0.109884494926363
0.5192	0.109205389889028
0.5272	0.108594043536099
0.5352	0.108048941947169
0.5432	0.107568324230677
0.5512	0.107150211356399
0.5592	0.106792439644543
0.5672	0.106492699725936
0.5752	0.106248579285373
0.5832	0.10605760761561
0.5912	0.105917298986276
0.5992	0.105825189494341
0.6072	0.105778865094955
0.6152	0.105775981123757
0.6232	0.105814274457862
0.6312	0.105891570609923
0.6392	0.1060057880028
0.6472	0.106154940160108
0.6552	0.106337135088144
0.6632	0.106550571252435
0.6712	0.106793529654175
0.6792	0.107064361275879
0.6872	0.107361468876043
0.6952	0.107683281743284
0.7032	0.108028221562825
0.7112	0.108394657007757
0.7192	0.108780844081626
0.7272	0.109184848711943
0.7352	0.109604447859056
0.7432	0.110037005928832
0.7512	0.110479325433162
0.7592	0.110927476155651
0.7672	0.111376618044433
0.7752	0.111820853391268
0.7832	0.112253178396529
0.7912	0.112665657707973
0.7992	0.113050019324496
0.8072	0.113398953579573
0.8152	0.11370847716618
0.8232	0.113981767932976
0.8312	0.113664378272532
0.8392	0.113322037306552
0.8472	0.112961024531805
0.8552	0.11258644318554
0.8632	0.11220233978977
0.8712	0.111811830704857
0.8792	0.111417241871978
0.8872	0.111020223906119
0.8952	0.110621934504246
0.9032	0.110223328869346
0.9112	0.10982556496209
0.9192	0.109430431521126
0.9272	0.109040663027566
0.9352	0.108660000135857
0.9432	0.108293017800886
0.9512	0.10794471083137
0.9592	0.107619907868247
0.9672	0.107322651154441
0.9752	0.107055654434375
0.9832	0.106819975678738
0.9912	0.106615022756723
0.9992	0.106438863541422
1.0072	0.106288727752118
1.0152	0.106161591027188
1.0232	0.106054706583858
1.0312	0.10596595666339
1.0392	0.105894004370201
1.0472	0.105838295227873
1.0552	0.105798963219831
1.0632	0.105776743375128
1.0712	0.10577293582855
1.0792	0.105789426649183
1.0872	0.10582873751164
1.0952	0.105894052484342
1.1032	0.105989179152796
1.1112	0.106118438208368
1.1192	0.106286510524532
1.1272	0.106498289104778
1.1352	0.106758756817862
1.1432	0.107072870788137
1.1512	0.10744539849438
1.1592	0.107880656023767
1.1672	0.108382087206039
1.1752	0.108951696845775
1.1832	0.109589440833629
1.1912	0.110292738797052
1.1992	0.111056178359399
1.2072	0.111871503506841
1.2152	0.112727793806703
1.2232	0.113611793983113
1.2312	0.114508287117597
1.2392	0.115400609567795
1.2472	0.11627117657402
1.2552	0.117102129631357
1.2632	0.117876100168816
1.2712	0.118577095540117
1.2792	0.119191301785371
1.2872	0.119707743092733
1.2952	0.120118687585958
1.3032	0.120419891387097
1.3112	0.120610642101651
1.3192	0.120693547017492
1.3272	0.120674141614586
1.3352	0.120560479582348
1.3432	0.12036255122484
1.3512	0.12009152457779
1.3592	0.119758993967943
1.3672	0.119376258400409
1.3752	0.118953722605368
1.3832	0.118500541224912
1.3912	0.118024474158793
1.3992	0.117531902346903
1.4072	0.117028157347933
1.4152	0.116517866778917
1.4232	0.116005138585133
1.4312	0.115493632033718
1.4392	0.114986578543853
1.4472	0.11448666112437
1.4552	0.113995924210553
1.4632	0.113515809597356
1.4712	0.113047351252276
1.4792	0.112591367711178
1.4872	0.112148597738783
1.4952	0.111719714215058
1.5032	0.111305274949753
1.5112	0.110905646282657
1.5192	0.110520918416207
1.5272	0.110150850306953
1.5352	0.109794921512803
1.5432	0.109452445135191
1.5512	0.109122682746689
1.5592	0.108804955992596
1.5672	0.108498761703189
1.5752	0.108203872304804
1.5832	0.107920404301307
1.5912	0.107648851109236
1.5992	0.107390075889921
1.6072	0.107145269415761
1.6152	0.106915881349033
1.6232	0.106703532348715
1.6312	0.106509886373117
1.6392	0.10633653765465
1.6472	0.106184910288951
1.6552	0.106056175789179
1.6632	0.105951195188031
1.6712	0.105870475612318
1.6792	0.105814102089671
1.6872	0.105781648906361
1.6952	0.105772089063999
1.7032	0.105783730248662
1.7112	0.105814221595439
1.7192	0.105860651786528
1.7272	0.105919714027642
1.7352	0.105987898077394
1.7432	0.106061660615801
1.7512	0.106137533475471
1.7592	0.106212170595393
1.7672	0.106282368229472
1.7752	0.106345097988381
1.7832	0.106397586990371
1.7912	0.106437436156646
1.7992	0.106462751217565
1.8072	0.106472242605604
1.8152	0.106465304641419
1.8232	0.106442070316026
1.8312	0.106403429262743
1.8392	0.106351010925574
1.8472	0.106287164548567
1.8552	0.106214893398663
1.8632	0.10613773114527
1.8712	0.106059564789771
1.8792	0.105984410944502
1.8872	0.105916151947162
1.8952	0.105858289190324
1.9032	0.105813736073626
1.9112	0.105784665486391
1.9192	0.105772418425315
1.9272	0.105777471390485
1.9352	0.10579946077386
1.9432	0.10583725402472
1.9512	0.105889048255387
1.9592	0.105952475960844
1.9672	0.106024694460134
1.9752	0.106102469484012
1.9832	0.106182287797606
1.9912	0.106260480546731
1.9992	0.10633335162016
2.0072	0.106397319840309
2.0152	0.106449047779417
2.0232	0.106485554279173
2.0312	0.106504343574733
2.0392	0.106503554498281
2.0472	0.106482130553858
2.0552	0.106440046695023
2.0632	0.106378515023335
2.0712	0.106300105164839
2.0792	0.106208791454491
2.0872	0.106109929381489
2.0952	0.106010159706952
2.1032	0.105917286325975
2.1112	0.105840145053988
2.1192	0.105788420213191
2.1272	0.105772341012206
2.1352	0.105802214932727
2.1432	0.105887824460154
2.1512	0.106037757844671
2.1592	0.106258817833811
2.1672	0.106555690829595
2.1752	0.106930998200815
2.1832	0.10738577728254
2.1912	0.107920316709675
2.1992	0.10853507798826
2.2072	0.109231505336168
2.2152	0.110012548421831
2.2232	0.110882687264162
2.2312	0.111847497902183
2.2392	0.112912984231635
2.2472	0.114084720904598
2.2552	0.115366969206063
2.2632	0.116762033382189
2.2712	0.118269860329021
2.2792	0.1198877639043
2.2872	0.121610325528742
2.2952	0.123429504655588
2.3032	0.125334879001398
2.3112	0.127314027794511
2.3192	0.129353032932508
2.3272	0.131437056407574
2.3352	0.133550784739947
2.3432	0.135678655010877
2.3512	0.137804807777283
2.3592	0.139912906225462
2.3672	0.141986062517784
2.3752	0.144007029441344
2.3832	0.145958749215307
2.3912	0.147825232300443
2.3992	0.149592524731779
2.4072	0.151249603036042
2.4152	0.152788968693295
2.4232	0.15420676875728
2.4312	0.155502465754597
2.4392	0.156678262649133
2.4472	0.157738329649686
2.4552	0.158687930496366
2.4632	0.159532697907285
2.4712	0.160278110365639
2.4792	0.160929146730456
2.4872	0.161490162254132
2.4952	0.16196495021743
2.5032	0.162356952396001
2.5112	0.162669569256948
2.5192	0.162906493271129
2.5272	0.163072050333481
2.5352	0.163171543162608
2.5432	0.16321158528832
2.5512	0.163200419902474
2.5592	0.163148092431283
2.5672	0.16306634981731
2.5752	0.162968171047461
2.5832	0.162866886893739
2.5912	0.162775050872645
2.5992	0.162703302025306
2.6072	0.162659443800957
2.6152	0.162647920373783
2.6232	0.162669716307243
2.6312	0.162722502063144
2.6392	0.162800905976858
2.6472	0.162896803069782
2.6552	0.16299956674389
2.6632	0.163096335913084
2.6712	0.16317233795058
2.6792	0.163211291686155
2.6872	0.163195939973248
2.6952	0.163108710498733
2.7032	0.162932537022371
2.7112	0.162651811182451
2.7192	0.162253355307128
2.7272	0.161727284250397
2.7352	0.161067547903004
2.7432	0.160272068861275
2.7512	0.159342537885805
2.7592	0.158283908795351
2.7672	0.157103679746875
2.7752	0.155811132863496
2.7832	0.154416548887205
2.7912	0.152930433292994
2.7992	0.151362962207909
2.8072	0.149723829661219
2.8152	0.148022398522519
2.8232	0.14626803586596
2.8312	0.144470574461667
2.8392	0.142640607672483
2.8472	0.140789453879026
2.8552	0.138928804411266
2.8632	0.137070236690989
2.8712	0.135224626278427
2.8792	0.133401711387003
2.8872	0.131609872650159
2.8952	0.129856034304976
2.9032	0.128145535546112
2.9112	0.126482098901708
2.9192	0.124867878622338
2.9272	0.12330363159335
2.9352	0.121789163241435
2.9432	0.120323916669368
2.9512	0.118907644743829
2.9592	0.117541041781986
2.9672	0.116226164147308
2.9752	0.114966559278793
2.9832	0.113767168737259
2.9912	0.112633895686802
2.9992	0.111573025806097
3.0072	0.110590604294682
3.0152	0.109691918568649
3.0232	0.108881154984475
3.0312	0.108161342884178
3.0392	0.1075344339299
3.0472	0.107001558444393
3.0552	0.106563372116619
3.0632	0.106220414072102
3.0712	0.105973398977007
3.0792	0.105823435697324
3.0872	0.105772055662531
3.0952	0.105821023124362
3.1032	0.105971971815679
3.1112	0.10622595736795
3.1192	0.106583063578199
3.1272	0.10704217213999
3.1352	0.107600957292016
3.1432	0.10825611045848
3.1512	0.109003679603694
3.1592	0.109839364388026
3.1672	0.110758745892566
3.1752	0.111757395013507
3.1832	0.112830798507083
3.1912	0.113974179335288
3.1992	0.115182347508527
3.2072	0.116449604092446
3.2152	0.117769725840361
3.2232	0.119136035878064
3.2312	0.120541563815878
3.2392	0.12197927155395
3.2472	0.123442314469972
3.2552	0.124924302389327
3.2632	0.126419433013763
3.2712	0.127922600658638
3.2792	0.129429348900896
3.2872	0.130935513225987
3.2952	0.132436593475011
3.3032	0.133927092402835
3.3112	0.135399965371512
3.3192	0.136846399680443
3.3272	0.138256130169391
3.3352	0.139618232670938
3.3432	0.140922145611859
3.3512	0.142158752042863
3.3592	0.143321115298824
3.3672	0.14440469901869
3.3752	0.14540718431997
3.3832	0.146328084095253
3.3912	0.147168226751913
3.3992	0.147929385295853
3.4072	0.148614123247022
3.4152	0.149225746573832
3.4232	0.14976829637497
3.4312	0.150246523978851
3.4392	0.150665763289866
3.4472	0.151031747927249
3.4552	0.151350415524744
3.4632	0.151627647420673
3.4712	0.151868999843963
3.4792	0.152079527165026
3.4872	0.152263668442167
3.4952	0.152425176747012
3.5032	0.152567143156109
3.5112	0.152692086388307
3.5192	0.15280207457653
3.5272	0.152898864125509
3.5352	0.152984027474943
3.5432	0.153059019547421
3.5512	0.153125211866451
3.5592	0.153183900154299
3.5672	0.153236284006514
3.5752	0.153283436420435
3.5832	0.15332630136857
3.5912	0.153365696946357
3.5992	0.153402323856628
3.6072	0.153436784778491
3.6152	0.153469617871069
3.6232	0.153501305265813
3.6312	0.153532255005361
3.6392	0.153562760720858
3.6472	0.153592944820661
3.6552	0.15362269245102
3.6632	0.153651621800165
3.6712	0.153679102719408
3.6792	0.153704318738132
3.6872	0.153726355872962
3.6952	0.153744286559228
3.7032	0.15375719727713
3.7112	0.153764147858396
3.7192	0.153764056753713
3.7272	0.153755512641929
3.7352	0.153736525136626
3.7432	0.153704254911132
3.7512	0.153654744548857
3.7592	0.153582687406166
3.7672	0.153481293859428
3.7752	0.153342308564661
3.7832	0.153156181429532
3.7912	0.152912379883137
3.7992	0.152599793526833
3.8072	0.152207074928189
3.8152	0.151722764147507
3.8232	0.151135140028388
3.8312	0.150431777558003
3.8392	0.149598951752973
3.8472	0.14862113063169
3.8552	0.147480808201927
3.8632	0.146158879273889
3.8712	0.144635805571446
3.8792	0.142893571977821
3.8872	0.140918289761229
3.8952	0.138703108356098
3.9032	0.136251106366435
3.9112	0.133577727601594
3.9192	0.130712472029283
3.9272	0.127699448181854
3.9352	0.124596822424178
3.9432	0.121475241658153
3.9512	0.118415303200767
3.9592	0.115504128965426
3.9672	0.112831287214895
3.9752	0.110484226767489
3.9832	0.108543640142343
3.9912	0.107079023556318
3.9992	0.106144767777738
4.0072	0.1057771373878
4.0152	0.105992354649032
4.0232	0.106785816468554
4.0312	0.10813241192338
4.0392	0.109987825494554
4.0472	0.112290795313975
4.0552	0.114966315283833
4.0632	0.117929774439874
4.0712	0.121091995753494
4.0792	0.124364673648411
4.0872	0.390574855888195
4.0952	0.385558889223264
4.1032	0.37999632185266
4.1112	0.373990304352431
4.1192	0.367654021521138
4.1272	0.361110508466694
4.1352	0.354493205060349
4.1432	0.347945875059253
4.1512	0.341620887760184
4.1592	0.335675569216771
4.1672	0.330266743992137
4.1752	0.325544743516853
4.1832	0.321647439586919
4.1912	0.318693904134616
4.1992	0.316778156869931
4.2072	0.315963558615479
4.2152	0.316277727905147
4.2232	0.317709254023074
4.2312	0.320207511606087
4.2392	0.323685614537021
4.2472	0.328026149365424
4.2552	0.333089364190304
4.2632	0.33872197417441
4.2712	0.344765273191956
4.2792	0.351061683045135
4.2872	0.35745924911357
4.2952	0.363814778682088
4.3032	0.369996263133325
4.3112	0.375885113900869
4.3192	0.381378547686155
4.3272	0.386391798690638
4.3352	0.390859673367502
4.3432	0.394737214105225
4.3512	0.397999382889325
4.3592	0.400639678335183
4.3672	0.402668005956845
4.3752	0.404108111916941
4.3832	0.40499490231099
4.3912	0.405371860037887
4.3992	0.405288599580097
4.4072	0.404798465204381
4.4152	0.403956125911158
4.4232	0.402815234047514
4.4312	0.401426308010326
4.4392	0.399835076295159
4.4472	0.398081553164963
4.4552	0.396199916273095
4.4632	0.394219045269743
4.4712	0.392163541462726
4.4792	0.390054914615365
4.4872	0.38791248945461
4.4952	0.385753907024761
4.5032	0.383595167146429
4.5112	0.381450326557401
4.5192	0.379331093778138
4.5272	0.377246520921916
4.5352	0.375202732742718
4.5432	0.373202771857286
4.5512	0.371246615962874
4.5592	0.369331252101637
4.5672	0.367450859925318
4.5752	0.365597173170799
4.5832	0.363760062202704
4.5912	0.361928260596978
4.5992	0.360090222440203
4.6072	0.358234922969626
4.6152	0.356352535294491
4.6232	0.354434811521176
4.6312	0.352475199457874
4.6392	0.350468664899933
4.6472	0.348411376121486
4.6552	0.346300293894701
4.6632	0.344132859785555
4.6712	0.341906722448089
4.6792	0.339619557847392
4.6872	0.337268844867607
4.6952	0.334851541978305
4.7032	0.332363775482307
4.7112	0.329800771402585
4.7192	0.32715705163683
4.7272	0.324426892587913
4.7352	0.321605506534945
4.7432	0.318690700786721
4.7512	0.315684628140778
4.7592	0.312595439886189
4.7672	0.309438655616294
4.7752	0.306237615799313
4.7832	0.303023190251107
4.7912	0.299832833147108
4.7992	0.296708898212888
4.8072	0.293696736807963
4.8152	0.290843322389886
4.8232	0.288196193933236
4.8312	0.28580264305515
4.8392	0.283709324735691
4.8472	0.281961858231062
4.8552	0.280603689123573
4.8632	0.279674057289362
4.8712	0.279205510308543
4.8792	0.279221293915383
4.8872	0.279733456454097
4.8952	0.280741783654188
4.9032	0.282233592562777
4.9112	0.284184394224671
4.9192	0.286559835688868
4.9272	0.289318108775722
4.9352	0.292412560683181
4.9432	0.295794350780634
4.9512	0.299414913020182
4.9592	0.303227567679827
4.9672	0.307188546812376
4.9752	0.311257479597598
4.9832	0.315397406363202
4.9912	0.319574961422768
4.9992	0.323760992875534
5.0072	0.327931125691057
5.0152	0.33206620003595
5.0232	0.336152515157867
5.0312	0.340181336096247
5.0392	0.344147622839501
5.0472	0.348048387349508
5.0552	0.351880949074558
5.0632	0.355641298639809
5.0712	0.359322855768504
5.0792	0.362915646212845
5.0872	0.366405880701192
5.0952	0.369776231437536
5.1032	0.373006755092688
5.1112	0.376076287026768
5.1192	0.378964287506099
5.1272	0.381652912893511
5.1352	0.384128733412395
5.1432	0.386383840667483
5.1512	0.388416143638412
5.1592	0.390228781414062
5.1672	0.391828889327549
5.1752	0.393226200803681
5.1832	0.394431782781455
5.1912	0.395457116589231
5.1992	0.396313580257754
5.2072	0.397012207194602
5.2152	0.397563487637675
5.2232	0.397977129453368
5.2312	0.398261724673813
5.2392	0.398424425472136
5.2472	0.398470791277135
5.2552	0.398404828130341
5.2632	0.398229298160892
5.2712	0.397946250264871
5.2792	0.397557642616387
5.2872	0.397065929130879
5.2952	0.396474541635462
5.3032	0.395788114299805
5.3112	0.395012469544948
5.3192	0.394154490396334
5.3272	0.393221977460039
5.3352	0.392223502333567
5.3432	0.391168311789989
5.3512	0.390066289925679
5.3592	0.388927865344811
5.3672	0.387763793898215
5.3752	0.386584869224471
5.3832	0.385401570966015
5.3912	0.384223641033169
5.3992	0.383059535311583
5.4072	0.381915838628702
5.4152	0.380796797219008
5.4232	0.379703951497892
5.4312	0.378635965044554
5.4392	0.377588838774868
5.4472	0.376556358353872
5.4552	0.375530626150596
5.4632	0.374502741185853
5.4712	0.373463549131864
5.4792	0.372404336923065
5.4872	0.371317559419027
5.4952	0.37019753521782
5.5032	0.369040881927065
5.5112	0.367846665394171
5.5192	0.366616213215457
5.5272	0.365352572490518
5.5352	0.364059763004381
5.5432	0.362742108289318
5.5512	0.361403782010187
5.5592	0.360048678871757
5.5672	0.35868053903344
5.5752	0.357303176330559
5.5832	0.355920652967931
5.5912	0.354537189257588
5.5992	0.353156884465565
5.6072	0.351783488937493
5.6152	0.350420245271289
5.6232	0.34906985748657
5.6312	0.347734706051199
5.6392	0.346417149193331
5.6472	0.345119698054922
5.6552	0.343845053260339
5.6632	0.342595926562672
5.6712	0.341374512720342
5.6792	0.340181815011092
5.6872	0.339017151052228
5.6952	0.337878074583629
5.7032	0.336760827717445
5.7112	0.335661384624258
5.7192	0.334576816323586
5.7272	0.333506578348342
5.7352	0.332453413899054
5.7432	0.331423677538685
5.7512	0.33042698529567
5.7592	0.329475351400633
5.7672	0.328582173611128
5.7752	0.327761393408023
5.7832	0.327026916572317
5.7912	0.326392547271807
5.7992	0.325872279731365
5.8072	0.325480552099146
5.8152	0.325232111958667
5.8232	0.325141704450127
5.8312	0.325223508838377
5.8392	0.325490364512811
5.8472	0.325952948093693
5.8552	0.326619219670109
5.8632	0.327494020969857
5.8712	0.328578964331464
5.8792	0.329872553146717
5.8872	0.331370421308869
5.8952	0.333065500186506
5.9032	0.334948205238589
5.9112	0.337006591134216
5.9192	0.339226854693021
5.9272	0.341594167986004
5.9352	0.344093847291877
5.9432	0.34671260387977
5.9512	0.349439602257991
5.9592	0.352266860789313
5.9672	0.355189014595652
5.9752	0.358202576035037
5.9832	0.361304679105634
5.9912	0.364491480241952
5.9992	0.367756851686009
6.0072	0.371091335868163
6.0152	0.374481224890252
6.0232	0.377907768603437
6.0312	0.381346395859944
6.0392	0.384765462792658
6.0472	0.388124952995579
6.0552	0.391375636782685
6.0632	0.394458866744111
6.0712	0.397307234712213
6.0792	0.399846544479776
6.0872	0.401998677167313
6.0952	0.403684828171282
6.1032	0.404829005757508
6.1112	0.405361591364407
6.1192	0.405222590866131
6.1272	0.404364615054108
6.1352	0.402755490624311
6.1432	0.400380325679581
6.1512	0.397243030040483
6.1592	0.393367240902428
6.1672	0.38879658665699
6.1752	0.383594410842813
6.1832	0.377842859170075
6.1912	0.371640849891282
6.1992	0.365100987008238
6.2072	0.358345826988615
6.2152	0.351503769456642
6.2232	0.344704908555962
6.2312	0.338077583933277
6.2392	0.331745648352974
6.2472	0.325825870647162
6.2552	0.320425450210499
6.2632	0.315639597222709
6.2712	0.311549112136865
6.2792	0.308218161903886
6.2872	0.30569292919012
6.2952	0.304001040389136
6.3032	0.303151805807889
6.3112	0.303137361393075
6.3192	0.303934065695757
6.3272	0.305504384962286
6.3352	0.307798727577595
6.3432	0.310757149673617
6.3512	0.314311251985179
6.3592	0.318386634767258
6.3672	0.322904417860919
6.3752	0.327782362963547
6.3832	0.332935996730403
6.3912	0.338279590885538
6.3992	0.343727085633417
6.4072	0.349194363765652
6.4152	0.354601817120464
6.4232	0.359877057485677
6.4312	0.364957744372701
6.4392	0.369793613988936
6.4472	0.37434684798385
6.4552	0.378591482197522
6.4632	0.382511902303905
6.4712	0.386100634829331
6.4792	0.389356334521676
6.4872	0.392282162135686
6.4952	0.39488452666333
6.5032	0.397172134861434
6.5112	0.399155307491557
6.5192	0.400845106512928
6.5272	0.402252603274195
6.5352	0.403388354463153
6.5432	0.404262053390544
6.5512	0.404882308380857
6.5592	0.405256707874763
6.5672	0.40539212585357
6.5752	0.405295262360881
6.5832	0.404973325507059
6.5912	0.404434747973004
6.5992	0.403689816125845
6.6072	0.402751050439686
6.6152	0.401633226155266
6.6232	0.40035303219856
6.6312	0.398928509739174
6.6392	0.397378426623413
6.6472	0.395721761210385
6.6552	0.393977428079606
6.6632	0.39216421336686
6.6712	0.390300809157827
6.6792	0.388405697335814
6.6872	0.386496878811117
6.6952	0.384591474625972
6.7032	0.382705224061727
6.7112	0.380851921108611
6.7192	0.379042909010515
6.7272	0.377286717929224
6.7352	0.375588835926727
6.7432	0.373951702474311
6.7512	0.372375075857133
6.7592	0.370856678411737
6.7672	0.369392953210629
6.7752	0.367979995877656
6.7832	0.366614625274552
6.7912	0.36529526872465
6.7992	0.364022468110941
6.8072	0.362799016017368
6.8152	0.361629703722329
6.8232	0.360520726084273
6.8312	0.35947895108119
6.8392	0.358511124803174
6.8472	0.357623190263264
6.8552	0.356819960421232
6.8632	0.356104990451434
6.8712	0.355480499995249
6.8792	0.354947654600754
6.8872	0.354507066683815
6.8952	0.354159290758125
6.9032	0.353905241273316
6.9112	0.353746502829279
6.9192	0.353685296114691
6.9272	0.353724252434737
6.9352	0.353865939778869
6.9432	0.354112120557061
6.9512	0.354463171698385
6.9592	0.354917972251544
6.9672	0.35547400441584
6.9752	0.356127597836916
6.9832	0.356874444191499
6.9912	0.357710046559748
6.9992	0.358629837788932
7.0072	0.35962911153511
7.0152	0.360702839332984
7.0232	0.361845432695767
7.0312	0.363050617060641
7.0392	0.364311388742142
7.0472	0.365620032822967
7.0552	0.366968217903691
7.0632	0.368347148243347
7.0712	0.36974763644219
7.0792	0.371160146686238
7.0872	0.372574816816895
7.0952	0.373981420855813
7.1032	0.375369399609984
7.1112	0.376727999985977
7.1192	0.378046510793652
7.1272	0.379314590413276
7.1352	0.380522711640593
7.1432	0.381662557443524
7.1512	0.382727294023381
7.1592	0.383711691552427
7.1672	0.384612065955104
7.1752	0.385426060314671
7.1832	0.386152417233827
7.1912	0.38679075321127
7.1992	0.387341357999584
7.2072	0.387805067519458
7.2152	0.388183217355812
7.2232	0.388477556856391
7.2312	0.388690161236035
7.2392	0.388823362305583
7.2472	0.388879683418029
7.2552	0.388861760182403
7.2632	0.388772360490014
7.2712	0.388614480964491
7.2792	0.388391476115155
7.2872	0.388107181933873
7.2952	0.387765988476815
7.3032	0.387372836970691
7.3112	0.386933098578498
7.3192	0.386452433320277
7.3272	0.385936665512586
7.3352	0.38539172375393
7.3432	0.384823625094324
7.3512	0.384238598572074
7.3592	0.383643222246614
7.3672	0.383044499324866
7.3752	0.382449850290117
7.3832	0.381867010654358
7.3912	0.381303687357091
7.3992	0.380767076606337
7.4072	0.380263410780878
7.4152	0.37979754724802
7.4232	0.379372690284398
7.4312	0.378990504305264
7.4392	0.378651513866966
7.4472	0.378355657470901
7.4552	0.378102989560967
7.4632	0.37789429249898
7.4712	0.377731338292502
7.4792	0.377616927043027
7.4872	0.377554803934051
7.4952	0.377549522692833
7.5032	0.377606394880063
7.5112	0.377731525016375
7.5192	0.377931770550749
7.5272	0.378214507724198
7.5352	0.378587239232307
7.5432	0.37905688891401
7.5512	0.379628959601298
7.5592	0.380306866643038
7.5672	0.381091598489315
7.5752	0.381981684449997
7.5832	0.382973413277215
7.5912	0.384061083388934
7.5992	0.385237108716885
7.6072	0.386492034335498
7.6152	0.387814461848679
7.6232	0.389190896656872
7.6312	0.390605856367954
7.6392	0.392042276822422
7.6472	0.393482049803114
7.6552	0.394906609737194
7.6632	0.396297673922545
7.6712	0.397637828115005
7.6792	0.398910872103657
7.6872	0.400102049076871
7.6952	0.40119811353092
7.7032	0.402187222407214
7.7112	0.403058819711863
7.7192	0.403803522090601
7.7272	0.404413005249926
7.7352	0.40488007232428
7.7432	0.405199002832952
7.7512	0.405366069587532
7.7592	0.405380179644134
7.7672	0.405243539626686
7.7752	0.404962102835258
7.7832	0.404545683283365
7.7912	0.404007747783772
7.7992	0.40336486448566
7.8072	0.402635961394685
7.8152	0.401841586144541
7.8232	0.401003197302138
7.8312	0.400142483739884
7.8392	0.399280777916376
7.8472	0.398438449264494
7.8552	0.397634298861546
7.8632	0.396885160073337
7.8712	0.396205580203845
7.8792	0.395607427992288
7.8872	0.395099615390529
7.8952	0.39468790079314
7.9032	0.3943747055625
7.9112	0.394159126282146
7.9192	0.394037333723667
7.9272	0.394003280608673
7.9352	0.394049638970134
7.9432	0.394168872032385
7.9512	0.39435399925758
7.9592	0.394599007324888
7.9672	0.394898929383131
7.9752	0.395249625926065
7.9832	0.395647377646975
7.9912	0.39608852072786
7.9992	0.396569128274423
8.0072	0.397084772616237
8.0152	0.397630402625549
8.0232	0.39820029637312
8.0312	0.398788110262327
8.0392	0.399387100482338
8.0472	0.399990352065533
8.0552	0.400590956288132
8.0632	0.401182130917218
8.0712	0.401757272286975
8.0792	0.402309918626051
8.0872	0.402833745181495
8.0952	0.403322609433688
8.1032	0.403770658284651
8.1112	0.404172553267881
8.1192	0.40452364299566
8.1272	0.404819935005335
8.1352	0.405057956331614
8.1432	0.405234583202253
8.1512	0.405346872360025
8.1592	0.405392016550842
8.1672	0.405367470406823
8.1752	0.58958914690934
8.1832	0.589350289873472
8.1912	0.589193406599007
8.1992	0.589119227186078
8.2072	0.589127587316153
8.2152	0.589217501797763
8.2232	0.589387161075771
8.2312	0.589633772769435
8.2392	0.589953210694941
8.2472	0.590339613268733
8.2552	0.590785103599935
8.2632	0.591279758781409
8.2712	0.591811900397355
8.2792	0.59236873494466
8.2872	0.592937098607238
8.2952	0.593504143978048
8.3032	0.594057831919227
8.3112	0.594587197464159
8.3192	0.59508229687197
8.3272	0.595534121417366
8.3352	0.595934467504926
8.3432	0.596275787490616
8.3512	0.596551075939012
8.3592	0.59675393508959
8.3672	0.596878701275702
8.3752	0.596920668451922
8.3832	0.596876394301418
8.3912	0.596744113398907
8.3992	0.596524180636721
8.4072	0.596219514541894
8.4152	0.595835804121279
8.4232	0.59538144038075
8.4312	0.594867191763618
8.4392	0.594305689984879
8.4472	0.59371082386497
8.4552	0.593097248286414
8.4632	0.592480046644602
8.4712	0.59187456269214
8.4792	0.591296279207209
8.4872	0.59076052302152
8.4952	0.590281931740184
8.5032	0.589873732160104
8.5112	0.58954682811205
8.5192	0.589308951525259
8.5272	0.589164171181447
8.5352	0.58911285922469
8.5432	0.589152077529379
8.5512	0.589276249754031
8.5592	0.589477887289031
8.5672	0.58974822204125
8.5752	0.590077615894805
8.5832	0.590455734996435
8.5912	0.59087168833475
8.5992	0.59131417246652
8.6072	0.591771629063452
8.6152	0.592232525857781
8.6232	0.592685708962446
8.6312	0.593120606805962
8.6392	0.593527415378459
8.6472	0.593897206525265
8.6552	0.594221973615528
8.6632	0.59449494213841
8.6712	0.59471121355886
8.6792	0.594868388287674
8.6872	0.594967193802201
8.6952	0.595011921092673
8.7032	0.59501031185065
8.7112	0.594972841230657
8.7192	0.59491165242689
8.7272	0.594839176957989
8.7352	0.594766890131003
8.7432	0.594704548460787
8.7512	0.594659875079093
8.7592	0.594638490979293
8.7672	0.594644292239963
8.7752	0.594679958643697
8.7832	0.594747307060568
8.7912	0.59484745280693
8.7992	0.594980853579325
8.8072	0.595147073354455
8.8152	0.595344444979055
8.8232	0.595569669578155
8.8312	0.595817393397377
8.8392	0.596079868518478
8.8472	0.596346877104091
8.8552	0.59660580474946
8.8632	0.596841804018104
8.8712	0.597038138503726
8.8792	0.597176843659873
8.8872	0.597239534980481
8.8952	0.597208498171224
8.9032	0.597068075898893
8.9112	0.596806268565548
8.9192	0.596416267862423
8.9272	0.595897776688396
8.9352	0.595258019377747
8.9432	0.594512378605742
8.9512	0.59368464146856
8.9592	0.592806922566932
8.9672	0.591919183916154
8.9752	0.591068258917068
8.9832	0.590306390199513
8.9912	0.589689236078998
8.9992	0.58927332315955
9.0072	0.589113091048312
9.0152	0.589257663701807
9.0232	0.58974751356045
9.0312	0.590611261804687
9.0392	0.591862788077821
9.0472	0.593498854543899
9.0552	0.595497506754335
9.0632	0.597817441851252
9.0712	0.600398650363188
9.0792	0.603164621995565
9.0872	0.606026104549834
9.0952	0.608886136807345
9.1032	0.611645868099378
9.1112	0.614210238237381
9.1192	0.616492783189481
9.1272	0.618419070867473
9.1352	0.619928681053378
9.1432	0.620976013196281
9.1512	0.621530344726471
9.1592	0.621575368779055
9.1672	0.621108317350723
9.1752	0.620138734970927
9.1832	0.618686888687178
9.1912	0.616781916859604
9.1992	0.614459961680443
9.2072	0.6117625130843
9.2152	0.608735037077179
9.2232	0.605425976851533
9.2312	0.601885879128127
9.2392	0.598166616721447
9.2472	0.594320639931609
9.2552	0.590400116373666
9.2632	0.586455928957836
9.2712	0.582536751326754
9.2792	0.578687926629392
9.2872	0.574950053670128
9.2952	0.571357954148327
9.3032	0.567940272210687
9.3112	0.564719592775676
9.3192	0.561713416696521
9.3272	0.558935716764795
9.3352	0.556398275598006
9.3432	0.554111755911939
9.3512	0.552086299205589
9.3592	0.550331282536634
9.3672	0.548854642987836
9.3752	0.547662416588177
9.3832	0.546758198206641
9.3912	0.546142536112855
9.3992	0.545812703530868
9.4072	0.54576270837605
9.4152	0.545983163193851
9.4232	0.546461476295082
9.4312	0.547182444481737
9.4392	0.548128936665527
9.4472	0.549282538525163
9.4552	0.550624097685395
9.4632	0.552133854172287
9.4712	0.553791242182139
9.4792	0.555574709734304
9.4872	0.557461773009324
9.4952	0.559429137574908
9.5032	0.561453369755437
9.5112	0.563512077405599
9.5192	0.565585160553371
9.5272	0.567655807802597
9.5352	0.569711285270572
9.5432	0.571743013720719
9.5512	0.573745965588067
9.5592	0.575717634145987
9.5672	0.577656843618209
9.5752	0.57956243478546
9.5832	0.581432779311102
9.5912	0.583265935934173
9.5992	0.585060342850299
9.6072	0.58681575528266
9.6152	0.588534306693488
9.6232	0.590220804927604
9.6312	0.591882420826181
9.6392	0.593527782445738
9.6472	0.595165638654737
9.6552	0.596803391198297
9.6632	0.598445986734051
9.6712	0.600095315952007
9.6792	0.601750214083399
9.6872	0.603406906368742
9.6952	0.605059678669314
9.7032	0.60670137288907
9.7112	0.608323731498014
9.7192	0.609917488873531
9.7272	0.611472286348052
9.7352	0.612976472405565
9.7432	0.614416874140266
9.7512	0.615778573704464
9.7592	0.61704483036248
9.7672	0.618197222533545
9.7752	0.619216031434394
9.7832	0.620080846084158
9.7912	0.620771334560324
9.7992	0.621268050553545
9.8072	0.621553231615414
9.8152	0.621611581729788
9.8232	0.621431062242072
9.8312	0.621003801665102
9.8392	0.62032717340265
9.8472	0.619404882657057
9.8552	0.618247880709073
9.8632	0.616874855799853
9.8712	0.615311948875972
9.8792	0.613591706848971
9.8872	0.611751413623394
9.8952	0.609830999290964
9.9032	0.6078709093342
9.9112	0.605910367972959
9.9192	0.603985985169443
9.9272	0.602130750156948
9.9352	0.600373397001157
9.9432	0.598737938134238
9.9512	0.597243117890913
9.9592	0.595902080253394
9.9672	0.594722185778749
9.9752	0.593704988926979
9.9832	0.592846526382714
9.9912	0.592138056774387
9.9992	0.591567105306404
10.0072	0.591118784535816
10.0152	0.590777257718276
10.0232	0.590527164162676
10.0312	0.590354834236769
10.0392	0.590249208794283
10.0472	0.590202381128539
10.0552	0.590209773366825
10.0632	0.590269981182276
10.0712	0.590384310171826
10.0792	0.590556033455145
10.0872	0.590789464329264
10.0952	0.591088925842986
10.1032	0.591457713726366
10.1112	0.591897199191735
10.1192	0.5924062051067
10.1272	0.5929807915249
10.1352	0.593614467580754
10.1432	0.594298658336669
10.1512	0.595023179930219
10.1592	0.595776540123114
10.1672	0.596545987174583
10.1752	0.597317387299227
10.1832	0.598075108827426
10.1912	0.598802098707488
10.1992	0.59948036272429
10.2072	0.600091803571727
10.2152	0.600619092004358
10.2232	0.601046361978483
10.2312	0.601359724621529
10.2392	0.601547536795871
10.2472	0.601600485955895
10.2552	0.601511760828561
10.2632	0.601277461368225
10.2712	0.600897161128037
10.2792	0.600374684598207
10.2872	0.599718928749321
10.2952	0.59894431979466
10.3032	0.598070744257488
10.3112	0.597123021734849
10.3192	0.596129663003459
10.3272	0.595121052790998
10.3352	0.594127467659332
10.3432	0.593177251918838
10.3512	0.592295308862266
10.3592	0.591502222027559
10.3672	0.590813823756696
10.3752	0.590240932446886
10.3832	0.589789149770943
10.3912	0.589458707950368
10.3992	0.589244277063555
10.4072	0.589135007260395
10.4152	0.589115070398826
10.4232	0.58916477750246
10.4312	0.589262210238033
10.4392	0.589385139146192
10.4472	0.589512884163865
10.4552	0.589627826242212
10.4632	0.589716391230766
10.4712	0.589769482877005
10.4792	0.589782515713933
10.4872	0.589755194461677
10.4952	0.589691120931536
10.5032	0.589597361099085
10.5112	0.589484046704197
10.5192	0.589363930589822
10.5272	0.58925181979457
10.5352	0.589163858388838
10.5432	0.589116624017552
10.5512	0.589126066190691
10.5592	0.589206405909326
10.5672	0.589369158559677
10.5752	0.589622457740128
10.5832	0.589970725293837
10.5912	0.590414606145602
10.5992	0.590951094379387
10.6072	0.591573722325892
10.6152	0.592272708882202
10.6232	0.593035224325215
10.6312	0.59384590601354
10.6392	0.594687636441849
10.6472	0.595542648528136
10.6552	0.596393900521738
10.6632	0.597226381497574
10.6712	0.598028149306827
10.6792	0.598790999500937
10.6872	0.599510537250203
10.6952	0.600185676898943
10.7032	0.600817896912941
10.7112	0.601410415516375
10.7192	0.601967415124824
10.7272	0.60249349896368
10.7352	0.602993403651107
10.7432	0.60347186881201
10.7512	0.6039335628317
10.7592	0.604383012461836
10.7672	0.60482448701041
10.7752	0.605261836061984
10.7832	0.605698368823957
10.7912	0.606136840021619
10.7992	0.606579501446128
10.8072	0.607028200331394
10.8152	0.607484515682642
10.8232	0.607949815616702
10.8312	0.608425211725435
10.8392	0.608911441090493
10.8472	0.609408783829087
10.8552	0.609917012202907
10.8632	0.610435486713109
10.8712	0.610963310262477
10.8792	0.611499490753564
10.8872	0.612043085294401
10.8952	0.612593276776697
10.9032	0.613149278907123
10.9112	0.613710211025069
10.9192	0.614275017152874
10.9272	0.614842369742675
10.9352	0.615410585740428
10.9432	0.615977630967696
10.9512	0.61654108955277
10.9592	0.617098082215183
10.9672	0.617645219883568
10.9752	0.618178537264219
10.9832	0.61869342208416
10.9912	0.619184639227255
10.9992	0.61964643523649
11.0072	0.620072674499081
11.0152	0.620457088345201
11.0232	0.620793636544026
11.0312	0.621076934951224
11.0392	0.621302691163596
11.0472	0.621468139640557
11.0552	0.621572412091302
11.0632	0.621616827520402
11.0712	0.62160508914409
11.0792	0.621543366600579
11.0872	0.621440221894181
11.0952	0.621306330059409
11.1032	0.62115395975254
11.1112	0.620996223205221
11.1192	0.620846195548227
11.1272	0.620716003472299
11.1352	0.620616005805232
11.1432	0.620554154660384
11.1512	0.620535642474077
11.1592	0.620562751000313
11.1672	0.620634809791472
11.1752	0.620748115663614
11.1832	0.620895708824766
11.1912	0.621066914341986
11.1992	0.621246756196494
11.2072	0.621415438534093
11.2152	0.621548228406068
11.2232	0.621615959314823
11.2312	0.621586242867177
11.2392	0.62142522177597
11.2472	0.621099568178136
11.2552	0.620578407057451
11.2632	0.61983495002469
11.2712	0.618847864645178
11.2792	0.617602536312744
11.2872	0.616092418044463
11.2952	0.614320516595836
11.3032	0.612300924840583
11.3112	0.610060124772501
11.3192	0.60763775071613
11.3272	0.605086553431368
11.3352	0.602471470275769
11.3432	0.599867763065131
11.3512	0.597358440878797
11.3592	0.595031210389092
11.3672	0.592975239552053
11.3752	0.591278060785415
11.3832	0.590022715327356
11.3912	0.589285260923621
11.3992	0.589132643348872
11.4072	0.589620868054473
11.4152	0.590793464435212
11.4232	0.592680279125736
11.4312	0.595296543198133
11.4392	0.598642174409277
11.4472	0.602701300400924
11.4552	0.607441862090447
11.4632	0.61281550984554
11.4712	0.618758037969201
11.4792	0.625190621564676
11.4872	0.632022081697308
11.4952	0.639152257660686
11.5032	0.646475567918282
11.5112	0.653884231572215
11.5192	0.661271243423286
11.5272	0.668533035268235
11.5352	0.675571819809711
11.5432	0.682298160978479
11.5512	0.688633770772034
11.5592	0.694513775834005
11.5672	0.699888274806583
11.5752	0.704723035444089
11.5832	0.708998660804617
11.5912	0.712708753114784
11.5992	0.715858093266862
11.6072	0.718460765286764
11.6152	0.720539085286145
11.6232	0.722123350485539
11.6312	0.723251801623305
11.6392	0.723970699818707
11.6472	0.724334656531607
11.6552	0.724405980323697
11.6632	0.724252611043323
11.6712	0.723945685659447
11.6792	0.723556197266301
11.6872	0.723150986187507
11.6952	0.722788926519063
11.7032	0.722518010965952
11.7112	0.72237362154942
11.7192	0.722378618270314
11.7272	0.722545367387504
11.7352	0.722878749059574
11.7432	0.72337943312291
11.7512	0.724046640908937
11.7592	0.724878545713342
11.7672	0.72586981645461
11.7752	0.727007115674667
11.7832	0.728264500360165
11.7912	0.72960008889784
11.7992	0.730954892812519
11.8072	0.732255137193688
11.8152	0.733418958281206
11.8232	0.734365343155585
11.8312	0.735022219760771
11.8392	0.735332241254834
11.8472	0.735255792156971
11.8552	0.734770402902515
11.8632	0.733867529740428
11.8712	0.732548485551453
11.8792	0.730820761493572
11.8872	0.728695009315463
11.8952	0.726183681335146
11.9032	0.723300429368626
11.9112	0.72005960144808
11.9192	0.716476102389374
11.9272	0.712565323435444
11.9352	0.708342321016939
11.9432	0.703821978990202
11.9512	0.699021533821149
11.9592	0.693964501344246
11.9672	0.688684378283414
11.9752	0.683227625151489
11.9832	0.677654362647864
11.9912	0.672035513123823
11.9992	0.666447232995753
12.0072	0.660963965969807
12.0152	0.655651465430276
12.0232	0.650561601814281
12.0312	0.645729757026942
12.0392	0.64117480730572
12.0472	0.636901389204877
12.0552	0.632903586111389
12.0632	0.629168538606593
12.0712	0.62567973883522
12.0792	0.622420103828067
12.0872	0.619374358171727
12.0952	0.616530284336156
12.1032	0.613879061543642
12.1112	0.611414674233538
12.1192	0.609132669983008
12.1272	0.60702856325001
12.1352	0.605096498024747
12.1432	0.603328455151257
12.1512	0.601714212380319
12.1592	0.600241998329556
12.1672	0.598899551205805
12.1752	0.597675137559294
12.1832	0.596558328721434
12.1912	0.595540322696298
12.1992	0.594613678899855
12.2072	0.593771724356772
12.2152	0.593008213074162
12.2232	0.592317284125198
12.2312	0.591693687476395
12.2392	0.591133363714931
12.2472	0.590634182029078
12.2552	0.590196488031499
12.2632	0.847544212253497
12.2712	0.848022012213382
12.2792	0.848601541552707
12.2872	0.849291494373238
12.2952	0.850098922558352
12.3032	0.851028532307187
12.3112	0.852082250050739
12.3192	0.853258977641109
12.3272	0.854554453833902
12.3352	0.855961218001732
12.3432	0.857468574109587
12.3512	0.85906246058824
12.3592	0.860725274536788
12.3672	0.862435663173001
12.3752	0.864168424072737
12.3832	0.86589450486631
12.3912	0.867581101005064
12.3992	0.869191867990482
12.4072	0.870687243825284
12.4152	0.872024850168717
12.4232	0.873159846929566
12.4312	0.874045260421973
12.4392	0.874632369175767
12.4472	0.874871197735006
12.4552	0.874711110915995
12.4632	0.874101600630135
12.4712	0.872993211220743
12.4792	0.871338605932265
12.4872	0.869093938127298
12.4952	0.866220495994549
12.5032	0.862686874313946
12.5112	0.858471877518238
12.5192	0.853567752034614
12.5272	0.847983212968271
12.5352	0.841746062191243
12.5432	0.834904590329331
12.5512	0.827527460332286
12.5592	0.819702671312306
12.5672	0.811535874560479
12.5752	0.803147903564171
12.5832	0.794671798970259
12.5912	0.786249201282808
12.5992	0.778025459831543
12.6072	0.77014387285369
12.6152	0.762739576186406
12.6232	0.755933806654182
12.6312	0.74982923809748
12.6392	0.74450690504195
12.6472	0.740025064203339
12.6552	0.736419608554188
12.6632	0.733704104710303
12.6712	0.731870603497278
12.6792	0.730891624792089
12.6872	0.730723147374364
12.6952	0.73130854019982
12.7032	0.732583635032975
12.7112	0.734481413894076
12.7192	0.736935521110403
12.7272	0.739882304517036
12.7352	0.743261147232473
12.7432	0.747013156008622
12.7512	0.751079683301411
12.7592	0.75540112730973
12.7672	0.75991605940115
12.7752	0.764560365135767
12.7832	0.769268456201524
12.7912	0.773975769603413
12.7992	0.778622016359252
12.8072	0.78315491014798
12.8152	0.787534315633067
12.8232	0.791734411838259
12.8312	0.79574411827378
12.8392	0.799566716992931
12.8472	0.803218276246041
12.8552	0.806724905254868
12.8632	0.810120618723466
12.8712	0.813444911671423
12.8792	0.816739293327764
12.8872	0.820043558275302
12.8952	0.82339228502602
12.9032	0.826810786761206
12.9112	0.830312492204898
12.9192	0.833898319856804
12.9272	0.83755736234188
12.9352	0.841268456427378
12.9432	0.845002204975587
12.9512	0.848722134862469
12.9592	0.852384934976302
12.9672	0.855941043730539
12.9752	0.859336064895943
12.9832	0.862513087823932
12.9912	0.86541594663039
12.9992	0.867992768647313
13.0072	0.870198970904629
13.0152	0.871999608883535
13.0232	0.873370894013127
13.0312	0.874300778135691
13.0392	0.874788906581062
13.0472	0.874846115836224
13.0552	0.874493425980596
13.0632	0.873760692317185
13.0712	0.87268509071904
13.0792	0.871309587758286
13.0872	0.869681652608571
13.0952	0.867852153509515
13.1032	0.865874202374692
13.1112	0.863801730659334
13.1192	0.861687648849081
13.1272	0.859581754748534
13.1352	0.857529012152761
13.1432	0.855568559992615
13.1512	0.853733567272492
13.1592	0.852051974379894
13.1672	0.850547807740453
13.1752	0.849242521359141
13.1832	0.848156033815478
13.1912	0.847307298405678
13.1992	0.846714293212771
13.2072	0.846393478979141
13.2152	0.84635893594422
13.2232	0.846621322399173
13.2312	0.847186793988402
13.2392	0.848055966447019
13.2472	0.849222993942205
13.2552	0.850674882244756
13.2632	0.852391032780028
13.2712	0.854343072664819
13.2792	0.856495174662429
13.2872	0.858805005859472
13.2952	0.861225288161689
13.3032	0.863705886675713
13.3112	0.866195999219722
13.3192	0.868646286140835
13.3272	0.871010724498619
13.3352	0.873247960480173
13.3432	0.875322066012082
13.3512	0.877202926179614
13.3592	0.878866285316412
13.3672	0.880293380765003
13.3752	0.881470430837347
13.3832	0.882388173641371
13.3912	0.883041468238899
13.3992	0.883429048332464
13.4072	0.883553295638501
13.4152	0.883419943613215
13.4232	0.883037603696168
13.4312	0.882416913101374
13.4392	0.881569781562489
13.4472	0.880509157017267
13.4552	0.879249339705139
13.4632	0.87780683949877
13.4712	0.876201729934895
13.4792	0.874458595842269
13.4872	0.872606640377899
13.4952	0.870678891891066
13.5032	0.86871055687387
13.5112	0.866736778277798
13.5192	0.864790514459938
13.5272	0.862900867612193
13.5352	0.861091945380648
13.5432	0.859382349027071
13.5512	0.857785206578465
13.5592	0.856308273405455
13.5672	0.854954112968701
13.5752	0.853720717727056
13.5832	0.852602642501497
13.5912	0.851592408639061
13.5992	0.850681949271806
13.6072	0.849864132337776
13.6152	0.849133879015738
13.6232	0.848488622239265
13.6312	0.847928050322069
13.6392	0.847453291436032
13.6472	0.847065612240206
13.6552	0.846765047961896
13.6632	0.846549255193147
13.6712	0.846412841979341
13.6792	0.846347336571516
13.6872	0.846341744391744
13.6952	0.8463834751527
13.7032	0.846459478398923
13.7112	0.846557336562942
13.7192	0.846666083153624
13.7272	0.846776698650135
13.7352	0.846882272287616
13.7432	0.846977901834652
13.7512	0.847060445026123
13.7592	0.847128218327974
13.7672	0.847180727331775
13.7752	0.847218483588145
13.7832	0.847242885510005
13.7912	0.84725608604627
13.7992	0.847260868014372
13.8072	0.847260455435902
13.8152	0.847258250974388
13.8232	0.847257564553358
13.8312	0.847261439801403
13.8392	0.84727254739115
13.8472	0.847293140879448
13.8552	0.847325076696126
13.8632	0.847369889070589
13.8712	0.847428875547743
13.8792	0.847503196309162
13.8872	0.847593952187342
13.8952	0.847702239870196
13.9032	0.847829179692974
13.9112	0.847975930751525
13.9192	0.848143656585787
13.9272	0.848333489934895
13.9352	0.848546503577603
13.9432	0.848783683717218
13.9512	0.849045909703609
13.9592	0.849333948233926
13.9672	0.849648458157695
13.9752	0.849989985513929
13.9832	0.850358918580464
13.9912	0.850755392803412
13.9992	0.851179227450612
14.0072	0.851629868305016
14.0152	0.85210630747656
14.0232	0.852606984815721
14.0312	0.853129679056536
14.0392	0.853671410332951
14.0472	0.854228522777385
14.0552	0.854796882831346
14.0632	0.855372149495323
14.0712	0.855950096036829
14.0792	0.856526921434148
14.0872	0.857099375912256
14.0952	0.857664857901678
14.1032	0.858221585858874
14.1112	0.858768636768627
14.1192	0.85930589812669
14.1272	0.859834130461231
14.1352	0.860354852744968
14.1432	0.860869983733879
14.1512	0.861381506541827
14.1592	0.86189120122264
14.1672	0.862400454141022
14.1752	0.862910301873165
14.1832	0.863421649447952
14.1912	0.863935395344859
14.1992	0.864452497270379
14.2072	0.864973930748794
14.2152	0.865500487508719
14.2232	0.866032501683838
14.2312	0.866569748058223
14.2392	0.867111441798836
14.2472	0.867656293827272
14.2552	0.868202597102557
14.2632	0.86874831052791
14.2712	0.869291122052225
14.2792	0.869828485413531
14.2872	0.87035754922974
14.2952	0.87087502398825
14.3032	0.8713770455836
14.3112	0.871859101671236
14.3192	0.872316066620088
14.3272	0.872742449137698
14.3352	0.873132888682797
14.3432	0.873482785849677
14.3512	0.873788917537259
14.3592	0.874049887451945
14.3672	0.874266272044351
14.3752	0.874440459509497
14.3832	0.874576282194054
14.3912	0.874678539733051
14.3992	0.874752512170983
14.4072	0.874803552276509
14.4152	0.874836773480214
14.4232	0.87485681078251
14.4312	0.874867654439859
14.4392	0.874872556415535
14.4472	0.874874006075055
14.4552	0.874873765202702
14.4632	0.874872949484864
14.4712	0.874872148991185
14.4792	0.874871574706892
14.4872	0.874871205492733
14.4952	0.874870908322509
14.5032	0.87487051434066
14.5112	0.874869845221042
14.5192	0.874868706175697
14.5272	0.874866872183804
14.5352	0.874864086440548
14.5432	0.874860077017349
14.5512	0.874854587472068
14.5592	0.874847408622137
14.5672	0.874838406447423
14.5752	0.874827558766203
14.5832	0.874815005494407
14.5912	0.87480110033228
14.5992	0.874786456990257
14.6072	0.874771977393409
14.6152	0.874758840242946
14.6232	0.874748437105939
14.6312	0.874742252589325
14.6392	0.87474169037418
14.6472	0.874747853191826
14.6552	0.87476128023115
14.6632	0.874781621533144
14.6712	0.874807281427106
14.6792	0.874835039814648
14.6872	0.874859653186781
14.6952	0.874873448690506
14.7032	0.874865943557066
14.7112	0.87482355087842
14.7192	0.874729470438817
14.7272	0.874563913381575
14.7352	0.874304820013105
14.7432	0.873929143015827
14.7512	0.873414614885352
14.7592	0.872741744608869
14.7672	0.871895695178084
14.7752	0.870867663365717
14.7832	0.869655561470002
14.7912	0.868264074297523
14.7992	0.866704414048904
14.8072	0.864994060941473
14.8152	0.863156736922281
14.8232	0.861222522238583
14.8312	0.859227893209355
14.8392	0.85721525202888
14.8472	0.85523182319252
14.8552	0.853327959972168
14.8632	0.851555289386535
14.8712	0.849965114776903
14.8792	0.848607273206688
14.8872	0.847529214501085
14.8952	0.846775167772304
14.9032	0.846385127637595
14.9112	0.846393565573256
14.9192	0.846827964832239
14.9272	0.847707383108314
14.9352	0.84904117981743
14.9432	0.850827921444365
14.9512	0.853054485019233
14.9592	0.855695442747983
14.9672	0.858713026689148
14.9752	0.862057918712976
14.9832	0.865671039548075
14.9912	0.869486097605357
14.9992	0.87343270583576
15.0072	0.877439769895965
15.0152	0.881438778151949
15.0232	0.885366639989839
15.0312	0.889168099300041
15.0392	0.892797283331159
15.0472	0.896217957222829
15.0552	0.899402878964499
15.0632	0.902332441944177
15.0712	0.904992889206533
15.0792	0.907374805248244
15.0872	0.909472268915204
15.0952	0.911282329589072
15.1032	0.912804874427209
15.1112	0.9140426048731
15.1192	0.915000709349946
15.1272	0.915686153926694
15.1352	0.916107006063483
15.1432	0.916271774878331
15.1512	0.916189014249102
15.1592	0.915867189124922
15.1672	0.915314742413642
15.1752	0.91454015907393
15.1832	0.913552109620811
15.1912	0.912359371423712
15.1992	0.910970766745667
15.2072	0.909395392066478
15.2152	0.907642985887748
15.2232	0.90572409771611
15.2312	0.903650016514978
15.2392	0.901432877107984
15.2472	0.899085498933766
15.2552	0.896621322215478
15.2632	0.89405479054403
15.2712	0.891402275848286
15.2792	0.888682926237295
15.2872	0.885919395936015
15.2952	0.883137699122682
15.3032	0.880365832101923
15.3112	0.877631691148035
15.3192	0.874960995911965
15.3272	0.872375303527112
15.3352	0.869890999564777
15.3432	0.867519572727758
15.3512	0.865268641734239
15.3592	0.863142956566783
15.3672	0.861145406458391
15.3752	0.859277656688133
15.3832	0.857540413472975
15.3912	0.855933540229862
15.3992	0.854456150902618
15.4072	0.853106739403034
15.4152	0.851883386474791
15.4232	0.85078401259943
15.4312	0.849806542593643
15.4392	0.848949143410278
15.4472	0.848210558202479
15.4552	0.847590487329247
15.4632	0.847089973861928
15.4712	0.846711822241368
15.4792	0.846460979180796
15.4872	0.84634478729644
15.4952	0.846373028142303
15.5032	0.846557693289994
15.5112	0.846912433931012
15.5192	0.847451647306462
15.5272	0.848355748394938
15.5352	0.849588395458734
15.5432	0.851146192188572
15.5512	0.852994632196209
15.5592	0.855074843631944
15.5672	0.857313136797655
15.5752	0.85963031654808
15.5832	0.861949100987992
15.5912	0.864199167216194
15.5992	0.866320044758624
15.6072	0.868262358663054
15.6152	0.86998795853573
15.6232	0.871469367469506
15.6312	0.872688861038345
15.6392	0.873637374776827
15.6472	0.874313364164083
15.6552	0.874721689695055
15.6632	0.874872577392222
15.6712	0.874780682007344
15.6792	0.874464264126106
15.6872	0.873944472361781
15.6952	0.873244703484891
15.7032	0.872390015652955
15.7112	0.871406579558655
15.7192	0.870321165663303
15.7272	0.869160675894886
15.7352	0.867951726884166
15.7432	0.866720281816756
15.7512	0.86549132808681
15.7592	0.864288587954632
15.7672	0.863134249310982
15.7752	0.862048718651169
15.7832	0.861050409662482
15.7912	0.860155569847566
15.7992	0.859378146090957
15.8072	0.858729687896268
15.8152	0.858219294272064
15.8232	0.85785360325986
15.8312	0.857636821395959
15.8392	0.857570785879276
15.8472	0.857655052333415
15.8552	0.857886989386886
15.8632	0.85826186117792
15.8712	0.858772905954649
15.8792	0.859411415101454
15.8872	0.860166817973649
15.8952	0.86102678772573
15.9032	0.861977376757667
15.9112	0.863003171033498
15.9192	0.864087462113995
15.9272	0.865212436234051
15.9352	0.866359373560333
15.9432	0.867508857506423
15.9512	0.86864100282278
15.9592	0.869735700352283
15.9672	0.870772875484516
15.9752	0.871732757157144
15.9832	0.872596152871741
15.9912	0.873344724386891
15.9992	0.873961263319909
16.0072	0.874429965212281
16.0152	0.874736701486267
16.0232	0.874869286365985
16.0312	0.874817733458612
16.0392	0.87457449823142
16.0472	0.874134703693209
16.0552	0.873496346573297
16.0632	0.872660484849373
16.0712	0.871631408251617
16.0792	0.8704167909849
16.0872	0.869027827640603
16.0952	0.867479352850769
16.1032	0.865789942263471
16.1112	0.863981994878134
16.1192	0.862081795809536
16.1272	0.860119551510076
16.1352	0.8581293893584
16.1432	0.856149312322636
16.1512	0.854221091326465
16.1592	0.852390079371826
16.1672	0.850704937995176
16.1752	0.849217265503665
16.1832	0.847981114993686
16.1912	0.847052393135546
16.1992	0.846488128339019
16.2072	0.846345593653008
16.2152	0.846681269713365
16.2232	0.847549632596264
16.2312	0.849001750729682
16.2392	0.85108367433828
16.2472	0.853834600253603
16.2552	0.857284794317759
16.2632	0.861453253049826
16.2712	0.866345085734912
16.2792	0.871948597639538
16.2872	0.878232054656264
16.2952	0.885140109336113
16.3032	0.892589867978307
16.3112	0.900466578209885
16.3192	0.908618916297157
16.3272	0.916853853277749
16.3352	0.924931078873916
