0.0072	0.0621969098975155
0.0152	0.061663081025823
0.0232	0.0611986325654297
0.0312	0.0608042366237478
0.0392	0.0604805909108688
0.0472	0.0602284347822999
0.0552	0.060048544845925
0.0632	0.05994171708492
0.0712	0.0599087418394796
0.0792	0.0599503770558948
0.0872	0.0600673221777341
0.0952	0.0602601958767119
0.1032	0.0605295195637356
0.1112	0.0608757077633538
0.1192	0.0612990664790695
0.1272	0.0617997967096106
0.1352	0.0623779995912361
0.1432	0.0630336805314181
0.1512	0.0637667481310438
0.1592	0.0645770059219107
0.1672	0.0654641400791414
0.1752	0.0664277037617427
0.1832	0.0674670997139583
0.1912	0.0685815655316724
0.1992	0.0697701627810278
0.2072	0.071031766540821
0.2152	0.0723650559530794
0.2232	0.0737685080214139
0.2312	0.075240395101023
0.2392	0.0767787861836961
0.2472	0.0783815542514122
0.2552	0.0800463903174137
0.2632	0.0817708209757853
0.2712	0.0835522250280964
0.2792	0.0853878475316618
0.2872	0.0872748071920286
0.2952	0.0892100958775743
0.3032	0.0911905734220207
0.3112	0.0932129607222403
0.3192	0.095273832418103
0.3272	0.0973696138392023
0.3352	0.0994965833748866
0.3432	0.101650878052071
0.3512	0.103828500620781
0.3592	0.106025327901319
0.3672	0.108237119733313
0.3752	0.110459532033941
0.3832	0.112688137629957
0.3912	0.114918454823791
0.3992	0.117145983043148
0.4072	0.119366241211605
0.4152	0.121574803008977
0.4232	0.123767322151413
0.4312	0.125939544414325
0.4392	0.128087310040647
0.4472	0.130206552126684
0.4552	0.132293295542829
0.4632	0.134343660024878
0.4712	0.136353871920832
0.4792	0.138320285243345
0.4872	0.140239407015192
0.4952	0.142107921989793
0.5032	0.143922712929688
0.5112	0.145680873119531
0.5192	0.147379713741705
0.5272	0.149016765114839
0.5352	0.150589771416063
0.5432	0.152096680864707
0.5512	0.153535636721116
0.5592	0.154904965489584
0.5672	0.156203162455953
0.5752	0.157428876188001
0.5832	0.158580891877279
0.5912	0.159658110476146
0.5992	0.160659528425391
0.6072	0.161584218607192
0.6152	0.162431310811559
0.6232	0.163199969762422
0.6312	0.163889370433577
0.6392	0.164498662681071
0.6472	0.165026922960724
0.6552	0.165473091745073
0.6632	0.165835894916334
0.6712	0.166113746329016
0.6792	0.166304631468863
0.6872	0.166405969688793
0.6952	0.166414452547449
0.7032	0.166325855228111
0.7112	0.166134813770787
0.7192	0.165834560221576
0.7272	0.165416610783518
0.7352	0.164870402966967
0.7432	0.164182888171915
0.7512	0.163338108578371
0.7592	0.162316818197475
0.7672	0.161096259266537
0.7752	0.159650288961221
0.7832	0.157950152336705
0.7912	0.155966317109837
0.7992	0.15367185672657
0.8072	0.151047760653255
0.8152	0.148090049545568
0.8232	0.144817461608668
0.8312	0.141655950092418
0.8392	0.138400301235489
0.8472	0.135075124829151
0.8552	0.131701774056477
0.8632	0.128298790616645
0.8712	0.124882793233183
0.8792	0.121469401581317
0.8872	0.118073977343368
0.8952	0.114712489572129
0.9032	0.111402198990775
0.9112	0.10816202663575
0.9192	0.105012642314417
0.9272	0.101976105346852
0.9352	0.0990748568831609
0.9432	0.0963302918131261
0.9512	0.0937609645833456
0.9592	0.0913808145815177
0.9672	0.0891980659927338
0.9752	0.0872150146428801
0.9832	0.0854286146534478
0.9912	0.0838317186306818
0.9992	0.082414564553413
1.0072	0.0811661418580151
1.0152	0.0800752653892554
1.0232	0.0791312574616482
1.0312	0.0783242917618509
1.0392	0.0776454214992523
1.0472	0.077086322032016
1.0552	0.0766388400248579
1.0632	0.0762944607731365
1.0712	0.0760437373253663
1.0792	0.0758758457259333
1.0872	0.0757784509226394
1.0952	0.075737928408233
1.1032	0.0757399503918523
1.1112	0.0757702980527673
1.1192	0.0758156844992948
1.1272	0.0758644435378535
1.1352	0.0759070173192892
1.1432	0.0759362633208827
1.1512	0.075947638926521
1.1592	0.0759393080525914
1.1672	0.0759122161245906
1.1752	0.0758701795083286
1.1832	0.0758200248167364
1.1912	0.0757718383319486
1.1992	0.0757393609422674
1.2072	0.0757404767478659
1.2152	0.0757976513120213
1.2232	0.0759381151320559
1.2312	0.0761935752918537
1.2392	0.0765993480250152
1.2472	0.0771930347098425
1.2552	0.0780129420217411
1.2632	0.0790963745471348
1.2712	0.0804779791278286
1.2792	0.0821881194655964
1.2872	0.0842511644653064
1.2952	0.0866837829210538
1.3032	0.089493477037265
1.3112	0.0926774751182531
1.3192	0.0962224022954857
1.3272	0.100104847822555
1.3352	0.104292318596892
1.3432	0.108744334844193
1.3512	0.113413653583534
1.3592	0.118247262359767
1.3672	0.123186931088823
1.3752	0.128169816425528
1.3832	0.133129240396922
1.3912	0.137995571363175
1.3992	0.142697297796007
1.4072	0.147162346655537
1.4152	0.151319358850912
1.4232	0.155098808325607
1.4312	0.158433968745431
1.4392	0.161261785877755
1.4472	0.163523666219243
1.4552	0.165166464677438
1.4632	0.166143710147054
1.4712	0.166417036976702
1.4792	0.16595776310435
1.4872	0.164748495324867
1.4952	0.162784562601867
1.5032	0.160075094094295
1.5112	0.156643514434347
1.5192	0.152527370682724
1.5272	0.147777755915003
1.5352	0.142458433504419
1.5432	0.136644730296829
1.5512	0.130422633572878
1.5592	0.123888131807553
1.5672	0.117146319396388
1.5752	0.110310000500648
1.5832	0.103497818434273
1.5912	0.0968314993426876
1.5992	0.0904323404107165
1.6072	0.084417259506147
1.6152	0.0788946612984211
1.6232	0.0739604294976278
1.6312	0.0696946933488126
1.6392	0.0661595928771528
1.6472	0.063398171358448
1.6552	0.0614344929542657
1.6632	0.060274777182432
1.6712	0.0599090012308893
1.6792	0.0603126451033147
1.6872	0.0614484046812208
1.6952	0.0632677373169945
1.7032	0.0657122141848562
1.7112	0.0687148147542455
1.7192	0.0722011621167138
1.7272	0.0760907018505251
1.7352	0.0802980983709782
1.7432	0.0847347751035247
1.7512	0.0893104908892426
1.7592	0.0939351303826534
1.7672	0.0985205678699121
1.7752	0.102982185386196
1.7832	0.107240024125586
1.7912	0.111219592853408
1.7992	0.114852437025431
1.8072	0.118076645610294
1.8152	0.120837581001632
1.8232	0.123088787215629
1.8312	0.124793131223629
1.8392	0.12592394596515
1.8472	0.126465996932676
1.8552	0.126416130122809
1.8632	0.125783444742332
1.8712	0.124588902222727
1.8792	0.122864422444986
1.8872	0.120651452969936
1.8952	0.117999158488912
1.9032	0.114962744987119
1.9112	0.111601792613064
1.9192	0.107978604788115
1.9272	0.104156750069139
1.9352	0.100199890931534
1.9432	0.0961705800254327
1.9512	0.0921291287859879
1.9592	0.0881327204622684
1.9672	0.0842348350277735
1.9752	0.0804849934056719
1.9832	0.0769290086252748
1.9912	0.0736095493207741
1.9992	0.0705667639115488
2.0072	0.0678387596586965
2.0152	0.0654617423560358
2.0232	0.0634696760172182
2.0312	0.0618936433018674
2.0392	0.06076105654834
2.0472	0.0600948531449011
2.0552	0.0599128274167826
2.0632	0.0602271521049611
2.0712	0.0610440179870507
2.0792	0.062363377642935
2.0872	0.0641787895740146
2.0952	0.0664773657900309
2.1032	0.0692398295129755
2.1112	0.0724406566431897
2.1192	0.0760482464000687
2.1272	0.0800250614460425
2.1352	0.0843278091929356
2.1432	0.0889077115879163
2.1512	0.093711104153825
2.1592	0.0986805056637198
2.1672	0.103756186521148
2.1752	0.108878026921234
2.1832	0.113987487428023
2.1912	0.119029295969997
2.1992	0.123952604059049
2.2072	0.128711533040487
2.2152	0.133265443531335
2.2232	0.137579056246526
2.2312	0.141622638947285
2.2392	0.14537229407697
2.2472	0.1488103035227
2.2552	0.151925218298648
2.2632	0.154711756429226
2.2712	0.157170388809218
2.2792	0.159306639917312
2.2872	0.161130205504737
2.2952	0.162654047282404
2.3032	0.163893445559078
2.3112	0.164865105519845
2.3192	0.165586405191163
2.3272	0.166074819298262
2.3352	0.166347546664172
2.3432	0.166421336839572
2.3512	0.166312388090742
2.3592	0.166036234519191
2.3672	0.165607526523613
2.3752	0.165039674472694
2.3832	0.164344455773987
2.3912	0.163531677630819
2.3992	0.162608999745446
2.4072	0.161582036926099
2.4152	0.160454716284075
2.4232	0.159229899951271
2.4312	0.157910231096691
2.4392	0.156498964644317
2.4472	0.155000589530779
2.4552	0.153421244649536
2.4632	0.151768816635598
2.4712	0.150052758457755
2.4792	0.148283805718748
2.4872	0.146473621133182
2.4952	0.144634370855808
2.5032	0.142778379620481
2.5112	0.140917738189025
2.5192	0.139063883559579
2.5272	0.137227105951832
2.5352	0.135416034339951
2.5432	0.133637214832245
2.5512	0.131895011237147
2.5592	0.130191851471214
2.5672	0.128529063765082
2.5752	0.126908096127057
2.5832	0.125331617333509
2.5912	0.123804296943231
2.5992	0.122333102858828
2.6072	0.12092672162715
2.6152	0.119594550328166
2.6232	0.118345584895349
2.6312	0.117187238211596
2.6392	0.116124481926398
2.6472	0.115159850451513
2.6552	0.114293668442499
2.6632	0.113524399637457
2.6712	0.112849151589512
2.6792	0.112264060521942
2.6872	0.111764413281711
2.6952	0.111344999176395
2.7032	0.111000652252803
2.7112	0.110726656926747
2.7192	0.110519046667961
2.7272	0.110374657962918
2.7352	0.110290701788477
2.7432	0.110264127565121
2.7512	0.110291067937474
2.7592	0.110366533611352
2.7672	0.110484386540232
2.7752	0.110637689647663
2.7832	0.11081932813452
2.7912	0.111022673091095
2.7992	0.11124196343177
2.8072	0.111472420714163
2.8152	0.111710179370469
2.8232	0.111952132246183
2.8312	0.112195877870233
2.8392	0.112439953700353
2.8472	0.112684150101732
2.8552	0.11292986130842
2.8632	0.113180276973334
2.8712	0.113440482403935
2.8792	0.113717499559522
2.8872	0.114020368544601
2.8952	0.114360063337746
2.9032	0.114749353003676
2.9112	0.1152023709846
2.9192	0.115733878539355
2.9272	0.116358332388282
2.9352	0.117089001231924
2.9432	0.117937071036633
2.9512	0.118911127581477
2.9592	0.120017102134588
2.9672	0.121258459383621
2.9752	0.122636432815927
2.9832	0.124150379711267
2.9912	0.125797975960255
2.9992	0.127575046289604
3.0072	0.129475314382281
3.0152	0.131490047474557
3.0232	0.133607592771725
3.0312	0.13581301531387
3.0392	0.138088020036401
3.0472	0.140411171794411
3.0552	0.142758529001635
3.0632	0.145104633673628
3.0712	0.14742357345176
3.0792	0.149689894258031
3.0872	0.151879342561407
3.0952	0.153969340525253
3.1032	0.155939282022028
3.1112	0.15777084980666
3.1192	0.159448276610434
3.1272	0.160958478130134
3.1352	0.162291192128666
3.1432	0.163439107936076
3.1512	0.164397933933634
3.1592	0.165166469566622
3.1672	0.165746663357816
3.1752	0.166143541346487
3.1832	0.166364893610279
3.1912	0.166420712598512
3.1992	0.166322480944112
3.2072	0.166082466275639
3.2152	0.165713168886094
3.2232	0.165227019579806
3.2312	0.164636304222925
3.2392	0.163953199389649
3.2472	0.163189792886915
3.2552	0.162358035333822
3.2632	0.16146967377347
3.2712	0.160536231309655
3.2792	0.159568970963823
3.2872	0.158578857087919
3.2952	0.157576512438214
3.3032	0.156572139256317
3.3112	0.155575340231473
3.3192	0.15459485044625
3.3272	0.153638321061388
3.3352	0.152712224690417
3.3432	0.151821811902962
3.3512	0.150971117956807
3.3592	0.150163035738237
3.3672	0.149399390584973
3.3752	0.148681001650056
3.3832	0.148007830070147
3.3912	0.147379154687961
3.3992	0.146793755407737
3.4072	0.146250074121853
3.4152	0.145746294778486
3.4232	0.145280397166848
3.4312	0.144850247607005
3.4392	0.144453749938638
3.4472	0.144089088076658
3.4552	0.143755008850071
3.4632	0.143451031096799
3.4712	0.143177573269586
3.4792	0.142935965632814
3.4872	0.142728244516967
3.4952	0.142556843233119
3.5032	0.142424212463917
3.5112	0.14233246170371
3.5192	0.1422832017413
3.5272	0.142277596117678
3.5352	0.14231646766492
3.5432	0.142400464531725
3.5512	0.142530180345384
3.5592	0.142706071626994
3.5672	0.142928137613779
3.5752	0.143195482715046
3.5832	0.143505885377886
3.5912	0.143855598169031
3.5992	0.144239484294268
3.6072	0.144651469291859
3.6152	0.145085151224533
3.6232	0.145534314335672
3.6312	0.145993271996204
3.6392	0.146456956224056
3.6472	0.146920799453296
3.6552	0.147380582224961
3.6632	0.147832395576299
3.6712	0.148272585065755
3.6792	0.148697687005175
3.6872	0.14910438320529
3.6952	0.149489479622479
3.7032	0.149849849799781
3.7112	0.150182463959947
3.7192	0.15048445002363
3.7272	0.150753255693876
3.7352	0.150986881800202
3.7432	0.151184125268899
3.7512	0.151344710504329
3.7592	0.151469352525482
3.7672	0.151559704067374
3.7752	0.151618187206925
3.7832	0.151647685826616
3.7912	0.15165112276711
3.7992	0.1516310905973
3.8072	0.151589649107085
3.8152	0.151528242293669
3.8232	0.151447822360671
3.8312	0.151349180029343
3.8392	0.151233294581923
3.8472	0.151101646981194
3.8552	0.150956422956741
3.8632	0.150800515938514
3.8712	0.15063735220213
3.8792	0.15047065299659
3.8872	0.150303995379685
3.8952	0.150140327459194
3.9032	0.149981627649464
3.9112	0.149828696304191
3.9192	0.149681030960659
3.9272	0.149536953341935
3.9352	0.14939383689296
3.9432	0.149248278719236
3.9512	0.149096157742371
3.9592	0.148932430980746
3.9672	0.148750963113682
3.9752	0.148544625587565
3.9832	0.14830553722185
3.9912	0.148025494058782
3.9992	0.147696789107072
4.0072	0.147312985979831
4.0152	0.146869360322443
4.0232	0.146363180526704
4.0312	0.14579373935223
4.0392	0.145162039112708
4.0472	0.144470537119696
4.0552	0.143722922594615
4.0632	0.142923749224828
4.0712	0.142078142356334
4.0792	0.141191716822088
4.0872	0.140270289460877
4.0952	0.322017017799379
4.1032	0.320180900115353
4.1112	0.318273991720134
4.1192	0.316302876205411
4.1272	0.314273940858666
4.1352	0.312193393527729
4.1432	0.310066962990445
4.1512	0.30789916599058
4.1592	0.305692697765857
4.1672	0.303448167055405
4.1752	0.301164226168385
4.1832	0.298838241070636
4.1912	0.29646769954729
4.1992	0.294051680570493
4.2072	0.291591995207561
4.2152	0.28909369588726
4.2232	0.286564417251621
4.2312	0.284012642865765
4.2392	0.281446118908269
4.2472	0.278870585970395
4.2552	0.276289412891977
4.2632	0.273704637856389
4.2712	0.271119447783754
4.2792	0.268540431322141
4.2872	0.265979606088599
4.2952	0.263455558854623
4.3032	0.260993315156187
4.3112	0.258622891220883
4.3192	0.256377032752175
4.3272	0.254288417076631
4.3352	0.252386834170459
4.3432	0.250696877129513
4.3512	0.249236835570695
4.3592	0.248018586491752
4.3672	0.247048474652868
4.3752	0.246328827071552
4.3832	0.245859768250022
4.3912	0.245640233484602
4.3992	0.245668215050511
4.4072	0.245940256374969
4.4152	0.246450019174983
4.4232	0.247186317257734
4.4312	0.248132253152691
4.4392	0.24926595415225
4.4472	0.250562325375935
4.4552	0.251995829151444
4.4632	0.253543720819264
4.4712	0.255187970214296
4.4792	0.256915783200297
4.4872	0.258718936895732
4.4952	0.26059209632627
4.5032	0.262530557406014
4.5112	0.264528841887313
4.5192	0.266580446649583
4.5272	0.268678405600667
4.5352	0.270816459736725
4.5432	0.272990485948921
4.5512	0.275199113508629
4.5592	0.277443746632114
4.5672	0.279728200549881
4.5752	0.282058079761294
4.5832	0.284440058623797
4.5912	0.286881258417881
4.5992	0.289388351331033
4.6072	0.291966405663758
4.6152	0.294617662621543
4.6232	0.297340343799367
4.6312	0.300127865526711
4.6392	0.302968494382303
4.6472	0.305846030182024
4.6552	0.30874133482736
4.6632	0.311634660331258
4.6712	0.314507972778351
4.6792	0.317346899979216
4.6872	0.320141604859805
4.6952	0.322886430656912
4.7032	0.325578511802147
4.7112	0.328216172221876
4.7192	0.330797216417273
4.7272	0.333317728425769
4.7352	0.335771473961793
4.7432	0.338149777364658
4.7512	0.340441774873148
4.7592	0.342635310457205
4.7672	0.344717973486538
4.7752	0.34667821388404
4.7832	0.348506579091292
4.7912	0.350196759802792
4.7992	0.351746028654667
4.8072	0.353155160486976
4.8152	0.3544279391362
4.8232	0.355570386725998
4.8312	0.356590010276499
4.8392	0.357495227706727
4.8472	0.358294959194606
4.8552	0.358998372832488
4.8632	0.359614740387405
4.8712	0.360153285961755
4.8792	0.360622981167693
4.8872	0.361032362457779
4.8952	0.361389395548189
4.9032	0.361701379429554
4.9112	0.361974868451314
4.9192	0.362215634101466
4.9272	0.362428641234447
4.9352	0.362618060541593
4.9432	0.362787313843562
4.9512	0.362939149046096
4.9592	0.363075726326075
4.9672	0.363198733400938
4.9752	0.36330949868844
4.9832	0.36340907381057
4.9912	0.363498277659615
4.9992	0.363577730485053
5.0072	0.363647870680883
5.0152	0.363708976683516
5.0232	0.363761197540526
5.0312	0.363804597997027
5.0392	0.363839201587636
5.0472	0.363865019420508
5.0552	0.363882061608507
5.0632	0.363890334082828
5.0712	0.363889824350301
5.0792	0.363880493784671
5.0872	0.363862276654472
5.0952	0.363835085590774
5.1032	0.363798825135271
5.1112	0.363753407550378
5.1192	0.36369875068652
5.1272	0.363634760610281
5.1352	0.363561291969147
5.1432	0.363478090425245
5.1512	0.363384737262504
5.1592	0.363280619052321
5.1672	0.363164928636269
5.1752	0.363036706488221
5.1832	0.362894915342771
5.1912	0.36273853198796
5.1992	0.362566632770027
5.2072	0.362378451270179
5.2152	0.362173391635724
5.2232	0.361951013084489
5.2312	0.361711003166302
5.2392	0.361453162960637
5.2472	0.361177420085804
5.2552	0.360883888482469
5.2632	0.360572987297414
5.2712	0.360245596286502
5.2792	0.359903209428339
5.2872	0.359548090104253
5.2952	0.359183424191468
5.3032	0.358813397640488
5.3112	0.358443146383124
5.3192	0.358078536623329
5.3272	0.357725822345793
5.3352	0.357391227993026
5.3432	0.357080539875543
5.3512	0.356798735971613
5.3592	0.35654976594041
5.3672	0.356336528704085
5.3752	0.356160983855781
5.3832	0.356024334029583
5.3912	0.355927279653358
5.3992	0.355870268807838
5.4072	0.355853682407441
5.4152	0.355877879230523
5.4232	0.355943046236077
5.4312	0.356048936720038
5.4392	0.356194605942863
5.4472	0.356378223717301
5.4552	0.356597068095724
5.4632	0.356847728164865
5.4712	0.357126392017586
5.4792	0.357429228625735
5.4872	0.357752715872088
5.4952	0.358093806224532
5.5032	0.358449931251932
5.5112	0.358818934920186
5.5192	0.359198848900493
5.5272	0.35958761146681
5.5352	0.35998283325799
5.5432	0.360381644472746
5.5512	0.360780640064601
5.5592	0.361176030504918
5.5672	0.361563959123838
5.5752	0.361940922517737
5.5832	0.362304241014642
5.5912	0.362652497822161
5.5992	0.362985925599311
5.6072	0.363306710195151
5.6152	0.363619150616573
5.6232	0.363929648968961
5.6312	0.364246554060545
5.6392	0.364579864154904
5.6472	0.364940843817705
5.6552	0.365341617861736
5.6632	0.365794750671755
5.6712	0.366312778523739
5.6792	0.36690772663233
5.6872	0.36759062505011
5.6952	0.368371038005577
5.7032	0.3692566852514
5.7112	0.370253255617713
5.7192	0.371364321167253
5.7272	0.372591270616448
5.7352	0.37393329606198
5.7432	0.37538741979671
5.7512	0.376948555326716
5.7592	0.378609627006347
5.7672	0.380361761569983
5.7752	0.382194552276734
5.7832	0.384096399595622
5.7912	0.386055034318206
5.7992	0.38805820591726
5.8072	0.390094456784963
5.8152	0.392153912613661
5.8232	0.394229018792109
5.8312	0.396314964331254
5.8392	0.398409689637752
5.8472	0.400513517056783
5.8552	0.402628410161691
5.8632	0.404756883828174
5.8712	0.406900804723126
5.8792	0.409060071219815
5.8872	0.411231424154085
5.8952	0.413407503054532
5.9032	0.415576416176698
5.9112	0.417721802412869
5.9192	0.419823599409429
5.9272	0.4218592976923
5.9352	0.423805365949397
5.9432	0.425638481699639
5.9512	0.427336225843564
5.9592	0.428877359526683
5.9672	0.43024194043512
5.9752	0.431411316494142
5.9832	0.432368381501488
5.9912	0.433098279928041
5.9992	0.433589295968552
6.0072	0.433833580695772
6.0152	0.433827645141895
6.0232	0.433572269794818
6.0312	0.433071890782476
6.0392	0.432333847224796
6.0472	0.431367512269394
6.0552	0.430183297530366
6.0632	0.428791858516685
6.0712	0.427203921623414
6.0792	0.425430510731698
6.0872	0.423483560351785
6.0952	0.421376905315143
6.1032	0.41912727125472
6.1112	0.416754722895245
6.1192	0.414282642511707
6.1272	0.411737159418533
6.1352	0.409145982506021
6.1432	0.406536955341362
6.1512	0.403936918312462
6.1592	0.401370752007196
6.1672	0.398860691114167
6.1752	0.396425973606586
6.1832	0.39408261027837
6.1912	0.391843333008761
6.1992	0.389717868622954
6.2072	0.38771334540907
6.2152	0.385834707643188
6.2232	0.384085129820264
6.2312	0.382466355818516
6.2392	0.380978789835761
6.2472	0.379621430222938
6.2552	0.378391842249057
6.2632	0.377286216660166
6.2712	0.376299453186015
6.2792	0.375425310470243
6.2872	0.374656612474824
6.2952	0.373985498457504
6.3032	0.373403683936071
6.3112	0.372902740705136
6.3192	0.37247434871406
6.3272	0.372110532014399
6.3352	0.371803852603896
6.3432	0.371547586151208
6.3512	0.371335771675191
6.3592	0.371163212291148
6.3672	0.371025436255485
6.3752	0.37091864789972
6.3832	0.370839643334501
6.3912	0.370785737741483
6.3992	0.37075470500658
6.4072	0.370744784701922
6.4152	0.370754699771954
6.4232	0.370783728118664
6.4312	0.370831756044351
6.4392	0.370899308793293
6.4472	0.370987559852062
6.4552	0.371098301400317
6.4632	0.371233870542574
6.4712	0.371397058671567
6.4792	0.37159100503147
6.4872	0.371819007200119
6.4952	0.372084247127632
6.5032	0.372389502250542
6.5112	0.372736934719797
6.5192	0.373127987367935
6.5272	0.373563435847283
6.5352	0.374043609055275
6.5432	0.374568704181517
6.5512	0.375139040455135
6.5592	0.375755096350677
6.5672	0.376417231468946
6.5752	0.377125191470775
6.5832	0.377877531449943
6.5912	0.378671113116076
6.5992	0.379500762084365
6.6072	0.38035920790896
6.6152	0.381237273393241
6.6232	0.382124115530125
6.6312	0.383007441499516
6.6392	0.383873860272392
6.6472	0.384709369269778
6.6552	0.385499924131236
6.6632	0.386232055556083
6.6712	0.386893495784964
6.6792	0.387473606723856
6.6872	0.387963546648336
6.6952	0.388356317113151
6.7032	0.388646714548135
6.7112	0.388831223102303
6.7192	0.388908010184756
6.7272	0.38887698925161
6.7352	0.388739786504965
6.7432	0.388499610998257
6.7512	0.388161015327345
6.7592	0.387729453719308
6.7672	0.38721078282125
6.7752	0.386610894096798
6.7832	0.385935420857379
6.7912	0.385189654090197
6.7992	0.384378693251576
6.8072	0.383507753877759
6.8152	0.382582478358402
6.8232	0.381609284834793
6.8312	0.380595602063208
6.8392	0.379549930249034
6.8472	0.37848172124737
6.8552	0.377401086646731
6.8632	0.376318389651225
6.8712	0.37524385794935
6.8792	0.374187216527202
6.8872	0.373157448096977
6.8952	0.372162695797896
6.9032	0.371210252645699
6.9112	0.370306530678068
6.9192	0.36945700761776
6.9272	0.368666079357155
6.9352	0.367936826965251
6.9432	0.367270734997008
6.9512	0.366667404810171
6.9592	0.366124319122286
6.9672	0.365636724453752
6.9752	0.365197627504609
6.9832	0.364797902079292
6.9912	0.364426518519258
6.9992	0.364070870017777
7.0072	0.363717168371047
7.0152	0.363350917375161
7.0232	0.362957468324301
7.0312	0.362522634029095
7.0392	0.362033332769765
7.0472	0.361478211746402
7.0552	0.360848176015313
7.0632	0.360136745756945
7.0712	0.359340202628029
7.0792	0.358457537368034
7.0872	0.357490244651654
7.0952	0.356442029619807
7.1032	0.355318478697307
7.1112	0.35412677756979
7.1192	0.352875504759727
7.1272	0.351574506754771
7.1352	0.35023485246453
7.1432	0.348868860927364
7.1512	0.347490070736104
7.1592	0.346113142560435
7.1672	0.344753593138019
7.1752	0.343427429482794
7.1832	0.342150706679217
7.1912	0.340939088083735
7.1992	0.33980743476694
7.2072	0.338769539376716
7.2152	0.337837936107246
7.2232	0.337023801688559
7.2312	0.336336800849949
7.2392	0.335784889329291
7.2472	0.335374135911745
7.2552	0.335108727449735
7.2632	0.334991083609176
7.2712	0.335022096595089
7.2792	0.335201493121972
7.2872	0.335528164333253
7.2952	0.336000244074795
7.3032	0.3366149947709
7.3112	0.337368530364191
7.3192	0.338255406869992
7.3272	0.339268322349338
7.3352	0.340397954510238
7.3432	0.34163308654649
7.3512	0.342960953406236
7.3592	0.344367550507673
7.3672	0.345837718423125
7.3752	0.347355047635034
7.3832	0.348901589574134
7.3912	0.350457553474928
7.3992	0.352001220590578
7.4072	0.353509426199144
7.4152	0.354958583219478
7.4232	0.356326263211931
7.4312	0.35759302844666
7.4392	0.35874415428373
7.4472	0.359770934954276
7.4552	0.360671451819197
7.4632	0.361450684815408
7.4712	0.362120081704718
7.4792	0.362696752564776
7.4872	0.363202439699272
7.4952	0.363662393478531
7.5032	0.364104269953662
7.5112	0.364557092934299
7.5192	0.365050293447646
7.5272	0.365612828260772
7.5352	0.366272382475014
7.5432	0.367054649952716
7.5512	0.367982711835802
7.5592	0.369076545009372
7.5672	0.370352649204932
7.5752	0.371823787538772
7.5832	0.373498835781963
7.5912	0.375382737689159
7.5992	0.377476558465697
7.6072	0.379777628434511
7.6152	0.382279770624165
7.6232	0.384973603325126
7.6312	0.387846894550769
7.6392	0.390884954365745
7.6472	0.394071051294945
7.6552	0.397386838182539
7.6632	0.400812773443542
7.6712	0.404328524467441
7.6792	0.407913340931046
7.6872	0.411546359551197
7.6952	0.415206783687355
7.7032	0.418874145202981
7.7112	0.422528677836668
7.7192	0.426151746931302
7.7272	0.429726298525485
7.7352	0.433237262829894
7.7432	0.436671466204525
7.7512	0.440017234342733
7.7592	0.443263824044009
7.7672	0.446400745808642
7.7752	0.44941717769367
7.7832	0.452301969155983
7.7912	0.455043864154625
7.7992	0.457631756316053
7.8072	0.460054887053211
7.8152	0.462302665315974
7.8232	0.464364078206029
7.8312	0.4662272938982
7.8392	0.467879545446193
7.8472	0.469307212662876
7.8552	0.470496065096639
7.8632	0.471432357595678
7.8712	0.47210424766358
7.8792	0.472503099934126
7.8872	0.472624918328866
7.8952	0.472472019378939
7.9032	0.472054005382036
7.9112	0.471387818567315
7.9192	0.470497112540893
7.9272	0.469410698574223
7.9352	0.468160339058195
7.9432	0.466778766000876
7.9512	0.465298165692574
7.9592	0.463749192913971
7.9672	0.462160890433459
7.9752	0.460561177258893
7.9832	0.458977173977832
7.9912	0.457435376178613
7.9992	0.45596170866793
8.0072	0.454581167476216
8.0152	0.453317132535155
8.0232	0.45219004550313
8.0312	0.451216026225018
8.0392	0.450405826948442
8.0472	0.449764190607977
8.0552	0.449289688349704
8.0632	0.448975224901611
8.0712	0.448808750341692
8.0792	0.448774107505194
8.0872	0.448851852728631
8.0952	0.449020179074766
8.1032	0.449255758151834
8.1112	0.449534649761006
8.1192	0.449833169432846
8.1272	0.450128473375873
8.1352	0.450398703880083
8.1432	0.450623051339264
8.1512	0.450781790856146
8.1592	0.450856315610981
8.1672	0.450829710261221
8.1752	0.4506880301837
8.1832	0.450422025400229
8.1912	0.452141785653778
8.1992	0.454539715939368
8.2072	0.457440303464341
8.2152	0.460756084485256
8.2232	0.46438328264477
8.2312	0.468213360947578
8.2392	0.472142986201467
8.2472	0.476080162392538
8.2552	0.479947995197153
8.2632	0.483686528636405
8.2712	0.487252905601987
8.2792	0.490620419415331
8.2872	0.493777823735442
8.2952	0.496727355169122
8.3032	0.499481955367024
8.3112	0.502061987735391
8.3192	0.504492696291821
8.3272	0.506801647103005
8.3352	0.509017677458549
8.3432	0.51117064907835
8.3512	0.513290386516538
8.3592	0.5154044215459
8.3672	0.517535753788522
8.3752	0.519699937612158
8.3832	0.521902228101315
8.3912	0.524137563742129
8.3992	0.526393032587547
8.4072	0.528651224713981
8.4152	0.530894628538475
8.4232	0.533109885197735
8.4312	0.535290467421336
8.4392	0.537437851197556
8.4472	0.539562169711312
8.4552	0.541682138455607
8.4632	0.543823398096051
8.4712	0.54601628624139
8.4792	0.548293021569736
8.4872	0.55068432744464
8.4952	0.553215905677598
8.5032	0.555906809715692
8.5112	0.55876948924293
8.5192	0.561810119619573
8.5272	0.565029041991308
8.5352	0.568421178844588
8.5432	0.57197568813746
8.5512	0.575675236642334
8.5592	0.579495955120769
8.5672	0.583408023384852
8.5752	0.587376776964772
8.5832	0.591364589081351
8.5912	0.595332680466524
8.5992	0.5992419639677
8.6072	0.603053257823637
8.6152	0.606727150317744
8.6232	0.610223261201896
8.6312	0.613499329532704
8.6392	0.616510532798413
8.6472	0.619209270041921
8.6552	0.621545791842126
8.6632	0.623470179411863
8.6712	0.624935562657717
8.6792	0.625902190805601
8.6872	0.626341539128657
8.6952	0.626239608105704
8.7032	0.625598860845779
8.7112	0.62443872026713
8.7192	0.622794879832978
8.7272	0.620717819358963
8.7352	0.618270850361507
8.7432	0.615527948612069
8.7512	0.61257151311241
8.7592	0.60948994489795
8.7672	0.606375064600958
8.7752	0.603319391218521
8.7832	0.600413139966304
8.7912	0.597741036948209
8.7992	0.59537920574416
8.8072	0.593392619246558
8.8152	0.591833433102226
8.8232	0.590740318390272
8.8312	0.590138551601076
8.8392	0.590040524508433
8.8472	0.590446316776954
8.8552	0.591344212655303
8.8632	0.592711231505979
8.8712	0.594513800323911
8.8792	0.596708706612574
8.8872	0.599244313038658
8.8952	0.602061976404348
8.9032	0.605097794843043
8.9112	0.608284673279729
8.9192	0.611554623645174
8.9272	0.614841394145608
8.9352	0.618083210725032
8.9432	0.621225179417773
8.9512	0.624221305177717
8.9592	0.627035842702909
8.9672	0.629643970346984
8.9752	0.632031308383527
8.9832	0.634192501308127
8.9912	0.63612892906994
8.9992	0.637845992689459
9.0072	0.639350248683626
9.0152	0.640647369889814
9.0232	0.641741007256891
9.0312	0.642632583408296
9.0392	0.64332180729746
9.0472	0.64380770361749
9.0552	0.64408930560816
9.0632	0.644166253803918
9.0712	0.644039243480781
9.0792	0.643710414557368
9.0872	0.643183711786248
9.0952	0.642465351125599
9.1032	0.641563887157054
9.1112	0.640489927762995
9.1192	0.639255582793605
9.1272	0.637873620193303
9.1352	0.636356811325617
9.1432	0.634717814612231
9.1512	0.632969437469245
9.1592	0.631125157379718
9.1672	0.629199750677837
9.1752	0.627209339978134
9.1832	0.625170974808534
9.1912	0.623101889902057
9.1992	0.621018543324719
9.2072	0.618935711409766
9.2152	0.616866379445333
9.2232	0.614821803179814
9.2312	0.612811431938362
9.2392	0.610842851461848
9.2472	0.608921780040905
9.2552	0.607051946468837
9.2632	0.605235461977819
9.2712	0.60347385192505
9.2792	0.60176942698842
9.2872	0.60012675934865
9.2952	0.598554030711259
9.3032	0.597063406071382
9.3112	0.595670451277781
9.3192	0.594392975523973
9.3272	0.593249567635058
9.3352	0.59225800811593
9.3432	0.591434080986317
9.3512	0.590790765685888
9.3592	0.590337602540244
9.3672	0.590080293602605
9.3752	0.59002063028848
9.3832	0.590156705692688
9.3912	0.590483469322642
9.3992	0.590993521445408
9.4072	0.591677925013041
9.4152	0.592526922961938
9.4232	0.593530330465028
9.4312	0.594677494083953
9.4392	0.595956966273513
9.4472	0.597356017139311
9.4552	0.598860032515993
9.4632	0.600452076993284
9.4712	0.602112721782569
9.4792	0.603820027576771
9.4872	0.605549655297651
9.4952	0.607275382614638
9.5032	0.608969973029035
9.5112	0.610606381790102
9.5192	0.612159234691494
9.5272	0.613606487477449
9.5352	0.61493073755527
9.5432	0.616119905627551
9.5512	0.617167198987052
9.5592	0.618070384324049
9.5672	0.618830519840956
9.5752	0.619450552861134
9.5832	0.619934017699772
9.5912	0.620283934575853
9.5992	0.620501952719451
9.6072	0.620587726695949
9.6152	0.620538487023095
9.6232	0.620348829453671
9.6312	0.620010802687976
9.6392	0.619514393900733
9.6472	0.618848474350305
9.6552	0.618002048086922
9.6632	0.616965777936513
9.6712	0.615733747597758
9.6792	0.614305256933262
9.6872	0.612686460813508
9.6952	0.610891813917385
9.7032	0.608944996749665
9.7112	0.606879031548876
9.7192	0.604735537243112
9.7272	0.602563178698811
9.7352	0.600415306530614
9.7432	0.598347123627673
9.7512	0.596412982668312
9.7592	0.594663963720949
9.7672	0.59314590010851
9.7752	0.591897898327438
9.7832	0.590951096751112
9.7912	0.590327401710767
9.7992	0.590038423601526
9.8072	0.590084772261897
9.8152	0.590455993971053
9.8232	0.591131375489665
9.8312	0.592081498435347
9.8392	0.593270239844157
9.8472	0.594656827730352
9.8552	0.596197684088698
9.8632	0.597847895691607
9.8712	0.599562517760588
9.8792	0.601297717444403
9.8872	0.603011949227637
9.8952	0.604667086362031
9.9032	0.606229515579355
9.9112	0.607670780022942
9.9192	0.608967954951402
9.9272	0.610103636917118
9.9352	0.611065694455806
9.9432	0.611846604412535
9.9512	0.612442930617239
9.9592	0.612854982997935
9.9672	0.613086670230222
9.9752	0.613145447965713
9.9832	0.613042277327334
9.9912	0.612791230191962
9.9992	0.612408786575086
10.0072	0.611912879921511
10.0152	0.611321709284162
10.0232	0.610652680762074
10.0312	0.609921854673146
10.0392	0.609143725197155
10.0472	0.608331190991032
10.0552	0.607495700264461
10.0632	0.606647379105755
10.0712	0.605795104641804
10.0792	0.60494661579575
10.0872	0.60410885696751
10.0952	0.603288206903332
10.1032	0.602490665162717
10.1112	0.601721935929832
10.1192	0.600987261447158
10.1272	0.600290991360461
10.1352	0.599636331632666
10.1432	0.599025344367871
10.1512	0.598459007457531
10.1592	0.597937366183939
10.1672	0.597459766521632
10.1752	0.597024957389109
10.1832	0.596631046351901
10.1912	0.596275469605538
10.1992	0.595954960390498
10.2072	0.59566552886388
10.2152	0.595402630024693
10.2232	0.595161484322991
10.2312	0.594937271311026
10.2392	0.59472524919413
10.2472	0.594520836111826
10.2552	0.594319643961901
10.2632	0.594117510509421
10.2712	0.593910645337919
10.2792	0.593695819509921
10.2872	0.593470569538579
10.2952	0.593233401125434
10.3032	0.592983820231763
10.3112	0.592722225255926
10.3192	0.592449795166739
10.3272	0.59216842463542
10.3352	0.591880743501249
10.3432	0.591590317432751
10.3512	0.591301890852248
10.3592	0.591021592747597
10.3672	0.590757058893922
10.3752	0.590517336113655
10.3832	0.590312549248809
10.3912	0.590153512890474
10.3992	0.590051306854069
10.4072	0.590016847756789
10.4152	0.590060524368093
10.4232	0.590191869889981
10.4312	0.590419223237959
10.4392	0.590749365929854
10.4472	0.591187113059214
10.4552	0.591734916716483
10.4632	0.592392540469104
10.4712	0.593156789089112
10.4792	0.594021333026775
10.4872	0.594976653224633
10.4952	0.596010132769055
10.5032	0.59710636060266
10.5112	0.598247677635538
10.5192	0.599414973393217
10.5272	0.600588717887467
10.5352	0.601750009062814
10.5432	0.602881467207898
10.5512	0.603967856336831
10.5592	0.604996343223586
10.5672	0.605956400462256
10.5752	0.606839517819403
10.5832	0.607638932716345
10.5912	0.608349414582454
10.5992	0.608967053646504
10.6072	0.609489327084978
10.6152	0.609915327493783
10.6232	0.610245930667403
10.6312	0.610483880792194
10.6392	0.610633838956452
10.6472	0.610702062118404
10.6552	0.610695849618728
10.6632	0.610622961969225
10.6712	0.610491104043622
10.6792	0.610307688820323
10.6872	0.610080177498858
10.6952	0.609816661649561
10.7032	0.609526407883204
10.7112	0.609220208475742
10.7192	0.608910251553687
10.7272	0.608609420887666
10.7352	0.608330384799413
10.7432	0.608084794127647
10.7512	0.607882885907537
10.7592	0.60773367311028
10.7672	0.607645436794593
10.7752	0.607626265349062
10.7832	0.607684426008701
10.7912	0.607828287483423
10.7992	0.608065647326447
10.8072	0.60840305137102
10.8152	0.60884523050941
10.8232	0.609394773162858
10.8312	0.610052042319326
10.8392	0.61081530607023
10.8472	0.611680432664428
10.8552	0.612640498282947
10.8632	0.613685475554572
10.8712	0.614802053135253
10.8792	0.615973705348736
10.8872	0.617181565878357
10.8952	0.618405476750254
10.9032	0.619624701235479
10.9112	0.620818129222565
10.9192	0.621963954439137
10.9272	0.623038685881121
10.9352	0.624016283007199
10.9432	0.624867680734827
10.9512	0.625560756938075
10.9592	0.626060730595662
10.9672	0.626330911972729
10.9752	0.626333441713352
10.9832	0.626030263276665
10.9912	0.625384718285811
10.9992	0.624363897159933
11.0072	0.622941964976042
11.0152	0.621104279129741
11.0232	0.618851396389355
11.0312	0.616202094966872
11.0392	0.613194780760219
11.0472	0.609886475148888
11.0552	0.606350012220248
11.0632	0.602670616369981
11.0712	0.598942435938753
11.0792	0.595265870187833
11.0872	0.591746528564662
11.0952	0.588494474583791
11.1032	0.585622648623102
11.1112	0.58324386616206
11.1192	0.58146555578261
11.1272	0.580382177284605
11.1352	0.580067193463253
11.1432	0.580565770945815
11.1512	0.581889378788907
11.1592	0.584012953340179
11.1672	0.586874774226567
11.1752	0.590378838385825
11.1832	0.594399131094418
11.1912	0.598784788511617
11.1992	0.603366048137935
11.2072	0.607960991474452
11.2152	0.612382989007
11.2232	0.616448838540542
11.2312	0.619987570008638
11.2392	0.622849165863933
11.2472	0.624912519395849
11.2552	0.6260920683483
11.2632	0.626342586312621
11.2712	0.625662034079844
11.2792	0.624092323463842
11.2872	0.621717863483956
11.2952	0.618662008666252
11.3032	0.615081521074286
11.3112	0.611159142347067
11.3192	0.607094495833253
11.3272	0.603093552140841
11.3352	0.599357197783609
11.3432	0.596069877998901
11.3512	0.593389445292796
11.3592	0.591439464974924
11.3672	0.590305001033181
11.3752	0.590032204716236
11.3832	0.590631417207507
11.3912	0.592082965837298
11.3992	0.594344591406628
11.4072	0.597358879340393
11.4152	0.601058995320329
11.4232	0.605371971530924
11.4312	0.610219353290499
11.4392	0.615515720775441
11.4472	0.621167295831595
11.4552	0.627072503481075
11.4632	0.633124958665602
11.4712	0.639218917230735
11.4792	0.645255937895962
11.4872	0.651150181616699
11.4952	0.656831421034906
11.5032	0.662245942768032
11.5112	0.667355336953651
11.5192	0.67213415979109
11.5272	0.676568303026849
11.5352	0.680653952580206
11.5432	0.684396325767513
11.5512	0.687808142529712
11.5592	0.690907846860806
11.5672	0.693717535757757
11.5752	0.696260699395141
11.5832	0.698560564378419
11.5912	0.700638891365158
11.5992	0.702515002778568
11.6072	0.704205140093159
11.6152	0.705722154458053
11.6232	0.707075273336778
11.6312	0.708270190514047
11.6392	0.709309463258984
11.6472	0.71019304645604
11.6552	0.710919064852184
11.6632	0.711484940236456
11.6712	0.711888630025777
11.6792	0.712129952550766
11.6872	0.712211915629783
11.6952	0.712141731116284
11.7032	0.711931272285759
11.7112	0.71159696897291
11.7192	0.711159275407711
11.7272	0.710641997401795
11.7352	0.710071757232387
11.7432	0.709477632147588
11.7512	0.708890719940347
11.7592	0.70834319685024
11.7672	0.707866730735618
11.7752	0.707490390183172
11.7832	0.707238510756709
11.7912	0.707128943862416
11.7992	0.707171853476728
11.8072	0.707368929679429
11.8152	0.707712988187024
11.8232	0.708187689667749
11.8312	0.708767347673333
11.8392	0.709417377151037
11.8472	0.710095774650111
11.8552	0.710755253891782
11.8632	0.711345787824358
11.8712	0.711817093221712
11.8792	0.712120489785202
11.8872	0.712209968172457
11.8952	0.712042815369507
11.9032	0.711580167876359
11.9112	0.710787949270198
11.9192	0.709638402881466
11.9272	0.708112157130487
11.9352	0.706200499446264
11.9432	0.703907181683925
11.9512	0.701249213242295
11.9592	0.698256499111314
11.9672	0.694970338385605
11.9752	0.691441159397825
11.9832	0.687725877425043
11.9912	0.68388512267645
11.9992	0.679980638180649
12.0072	0.676072973332866
12.0152	0.672219236417912
12.0232	0.668471433929781
12.0312	0.664874952361797
12.0392	0.661467229906689
12.0472	0.658276602085887
12.0552	0.655321715900232
12.0632	0.65261115964749
12.0712	0.650143989981751
12.0792	0.647911006846841
12.0872	0.645896749016154
12.0952	0.644081976765287
12.1032	0.642446458636392
12.1112	0.640971140428541
12.1192	0.639639797880277
12.1272	0.638439676561629
12.1352	0.637360985290081
12.1432	0.636395380242401
12.1512	0.635534346815187
12.1592	0.634767528813018
12.1672	0.634081665303796
12.1752	0.63346039796222
12.1832	0.632885123081859
12.1912	0.632336706712402
12.1992	0.631797859745535
12.2072	0.631255748081144
12.2152	0.630703849882758
12.2232	0.63014244253576
12.2312	0.629577761204005
12.2392	0.629019819116335
12.2472	0.628479360266675
12.2552	0.627965070841483
12.2632	0.627481844615733
12.2712	0.627030252550255
12.2792	0.626607432775349
12.2872	0.822164277564468
12.2952	0.82223395687208
12.3032	0.822300539371798
12.3112	0.82236262953206
12.3192	0.822417724999477
12.3272	0.82246240383615
12.3352	0.82249270971766
12.3432	0.822504639132112
12.3512	0.822494602835123
12.3592	0.822459758391787
12.3672	0.822398162252004
12.3752	0.822308786374917
12.3832	0.822191488071967
12.3912	0.822047003537154
12.3992	0.821876973087771
12.4072	0.821684017458296
12.4152	0.821471845135961
12.4232	0.821245325923148
12.4312	0.821010427328185
12.4392	0.820774040331397
12.4472	0.820543703579775
12.4552	0.820327233426093
12.4632	0.820132261330648
12.4712	0.819965778267891
12.4792	0.819833716415709
12.4872	0.819740641955621
12.4952	0.819689589132511
12.5032	0.819682040666195
12.5112	0.819718011313403
12.5192	0.819796206299359
12.5272	0.819914192531202
12.5352	0.8200685724519
12.5432	0.820255211056893
12.5512	0.820469504339632
12.5592	0.820706692150283
12.5672	0.820962174957971
12.5752	0.821231789792852
12.5832	0.821511969827585
12.5912	0.821799840256899
12.5992	0.822093212061838
12.6072	0.822390522154925
12.6152	0.822690763671297
12.6232	0.822993476195402
12.6312	0.823298725794358
12.6392	0.823607164819793
12.6472	0.823920161521887
12.6552	0.82423987849748
12.6632	0.824569232681091
12.6712	0.8249117734397
12.6792	0.82527142173854
12.6872	0.825652096037847
12.6952	0.826057334363252
12.7032	0.826489971523695
12.7112	0.82695193439446
12.7192	0.827444303304064
12.7272	0.827967500514465
12.7352	0.828521537571594
12.7432	0.82910612854464
12.7512	0.829720574023892
12.7592	0.830363367606557
12.7672	0.831031707532193
12.7752	0.831721019980137
12.7832	0.832424747908995
12.7912	0.833134378115385
12.7992	0.83383969558109
12.8072	0.834529197829135
12.8152	0.835190650404581
12.8232	0.835811499577627
12.8312	0.836379262856778
12.8392	0.836881918585393
12.8472	0.837308305362859
12.8552	0.837648479737043
12.8632	0.837894191992052
12.8712	0.838039253100627
12.8792	0.838079789346797
12.8872	0.838014459814566
12.8952	0.83784449655053
12.9032	0.837573601784463
12.9112	0.837207911726036
12.9192	0.836755872087561
12.9272	0.836227784866818
12.9352	0.835635193182
12.9432	0.834990191589733
12.9512	0.834304555279636
12.9592	0.833588904303836
12.9672	0.832852207704015
12.9752	0.832101468026907
12.9832	0.831341664002426
12.9912	0.830576102127529
12.9992	0.829806982794254
13.0072	0.829035997132172
13.0152	0.828265101410383
13.0232	0.827497222407566
13.0312	0.826736752309215
13.0392	0.825989654182395
13.0472	0.825263110392166
13.0552	0.824564736876584
13.0632	0.823901669800169
13.0712	0.823279725882768
13.0792	0.822702940517581
13.0872	0.82217361375112
13.0952	0.821692736122766
13.1032	0.821260596546704
13.1112	0.820877437295563
13.1192	0.820543866686317
13.1272	0.820261039438953
13.1352	0.820030740707316
13.1432	0.819855430295027
13.1512	0.819738288035503
13.1592	0.819683347659358
13.1672	0.819695623507925
13.1752	0.819781131369568
13.1832	0.819946774860411
13.1912	0.820200126762184
13.1992	0.820549196605279
13.2072	0.821002253643354
13.2152	0.821567682493857
13.2232	0.822253893026297
13.2312	0.823069297955326
13.2392	0.824022288699668
13.2472	0.825121180817123
13.2552	0.826374136029075
13.2632	0.827788921512754
13.2712	0.829372500834378
13.2792	0.831130502025634
13.2872	0.833066592419941
13.2952	0.835181839200864
13.3032	0.837474334674989
13.3112	0.839938951017533
13.3192	0.84256718072951
13.3272	0.845347122133334
13.3352	0.848263600855773
13.3432	0.851298221731729
13.3512	0.854429622474455
13.3592	0.85763400331939
13.3672	0.860885829916727
13.3752	0.864158611348434
13.3832	0.867425661358589
13.3912	0.870660308579884
13.3992	0.87383578550394
13.4072	0.87692505603318
13.4152	0.879900833488111
13.4232	0.882735862404184
13.4312	0.885403481814228
13.4392	0.88787800339848
13.4472	0.890134976710401
13.4552	0.89215124613324
13.4632	0.893904668695324
13.4712	0.895373669934042
13.4792	0.896537254205614
13.4872	0.897375308706651
13.4952	0.897869176136278
13.5032	0.898002473064225
13.5112	0.897762076645253
13.5192	0.89713880576123
13.5272	0.896127956937214
13.5352	0.894729564811555
13.5432	0.892948348639913
13.5512	0.890793637285033
13.5592	0.888279490589453
13.5672	0.885424762723875
13.5752	0.882253222699428
13.5832	0.878793949886159
13.5912	0.875081625782548
13.5992	0.871156803112335
13.6072	0.867066081045958
13.6152	0.862861965824199
13.6232	0.858602069847351
13.6312	0.854347634351587
13.6392	0.850161120987938
13.6472	0.846103116202609
13.6552	0.842229020973015
13.6632	0.838586487496013
13.6712	0.835213927644904
13.6792	0.832140480851449
13.6872	0.829387089629527
13.6952	0.826968186327054
13.7032	0.824893203175929
13.7112	0.823167608410469
13.7192	0.821793196578868
13.7272	0.820767901864021
13.7352	0.820085513209277
13.7432	0.81973568685391
13.7512	0.819704331364155
13.7592	0.819974429509621
13.7672	0.820527142069358
13.7752	0.821342819112239
13.7832	0.822401677016121
13.7912	0.823683999611257
13.7992	0.825169860820104
13.8072	0.826838607261706
13.8152	0.828668443817126
13.8232	0.830636347510609
13.8312	0.832718581497968
13.8392	0.83489187456219
13.8472	0.837134949468144
13.8552	0.839429912857706
13.8632	0.841763018659792
13.8712	0.844124413986325
13.8792	0.846506850553864
13.8872	0.848903772822049
13.8952	0.851307349263892
13.9032	0.853707079745832
13.9112	0.85608928732173
13.9192	0.858437607012096
13.9272	0.860734260446139
13.9352	0.862961554765834
13.9432	0.865103068348805
13.9512	0.867144396234856
13.9592	0.869073357510887
13.9672	0.870879831586846
13.9752	0.872555267095026
13.9832	0.87409218462201
13.9912	0.875483664361278
13.9992	0.876722825462145
14.0072	0.877802301824264
14.0152	0.878714128778683
14.0232	0.879450080919753
14.0312	0.880002419293926
14.0392	0.880365050365609
14.0472	0.880534783719844
14.0552	0.880512028082968
14.0632	0.880300962217555
14.0712	0.879909199411555
14.0792	0.879346897002895
14.0872	0.878625643337359
14.0952	0.877757695262319
14.1032	0.876755394059726
14.1112	0.875630793105158
14.1192	0.874395587192697
14.1272	0.873061192969396
14.1352	0.871638719913264
14.1432	0.870138940355681
14.1512	0.868572221930275
14.1592	0.866948382327528
14.1672	0.865276601875877
14.1752	0.863565399500219
14.1832	0.861822404231748
14.1912	0.860054035698952
14.1992	0.858265190544627
14.2072	0.856458976085217
14.2152	0.854636649538189
14.2232	0.852798039495009
14.2312	0.850942296172063
14.2392	0.849068785745731
14.2472	0.847177967796043
14.2552	0.845272134367123
14.2632	0.84335583236716
14.2712	0.841436011036735
14.2792	0.83952176132054
14.2872	0.837623760368761
14.2952	0.835753713717771
14.3032	0.833923944859031
14.3112	0.83214708417245
14.3192	0.830435975807735
14.3272	0.828803743592077
14.3352	0.82726391781723
14.3432	0.825830550673741
14.3512	0.824518144721246
14.3592	0.823341087188587
14.3672	0.822312830249285
14.3752	0.821444876341865
14.3832	0.820745831972398
14.3912	0.820220941469025
14.3992	0.81987237690516
14.4072	0.819700092060187
14.4152	0.819702973410015
14.4232	0.819879867926462
14.4312	0.82023014399904
14.4392	0.820753723057073
14.4472	0.82145066336616
14.4552	0.822320536209973
14.4632	0.823361916003591
14.4712	0.824572071741251
14.4792	0.825946737930897
14.4872	0.827479965514991
14.4952	0.829163901626576
14.5032	0.830988393640351
14.5112	0.832940516708351
14.5192	0.835004194281195
14.5272	0.837160140228445
14.5352	0.83938608586449
14.5432	0.84165745440382
14.5512	0.843948355004505
14.5592	0.846232696244838
14.5672	0.848485088386709
14.5752	0.850681282287458
14.5832	0.852798096106181
14.5912	0.854812966500964
14.5992	0.856703361456158
14.6072	0.858446514382977
14.6152	0.860019704325813
14.6232	0.86140088393943
14.6312	0.862569475328022
14.6392	0.86350707901632
14.6472	0.864197613175739
14.6552	0.86462712079005
14.6632	0.864783542482009
14.6712	0.864656376840402
14.6792	0.864236756204335
14.6872	0.863518372174659
14.6952	0.862498860371627
14.7032	0.861181065603555
14.7112	0.859574228477217
14.7192	0.857694488385936
14.7272	0.855564602354115
14.7352	0.853213210690953
14.7432	0.850673677226747
14.7512	0.847982955703749
14.7592	0.845181085903668
14.7672	0.84231099113774
14.7752	0.839418268026075
14.7832	0.836550952820635
14.7912	0.833758954725538
14.7992	0.831092977458613
14.8072	0.828603189095706
14.8152	0.82633783815918
14.8232	0.82434216112599
14.8312	0.822657619238087
14.8392	0.821321252104355
14.8472	0.820364949357626
14.8552	0.819814626115148
14.8632	0.81968930947537
14.8712	0.82000019737677
14.8792	0.820749857618888
14.8872	0.821931770469084
14.8952	0.82353037162017
14.9032	0.825521650100124
14.9112	0.82787437790309
14.9192	0.83055177422423
14.9272	0.833513219568487
14.9352	0.836715715966873
14.9432	0.840115082021464
14.9512	0.843666818654188
14.9592	0.84732689309678
14.9672	0.851052452162553
14.9752	0.854802612722393
14.9832	0.858539394666677
14.9912	0.862228647281342
14.9992	0.865840662373248
15.0072	0.869350613786937
15.0152	0.872738776287859
15.0232	0.87599064146323
15.0312	0.879096825973355
15.0392	0.882052929972334
15.0472	0.884858964014531
15.0552	0.88751844373863
15.0632	0.890037286233186
15.0712	0.892422810987839
15.0792	0.894682922420478
15.0872	0.896825757998351
15.0952	0.898859507472174
15.1032	0.900792317219764
15.1112	0.902632023497921
15.1192	0.904385813433556
15.1272	0.906059774483978
15.1352	0.907658650426538
15.1432	0.909185673178972
15.1512	0.910642621872226
15.1592	0.912030020957444
15.1672	0.913347566906219
15.1752	0.914594617994969
15.1832	0.915770769968668
15.1912	0.916876172163488
15.1992	0.917911743455596
15.2072	0.918879357608981
15.2152	0.919781893985027
15.2232	0.920623125452935
15.2312	0.921407534019757
15.2392	0.92214000114401
15.2472	0.922825330270922
15.2552	0.923467748208855
15.2632	0.924070475527655
15.2712	0.924635466553058
15.2792	0.925163400762275
15.2872	0.925653931730319
15.2952	0.926106084060298
15.3032	0.926518736196754
15.3112	0.926891035933
15.3192	0.927222692126997
15.3272	0.927514113467647
15.3352	0.927766432186602
15.3432	0.927981421529614
15.3512	0.928161419967857
15.3592	0.928309227657746
15.3672	0.928427976785469
15.3752	0.928520947927252
15.3832	0.928591356602206
15.3912	0.928642143203215
15.3992	0.928675758825108
15.4072	0.928693959094871
15.4152	0.928697616463796
15.4232	0.928686521967131
15.4312	0.928659151352384
15.4392	0.928612390146695
15.4472	0.928541190329978
15.4552	0.928438151495324
15.4632	0.928293101144621
15.4712	0.928092776309328
15.4792	0.927820727206625
15.4872	0.92745757178881
15.4952	0.926981635852077
15.5032	0.926369884417019
15.5112	0.925598983143041
15.5192	0.924646282463433
15.5272	0.923490519370322
15.5352	0.922112295786709
15.5432	0.920494475635223
15.5512	0.918622625900679
15.5592	0.91648566440728
15.5672	0.914076697711397
15.5752	0.91199131243825
15.5832	0.909706285534125
15.5912	0.907247579061525
15.5992	0.904643096824737
15.6072	0.901920051387768
15.6152	0.899103443888595
15.6232	0.8962154185249
15.6312	0.893275192089866
15.6392	0.890299284494901
15.6472	0.887301869233869
15.6552	0.884295141856162
15.6632	0.881289658172504
15.6712	0.87829462677675
15.6792	0.875318156080976
15.6872	0.872367458639903
15.6952	0.86944902255784
15.7032	0.866568761312195
15.7112	0.863732141874884
15.7192	0.860944295543269
15.7272	0.858210120580634
15.7352	0.855534357147793
15.7432	0.852921625104111
15.7512	0.850376433026327
15.7592	0.847903167157116
15.7672	0.84550606946088
15.7752	0.843189235518554
15.7832	0.840956631527849
15.7912	0.838812126559279
15.7992	0.83675954107686
15.8072	0.834802698754634
15.8152	0.832945461919419
15.8232	0.831191752989437
15.8312	0.829545564763782
15.8392	0.828010959497723
15.8472	0.826592060191567
15.8552	0.825293042043601
15.8632	0.824118117494357
15.8712	0.823071515309809
15.8792	0.822157456593661
15.8872	0.821380130162907
15.8952	0.820743669969786
15.9032	0.820252138244928
15.9112	0.819909511665562
15.9192	0.819719667586181
15.9272	0.819686367611282
15.9352	0.81981323805347
15.9432	0.820103748059842
15.9512	0.820561186860818
15.9592	0.821188642226263
15.9672	0.821988981463823
15.9752	0.822964834723441
15.9832	0.824118578445394
15.9912	0.825452317324112
15.9992	0.826967861415767
16.0072	0.828666700093904
16.0152	0.83054997330444
16.0232	0.832618440123849
16.0312	0.834872445962703
16.0392	0.837311892034297
16.0472	0.839936202236342
16.0552	0.84274428666171
16.0632	0.845734502196607
16.0712	0.848904609639132
16.0792	0.85225172488233
16.0872	0.855772268512492
16.0952	0.859461914817048
16.1032	0.863315541125652
16.1112	0.867327178896865
16.1192	0.871489966759014
16.1272	0.875796101982928
16.1352	0.88023679113108
16.1432	0.884802200424409
16.1512	0.88948140592721
16.1592	0.894262343663461
16.1672	0.899131759791853
16.1752	0.904075160981209
16.1832	0.909076765143122
16.1912	0.914119452694227
16.1992	0.919184718536539
16.2072	0.924252624960552
16.2152	0.929301755019738
16.2232	0.934309164815779
16.2312	0.939250339176807
16.2392	0.944099156961767
16.2472	0.948827865091122
16.2552	0.95340705831561
16.2632	0.957805661677243
16.2712	0.961990905534649
16.2792	0.965928281896439
16.2872	0.969581479340436
16.2952	0.972912297977978
16.3032	0.975880550431909
16.3112	0.978443961693031
16.3192	0.980558076839097
16.3272	0.982176178356573
16.3352	0.983249213502213
16.3432	0.98372572791019
16.3512	0.983551798348788
16.3592	0.982670963296014
16.3672	0.981024153393803
16.3752	0.978549622258947
16.3832	0.975182877718316
