0.0072	0.149142443147265
0.0152	0.148021470410445
0.0232	0.146807425258442
0.0312	0.145512445451673
0.0392	0.14414801479674
0.0472	0.142724971349191
0.0552	0.141253515738639
0.0632	0.13974322118371
0.0712	0.138203045680464
0.0792	0.136641348634629
0.0872	0.135065912086344
0.0952	0.133483963140885
0.1032	0.131902197401189
0.1112	0.130326801769954
0.1192	0.12876347575724
0.1272	0.127217452421317
0.1352	0.125693521195857
0.1432	0.124196051056158
0.1512	0.122729012835888
0.1592	0.121296000297488
0.1672	0.119900249891682
0.1752	0.118544656627934
0.1832	0.117231785956776
0.1912	0.115963883315589
0.1992	0.114742884361642
0.2072	0.113570423785978
0.2152	0.112447844818606
0.2232	0.111376210559327
0.2312	0.110356317352316
0.2392	0.10938870835971
0.2472	0.108473688356982
0.2552	0.107611338573549
0.2632	0.106801531628394
0.2712	0.106043946352415
0.2792	0.105338083161383
0.2872	0.104683278879453
0.2952	0.104078721944029
0.3032	0.103523467306755
0.3112	0.103016450166825
0.3192	0.102556497628147
0.3272	0.102142339376444
0.3352	0.101772617181289
0.3432	0.101445893229612
0.3512	0.101160657779949
0.3592	0.100915336313041
0.3672	0.100708295605329
0.3752	0.100537849285928
0.3832	0.100402263610541
0.3912	0.100299764045194
0.3992	0.100228543433006
0.4072	0.100186771905121
0.4152	0.100172607760241
0.4232	0.100184208241417
0.4312	0.100219739046347
0.4392	0.100277381764385
0.4472	0.100355339245393
0.4552	0.10045183927106
0.4632	0.100565137138977
0.4712	0.100693517952116
0.4792	0.100835298742618
0.4872	0.100988830053051
0.4952	0.101152497001895
0.5032	0.101324719895893
0.5112	0.10150395441159
0.5192	0.101688691211361
0.5272	0.101877454618533
0.5352	0.102068801355716
0.5432	0.102261319594591
0.5512	0.102453630008092
0.5592	0.102644389904616
0.5672	0.102832301138502
0.5752	0.103016120040235
0.5832	0.103194668471942
0.5912	0.103366842647868
0.5992	0.10353161726315
0.6072	0.103688043783442
0.6152	0.103835244475133
0.6232	0.103972402445989
0.6312	0.104098751272782
0.6392	0.104213565743787
0.6472	0.104316154733376
0.6552	0.104405854641036
0.6632	0.104482024190179
0.6712	0.104544037911018
0.6792	0.104591278922985
0.6872	0.104623131543191
0.6952	0.104638973430047
0.7032	0.104638166600758
0.7112	0.10462005193893
0.7192	0.104583949206245
0.7272	0.104529163667753
0.7352	0.1044550015185
0.7432	0.104360797636874
0.7512	0.104245954619155
0.7592	0.104109997188623
0.7672	0.103952649522513
0.7752	0.103773944786971
0.7832	0.103574377913311
0.7912	0.103355112525841
0.7992	0.103118234420333
0.8072	0.102867026450123
0.8152	0.102606199090252
0.8232	0.102341968029623
0.8312	0.102037660267406
0.8392	0.101748758192969
0.8472	0.101476547092206
0.8552	0.101222428715651
0.8632	0.100988181136894
0.8712	0.10077613955874
0.8792	0.100589300610487
0.8872	0.100431355010301
0.8952	0.100306634769545
0.9032	0.10021998849444
0.9112	0.10017661893657
0.9192	0.100181889088002
0.9272	0.100241107097005
0.9352	0.100359290857943
0.9432	0.100540911190008
0.9512	0.100789643345433
0.9592	0.101108165825984
0.9672	0.101498035187415
0.9752	0.101959661527291
0.9832	0.102492411244703
0.9912	0.103094790538747
0.9992	0.10376464644617
1.0072	0.104499342804389
1.0152	0.105295933961859
1.0232	0.106151239502027
1.0312	0.107061843546293
1.0392	0.10802406888263
1.0472	0.109033904535936
1.0552	0.110086832369327
1.0632	0.111177645403736
1.0712	0.112300245407233
1.0792	0.113447454305733
1.0872	0.114610953706034
1.0952	0.115781355662349
1.1032	0.11694832957564
1.1112	0.118100891137927
1.1192	0.119227815757302
1.1272	0.120318014475377
1.1352	0.121360871001952
1.1432	0.12234662683799
1.1512	0.123266746435012
1.1592	0.124114229783976
1.1672	0.124883954218619
1.1752	0.125572933731088
1.1832	0.126180368976253
1.1912	0.126707457682853
1.1992	0.127156982207553
1.2072	0.127532706665483
1.2152	0.127838690923087
1.2232	0.128078663728948
1.2312	0.128255559872781
1.2392	0.128371263690391
1.2472	0.128426567081112
1.2552	0.128421336185048
1.2632	0.128354777942568
1.2712	0.128225750546018
1.2792	0.128033075416944
1.2872	0.127775785115967
1.2952	0.127453272980091
1.3032	0.127065439293017
1.3112	0.12661281784472
1.3192	0.126096637082992
1.3272	0.125518828506824
1.3352	0.124882099586806
1.3432	0.124190077033321
1.3512	0.123447433730623
1.3592	0.122659924444042
1.3672	0.121834243914463
1.3752	0.120977692610579
1.3832	0.120097661452239
1.3912	0.11920106298604
1.3992	0.118293847269532
1.4072	0.117380744762089
1.4152	0.116465289899108
1.4232	0.115550103764878
1.4312	0.114637281013543
1.4392	0.113728761416295
1.4472	0.112826599825837
1.4552	0.111933121176313
1.4632	0.111050871486094
1.4712	0.11018247558159
1.4792	0.109330499700467
1.4872	0.108497376727178
1.4952	0.107685374687258
1.5032	0.106896671399527
1.5112	0.106133527847991
1.5192	0.105398547475433
1.5272	0.104694858434916
1.5352	0.104026118233481
1.5432	0.103396341759299
1.5512	0.102809659390173
1.5592	0.102270082847576
1.5672	0.101781439877947
1.5752	0.101347551389671
1.5832	0.100972581548484
1.5912	0.100661450254034
1.5992	0.100420192458277
1.6072	0.100256142489799
1.6152	0.100177928619566
1.6232	0.100195294728492
1.6312	0.10031878036049
1.6392	0.100559355056639
1.6472	0.100928057334635
1.6552	0.101435671044265
1.6632	0.102092503630081
1.6712	0.102908224300522
1.6792	0.103891733291558
1.6872	0.105051041526547
1.6952	0.106393024502326
1.7032	0.107922951235447
1.7112	0.109643938462375
1.7192	0.111556359745686
1.7272	0.113657357540515
1.7352	0.115940830331957
1.7432	0.118397878911688
1.7512	0.121017468330585
1.7592	0.123787288665204
1.7672	0.126694519067684
1.7752	0.129726117101791
1.7832	0.132868582870299
1.7912	0.13610736022337
1.7992	0.139425872461783
1.8072	0.142804530239926
1.8152	0.14621983808563
1.8232	0.149643480127262
1.8312	0.153041378473419
1.8392	0.156373301062259
1.8472	0.159593161670283
1.8552	0.16265019841098
1.8632	0.16549128907998
1.8712	0.168064193352372
1.8792	0.170320794453658
1.8872	0.172219771795845
1.8952	0.173728054836534
1.9032	0.174820913607815
1.9112	0.175481229387817
1.9192	0.17569877704262
1.9272	0.175469611427098
1.9352	0.174795778219867
1.9432	0.173685569728165
1.9512	0.172153873267535
1.9592	0.170221985631312
1.9672	0.167917105953706
1.9752	0.16527161407971
1.9832	0.162322150234636
1.9912	0.159108514269163
1.9992	0.155672292627809
2.0072	0.152055820129933
2.0152	0.148301773969962
2.0232	0.144453119024885
2.0312	0.140553148542685
2.0392	0.136645688170475
2.0472	0.132774658714798
2.0552	0.128983067619887
2.0632	0.125311882171486
2.0712	0.121799105938451
2.0792	0.118478992592508
2.0872	0.115381802825986
2.0952	0.112533849671961
2.1032	0.109957363220495
2.1112	0.107670176793656
2.1192	0.105685345403761
2.1272	0.104010608009125
2.1352	0.102648092029055
2.1432	0.101594448995505
2.1512	0.100841285133481
2.1592	0.100375742424261
2.1672	0.100181172530177
2.1752	0.100237796684513
2.1832	0.100523403137162
2.1912	0.101014138732295
2.1992	0.101685351161576
2.2072	0.102512446619219
2.2152	0.103471640638135
2.2232	0.104540422618001
2.2312	0.105697767901795
2.2392	0.10692415973906
2.2472	0.108201391991897
2.2552	0.109512374666019
2.2632	0.110841118385183
2.2712	0.112172798580702
2.2792	0.113493878971412
2.2872	0.114792354021521
2.2952	0.116057931186121
2.3032	0.117282080591089
2.3112	0.118458155452885
2.3192	0.119581561471988
2.3272	0.1206498875855
2.3352	0.121663101755834
2.3432	0.12262381344462
2.3512	0.123537332162236
2.3592	0.12441137471295
2.3672	0.125255477631008
2.3752	0.126080210063506
2.3832	0.126896244040481
2.3912	0.127713516558563
2.3992	0.128540644571583
2.4072	0.129384639379562
2.4152	0.130250851859946
2.4232	0.131143140549081
2.4312	0.132064116249006
2.4392	0.13301532471199
2.4472	0.13399732868177
2.4552	0.135009732372119
2.4632	0.136051113972946
2.4712	0.137118939796308
2.4792	0.138209522466388
2.4872	0.139318013076486
2.4952	0.14043842322469
2.5032	0.141563679113224
2.5112	0.142685723510214
2.5192	0.143795676426982
2.5272	0.144884032873918
2.5352	0.145940886436511
2.5432	0.14695617551362
2.5512	0.147919950229962
2.5592	0.148822672829822
2.5672	0.149655446951828
2.5752	0.150410226286972
2.5832	0.151080070067329
2.5912	0.151659473301406
2.5992	0.152144764896181
2.6072	0.152534602047163
2.6152	0.152830440134497
2.6232	0.153036839686668
2.6312	0.153161503930479
2.6392	0.153214977923335
2.6472	0.153210017879099
2.6552	0.153160770628837
2.6632	0.15308188926551
2.6712	0.152987684463414
2.6792	0.152891394066014
2.6872	0.152804568055332
2.6952	0.152736561062703
2.7032	0.152694143814263
2.7112	0.152681245978235
2.7192	0.152698815312248
2.7272	0.152744841570869
2.7352	0.152814547615404
2.7432	0.152900723634616
2.7512	0.152994178600936
2.7592	0.153084278911638
2.7672	0.153159477987501
2.7752	0.153207805225574
2.7832	0.153217301887965
2.7912	0.153176397164505
2.7992	0.153074242270539
2.8072	0.152901030019558
2.8152	0.152648304085068
2.8232	0.152309251652355
2.8312	0.151878957848992
2.8392	0.151354607521588
2.8472	0.150735620333376
2.8552	0.150023680368815
2.8632	0.149222634619867
2.8712	0.148338249844394
2.8792	0.147377815266174
2.8872	0.146349664028704
2.8952	0.145262694357486
2.9032	0.144125952175317
2.9112	0.142948322316871
2.9192	0.141738354375614
2.9272	0.140504154212059
2.9352	0.139253320138017
2.9432	0.137992910887184
2.9512	0.136729412891065
2.9592	0.135468683445914
2.9672	0.134215951223781
2.9752	0.1329759107135
2.9832	0.131752847224755
2.9912	0.130550603693075
2.9992	0.129372395807229
3.0072	0.128220525742517
3.0152	0.127096012536569
3.0232	0.125998247332516
3.0312	0.124924900246619
3.0392	0.123872109936754
3.0472	0.122834973865869
3.0552	0.121808234460012
3.0632	0.120786824991899
3.0712	0.119766053663383
3.0792	0.118741566667099
3.0872	0.117709171797906
3.0952	0.116664574249769
3.1032	0.115603355812107
3.1112	0.114521429639279
3.1192	0.113415728190936
3.1272	0.112284977706819
3.1352	0.111130451932493
3.1432	0.109956524378244
3.1512	0.108771015475563
3.1592	0.107585390888998
3.1672	0.106414701865564
3.1752	0.105277271266946
3.1832	0.104194251501038
3.1912	0.103189019849916
3.1992	0.102286411434132
3.2072	0.101511968796956
3.2152	0.100891262014754
3.2232	0.100449277453199
3.2312	0.100209857082804
3.2392	0.100195116971562
3.2472	0.100424854706182
3.2552	0.100916007225683
3.2632	0.101682189279029
3.2712	0.102733391007079
3.2792	0.104075761725194
3.2872	0.105711356388237
3.2952	0.107637893882796
3.3032	0.109848491378101
3.3112	0.112331361292672
3.3192	0.115069630668561
3.3272	0.118041296319146
3.3352	0.121219052346969
3.3432	0.124570103974909
3.3512	0.128056095857651
3.3592	0.13163304364
3.3672	0.135251582820395
3.3752	0.138857756638468
3.3832	0.142394349593529
3.3912	0.145802797796391
3.3992	0.149025531681919
3.4072	0.152008395476242
3.4152	0.154702758132505
3.4232	0.157067262031184
3.4312	0.159068995901025
3.4392	0.160683995891043
3.4472	0.161896950305802
3.4552	0.162700359292229
3.4632	0.163093146944376
3.4712	0.163079188505297
3.4792	0.162666073966922
3.4872	0.16186434123173
3.4952	0.160687369172267
3.5032	0.159151907162981
3.5112	0.157278669675174
3.5192	0.155092921430879
3.5272	0.152624713612405
3.5352	0.149908664289454
3.5432	0.14698313832424
3.5512	0.143889286527358
3.5592	0.140670039722755
3.5672	0.137369132401487
3.5752	0.134030244780055
3.5832	0.130696243678459
3.5912	0.127408332893369
3.5992	0.12420520544498
3.6072	0.12112226821561
3.6152	0.118190977773586
3.6232	0.115438303748641
3.6312	0.112886307791147
3.6392	0.110551987853076
3.6472	0.10844751177759
3.6552	0.106580727026177
3.6632	0.104955797196878
3.6712	0.103573944385925
3.6792	0.102434079438458
3.6872	0.101533147347432
3.6952	0.100866219220883
3.7032	0.100426470256045
3.7112	0.100205102739528
3.7192	0.100191360784507
3.7272	0.100372716334067
3.7352	0.100735117623914
3.7432	0.101263187115877
3.7512	0.101940294638434
3.7592	0.102748504205653
3.7672	0.103668530091254
3.7752	0.104679859415245
3.7832	0.105761078386658
3.7912	0.106890472258992
3.7992	0.108046826917608
3.8072	0.109210239519583
3.8152	0.110362824239467
3.8232	0.111489266023885
3.8312	0.112577155386626
3.8392	0.113617135423006
3.8472	0.11460291368266
3.8552	0.115531077311871
3.8632	0.11640074751333
3.8712	0.117213097245787
3.8792	0.117970735210221
3.8872	0.118677087847464
3.8952	0.119335877270776
3.9032	0.119950614255091
3.9112	0.120524190552121
3.9192	0.121058549028008
3.9272	0.121554426920833
3.9352	0.122011168641507
3.9432	0.122426800415788
3.9512	0.122798328388192
3.9592	0.123122060483951
3.9672	0.123393902379572
3.9752	0.123609648902386
3.9832	0.123765165813595
3.9912	0.123856418406897
3.9992	0.123879477518523
4.0072	0.123830626731888
4.0152	0.123706574651016
4.0232	0.123504774287669
4.0312	0.123223752193853
4.0392	0.122863306536481
4.0472	0.122424581509741
4.0552	0.121910024579356
4.0632	0.121323226708964
4.0712	0.12066861017095
4.0792	0.119951161274559
4.0872	0.119176182961302
4.0952	0.383271841926952
4.1032	0.38304752690937
4.1112	0.382762987538813
4.1192	0.382412162860508
4.1272	0.381989434484389
4.1352	0.381489822574524
4.1432	0.380909274730502
4.1512	0.380244991659935
4.1592	0.37949576115427
4.1672	0.378662266258045
4.1752	0.377747331848528
4.1832	0.376756119741166
4.1912	0.375696376885393
4.1992	0.374578566601738
4.2072	0.373415768769804
4.2152	0.372223306578095
4.2232	0.37101806955301
4.2312	0.369817530701827
4.2392	0.368638718773315
4.2472	0.367497335369413
4.2552	0.366407134994064
4.2632	0.365379656223169
4.2712	0.364424280904618
4.2792	0.363548319438257
4.2872	0.362757071687658
4.2952	0.362053792915976
4.3032	0.361439518344106
4.3112	0.360912809083295
4.3192	0.360469731518438
4.3272	0.360104114929676
4.3352	0.35980808625129
4.3432	0.3595728102278
4.3512	0.359389261284187
4.3592	0.359248860518715
4.3672	0.35914390542718
4.3752	0.359067739062455
4.3832	0.359014717049924
4.3912	0.358980082209439
4.3992	0.358959826759967
4.4072	0.358950568509361
4.4152	0.358949453476501
4.4232	0.358954074376474
4.4312	0.358962401087451
4.4392	0.358972728963272
4.4472	0.358983656005039
4.4552	0.358994088303316
4.4632	0.359003245546431
4.4712	0.359010656332218
4.4792	0.359016132353861
4.4872	0.359019717316163
4.4952	0.359021621007162
4.5032	0.359022162119432
4.5112	0.359021705644215
4.5192	0.359020610366547
4.5272	0.359019189252615
4.5352	0.3590176715251
4.5432	0.359016169097344
4.5512	0.359014672180344
4.5592	0.359013056158359
4.5672	0.359011100911789
4.5752	0.359008527161885
4.5832	0.35900504551047
4.5912	0.359000398768622
4.5992	0.358994406187733
4.6072	0.358987013759748
4.6152	0.358978367061773
4.6232	0.358968928914495
4.6312	0.358959646862425
4.6392	0.35895216628387
4.6472	0.358949080942216
4.6552	0.358954162060588
4.6632	0.358972487810507
4.6712	0.359010416759388
4.6792	0.359075389818002
4.6872	0.359175632543328
4.6952	0.359319846234274
4.7032	0.359516922488742
4.7112	0.359775687471382
4.7192	0.360104608135565
4.7272	0.360511284392811
4.7352	0.361001759622007
4.7432	0.361579848605014
4.7512	0.362246617013678
4.7592	0.3630001799047
4.7672	0.363835988441982
4.7752	0.364747448693106
4.7832	0.365726614886892
4.7912	0.366764805712108
4.7992	0.367852975079234
4.8072	0.368981823853451
4.8152	0.370141789722456
4.8232	0.371322987857045
4.8312	0.372515108169588
4.8392	0.37370728970944
4.8472	0.374888056646411
4.8552	0.376045368532585
4.8632	0.377166789532174
4.8712	0.378239733934617
4.8792	0.379251711330149
4.8872	0.380190443596372
4.8952	0.381043830100832
4.9032	0.381799869110179
4.9112	0.38244668968709
4.9192	0.382972725278401
4.9272	0.383367126912993
4.9352	0.383620388093871
4.9432	0.383724998478338
4.9512	0.383675936252302
4.9592	0.3834709189513
4.9672	0.383110397774357
4.9752	0.382597357000102
4.9832	0.381937013287908
4.9912	0.381136452895138
4.9992	0.38020421125207
5.0072	0.379149669123124
5.0152	0.377982239550586
5.0232	0.376710454322731
5.0312	0.375341112545256
5.0392	0.373878680759987
5.0472	0.372325095735515
5.0552	0.370680087616965
5.0632	0.368941937081503
5.0712	0.367108452144325
5.0792	0.365177790126724
5.0872	0.363148984999273
5.0952	0.361022247770614
5.1032	0.358799104152825
5.1112	0.356482386507752
5.1192	0.354076269087255
5.1272	0.351586384806281
5.1352	0.349020021309097
5.1432	0.34638642496882
5.1512	0.34369718636406
5.1592	0.340966522127859
5.1672	0.338211516527932
5.1752	0.335452122999674
5.1832	0.332710672950775
5.1912	0.330011147662184
5.1992	0.327378356893519
5.2072	0.324837090636357
5.2152	0.322411374255228
5.2232	0.320124029277195
5.2312	0.317996321866214
5.2392	0.31604768704727
5.2472	0.3142955210275
5.2552	0.312754930863652
5.2632	0.311438488115021
5.2712	0.310356176709452
5.2792	0.309515462320966
5.2872	0.308921431448705
5.2952	0.30857693095713
5.3032	0.308482629100963
5.3112	0.308636972051781
5.3192	0.309036100999083
5.3272	0.309673771493571
5.3352	0.310541320980118
5.3432	0.311627742639359
5.3512	0.312919995796395
5.3592	0.314403596417554
5.3672	0.316063272509183
5.3752	0.317883456450824
5.3832	0.319848374671014
5.3912	0.32194143390331
5.3992	0.324143882768407
5.4072	0.326433140889016
5.4152	0.328781175638913
5.4232	0.3311533995356
5.4312	0.333508582781793
5.4392	0.335799460153964
5.4472	0.337973730644384
5.4552	0.33997544652747
5.4632	0.341746531597279
5.4712	0.343228139818776
5.4792	0.344362568264047
5.4872	0.345096093552954
5.4952	0.345382518782784
5.5032	0.345187258570296
5.5112	0.344491674744048
5.5192	0.34329651645582
5.5272	0.341623653455258
5.5352	0.339515869440983
5.5432	0.337034752151791
5.5512	0.33425665871488
5.5592	0.331267917869722
5.5672	0.328160203909442
5.5752	0.325026597824928
5.5832	0.321958634075007
5.5912	0.319043917819538
5.5992	0.316363856988569
5.6072	0.313991398281355
5.6152	0.311988973437669
5.6232	0.310406829856303
5.6312	0.309282179774606
5.6392	0.308639370761628
5.6472	0.308490823343765
5.6552	0.308838268260234
5.6632	0.309673882219867
5.6712	0.310981170455609
5.6792	0.312735679542326
5.6872	0.314905728064921
5.6952	0.317453348285398
5.7032	0.320335677877947
5.7112	0.323506507576514
5.7192	0.326917800410297
5.7272	0.330520920353529
5.7352	0.334267683939424
5.7432	0.33811112487513
5.7512	0.342006027790477
5.7592	0.345909243524221
5.7672	0.349779970066995
5.7752	0.35357981766973
5.7832	0.357272821539091
5.7912	0.360825337624562
5.7992	0.364205936500136
5.8072	0.367385330052741
5.8152	0.370336569299684
5.8232	0.373035317921312
5.8312	0.375460188073714
5.8392	0.37759311280944
5.8472	0.379419664409975
5.8552	0.380929213208308
5.8632	0.382115053702738
5.8712	0.382974461996812
5.8792	0.383508637334417
5.8872	0.383722527267827
5.8952	0.383624584206942
5.9032	0.383226536323463
5.9112	0.382543269089672
5.9192	0.381592925835448
5.9272	0.380397281408952
5.9352	0.378982285144361
5.9432	0.377378551701641
5.9512	0.375621610107592
5.9592	0.373751647896159
5.9672	0.371812708133783
5.9752	0.369851549640591
5.9832	0.367916398229709
5.9912	0.366055822803654
5.9992	0.364317998924808
6.0072	0.362750166502825
6.0152	0.361398051391614
6.0232	0.360305181815372
6.0312	0.359511923122117
6.0392	0.359054124504421
6.0472	0.35896150463291
6.0552	0.359255817581945
6.0632	0.35994887919863
6.0712	0.361040643014459
6.0792	0.362517610948592
6.0872	0.364351972735592
6.0952	0.36650164429697
6.1032	0.36891137175193
6.1112	0.371514856834501
6.1192	0.374237852025793
6.1272	0.377002028123509
6.1352	0.37972957208568
6.1432	0.38234795970363
6.1512	0.384794896472598
6.1592	0.387022680258807
6.1672	0.389000955124245
6.1752	0.390717650322531
6.1832	0.392178532873277
6.1912	0.393404957986129
6.1992	0.394430619046996
6.2072	0.395298027258199
6.2152	0.396054945059382
6.2232	0.396750859131279
6.2312	0.397434008439059
6.2392	0.39814904469532
6.2472	0.39893552146217
6.2552	0.399827423364854
6.2632	0.400852894746894
6.2712	0.402033394341865
6.2792	0.40338252494817
6.2872	0.404904928693144
6.2952	0.406594803694762
6.3032	0.408434601158011
6.3112	0.410394390392104
6.3192	0.412432419681081
6.3272	0.414496640702263
6.3352	0.416527431575611
6.3432	0.418461153003338
6.3512	0.420234006933543
6.3592	0.421785919347898
6.3672	0.423064029258168
6.3752	0.424024860339871
6.3832	0.424635664005209
6.3912	0.424875096069654
6.3992	0.424732624657816
6.4072	0.424207347203697
6.4152	0.423307101190571
6.4232	0.422047376427673
6.4312	0.420450031229602
6.4392	0.418541531870206
6.4472	0.416351185703542
6.4552	0.41390961021581
6.4632	0.411247887380968
6.4712	0.408397470493555
6.4792	0.405390576555589
6.4872	0.402260569482042
6.4952	0.399041904691767
6.5032	0.395769301825877
6.5112	0.392476406648423
6.5192	0.389194682795658
6.5272	0.385953058837508
6.5352	0.382778166314762
6.5432	0.379694958737778
6.5512	0.376727908115843
6.5592	0.373902108403714
6.5672	0.371243766989513
6.5752	0.36878012425123
6.5832	0.366539014156999
6.5912	0.364547873848059
6.5992	0.362832382035554
6.6072	0.36141471734942
6.6152	0.360311745994697
6.6232	0.359533409985111
6.6312	0.359081657990829
6.6392	0.358950033908502
6.6472	0.359124012359878
6.6552	0.359581965325248
6.6632	0.360296557383664
6.6712	0.361236326620078
6.6792	0.36236722120233
6.6872	0.36365395842126
6.6952	0.365061102544066
6.7032	0.366553874120079
6.7112	0.368098813797448
6.7192	0.369664426930391
6.7272	0.371221791818934
6.7352	0.37274504142534
6.7432	0.374211704525525
6.7512	0.375602843868749
6.7592	0.376903038018577
6.7672	0.378100266547328
6.7752	0.379185714975902
6.7832	0.380153528639001
6.7912	0.381000590360049
6.7992	0.381726222692882
6.8072	0.382331829559607
6.8152	0.382820578168156
6.8232	0.383197131114063
6.8312	0.383467438481228
6.8392	0.383638609066132
6.8472	0.383718801548181
6.8552	0.383717081092221
6.8632	0.383643227122735
6.8712	0.383507483232111
6.8792	0.383320291189962
6.8872	0.383092040498288
6.8952	0.382832814544717
6.9032	0.382552163752682
6.9112	0.382258930619629
6.9192	0.381961107689901
6.9272	0.381665748057949
6.9352	0.381378949623557
6.9432	0.381105870556822
6.9512	0.380850766541853
6.9592	0.380617050515526
6.9672	0.380407376096853
6.9752	0.380223731820701
6.9832	0.380067535114172
6.9912	0.379939726587978
6.9992	0.379840853963009
7.0072	0.37977113278406
7.0152	0.379730486826245
7.0232	0.379718567869368
7.0312	0.379734742581397
7.0392	0.379778039795768
7.0472	0.379847121001688
7.0552	0.379940326374192
7.0632	0.380055746768761
7.0712	0.380191347085933
7.0792	0.380345184672257
7.0872	0.380515617953178
7.0952	0.380701401140529
7.1032	0.380901676737709
7.1112	0.381115823348292
7.1192	0.381343133896685
7.1272	0.381582432450405
7.1352	0.381831717130582
7.1432	0.382087903349305
7.1512	0.382346748264199
7.1592	0.382602953465974
7.1672	0.382850332738825
7.1752	0.383081983622221
7.1832	0.383290449388934
7.1912	0.383467812378807
7.1992	0.383605717810059
7.2072	0.383695380031666
7.2152	0.383727611630944
7.2232	0.383692895025396
7.2312	0.383581513323171
7.2392	0.383383759580275
7.2472	0.383090236009564
7.2552	0.382692244072201
7.2632	0.382182258106407
7.2712	0.381554472520507
7.2792	0.380805345696028
7.2872	0.379934072125542
7.2952	0.378942966897641
7.3032	0.377837749897374
7.3112	0.376627699351383
7.3192	0.375325663767861
7.3272	0.373947896153438
7.3352	0.372513667141157
7.3432	0.371044729280935
7.3512	0.369564659257013
7.3592	0.368098166757703
7.3672	0.366670420434308
7.3752	0.365306341695653
7.3832	0.364029755294465
7.3912	0.362862521961626
7.3992	0.361823772759178
7.4072	0.360929290548667
7.4152	0.360191285717466
7.4232	0.359618775274635
7.4312	0.359218469507083
7.4392	0.358995980552867
7.4472	0.358957063260593
7.4552	0.359108543994879
7.4632	0.359458722315258
7.4712	0.360017148743608
7.4792	0.360793772072118
7.4872	0.361797580484846
7.4952	0.363034893482969
7.5032	0.364507463350934
7.5112	0.366210678704912
7.5192	0.368132149726595
7.5272	0.370250641588457
7.5352	0.372535495864888
7.5432	0.374946646090422
7.5512	0.37743526272607
7.5592	0.379944991150409
7.5672	0.382413784872027
7.5752	0.384776202471543
7.5832	0.386965797566563
7.5912	0.388917625320762
7.5992	0.390570792748399
7.6072	0.39187089692778
7.6152	0.392772675423691
7.6232	0.393242927961715
7.6312	0.393263156649403
7.6392	0.392831564830098
7.6472	0.391964106876278
7.6552	0.390693605199654
7.6632	0.389067078515692
7.6712	0.387142074486116
7.6792	0.384982508069781
7.6872	0.38265462410611
7.6952	0.380223793447507
7.7032	0.377752113575069
7.7112	0.375296763589039
7.7192	0.372909036849884
7.7272	0.370633779996667
7.7352	0.368508892203518
7.7432	0.36656494216104
7.7512	0.364824988667388
7.7592	0.363304812955332
7.7672	0.362013476628189
7.7752	0.360954212866356
7.7832	0.36012561972656
7.7912	0.359522844951099
7.7992	0.359138472002523
7.8072	0.358963135065145
7.8152	0.35898582249004
7.8232	0.359193943114305
7.8312	0.359573337749395
7.8392	0.360108329157918
7.8472	0.360781900212036
7.8552	0.361576050682225
7.8632	0.362472229478464
7.8712	0.363451770113185
7.8792	0.364496301246847
7.8872	0.36558797978514
7.8952	0.366709545837705
7.9032	0.367844340575778
7.9112	0.368976404180423
7.9192	0.370090705396123
7.9272	0.371173501461718
7.9352	0.372212790261191
7.9432	0.37319874509759
7.9512	0.374123955926004
7.9592	0.374983467205012
7.9672	0.375774632203975
7.9752	0.376496798602975
7.9832	0.377150854054999
7.9912	0.377738795807391
7.9992	0.378263339441873
8.0072	0.378727619247512
8.0152	0.379134988237251
8.0232	0.379488915167723
8.0312	0.379792933657487
8.0392	0.380050592085763
8.0472	0.380265367912327
8.0552	0.380440561858598
8.0632	0.380579193053064
8.0712	0.380683962692075
8.0792	0.380757228075637
8.0872	0.380801022961514
8.0952	0.380817068832342
8.1032	0.380806773339936
8.1112	0.380771190145104
8.1192	0.38071097594535
8.1272	0.380626355717595
8.1352	0.380517158577491
8.1432	0.380382968657
8.1512	0.380223300747615
8.1592	0.380037732768714
8.1672	0.379826006992903
8.1752	0.379588083977108
8.1832	0.379324136393703
8.1912	0.620187583548153
8.1992	0.619602376291189
8.2072	0.61896848792531
8.2152	0.618288149539138
8.2232	0.617564261301446
8.2312	0.616799971136938
8.2392	0.615998247407868
8.2472	0.615161582992869
8.2552	0.614291888999622
8.2632	0.613390559662852
8.2712	0.612458810230573
8.2792	0.611497980829354
8.2872	0.610509660606949
8.2952	0.609495593265526
8.3032	0.608457472234718
8.3112	0.607396714882166
8.3192	0.606314510971648
8.3272	0.60521223501528
8.3352	0.604092152204361
8.3432	0.602958077929335
8.3512	0.601815821770897
8.3592	0.600673413256496
8.3672	0.59954083726112
8.3752	0.59842938932772
8.3832	0.597351049235099
8.3912	0.596317880045243
8.3992	0.595341471441785
8.4072	0.594432690636866
8.4152	0.593601633091099
8.4232	0.5928575459554
8.4312	0.592208604148517
8.4392	0.59166151085533
8.4472	0.591220776062718
8.4552	0.590887866264911
8.4632	0.590660498001586
8.4712	0.590532276372594
8.4792	0.5904927688842
8.4872	0.590528092663867
8.4952	0.590621920710289
8.5032	0.590756723268123
8.5112	0.590915040386722
8.5192	0.591080586899885
8.5272	0.591239048779629
8.5352	0.591378511572927
8.5432	0.591489623728281
8.5512	0.591565560335454
8.5592	0.591601960316291
8.5672	0.591596904750912
8.5752	0.591550969720375
8.5832	0.591467262349553
8.5912	0.591351377656602
8.5992	0.59121118222043
8.6072	0.59105643351633
8.6152	0.590898363089806
8.6232	0.590749352082311
8.6312	0.590622696783697
8.6392	0.590532448439257
8.6472	0.590493310250475
8.6552	0.5905205823718
8.6632	0.590630095421481
8.6712	0.590838099391517
8.6792	0.591161079646032
8.6872	0.591615386257644
8.6952	0.592216627024944
8.7032	0.592978939274861
8.7112	0.593914129264789
8.7192	0.59503073824381
8.7272	0.59633322735524
8.7352	0.597821294051005
8.7432	0.59948926153587
8.7512	0.601325770437105
8.7592	0.603313764098221
8.7672	0.60543073046518
8.7752	0.60764906262391
8.7832	0.609936484718936
8.7912	0.612256279498238
8.7992	0.614567494334631
8.8072	0.616825343482843
8.8152	0.618982000280086
8.8232	0.620987837123783
8.8312	0.622793216664176
8.8392	0.624350661556024
8.8472	0.625617113857686
8.8552	0.626556051719611
8.8632	0.627139430257431
8.8712	0.627349320772854
8.8792	0.627179127685393
8.8872	0.626634290792756
8.8952	0.625732340363045
8.9032	0.624502177357387
8.9112	0.622982661458112
8.9192	0.621220744230767
8.9272	0.619269507883052
8.9352	0.61718625186832
8.9432	0.615030709664945
8.9512	0.612863233236778
8.9592	0.610742765878099
8.9672	0.608724406271898
8.9752	0.606856642337133
8.9832	0.605178583343184
8.9912	0.60371774490754
8.9992	0.602488779667945
9.0072	0.601493582141318
9.0152	0.60072288812585
9.0232	0.600158907348147
9.0312	0.599778373535655
9.0392	0.599555534050706
9.0472	0.599464444352682
9.0552	0.599480277741796
9.0632	0.599579755275888
9.0712	0.599740898199341
9.0792	0.599942534683978
9.0872	0.600163972715466
9.0952	0.600384987706578
9.1032	0.600586289493391
9.1112	0.600750418144719
9.1192	0.600862762083539
9.1272	0.600912684452402
9.1352	0.600894643805821
9.1432	0.600808874871019
9.1512	0.600661591354354
9.1592	0.600464815864681
9.1672	0.600235780808708
9.1752	0.599996134588006
9.1832	0.599771104402693
9.1912	0.599588590426604
9.1992	0.599478166064115
9.2072	0.599469899868902
9.2152	0.599592897783205
9.2232	0.599873639302901
9.2312	0.600334195729713
9.2392	0.600990440700938
9.2472	0.601850476481383
9.2552	0.602913473155363
9.2632	0.604169146438734
9.2712	0.605598064163983
9.2792	0.607172865411579
9.2872	0.608860185608817
9.2952	0.610622969731887
9.3032	0.612422732552888
9.3112	0.614221519070503
9.3192	0.615983446552425
9.3272	0.61767589905685
9.3352	0.619270355632699
9.3432	0.620743030427478
9.3512	0.622075397940931
9.3592	0.623254578385824
9.3672	0.624273454614515
9.3752	0.625130522744707
9.3832	0.625829385775498
9.3912	0.626378072065032
9.3992	0.626788197209892
9.4072	0.627073984034704
9.4152	0.627251226459586
9.4232	0.62733630894917
9.4312	0.627345245142932
9.4392	0.627292828673918
9.4472	0.627191981688009
9.4552	0.627053343025013
9.4632	0.626885156029642
9.4712	0.626693420838928
9.4792	0.626482244162776
9.4872	0.626254334183683
9.4952	0.62601150969749
9.5032	0.625755075820845
9.5112	0.625486111236212
9.5192	0.625205637824001
9.5272	0.624914623539128
9.5352	0.624613896359675
9.5432	0.624304106410944
9.5512	0.623985793423659
9.5592	0.623659520084297
9.5672	0.623326055049844
9.5752	0.622986510659683
9.5832	0.622642404440038
9.5912	0.622295591853543
9.5992	0.621948149411294
9.6072	0.621602283378198
9.6152	0.621260296544872
9.6232	0.620924620832065
9.6312	0.620597943156538
9.6392	0.62028321467935
9.6472	0.619983537155665
9.6552	0.619701953616039
9.6632	0.619441139115839
9.6712	0.619203008722438
9.6792	0.618988520797243
9.6872	0.61879765653979
9.6952	0.618629561531
9.7032	0.618482933453073
9.7112	0.618356512732191
9.7192	0.618249356610535
9.7272	0.618160903760593
9.7352	0.618090846629409
9.7432	0.61803876014598
9.7512	0.618003643240694
9.7592	0.617983670433938
9.7672	0.617976168342445
9.7752	0.617977959618415
9.7832	0.617985905858923
9.7912	0.617997409389304
9.7992	0.61801074371734
9.8072	0.618025091779334
9.8152	0.618040274884388
9.8232	0.618056395469937
9.8312	0.618073377018787
9.8392	0.618090516736734
9.8472	0.618106205934268
9.8552	0.61811781378092
9.8632	0.618121562706277
9.8712	0.618112674764129
9.8792	0.618085800214807
9.8872	0.618035486712143
9.8952	0.617956625912413
9.9032	0.617844833004334
9.9112	0.617696511730149
9.9192	0.617508573705917
9.9272	0.617278023686891
9.9352	0.617001517288481
9.9432	0.616674982426135
9.9512	0.616293444701018
9.9592	0.615851160321668
9.9672	0.615341936173296
9.9752	0.614759434809747
9.9832	0.61409735777279
9.9912	0.613349671766434
9.9992	0.612510727703851
10.0072	0.611575465435378
10.0152	0.610539949220982
10.0232	0.609402184668314
10.0312	0.608162882270223
10.0392	0.606826156380658
10.0472	0.605399998098088
10.0552	0.603896406187255
10.0632	0.602331446063477
10.0712	0.600725490990197
10.0792	0.599103623925869
10.0872	0.597496258868272
10.0952	0.595939932511842
10.1032	0.594477953980739
10.1112	0.59316043129825
10.1192	0.592043345268888
10.1272	0.591186612269443
10.1352	0.590651255709831
10.1432	0.590496040819785
10.1512	0.590773937665963
10.1592	0.591528728903519
10.1672	0.592792132928302
10.1752	0.594581760917102
10.1832	0.596900173922107
10.1912	0.599735231104018
10.1992	0.603061331434382
10.2072	0.60684117964846
10.2152	0.611027553885257
10.2232	0.615564578012829
10.2312	0.620387834704353
10.2392	0.625424025574414
10.2472	0.63059039780799
10.2552	0.635794749043312
10.2632	0.640936616022806
10.2712	0.645909748445622
10.2792	0.650603568192984
10.2872	0.654904045029507
10.2952	0.65869455683664
10.3032	0.661857433210621
10.3112	0.664277087725795
10.3192	0.66584639103112
10.3272	0.666475254942734
10.3352	0.666099399621226
10.3432	0.664687886148265
10.3512	0.662247919956607
10.3592	0.65882533402465
10.3672	0.654502192000208
10.3752	0.649393029826005
10.3832	0.643640275986979
10.3912	0.637409396117626
10.3992	0.630883922023815
10.4072	0.62426036168263
10.4152	0.617742527080164
10.4232	0.611535325550395
10.4312	0.60583793656847
10.4392	0.600836256623658
10.4472	0.596694269049294
10.4552	0.593544932473106
10.4632	0.591481551334011
10.4712	0.590550721104732
10.4792	0.590747912641227
10.4872	0.592016348662904
10.4952	0.594249224642837
10.5032	0.597295079000629
10.5112	0.600965840472504
10.5192	0.60504693886705
10.5272	0.609308974803247
10.5352	0.613520200021227
10.5432	0.617459006227444
10.5512	0.620925647841688
10.5592	0.623752308523491
10.5672	0.62581098124396
10.5752	0.62701894628364
10.5832	0.627341768867936
10.5912	0.626793872727761
10.5992	0.625436738534782
10.6072	0.623374671395856
10.6152	0.620748183660096
10.6232	0.617725082603252
10.6312	0.61448968063428
10.6392	0.611230889454587
10.6472	0.608130011422331
10.6552	0.605349143261568
10.6632	0.60302130162014
10.6712	0.601242959462025
10.6792	0.600069465864054
10.6872	0.599513674631813
10.6952	0.599547841734603
10.7032	0.600108439176003
10.7112	0.601103401982678
10.7192	0.602420967319459
10.7272	0.603938941079038
10.7352	0.605533520150471
10.7432	0.607086807621142
10.7512	0.608492426068141
10.7592	0.609659728232268
10.7672	0.610517287358421
10.7752	0.611015466429516
10.7832	0.611127994073664
10.7912	0.610852641324113
10.7992	0.610210357089164
10.8072	0.609243341292943
10.8152	0.608012529612557
10.8232	0.606594787443866
10.8312	0.605079728851846
10.8392	0.603566307863135
10.8472	0.602158346928734
10.8552	0.600958850672049
10.8632	0.60006337635531
10.8712	0.599553473549436
10.8792	0.599491057329006
10.8872	0.599914439647081
10.8952	0.600836341345987
10.9032	0.602243630337311
10.9112	0.604098258116016
10.9192	0.606339115328955
10.9272	0.608884672960611
10.9352	0.611636279089018
10.9432	0.614482240307039
10.9512	0.617302661346708
10.9592	0.61997489778963
10.9672	0.622379367027245
10.9752	0.624405350258092
10.9832	0.625956336059749
10.9912	0.626954682103586
10.9992	0.627345454062132
11.0072	0.627099206499725
11.0152	0.626213428949983
11.0232	0.624712423687077
11.0312	0.622645503794613
11.0392	0.620083790457025
11.0472	0.61711630408033
11.0552	0.613845960673382
11.0632	0.610386014734534
11.0712	0.606857137987738
11.0792	0.603384774336348
11.0872	0.600096259366921
11.0952	0.597117530921215
11.1032	0.594569136688673
11.1112	0.592561842412383
11.1192	0.591192448788622
11.1272	0.590540137251287
11.1352	0.590663720916551
11.1432	0.591600192428958
11.1512	0.593364469857397
11.1592	0.595950193322226
11.1672	0.599331206955311
11.1752	0.603462951280467
11.1832	0.608283391239655
11.1912	0.613713267426348
11.1992	0.61965576793542
11.2072	0.625996476382477
11.2152	0.632604127947552
11.2232	0.639332099634896
11.2312	0.646021044932215
11.2392	0.652502797559812
11.2472	0.658604793521632
11.2552	0.664154814515273
11.2632	0.668985627689851
11.2712	0.67294020252738
11.2792	0.675877779362292
11.2872	0.677680671568144
11.2952	0.678261593511706
11.3032	0.677571232009193
11.3112	0.67560424859724
11.3192	0.672402528501518
11.3272	0.668055031480048
11.3352	0.662693873729557
11.3432	0.656486951802555
11.3512	0.649629770949728
11.3592	0.642337206824322
11.3672	0.634835472398882
11.3752	0.627354507296851
11.3832	0.620120595590649
11.3912	0.613347731694578
11.3992	0.607228298737995
11.4072	0.601924800500558
11.4152	0.597562910791313
11.4232	0.59422624079005
11.4312	0.591953534224029
11.4392	0.590738554493459
11.4472	0.590532409869073
11.4552	0.591248503573105
11.4632	0.592769803174876
11.4712	0.594957595392243
11.4792	0.597660865857529
11.4872	0.600725223984464
11.4952	0.604000647225417
11.5032	0.607347770359063
11.5112	0.610642738438218
11.5192	0.613780366092149
11.5272	0.61667606223001
11.5352	0.619266305271514
11.5432	0.621507872640723
11.5512	0.623376276584931
11.5592	0.624864057304878
11.5672	0.625978966253999
11.5752	0.626741976608466
11.5832	0.627184820949084
11.5912	0.627347023476284
11.5992	0.627272662638804
11.6072	0.627007381732804
11.6152	0.626596135076143
11.6232	0.626081867723448
11.6312	0.625504964404749
11.6392	0.62490309717356
11.6472	0.624311111871316
11.6552	0.623760540484737
11.6632	0.623278842245055
11.6712	0.622888593600775
11.6792	0.622606809437082
11.6872	0.622444552884334
11.6952	0.622406917125351
11.7032	0.622493252644672
11.7112	0.622697570593997
11.7192	0.623009033969455
11.7272	0.623412540491914
11.7352	0.62388929079208
11.7432	0.624417400034558
11.7512	0.624972565796929
11.7592	0.62552868096431
11.7672	0.626058320947999
11.7752	0.626533144378771
11.7832	0.626924232899997
11.7912	0.627202578612605
11.7992	0.627339965903948
11.8072	0.627310352991069
11.8152	0.627091630773284
11.8232	0.626667456454163
11.8312	0.626028796963219
11.8392	0.625174920907215
11.8472	0.624113627781623
11.8552	0.62286059594752
11.8632	0.621438083331478
11.8712	0.619873064788896
11.8792	0.618195059169382
11.8872	0.616434150705832
11.8952	0.614619541376229
11.9032	0.612778694761026
11.9112	0.610937397348101
11.9192	0.60912022148913
11.9272	0.607350798053739
11.9352	0.605651711731007
11.9432	0.604044000083787
11.9512	0.602546179033231
11.9592	0.601173322113896
11.9672	0.599936592207934
11.9752	0.598843219821243
11.9832	0.597896822121809
11.9912	0.597098084815528
11.9992	0.59644558510006
12.0072	0.595936756452465
12.0152	0.595568970858011
12.0232	0.595340659264505
12.0312	0.595252406697782
12.0392	0.595308010960684
12.0472	0.595515307116624
12.0552	0.595886468547963
12.0632	0.596437648803267
12.0712	0.597187874333208
12.0792	0.598157143928676
12.0872	0.599363778371414
12.0952	0.600821334653578
12.1032	0.602535403328574
12.1112	0.604500651455394
12.1192	0.60669847528891
12.1272	0.609095332727973
12.1352	0.611641769567635
12.1432	0.614272364256461
12.1512	0.616906782271505
12.1592	0.619452103333622
12.1672	0.62180657103834
12.1752	0.62386470324372
12.1832	0.625523410408649
12.1912	0.626688859639716
12.1992	0.62728369180587
12.2072	0.627254085152247
12.2152	0.626575954194239
12.2232	0.625259315730551
12.2312	0.623349992198866
12.2392	0.620928301209185
12.2472	0.618104996109865
12.2552	0.615015313269
12.2632	0.61181223155476
12.2712	0.608659884986592
12.2792	0.605727503683022
12.2872	0.815618385426768
12.2952	0.814958473843304
12.3032	0.814653617737685
12.3112	0.814666206820794
12.3192	0.81495702298771
12.3272	0.815486430088793
12.3352	0.816215512215309
12.3432	0.817107154299293
12.3512	0.818126962034214
12.3592	0.819243965025946
12.3672	0.820431076246506
12.3752	0.821665240950809
12.3832	0.822927227328923
12.3912	0.824201140790866
12.3992	0.825473756502737
12.4072	0.826733770862247
12.4152	0.827970971383438
12.4232	0.829175469261287
12.4312	0.83033693089596
12.4392	0.831443914788882
12.4472	0.832483395064893
12.4552	0.833440619261509
12.4632	0.834299352260948
12.4712	0.835042674767912
12.4792	0.835654211219882
12.4872	0.836119551665112
12.4952	0.836427541763283
12.5032	0.836571257050463
12.5112	0.836548582859193
12.5192	0.836362506307852
12.5272	0.836021398685149
12.5352	0.835539510239334
12.5432	0.834937677886455
12.5512	0.834244051189872
12.5592	0.833494449862151
12.5672	0.832731833528795
12.5752	0.832004598309704
12.5832	0.83136356029225
12.5912	0.830857745578358
12.5992	0.830529582341734
12.6072	0.830410258251913
12.6152	0.83051577866757
12.6232	0.830844299121532
12.6312	0.831375213416534
12.6392	0.832070296333585
12.6472	0.8328770615267
12.6552	0.833733705465939
12.6632	0.8345745756464
12.6712	0.835335232388617
12.6792	0.83595615075599
12.6872	0.836384683688298
12.6952	0.836575844455179
12.7032	0.83649267398073
12.7112	0.836106967878875
12.7192	0.835400845151239
12.7272	0.834369036463823
12.7352	0.833021398015989
12.7432	0.831384949609999
12.7512	0.829504733434374
12.7592	0.827443088722701
12.7672	0.825277284793526
12.7752	0.823095571204659
12.7832	0.820992067779269
12.7912	0.819061143668015
12.7992	0.817391959006162
12.8072	0.816063689990386
12.8152	0.815141732727017
12.8232	0.814674993078609
12.8312	0.814694220238396
12.8392	0.815211283678198
12.8472	0.81621940311494
12.8552	0.817694338280046
12.8632	0.819596452027414
12.8712	0.821873517760488
12.8792	0.824464086048656
12.8872	0.827301043913852
12.8952	0.830315128663614
12.9032	0.833438183055169
12.9112	0.836605936309696
12.9192	0.839760034503311
12.9272	0.842849399208315
12.9352	0.845830727145547
12.9432	0.848668188431687
12.9512	0.851332567052443
12.9592	0.853800144961435
12.9672	0.85605149346146
12.9752	0.858070805189723
12.9832	0.85984579001609
12.9912	0.861367986514785
12.9992	0.86263324216829
13.0072	0.863642056707056
13.0152	0.864399264762958
13.0232	0.864913073334859
13.0312	0.865193410131806
13.0392	0.865250245927435
13.0472	0.865092461582553
13.0552	0.864727491464641
13.0632	0.864161689999845
13.0712	0.863401486642395
13.0792	0.862454900807518
13.0872	0.861332805982714
13.0952	0.860049565875487
13.1032	0.858622966413744
13.1112	0.857073499072481
13.1192	0.855423278023341
13.1272	0.853694598666507
13.1352	0.851908524216213
13.1432	0.850083737947981
13.1512	0.848235974323494
13.1592	0.846377826133862
13.1672	0.844519148295572
13.1752	0.842667847038711
13.1832	0.840830909819054
13.1912	0.839015300373905
13.1992	0.837228398839511
13.2072	0.835477797532953
13.2152	0.833770761863403
13.2232	0.832113619982418
13.2312	0.830511448223823
13.2392	0.828968027338229
13.2472	0.827486313352618
13.2552	0.826069027353024
13.2632	0.824719194766454
13.2712	0.823440474830003
13.2792	0.822237295677557
13.2872	0.821114594748926
13.2952	0.820077389012731
13.3032	0.819130371198654
13.3112	0.818277483968798
13.3192	0.817521469028288
13.3272	0.816863505746802
13.3352	0.816302904316122
13.3432	0.815836869728096
13.3512	0.815460438160959
13.3592	0.815166702436832
13.3672	0.814947227609705
13.3752	0.814792646942363
13.3832	0.814693278165462
13.3912	0.814639580806377
13.3992	0.814622385518361
13.4072	0.814632934773669
13.4152	0.814662793326023
13.4232	0.814703779402653
13.4312	0.814748057389881
13.4392	0.81478843006964
13.4472	0.814818815753659
13.4552	0.814834794748019
13.4632	0.814834090297368
13.4712	0.814816866635097
13.4792	0.814785745150834
13.4872	0.81474544674483
13.4952	0.814702159622235
13.5032	0.814662765019742
13.5112	0.814634088385117
13.5192	0.814622362407147
13.5272	0.814632994926957
13.5352	0.81467058412208
13.5432	0.814739057781996
13.5512	0.814841784341079
13.5592	0.814981597971189
13.5672	0.815160818375701
13.5752	0.815381345702872
13.5832	0.815644931782645
13.5912	0.815953680136256
13.5992	0.816310630203816
13.6072	0.816720192111196
13.6152	0.817188340973092
13.6232	0.817722469382423
13.6312	0.818330978547912
13.6392	0.819022800357048
13.6472	0.81980697266713
13.6552	0.82069228299463
13.6632	0.821687077433945
13.6712	0.822799132965454
13.6792	0.82403551958959
13.6872	0.825402602571172
13.6952	0.826906275874247
13.7032	0.828552464572162
13.7112	0.830347933269615
13.7192	0.832301061114751
13.7272	0.834422082626699
13.7352	0.836722710248179
13.7432	0.839215032250946
13.7512	0.84190957978742
13.7592	0.844813174305865
13.7672	0.847927129409216
13.7752	0.851245804134707
13.7832	0.854755671296188
13.7912	0.858434867050391
13.7992	0.862252785005043
13.8072	0.866169886535938
13.8152	0.870138442251921
13.8232	0.874104222874814
13.8312	0.878009087098376
13.8392	0.881794343366637
13.8472	0.885403853063516
13.8552	0.888786410900305
13.8632	0.891897291487045
13.8712	0.894698805944094
13.8792	0.897159967239857
13.8872	0.899256042443044
13.8952	0.900967854370945
13.9032	0.902280867081968
13.9112	0.903184235894647
13.9192	0.903669918076107
13.9272	0.90373186706589
13.9352	0.90336574609404
13.9432	0.902569149590472
13.9512	0.901342359004974
13.9592	0.899689419020921
13.9672	0.897619127282769
13.9752	0.895145413167202
13.9832	0.892287230745497
13.9912	0.889068119089119
13.9992	0.885515804965761
14.0072	0.881662070113825
14.0152	0.877542717410605
14.0232	0.873197556091663
14.0312	0.868670812500962
14.0392	0.864011530409696
14.0472	0.859273543781247
14.0552	0.854514950269956
14.0632	0.849797290714137
14.0712	0.84518397077014
14.0792	0.840738015604473
14.0872	0.836519660010643
14.0952	0.832584051057859
14.1032	0.828979108354633
14.1112	0.825743930478031
14.1192	0.822907925759719
14.1272	0.82049035859203
14.1352	0.818500349221029
14.1432	0.816937308794139
14.1512	0.815791668181335
14.1592	0.815045925053143
14.1672	0.814676011919076
14.1752	0.814652788783178
14.1832	0.814943482126304
14.1912	0.815512956394665
14.1992	0.816324630987743
14.2072	0.817341000027708
14.2152	0.818523894339481
14.2232	0.819834676489072
14.2312	0.821234591437139
14.2392	0.822685566626458
14.2472	0.824151454518802
14.2552	0.825599512807015
14.2632	0.827001866830678
14.2712	0.82833662306833
14.2792	0.829588268093727
14.2872	0.830747134473764
14.2952	0.83180816927341
14.3032	0.8327691893178
14.3112	0.833629086293903
14.3192	0.834386473547598
14.3272	0.83503891231517
14.3352	0.835582723533385
14.3432	0.836013362982054
14.3512	0.836326100107306
14.3592	0.836516723480848
14.3672	0.836582197664798
14.3752	0.836521182094065
14.3832	0.836334374627501
14.3912	0.83602479254334
14.3992	0.835598002241522
14.4072	0.835062297514462
14.4152	0.834428883222456
14.4232	0.833711969466435
14.4312	0.832928727774231
14.4392	0.832099071130235
14.4472	0.831245042021575
14.4552	0.830389835820704
14.4632	0.829556652655928
14.4712	0.828767420939753
14.4792	0.828041642528678
14.4872	0.827395534277718
14.4952	0.826841473270784
14.5032	0.826387749665997
14.5112	0.82603885924347
14.5192	0.825796093276518
14.5272	0.825658385389586
14.5352	0.825623265093755
14.5432	0.825687744510772
14.5512	0.825848871398055
14.5592	0.826104039674684
14.5672	0.826450837319578
14.5752	0.826886490333944
14.5832	0.827407018498659
14.5912	0.828006242891895
14.5992	0.82867480349938
14.6072	0.829399745876671
14.6152	0.830164775858748
14.6232	0.830951273099773
14.6312	0.831739790745996
14.6392	0.83251161655587
14.6472	0.833249889629421
14.6552	0.833940147266111
14.6632	0.834570185795199
14.6712	0.835129537406315
14.6792	0.835608949978916
14.6872	0.836000099389757
14.6952	0.836295603820517
14.7032	0.836489348727595
14.7112	0.836576989800465
14.7192	0.836556424224868
14.7272	0.8364280954302
14.7352	0.836195058832679
14.7432	0.835862780106448
14.7512	0.835438710972936
14.7592	0.834931729727987
14.7672	0.834351543952212
14.7752	0.833708156848536
14.7832	0.833011475567086
14.7912	0.832271042815655
14.7992	0.83149588186137
14.8072	0.830694427846275
14.8152	0.829874489363769
14.8232	0.829043202132071
14.8312	0.82820703311017
14.8392	0.827371821927391
14.8472	0.826542838107008
14.8552	0.825724877963731
14.8632	0.824922325390772
14.8712	0.824139148148245
14.8792	0.82337884489197
14.8872	0.822644388058011
14.8952	0.821938105441247
14.9032	0.821261532434857
14.9112	0.820615317774225
14.9192	0.819999247148692
14.9272	0.81941241340855
14.9352	0.818853504193761
14.9432	0.818321170143042
14.9512	0.81781443337111
14.9592	0.817333069956351
14.9672	0.816877891412667
14.9752	0.816450909031214
14.9832	0.816055408202275
14.9912	0.815695897158141
14.9992	0.815377932653224
15.0072	0.815107750708229
15.0152	0.81489174100282
15.0232	0.814735883084855
15.0312	0.81464525040754
15.0392	0.814623667387263
15.0472	0.814673651041812
15.0552	0.814796637073293
15.0632	0.814993377860181
15.0712	0.815264426881008
15.0792	0.815610618062234
15.0872	0.816033501171425
15.0952	0.816535706799402
15.1032	0.817121279010986
15.1112	0.81779590237825
15.1192	0.81856711334836
15.1272	0.819444426186868
15.1352	0.820439381978106
15.1432	0.821565497225746
15.1512	0.822838195895618
15.1592	0.824274466529689
15.1672	0.825892330822619
15.1752	0.827710153676979
15.1832	0.829745722054708
15.1912	0.832015106458045
15.1992	0.8345319642529
15.2072	0.837307248987962
15.2152	0.840349511918691
15.2232	0.843665881307684
15.2312	0.847263377432387
15.2392	0.851149618723984
15.2472	0.855332987662414
15.2552	0.859821780936697
15.2632	0.864622219551689
15.2712	0.869735958744394
15.2792	0.8751577525745
15.2872	0.88087283518088
15.2952	0.886854373709192
15.3032	0.893061186880409
15.3112	0.89943593657131
15.3192	0.905904230835551
15.3272	0.91237552765547
15.3352	0.918746177854207
15.3432	0.924904609638536
15.3512	0.930737543376171
15.3592	0.936135971452641
15.3672	0.941000144772327
15.3752	0.945243149780311
15.3832	0.948793507503523
15.3912	0.951597403847982
15.3992	0.953620605970074
15.4072	0.954849674093396
15.4152	0.955292196943194
15.4232	0.954975759568243
15.4312	0.953945997680189
15.4392	0.952264543658389
15.4472	0.950007288252658
15.4552	0.947262980568549
15.4632	0.944131748963523
15.4712	0.940722971678384
15.4792	0.937152490485529
15.4872	0.933539335604514
15.4952	0.93000180035844
15.5032	0.926653362108797
15.5112	0.923598717987407
15.5192	0.920929606787869
15.5272	0.918721021003692
15.5352	0.917028823383672
15.5432	0.915889271698414
15.5512	0.915320201988929
15.5592	0.915323442245449
15.5672	0.915887153451504
15.5752	0.920963746311261
15.5832	0.925948813230624
15.5912	0.930652345578636
15.5992	0.934937016747977
15.6072	0.938728482622454
15.6152	0.942005952365879
15.6232	0.944786257039015
15.6312	0.94710861584125
15.6392	0.949022892176869
15.6472	0.950581684984226
15.6552	0.951835581634377
15.6632	0.952830668524459
15.6712	0.953607504320934
15.6792	0.954200964488375
15.6872	0.954640558186521
15.6952	0.954950967099039
15.7032	0.955152657961247
15.7112	0.955262484757454
15.7192	0.955294242366007
15.7272	0.955259160665628
15.7352	0.955166338264046
15.7432	0.955023119733186
15.7512	0.954835420497206
15.7592	0.954608000255025
15.7672	0.954344686146908
15.7752	0.954048548623573
15.7832	0.953722034864826
15.7912	0.953367069433067
15.7992	0.952985132840318
15.8072	0.952577325029871
15.8152	0.952144420063763
15.8232	0.951686916556981
15.8312	0.95120508248219
15.8392	0.950698992506304
15.8472	0.950168559898299
15.8552	0.949613564331618
15.8632	0.94903367630615
15.8712	0.948428478221583
15.8792	0.947797481541093
15.8872	0.947140144817871
15.8952	0.946455893651371
15.9032	0.94574414139538
15.9112	0.945004309329015
15.9192	0.944235850856552
15.9272	0.943438274799778
15.9352	0.942611165149034
15.9432	0.941754196714793
15.9512	0.940867146651888
15.9592	0.939949897875923
15.9672	0.93900243788523
15.9752	0.938024852153999
15.9832	0.937017317187788
15.9912	0.935980096349423
15.9992	0.934913541882439
16.0072	0.933818097279081
16.0152	0.932694305143533
16.0232	0.931542816104619
16.0312	0.930364400132173
16.0392	0.929159955918354
16.0472	0.927930517814918
16.0552	0.926677255218192
16.0632	0.925401471672204
16.0712	0.924104603243888
16.0792	0.922788214761605
16.0872	0.921453995040579
16.0952	0.920103755565209
16.1032	0.918739424595967
16.1112	0.917363036721293
16.1192	0.915976717937739
16.1272	0.91458266615673
16.1352	0.913183125096028
16.1432	0.911780358875834
16.1512	0.910376628885373
16.1592	0.908974174444734
16.1672	0.907575199508677
16.1752	0.906181866261439
16.1832	0.904796289936114
16.1912	0.903420529963121
16.1992	0.902056584140113
16.2072	0.900706387308421
16.2152	0.899371813766705
16.2232	0.898054683294476
16.2312	0.89675677114153
16.2392	0.895479815120547
16.2472	0.894225517385461
16.2552	0.892995540137139
16.2632	0.891791494404405
16.2712	0.890614923223181
16.2792	0.889467286969901
16.2872	0.888349951067096
16.2952	0.887264176095097
16.3032	0.886211110631911
16.3112	0.885191794316976
16.3192	0.884207165090414
16.3272	0.883258071232052
16.3352	0.882345289124471
16.3432	0.881469547410357
16.3512	0.880631546428399
16.3592	0.879831968707637
16.3672	0.879071478949745
16.3752	0.878350711802645
16.3832	0.877670249372774
