0.0072	-0.0503136953789898
0.0152	-0.0451115623278393
0.0232	-0.0400888487330633
0.0312	-0.0352385647124889
0.0392	-0.0305539062229119
0.0472	-0.0260282603299711
0.0552	-0.0216552092266815
0.0632	-0.0174285331237376
0.0712	-0.0133422121257218
0.0792	-0.00939042719866845
0.0872	-0.00556756032615247
0.0952	-0.00186819394319415
0.1032	0.00171289027021726
0.1112	0.00518071518695185
0.1192	0.00854011941449517
0.1272	0.0117957627817133
0.1352	0.0149521124170662
0.1432	0.0180134161102672
0.1512	0.020983672250358
0.1592	0.0238666016140847
0.1672	0.0266656235408915
0.1752	0.0293838509825366
0.1832	0.0320241056720263
0.1912	0.0345889494358151
0.1992	0.0370807245196014
0.2072	0.0395015975971276
0.2152	0.0418535988681723
0.2232	0.0441386562213377
0.2312	0.0463586228707538
0.2392	0.048515296361241
0.2472	0.0506104296636063
0.2552	0.0526457411532086
0.2632	0.0546229216058707
0.2712	0.056543637945454
0.2792	0.0584095285633925
0.2872	0.06022219682126
0.2952	0.0619832028605372
0.3032	0.0636940535542139
0.3112	0.0653561905808544
0.3192	0.0669709837046488
0.3272	0.0685397306297908
0.3352	0.0700636629311908
0.3432	0.0715439577387593
0.3512	0.0729817531641925
0.3592	0.0743781613865244
0.3672	0.0757342809296648
0.3752	0.0770512022028247
0.3832	0.0783300046144237
0.3912	0.0795717471153667
0.3992	0.0807774581776439
0.4072	0.081948123776644
0.4152	0.0830846794193631
0.4232	0.0841880081088955
0.4312	0.0852589443826235
0.4392	0.0862982846310103
0.4472	0.0873068020467682
0.4552	0.0882852592807704
0.4632	0.0892344188200715
0.4712	0.0901550504928255
0.4792	0.0910479346656039
0.4872	0.0919138616086597
0.4952	0.092753633847892
0.5032	0.0935680716822667
0.5112	0.0943580148822019
0.5192	0.0951243196191818
0.5272	0.0958678517229006
0.5352	0.0965894774460734
0.5432	0.0972900530141898
0.5512	0.0979704152329286
0.5592	0.09863137628826
0.5672	0.0992737175944205
0.5752	0.0998981824594638
0.5832	0.100505466617138
0.5912	0.101096207111974
0.5992	0.101670971866955
0.6072	0.102230258514949
0.6152	0.102774505194799
0.6232	0.103304114535008
0.6312	0.103819482601825
0.6392	0.104321028221507
0.6472	0.10480921310671
0.6552	0.105284551206724
0.6632	0.105747606691675
0.6712	0.106198996798993
0.6792	0.106639402422251
0.6872	0.107069595593037
0.6952	0.107490484562942
0.7032	0.107903175387163
0.7112	0.108309041907758
0.7192	0.108709806489468
0.7272	0.109107634315018
0.7352	0.109505243526381
0.7432	0.109906023489493
0.7512	0.110314167583982
0.7592	0.110734813626918
0.7672	0.111174175081514
0.7752	0.111639630133286
0.7832	0.112139724807444
0.7912	0.112684002474432
0.7992	0.113282508386521
0.8072	0.11394478079463
0.8152	0.114678122134318
0.8232	0.115484985383938
0.8312	0.116359489443773
0.8392	0.117701245683224
0.8472	0.119025110457462
0.8552	0.120322914322649
0.8632	0.121588058489344
0.8712	0.122815428600219
0.8792	0.12400129407172
0.8872	0.125143189869744
0.8952	0.126239801980269
0.9032	0.127290864906827
0.9112	0.12829700096418
0.9192	0.129259532072448
0.9272	0.130180290040444
0.9352	0.131061445424401
0.9432	0.131905392254415
0.9512	0.132714713574464
0.9592	0.133492154619131
0.9672	0.13424059440034
0.9752	0.134963023587764
0.9832	0.135662502319467
0.9912	0.13634203090086
0.9992	0.137004423171462
1.0072	0.137652158311442
1.0152	0.138287221912393
1.0232	0.138910969761912
1.0312	0.139524080717807
1.0392	0.140126496826061
1.0472	0.140717421779756
1.0552	0.14129533712801
1.0632	0.141858013034826
1.0712	0.142402523020646
1.0792	0.14292536830514
1.0872	0.143422645972702
1.0952	0.143890329182472
1.1032	0.144324585905624
1.1112	0.144722115223313
1.1192	0.145080406040723
1.1272	0.145397928250967
1.1352	0.145674128536577
1.1432	0.145909299059198
1.1512	0.146104381568774
1.1592	0.146260794717348
1.1672	0.146380315599584
1.1752	0.146465087792801
1.1832	0.146517678155246
1.1912	0.146541123516576
1.1992	0.146538881022318
1.2072	0.146514654545533
1.2152	0.146472123512888
1.2232	0.146414657849965
1.2312	0.146344994827593
1.2392	0.146264973947767
1.2472	0.146175387467743
1.2552	0.146075959364833
1.2632	0.145965445497717
1.2712	0.14584186259338
1.2792	0.145702774272779
1.2872	0.145545606034264
1.2952	0.145367955411139
1.3032	0.145167842512518
1.3112	0.14494387740818
1.3192	0.144695355540935
1.3272	0.144422312015287
1.3352	0.144125422304772
1.3432	0.143805727351058
1.3512	0.14346430560109
1.3592	0.143101995535788
1.3672	0.142719188312161
1.3752	0.142315765757447
1.3832	0.141891259326235
1.3912	0.141445127302397
1.3992	0.140977023959111
1.4072	0.140487012044451
1.4152	0.139975624083154
1.4232	0.139443742365711
1.4312	0.138892411989974
1.4392	0.138322693163347
1.4472	0.137735563792124
1.4552	0.137131881568908
1.4632	0.136512421338638
1.4712	0.135877907526931
1.4792	0.135228963107846
1.4872	0.134565904252133
1.4952	0.133888496642535
1.5032	0.133195698454299
1.5112	0.132485445306238
1.5192	0.131754533845514
1.5272	0.130998663111771
1.5352	0.130212577925166
1.5432	0.129390312749544
1.5512	0.128525526662579
1.5592	0.127611863925605
1.5672	0.126643235092973
1.5752	0.125614092090044
1.5832	0.124519616282605
1.5912	0.123355698599503
1.5992	0.122118736040462
1.6072	0.120805392055193
1.6152	0.119412366887018
1.6232	0.117936217801434
1.6312	0.116373403975517
1.6392	0.114720660891538
1.6472	0.112975642948143
1.6552	0.11113783045748
1.6632	0.109209613998174
1.6712	0.107197174110168
1.6792	0.105110895375004
1.6872	0.102965343213286
1.6952	0.100778715660986
1.7032	0.0985716268510761
1.7112	0.0963656778527604
1.7192	0.0941821742162199
1.7272	0.0920411849537841
1.7352	0.0899610698929492
1.7432	0.0879587856019601
1.7512	0.0860505923762609
1.7592	0.0842528419304334
1.7672	0.082582658069797
1.7752	0.0810582452563504
1.7832	0.0796986452509616
1.7912	0.0785233359235182
1.7992	0.0775517814746773
1.8072	0.0768028060486934
1.8152	0.0762938125478565
1.8232	0.0760401612889861
1.8312	0.0760546605391788
1.8392	0.0763472599509527
1.8472	0.0769248278891714
1.8552	0.0777905578490745
1.8632	0.0789431637337432
1.8712	0.0803758870457918
1.8792	0.0820751343682298
1.8872	0.0840192315566508
1.8952	0.086178128217361
1.9032	0.088514134771986
1.9112	0.090983763229459
1.9192	0.0935406583290683
1.9272	0.096138873189221
1.9352	0.0987357055947047
1.9432	0.101293905023332
1.9512	0.103782904704588
1.9592	0.106178982995144
1.9672	0.108464824326642
1.9752	0.110628867564991
1.9832	0.112664442931821
1.9912	0.114568942435668
1.9992	0.116343192590785
2.0072	0.117990880294509
2.0152	0.119517990051939
2.0232	0.120932163679759
2.0312	0.122241999751273
2.0392	0.123456434556436
2.0472	0.124584287446575
2.0552	0.125633834342561
2.0632	0.126612516492478
2.0712	0.127526841185662
2.0792	0.128382379091388
2.0872	0.129183784057594
2.0952	0.129934928907237
2.1032	0.130639077372922
2.1112	0.131299079991607
2.1192	0.131917648887792
2.1272	0.132497628237191
2.1352	0.133042170399109
2.1432	0.133554840826376
2.1512	0.134039626866235
2.1592	0.134500787173713
2.1672	0.134942609635871
2.1752	0.135369150449527
2.1832	0.135783954826332
2.1912	0.136189798600874
2.1992	0.136588481362289
2.2072	0.136980689417763
2.2152	0.137365995622243
2.2232	0.137742997126118
2.2312	0.138109583310338
2.2392	0.138463300923433
2.2472	0.138801711802606
2.2552	0.13912266162213
2.2632	0.139424480982383
2.2712	0.139706051546857
2.2792	0.139966715074286
2.2872	0.140206148528283
2.2952	0.140424260501449
2.3032	0.140621120639206
2.3112	0.140796948495954
2.3192	0.140952155868501
2.3272	0.141087395274183
2.3352	0.141203668166013
2.3432	0.141302447555085
2.3512	0.141385672953097
2.3592	0.141455646137701
2.3672	0.141514908394485
2.3752	0.141565995948424
2.3832	0.141611148883031
2.3912	0.141652180096199
2.3992	0.141690401299649
2.4072	0.141726580935367
2.4152	0.14176101090747
2.4232	0.141793607592543
2.4312	0.141823899886605
2.4392	0.141851049270428
2.4472	0.141873864179592
2.4552	0.141890767621639
2.4632	0.141899787779548
2.4712	0.141898619403139
2.4792	0.141884614838988
2.4872	0.141854794610042
2.4952	0.14180592484178
2.5032	0.141734646139684
2.5112	0.141637646932421
2.5192	0.141511971962711
2.5272	0.141355347448198
2.5352	0.141166487698312
2.5432	0.1409452456088
2.5512	0.140692636189213
2.5592	0.140410717997334
2.5672	0.140102326926908
2.5752	0.139770683363154
2.5832	0.139419054554079
2.5912	0.13905046787174
2.5992	0.138667449788262
2.6072	0.138271884760411
2.6152	0.137865006187726
2.6232	0.137447452919927
2.6312	0.13701945558093
2.6392	0.136581145918035
2.6472	0.136132874794342
2.6552	0.135675482548782
2.6632	0.135210535591985
2.6712	0.134740430796299
2.6792	0.134268388499404
2.6872	0.133798399016401
2.6952	0.133335172915391
2.7032	0.132884050159658
2.7112	0.13245085742033
2.7192	0.132041730070799
2.7272	0.131662874271326
2.7352	0.131320221883875
2.7432	0.131019073560968
2.7512	0.130763851636042
2.7592	0.130558002363473
2.7672	0.130403997302067
2.7752	0.13030346827723
2.7832	0.130257366807946
2.7912	0.130266060833282
2.7992	0.130329307067531
2.8072	0.130446216639585
2.8152	0.130615224765465
2.8232	0.130834149235861
2.8312	0.131100389917498
2.8392	0.131411197662769
2.8472	0.131763898043444
2.8552	0.132156066399165
2.8632	0.132585651003186
2.8712	0.133051029535342
2.8792	0.133550971266459
2.8872	0.134084612643233
2.8952	0.134651456981973
2.9032	0.135251337081528
2.9112	0.135884334689827
2.9192	0.136550721418698
2.9272	0.137250925846636
2.9352	0.137985523768953
2.9432	0.138755249866547
2.9512	0.139561046212217
2.9592	0.140404178675299
2.9672	0.141286378708788
2.9752	0.142209999312461
2.9832	0.143178140030489
2.9912	0.144194661855973
2.9992	0.145264092754123
3.0072	0.146391435984596
3.0152	0.147581838280926
3.0232	0.148840153244737
3.0312	0.150170524683163
3.0392	0.151576054330483
3.0472	0.153058542823387
3.0552	0.154618385210689
3.0632	0.156254648148189
3.0712	0.157965182274596
3.0792	0.159746724343168
3.0872	0.161595010235451
3.0952	0.163504823202379
3.1032	0.165470035015711
3.1112	0.167483763632527
3.1192	0.169538687287838
3.1272	0.171627441122703
3.1352	0.173742922103979
3.1432	0.175878427738521
3.1512	0.178027572792279
3.1592	0.180183920698722
3.1672	0.182340444314071
3.1752	0.18448904009038
3.1832	0.186620234903008
3.1912	0.188723214511633
3.1992	0.190786219077742
3.2072	0.192797145684678
3.2152	0.194744218418705
3.2232	0.196616731584483
3.2312	0.198405681987844
3.2392	0.200104076637315
3.2472	0.201706920059139
3.2552	0.203210916634078
3.2632	0.204613653235881
3.2712	0.205912198099787
3.2792	0.207101532649495
3.2872	0.208173273287258
3.2952	0.209115044255633
3.3032	0.209910922659658
3.3112	0.210542981591175
3.3192	0.210993236417025
3.3272	0.211245544062033
3.3352	0.211287115719924
3.3432	0.211109205617164
3.3512	0.210706842641518
3.3592	0.210078237052784
3.3672	0.209224106587466
3.3752	0.208147103504189
3.3832	0.20685164109672
3.3912	0.205344055865343
3.3992	0.203632659254999
3.4072	0.201727731339591
3.4152	0.199641434136024
3.4232	0.197387538153586
3.4312	0.194981178022384
3.4392	0.192438938508219
3.4472	0.189778945259838
3.4552	0.187020858281778
3.4632	0.18418575095133
3.4712	0.18129583709659
3.4792	0.178374090035895
3.4872	0.175443977435029
3.4952	0.172529172994371
3.5032	0.169653069182521
3.5112	0.16683824190688
3.5192	0.164105836704646
3.5272	0.161474657584402
3.5352	0.158960205207437
3.5432	0.15657398163657
3.5512	0.154323166244778
3.5592	0.152210520749635
3.5672	0.150234633962742
3.5752	0.148390410670789
3.5832	0.146669607028013
3.5912	0.145061382771617
3.5992	0.14355295299437
3.6072	0.142130246944787
3.6152	0.140778481525633
3.6232	0.139482703260435
3.6312	0.13822824243841
3.6392	0.137000985027982
3.6472	0.135787550333955
3.6552	0.13457551658823
3.6632	0.133353567974264
3.6712	0.132111507548285
3.6792	0.130840245788456
3.6872	0.129531745821418
3.6952	0.128178763719136
3.7032	0.126774539575328
3.7112	0.125312612565718
3.7192	0.123786871262546
3.7272	0.122191943911842
3.7352	0.120523979321393
3.7432	0.118781575600426
3.7512	0.116966623915516
3.7592	0.115084929556145
3.7672	0.113146461652029
3.7752	0.111165268801729
3.7832	0.109159366491685
3.7912	0.107150781472725
3.7992	0.105165714279618
3.8072	0.103234806654147
3.8152	0.101393176162681
3.8232	0.0996801517508872
3.8312	0.0981384374707386
3.8392	0.0968125045240575
3.8472	0.0957461641455588
3.8552	0.0949797882943841
3.8632	0.0945473592622001
3.8712	0.0944738439591928
3.8792	0.0947733412907648
3.8872	0.0954483136462503
3.8952	0.0964895778917867
3.9032	0.0978769550098579
3.9112	0.099580279298163
3.9192	0.101560648632452
3.9272	0.103771869633957
3.9352	0.10616244638957
3.9432	0.108677917488612
3.9512	0.111263602150222
3.9592	0.113867437086541
3.9672	0.11644267457634
3.9752	0.118950136332257
3.9832	0.121360008650197
3.9912	0.123653011065074
3.9992	0.125820779909831
4.0072	0.127865454700021
4.0152	0.129798645723783
4.0232	0.131639826048536
4.0312	0.133414366024686
4.0392	0.13515147140204
4.0472	0.136882195192665
4.0552	0.138637593515054
4.0632	0.140447122251127
4.0712	0.142337302857085
4.0792	0.144330652666828
4.0872	0.146444998176046
4.0952	0.148693210462173
4.1032	0.151083333786876
4.1112	0.153618942897384
4.1192	0.369829598740246
4.1272	0.37039001498912
4.1352	0.37081002253813
4.1432	0.371135437617567
4.1512	0.371412710778315
4.1592	0.371687723383206
4.1672	0.372004444703103
4.1752	0.372403468160279
4.1832	0.372920586480695
4.1912	0.373585602473349
4.1992	0.374421521408318
4.2072	0.375444194235018
4.2152	0.376662365464855
4.2232	0.378077924234269
4.2312	0.379686214658369
4.2392	0.381476414071282
4.2472	0.383431738647091
4.2552	0.385529460210815
4.2632	0.38774082093143
4.2712	0.390030855843385
4.2792	0.392358239932276
4.2872	0.394675837906435
4.2952	0.3969319587965
4.3032	0.399072308493608
4.3112	0.401042664296641
4.3192	0.402791944854439
4.3272	0.40427468981132
4.3352	0.405453063174881
4.3432	0.406298256291585
4.3512	0.406791400579696
4.3592	0.406923994955586
4.3672	0.406698212853654
4.3752	0.406126693413899
4.3832	0.405231725526453
4.3912	0.404043588814827
4.3992	0.40259853270016
4.4072	0.400936585404543
4.4152	0.399099461762841
4.4232	0.397128812311011
4.4312	0.395065175185014
4.4392	0.392947352155274
4.4472	0.390812079398692
4.4552	0.388693994834039
4.4632	0.386625458696227
4.4712	0.384636035047417
4.4792	0.382751923958827
4.4872	0.380995362411315
4.4952	0.379384026820474
4.5032	0.377930716333742
4.5112	0.376643256161287
4.5192	0.375524415320732
4.5272	0.374571881899016
4.5352	0.373778343383102
4.5432	0.373131612493597
4.5512	0.372614841975752
4.5592	0.372206883553471
4.5672	0.371882796847202
4.5752	0.371614505586838
4.5832	0.371371630409594
4.5912	0.371122512834052
4.5992	0.370835439055367
4.6072	0.370480005540684
4.6152	0.370028498438682
4.6232	0.369457109500785
4.6312	0.368746836140004
4.6392	0.367883986603265
4.6472	0.366860313828176
4.6552	0.365672864067751
4.6632	0.364323660818708
4.6712	0.362819361408136
4.6792	0.36117091253844
4.6872	0.359393042018541
4.6952	0.357503502008097
4.7032	0.355522023357168
4.7112	0.353469057671604
4.7192	0.351364503323683
4.7272	0.349226787564845
4.7352	0.347072297948443
4.7432	0.34491516334008
4.7512	0.342767354508269
4.7592	0.340638882760631
4.7672	0.338537888154735
4.7752	0.336470744518736
4.7832	0.334442156277391
4.7912	0.332455246084731
4.7992	0.330511816286726
4.8072	0.328612696065248
4.8152	0.326757929533297
4.8232	0.324946866346129
4.8312	0.323178188792796
4.8392	0.321449876160679
4.8472	0.319759324001938
4.8552	0.318103780095365
4.8632	0.316480968229033
4.8712	0.31488984925986
4.8792	0.313331494104178
4.8872	0.311809817608057
4.8952	0.310331995041474
4.9032	0.308908605630346
4.9112	0.307553330751202
4.9192	0.306281945943548
4.9272	0.305110938502752
4.9352	0.304055948008637
4.9432	0.303130216235144
4.9512	0.302343464487594
4.9592	0.301701658511436
4.9672	0.301207419097191
4.9752	0.300860976409113
4.9832	0.300661429627143
4.9912	0.300607747004338
4.9992	0.30069914914761
5.0072	0.300935129372394
5.0152	0.301315140220256
5.0232	0.301838111435922
5.0312	0.302502260505967
5.0392	0.303305259936812
5.0472	0.304244496872029
5.0552	0.305317452789952
5.0632	0.306521916274502
5.0712	0.307855757990711
5.0792	0.309316463876316
5.0872	0.310900691548056
5.0952	0.312603760206205
5.1032	0.314419247956655
5.1112	0.31633886579071
5.1192	0.318352396397443
5.1272	0.320447481314274
5.1352	0.322609421659352
5.1432	0.324821100358932
5.1512	0.327063063745357
5.1592	0.329313958005747
5.1672	0.331551431171542
5.1752	0.333753262513718
5.1832	0.335898592888445
5.1912	0.337969174941563
5.1992	0.339950555568393
5.2072	0.341832733014148
5.2152	0.343610279723385
5.2232	0.345282015393907
5.2312	0.346850157620169
5.2392	0.348319025847581
5.2472	0.349693828511252
5.2552	0.350979818934531
5.2632	0.352181737067071
5.2712	0.353303699213501
5.2792	0.354349556989803
5.2872	0.355323322807675
5.2952	0.356229440935951
5.3032	0.357073084723941
5.3112	0.357860198238364
5.3192	0.358597078762233
5.3272	0.359289852156616
5.3352	0.359944020303064
5.3432	0.360563944541608
5.3512	0.361152546054788
5.3592	0.361711350179001
5.3672	0.362240804219972
5.3752	0.362740629511227
5.3832	0.363210147525857
5.3912	0.363648422347129
5.3992	0.364054213508282
5.4072	0.364425847888576
5.4152	0.364761182829213
5.4232	0.365057706259872
5.4312	0.365312798416034
5.4392	0.365524100204074
5.4472	0.365689872166534
5.4552	0.365809166669151
5.4632	0.365881803947017
5.4712	0.365908196970423
5.4792	0.365889096805468
5.4872	0.36582527841681
5.4952	0.365717309864648
5.5032	0.365565432585008
5.5112	0.36536954394636
5.5192	0.36512921367316
5.5272	0.364843721430834
5.5352	0.364512121475719
5.5432	0.364133326213189
5.5512	0.363706159283807
5.5592	0.363229452609999
5.5672	0.362702206245738
5.5752	0.362123824875051
5.5832	0.361494479368868
5.5912	0.360815507225405
5.5992	0.360089741823097
5.6072	0.359321681108988
5.6152	0.358517422818639
5.6232	0.357684300524161
5.6312	0.356830396377566
5.6392	0.355964057374288
5.6472	0.355093544765511
5.6552	0.354226921690988
5.6632	0.353372233128868
5.6712	0.352537884088616
5.6792	0.35173306334859
5.6872	0.35096790556779
5.6952	0.350253291377521
5.7032	0.349600261740245
5.7112	0.349019169429895
5.7192	0.348518753697874
5.7272	0.348105469057713
5.7352	0.347783154705643
5.7432	0.347553109845314
5.7512	0.347414596708152
5.7592	0.347365350199466
5.7672	0.347401952610188
5.7752	0.347520080572208
5.7832	0.347714564996956
5.7912	0.347979241403509
5.7992	0.348306978466984
5.8072	0.348689943576953
5.8152	0.349120008073369
5.8232	0.34958926875457
5.8312	0.350090543038061
5.8392	0.350617619374382
5.8472	0.351165237867454
5.8552	0.351728869369074
5.8632	0.352304357497448
5.8712	0.352887635936303
5.8792	0.353474651611623
5.8872	0.354061529309157
5.8952	0.354644822927143
5.9032	0.355221763134061
5.9112	0.355790353099911
5.9192	0.356349239977727
5.9272	0.3568973545575
5.9352	0.357433521367945
5.9432	0.357956140023888
5.9512	0.358463039866976
5.9592	0.358951576316785
5.9672	0.359418889645549
5.9752	0.359862149038227
5.9832	0.360278745083118
5.9912	0.360666399444264
5.9992	0.36102316680217
6.0072	0.361347429065766
6.0152	0.36163795687436
6.0232	0.361894007008589
6.0312	0.362115466805334
6.0392	0.362303023497094
6.0472	0.362458262673374
6.0552	0.362583645881489
6.0632	0.362682360610787
6.0712	0.362758048562958
6.0792	0.362814513892529
6.0872	0.362855423124318
6.0952	0.362884084380181
6.1032	0.362903397234992
6.1112	0.362915847384165
6.1192	0.362923474054196
6.1272	0.362927910907845
6.1352	0.362930427063239
6.1432	0.362931927750346
6.1512	0.362933103221417
6.1592	0.362934674091906
6.1672	0.36293749336298
6.1752	0.362942601465946
6.1832	0.36295115707588
6.1912	0.362964074651928
6.1992	0.36298155610921
6.2072	0.363002782890042
6.2152	0.363025763848955
6.2232	0.363047424516558
6.2312	0.363064050636604
6.2392	0.363071874740606
6.2472	0.363067590299354
6.2552	0.363048712630293
6.2632	0.363013696943783
6.2712	0.362961761942702
6.2792	0.362892547471603
6.2872	0.362805778805428
6.2952	0.362700988575442
6.3032	0.36257737677547
6.3112	0.362433901788196
6.3192	0.362269590750827
6.3272	0.362083867358421
6.3352	0.361876758327698
6.3432	0.361648945871597
6.3512	0.361401559765134
6.3592	0.36113576281428
6.3672	0.360852362039939
6.3752	0.360551628918937
6.3832	0.360233311673601
6.3912	0.359896908803049
6.3992	0.359542006957321
6.4072	0.359168504378005
6.4152	0.358776644184916
6.4232	0.358366830720914
6.4312	0.357939245477461
6.4392	0.357493505648937
6.4472	0.357028506269324
6.4552	0.356542404764004
6.4632	0.3560327230033
6.4712	0.355496537503152
6.4792	0.354930606012316
6.4872	0.354331478310454
6.4952	0.353695668948689
6.5032	0.353019919331172
6.5112	0.35230150578535
6.5192	0.351538591860858
6.5272	0.350730544836156
6.5352	0.349878099709947
6.5432	0.348983359592456
6.5512	0.348049679653352
6.5592	0.347081419541661
6.5672	0.346083639914129
6.5752	0.345062006923552
6.5832	0.344022922875599
6.5912	0.342973476625277
6.5992	0.34192130045278
6.6072	0.340874478750984
6.6152	0.339841354314377
6.6232	0.338830340230267
6.6312	0.337850125742354
6.6392	0.336910030499357
6.6472	0.33602034636923
6.6552	0.335192683551097
6.6632	0.334440033530522
6.6712	0.333776317251133
6.6792	0.333215821090133
6.6872	0.332772552229641
6.6952	0.33245956665266
6.7032	0.332288577315029
6.7112	0.332269950247357
6.7192	0.332412787671547
6.7272	0.332725005066071
6.7352	0.333213309186121
6.7432	0.3338829933318
6.7512	0.334737532622691
6.7592	0.335778132006122
6.7672	0.337003288989321
6.7752	0.338408262155255
6.7832	0.339984481362718
6.7912	0.341719117865987
6.7992	0.343594874944412
6.8072	0.345589857351515
6.8152	0.347677715478073
6.8232	0.34982812854953
6.8312	0.352007575316118
6.8392	0.354180469592238
6.8472	0.356310617001297
6.8552	0.358362794184653
6.8632	0.360304399928986
6.8712	0.362107104013438
6.8792	0.363748261753834
6.8872	0.3652119830761
6.8952	0.366489790248192
6.9032	0.36758079524255
6.9112	0.368491393987122
6.9192	0.369234518660344
6.9272	0.36982849281027
6.9352	0.370295587513298
6.9432	0.37066044034974
6.9512	0.370948473646211
6.9592	0.371184387068918
6.9672	0.371390813394437
6.9752	0.371587188714009
6.9832	0.371788868622419
6.9912	0.372006522090627
6.9992	0.372245887543657
7.0072	0.372507970537953
7.0152	0.372789706850304
7.0232	0.373084999853911
7.0312	0.373385951295384
7.0392	0.373683987161341
7.0472	0.373970673492825
7.0552	0.374238168748212
7.0632	0.374479382250019
7.0712	0.374687976026476
7.0792	0.374858468961166
7.0872	0.37498649524798
7.0952	0.3750691331748
7.1032	0.375105165846386
7.1112	0.375095238008332
7.1192	0.375041782041345
7.1272	0.37494874589439
7.1352	0.374821225567403
7.1432	0.374665126524416
7.1512	0.37448685021349
7.1592	0.374293023757746
7.1672	0.374090197860994
7.1752	0.373884536734686
7.1832	0.373681547256126
7.1912	0.373485872019408
7.1992	0.373301137183259
7.2072	0.373129949185909
7.2152	0.372973989477183
7.2232	0.372834114792989
7.2312	0.372710479571025
7.2392	0.372602677922986
7.2472	0.372509853734919
7.2552	0.372430809322197
7.2632	0.372364136255394
7.2712	0.372308335349073
7.2792	0.372261930360793
7.2872	0.372223587593472
7.2952	0.372192204077733
7.3032	0.372166956249957
7.3112	0.37214732107911
7.3192	0.372133051412008
7.3272	0.372124105808707
7.3352	0.372120571240632
7.3432	0.372122593000608
7.3512	0.372130306584243
7.3592	0.372143791603765
7.3672	0.372163059878756
7.3752	0.372188080486701
7.3832	0.372218824360057
7.3912	0.372255316524391
7.3992	0.372297694716975
7.4072	0.372346248888901
7.4152	0.372401427571552
7.4232	0.372463825654831
7.4312	0.372534166790367
7.4392	0.372613280489338
7.4472	0.372702104135438
7.4552	0.372801722316772
7.4632	0.372913415864099
7.4712	0.373038751324215
7.4792	0.373179690606145
7.4872	0.373338662139613
7.4952	0.373518578299612
7.5032	0.373722812273146
7.5112	0.373955088231097
7.5192	0.374219284434195
7.5272	0.374519236935344
7.5352	0.374858501099233
7.5432	0.375240094595281
7.5512	0.375666302653844
7.5592	0.376138590562402
7.5672	0.376657522456499
7.5752	0.377222777188127
7.5832	0.377833271704502
7.5912	0.378487335331186
7.5992	0.379182941844934
7.6072	0.379918093020833
7.6152	0.380691114949764
7.6232	0.381500903240519
7.6312	0.382347092852019
7.6392	0.383230136390796
7.6472	0.384151138227534
7.6552	0.385111817771303
7.6632	0.386114518032724
7.6712	0.387162083031
7.6792	0.388257664851672
7.6872	0.389404525056307
7.6952	0.390605508687946
7.7032	0.391862322134122
7.7112	0.393174862756213
7.7192	0.394540669835771
7.7272	0.395955020851231
7.7352	0.397412045424917
7.7432	0.398906302038919
7.7512	0.400434174884348
7.7592	0.401994520564149
7.7672	0.403588028606532
7.7752	0.405215288533512
7.7832	0.406874465586655
7.7912	0.408559578032207
7.7992	0.410260348816563
7.8072	0.411964160940842
7.8152	0.413659728612902
7.8232	0.41534104651415
7.8312	0.417009959180539
7.8392	0.418676212611602
7.8472	0.420355073971464
7.8552	0.422063363618861
7.8632	0.423815486964927
7.8712	0.425620921104309
7.8792	0.427484303829399
7.8872	0.429407743003561
7.8952	0.431393378053942
7.9032	0.433444974794122
7.9112	0.435568160466234
7.9192	0.437768063636756
7.9272	0.44004434687494
7.9352	0.442386184895504
7.9432	0.444769119359777
7.9512	0.44715434062558
7.9592	0.449491270619613
7.9672	0.451723128225167
7.9752	0.453792936711328
7.9832	0.45564924702676
7.9912	0.457250670019345
7.9992	0.458567748198177
8.0072	0.459582271528112
8.0152	0.460286578270062
8.0232	0.460682856234483
8.0312	0.460782793001875
8.0392	0.460608261218502
8.0472	0.460192487714006
8.0552	0.459580566361806
8.0632	0.458829093898854
8.0712	0.458004355144396
8.0792	0.457179750139061
8.0872	0.456433136735695
8.0952	0.455844340906576
8.1032	0.455492826645224
8.1112	0.45545664616667
8.1192	0.45581257647163
8.1272	0.456637069594947
8.1352	0.458008423985207
8.1432	0.46001031190175
8.1512	0.46273588175255
8.1592	0.466291954004853
8.1672	0.470803551869003
8.1752	0.476417604160339
8.1832	0.483304999919135
8.1912	0.491661688857371
8.1992	0.501709862523678
8.2072	0.513699299442247
8.2152	0.527909624356908
8.2232	0.544655145847576
8.2312	0.564293511223842
8.2392	0.578780036253466
8.2472	0.574072478409894
8.2552	0.569307698041178
8.2632	0.564531542234795
8.2712	0.559790335755377
8.2792	0.555130684251284
8.2872	0.550598593211508
8.2952	0.546238276709957
8.3032	0.542090774924661
8.3112	0.538192738356185
8.3192	0.534575864187073
8.3272	0.531266777735472
8.3352	0.528287053981865
8.3432	0.525653411613017
8.3512	0.523378063334163
8.3592	0.521468963048683
8.3672	0.519929997569158
8.3752	0.51876121752815
8.3832	0.517959069208713
8.3912	0.517516645825387
8.3992	0.517423949388442
8.4072	0.517668081092503
8.4152	0.518233348924003
8.4232	0.51910130641874
8.4312	0.520250725085479
8.4392	0.521657630725231
8.4472	0.523295535820316
8.4552	0.525135857084403
8.4632	0.527148529404839
8.4712	0.529302741024286
8.4792	0.531567631291522
8.4872	0.533912924656779
8.4952	0.536309491344022
8.5032	0.538729757023126
8.5112	0.541148080196574
8.5192	0.543541167243887
8.5272	0.545888384301383
8.5352	0.548171962792382
8.5432	0.550377125298251
8.5512	0.552491925805847
8.5592	0.554506793146235
8.5672	0.556413979507629
8.5752	0.5582069716169
8.5832	0.559879875228812
8.5912	0.561426996839967
8.5992	0.562842715882768
8.6072	0.564121518793951
8.6152	0.565258194591575
8.6232	0.566248059885288
8.6312	0.567087110440937
8.6392	0.567772088027254
8.6472	0.568300607795412
8.6552	0.568671391110364
8.6632	0.568884465127211
8.6712	0.568941386340179
8.6792	0.56884544182295
8.6872	0.568601614031157
8.6952	0.56821628713304
8.7032	0.56769697826105
8.7112	0.567052174888075
8.7192	0.566291139585908
8.7272	0.565423843413739
8.7352	0.564460998213601
8.7432	0.563413847282909
8.7512	0.56229370811834
8.7592	0.561111478246183
8.7672	0.559877096406438
8.7752	0.558599027766176
8.7832	0.557284107362981
8.7912	0.555937701440508
8.7992	0.554564041109604
8.8072	0.553166695938306
8.8152	0.551749051832654
8.8232	0.550314685680518
8.8312	0.548867569826833
8.8392	0.547412165057263
8.8472	0.545953401794005
8.8552	0.544496708809859
8.8632	0.543048046177836
8.8712	0.541613824117017
8.8792	0.540200709686445
8.8872	0.538815271707567
8.8952	0.537463394491366
8.9032	0.536149700972138
8.9112	0.534877165866694
8.9192	0.533647011203499
8.9272	0.532458918615207
8.9352	0.531311589681844
8.9432	0.530203379708138
8.9512	0.529132880186277
8.9592	0.528099358985803
8.9672	0.52710289940365
8.9752	0.526144236717882
8.9832	0.525224527396402
8.9912	0.524345102793858
8.9992	0.523507211941754
9.0072	0.52271192215294
9.0152	0.521960215131846
9.0232	0.521253150463306
9.0312	0.520592083895611
9.0392	0.519978927314047
9.0472	0.519416418312221
9.0552	0.518908388574158
9.0632	0.518460073138734
9.0712	0.518078409947317
9.0792	0.517772295803306
9.0872	0.517552760164438
9.0952	0.517432948090347
9.1032	0.517427857389391
9.1112	0.517553813116868
9.1192	0.517827657066536
9.1272	0.518265721706599
9.1352	0.518882737057047
9.1432	0.519690810556007
9.1512	0.520698618812472
9.1592	0.52191089056271
9.1672	0.52332816061188
9.1752	0.524946658522169
9.1832	0.52675817721274
9.1912	0.528749744001199
9.1992	0.530903014696696
9.2072	0.533193650632937
9.2152	0.535590968114565
9.2232	0.538058073933132
9.2312	0.540552660051346
9.2392	0.543028448223571
9.2472	0.545436814487651
9.2552	0.547728292502634
9.2632	0.549853887693059
9.2712	0.551766062841824
9.2792	0.553419503252324
9.2872	0.554772137702801
9.2952	0.555786573435248
9.3032	0.556431543022671
9.3112	0.556683475290113
9.3192	0.556528058433492
9.3272	0.555961162894866
9.3352	0.5549892060891
9.3432	0.553629200940407
9.3512	0.55190861066248
9.3592	0.549864849807741
9.3672	0.547544431345592
9.3752	0.545001425207879
9.3832	0.542295306009101
9.3912	0.539488417157769
9.3992	0.536643581974022
9.4072	0.533822083548185
9.4152	0.531082330380518
9.4232	0.528479146372719
9.4312	0.526063248488026
9.4392	0.523880593188737
9.4472	0.521971475715056
9.4552	0.520369382114862
9.4632	0.519099954258667
9.4712	0.518180322369754
9.4792	0.517618931229652
9.4872	0.517415877814782
9.4952	0.517563623613864
9.5032	0.518047877515861
9.5112	0.51884863632836
9.5192	0.51994142683295
9.5272	0.521298845507447
9.5352	0.522892467052599
9.5432	0.524694897228204
9.5512	0.526681632466965
9.5592	0.528832547130105
9.5672	0.531132640413553
9.5752	0.533571881220575
9.5832	0.536144476661036
9.5912	0.538847841249177
9.5992	0.541681475832843
9.6072	0.544645972478811
9.6152	0.547742209494596
9.6232	0.550970555978675
9.6312	0.554330165236554
9.6392	0.557818366714537
9.6472	0.561430062341947
9.6552	0.565157261868106
9.6632	0.568988985124498
9.6712	0.572911292002905
9.6792	0.576907345578812
9.6872	0.580957594697657
9.6952	0.585040090962798
9.7032	0.589130866887929
9.7112	0.593204571697397
9.7192	0.597235360053758
9.7272	0.601198005608839
9.7352	0.605069083535196
9.7432	0.608827965595084
9.7512	0.612457425364954
9.7592	0.615943751913141
9.7672	0.619276501745602
9.7752	0.622448059381888
9.7832	0.625453240567827
9.7912	0.62828901460271
9.7992	0.630954324403914
9.8072	0.633449998963552
9.8152	0.635778681138001
9.8232	0.637944653338108
9.8312	0.639953588131007
9.8392	0.641812283026023
9.8472	0.643528389212198
9.8552	0.645110199968177
9.8632	0.646566532324582
9.8712	0.647906606836777
9.8792	0.649139905089155
9.8872	0.650276010391049
9.8952	0.651324367207045
9.9032	0.652293994799874
9.9112	0.653193259643019
9.9192	0.654029755482641
9.9272	0.654810261871288
9.9352	0.655540818255863
9.9432	0.656226847824331
9.9512	0.656873280462351
9.9592	0.657484671833382
9.9672	0.658065270081314
9.9752	0.658619004997522
9.9832	0.659149482446419
9.9912	0.659659985136878
9.9992	0.660153449337903
10.0072	0.660632486191577
10.0152	0.661099451828048
10.0232	0.661556494254677
10.0312	0.66200559619439
10.0392	0.662448607464982
10.0472	0.662887199357387
10.0552	0.663322776985456
10.0632	0.66375639975077
10.0712	0.664188659450067
10.0792	0.664619564945999
10.0872	0.665048510820858
10.0952	0.665474260577539
10.1032	0.665894925725814
10.1112	0.666307990536443
10.1192	0.666710345501057
10.1272	0.667098309533004
10.1352	0.667467683431784
10.1432	0.667813848364032
10.1512	0.668131900594389
10.1592	0.668416865325051
10.1672	0.66866397285711
10.1752	0.668868947713299
10.1832	0.669028327048298
10.1912	0.669139821736548
10.1992	0.669202593905978
10.2072	0.669217379262807
10.2152	0.669186456354619
10.2232	0.669113456724165
10.2312	0.669003017094835
10.2392	0.668860352717768
10.2472	0.668690862495527
10.2552	0.668499838403711
10.2632	0.668292284117145
10.2712	0.668072777711723
10.2792	0.667845317822854
10.2872	0.667613150564889
10.2952	0.667378639845079
10.3032	0.667143204022187
10.3112	0.666907360842529
10.3192	0.666670945877267
10.3272	0.66643345753576
10.3352	0.666194407360064
10.3432	0.665953584782077
10.3512	0.665711183911708
10.3592	0.665467815190593
10.3672	0.665224428126277
10.3752	0.664982182575773
10.3832	0.664742318422229
10.3912	0.664506062660851
10.3992	0.66427458770025
10.4072	0.664048974626558
10.4152	0.663830191518684
10.4232	0.663619062366457
10.4312	0.663416222022419
10.4392	0.663222057963892
10.4472	0.663036664649226
10.4552	0.66285980137192
10.4632	0.66269088137434
10.4712	0.662529029730761
10.4792	0.662373191411568
10.4872	0.662222257840181
10.4952	0.662075227173019
10.5032	0.661931346307289
10.5112	0.661790176881853
10.5192	0.66165159259166
10.5272	0.661515767357402
10.5352	0.661383110333828
10.5432	0.661254166853824
10.5512	0.661129547810595
10.5592	0.661009886620942
10.5672	0.66089577224822
10.5752	0.660787693088867
10.5832	0.66068602480508
10.5912	0.660591038255173
10.5992	0.660502910361458
10.6072	0.660421784052552
10.6152	0.660347823916801
10.6232	0.660281257914988
10.6312	0.660222416080168
10.6392	0.660171761220782
10.6472	0.660129843119342
10.6552	0.660097242364276
10.6632	0.660074544863382
10.6712	0.660062293199306
10.6792	0.660060903256583
10.6872	0.660070628568279
10.6952	0.660091555219892
10.7032	0.660123568965662
10.7112	0.660166335526371
10.7192	0.660219276716086
10.7272	0.660281510354558
10.7352	0.660351812137436
10.7432	0.660428632306882
10.7512	0.660510129738778
10.7592	0.660594303674219
10.7672	0.660679224660375
10.7752	0.660763257721114
10.7832	0.660845198461183
10.7912	0.660924329798781
10.7992	0.661000333882848
10.8072	0.661073092462256
10.8152	0.661142435293497
10.8232	0.66120789811663
10.8312	0.661268541493873
10.8392	0.66132292743894
10.8472	0.661369244588344
10.8552	0.661405470818692
10.8632	0.661429543588321
10.8712	0.66143952985697
10.8792	0.661433732337807
10.8872	0.661410695749147
10.8952	0.66136917673919
10.9032	0.661308092572113
10.9112	0.661226477113876
10.9192	0.661123445664472
10.9272	0.660998175560465
10.9352	0.660849867249432
10.9432	0.660677737405547
10.9512	0.660481015183243
10.9592	0.660258936485126
10.9672	0.660010731197902
10.9752	0.659735638761903
10.9832	0.659432916155946
10.9912	0.659101867070157
10.9992	0.658741840795478
11.0072	0.658352225067574
11.0152	0.657932478625486
11.0232	0.657482239838294
11.0312	0.657001415786329
11.0392	0.656490318677699
11.0472	0.655949843146281
11.0552	0.6553816274943
11.0632	0.654788144629545
11.0712	0.654172780321662
11.0792	0.653539863419197
11.0872	0.652894632975199
11.0952	0.652243219162768
11.1032	0.651592685305598
11.1112	0.650951007865895
11.1192	0.65032695474486
11.1272	0.649729880175062
11.1352	0.649169358167206
11.1432	0.648654574938767
11.1512	0.64819368202659
11.1592	0.64779324689834
11.1672	0.647457838350144
11.1752	0.64718991381088
11.1832	0.646990050962617
11.1912	0.646857366675435
11.1992	0.646789987845068
11.2072	0.646785469616036
11.2152	0.646841023369006
11.2232	0.646953540707325
11.2312	0.647119509229053
11.2392	0.647334880996769
11.2472	0.647594977045354
11.2552	0.647894453912179
11.2632	0.648227350222688
11.2712	0.648587194595837
11.2792	0.648967204360783
11.2872	0.649360512168755
11.2952	0.649760386554119
11.3032	0.650160467368312
11.3112	0.650555005641647
11.3192	0.650939002686708
11.3272	0.6513082675048
11.3352	0.651659387444951
11.3432	0.651989622172228
11.3512	0.65229668258388
11.3592	0.652578512574393
11.3672	0.652833110799361
11.3752	0.653058435661197
11.3832	0.65325238515032
11.3912	0.653412869334712
11.3992	0.653537920118711
11.4072	0.653625797357779
11.4152	0.653675080780006
11.4232	0.653684757923667
11.4312	0.653654276800386
11.4392	0.653583589816372
11.4472	0.653473179747816
11.4552	0.653324098231731
11.4632	0.653137944057553
11.4712	0.652916800254347
11.4792	0.652663176783622
11.4872	0.652379978914945
11.4952	0.652070418289037
11.5032	0.651737922322327
11.5112	0.651386112853954
11.5192	0.651018800175801
11.5272	0.650639955073536
11.5352	0.650253744808313
11.5432	0.6498645905558
11.5512	0.649477202069695
11.5592	0.649096652100041
11.5672	0.648728446898823
11.5752	0.648378379753261
11.5832	0.648052280614335
11.5912	0.647755695438187
11.5992	0.647493455412799
11.6072	0.647269300064618
11.6152	0.647085732491905
11.6232	0.646944022476633
11.6312	0.646844417642061
11.6392	0.646786515768569
11.6472	0.646769553722508
11.6552	0.646792563198936
11.6632	0.646854494559596
11.6712	0.646954186491687
11.6792	0.647090231939698
11.6872	0.647260958946253
11.6952	0.647464513711147
11.7032	0.647698986728302
11.7112	0.647962648125721
11.7192	0.648254187695302
11.7272	0.648572823891434
11.7352	0.648918362142136
11.7432	0.649291114711678
11.7512	0.649691601309692
11.7592	0.650120070379083
11.7672	0.650576005653988
11.7752	0.651057700200189
11.7832	0.651561973289066
11.7912	0.652084160056617
11.7992	0.652618437539052
11.8072	0.653158349356042
11.8152	0.65369741260185
11.8232	0.654229695679541
11.8312	0.654750252594736
11.8392	0.655255345616678
11.8472	0.655742474855967
11.8552	0.656210272474796
11.8632	0.656658302273729
11.8712	0.657086850199297
11.8792	0.6574967263056
11.8872	0.657889084157941
11.8952	0.658265312836581
11.9032	0.65862698513497
11.9112	0.658975815243778
11.9192	0.659313629745648
11.9272	0.659642321762689
11.9352	0.65996374995953
11.9432	0.660279647022571
11.9512	0.660591555183311
11.9592	0.660900779949125
11.9672	0.661208434795415
11.9752	0.661515582227243
11.9832	0.661823371386729
11.9912	0.662133163529318
11.9992	0.662446632467318
12.0072	0.662765785108444
12.0152	0.663092905153574
12.0232	0.663430462950069
12.0312	0.663780966922713
12.0392	0.664146815259917
12.0472	0.664530260336867
12.0552	0.664933441152255
12.0632	0.665358478437641
12.0712	0.665807656750928
12.0792	0.666283645092654
12.0872	0.666789696669393
12.0952	0.667329824350181
12.1032	0.667908896229171
12.1112	0.668532655993024
12.1192	0.669207717522242
12.1272	0.669941519281225
12.1352	0.670742183764977
12.1432	0.67161836202435
12.1512	0.672579062395579
12.1592	0.673633454583601
12.1672	0.67479073429078
12.1752	0.676060076969738
12.1832	0.677450706647132
12.1912	0.678972166239855
12.1992	0.680634706862417
12.2072	0.682449688045283
12.2152	0.684430012907817
12.2232	0.686590499338578
12.2312	0.68894802234694
12.2392	0.691521640232938
12.2472	0.694332673483293
12.2552	0.697404568953256
12.2632	0.700762773492668
12.2712	0.704434856665249
12.2792	0.708450616207899
12.2872	0.712842355423648
12.2952	0.717645472041118
12.3032	0.7228990265772
12.3112	0.728645907400691
12.3192	0.734932587994444
12.3272	0.741808048872071
12.3352	0.749322319290604
12.3432	0.757525292979144
12.3512	0.766466030508853
12.3592	0.826233939502092
12.3672	0.824175522921502
12.3752	0.822161650764935
12.3832	0.820198087140152
12.3912	0.818290214104541
12.3992	0.816443303577841
12.4072	0.814662775425377
12.4152	0.812954244829646
12.4232	0.811323353405591
12.4312	0.809775483728062
12.4392	0.808315384478351
12.4472	0.806946894941269
12.4552	0.805672822049791
12.4632	0.804494922956925
12.4712	0.803413916650964
12.4792	0.802429560776264
12.4872	0.80154070566531
12.4952	0.800745313665189
12.5032	0.800040501893354
12.5112	0.799422649002759
12.5192	0.798887492607246
12.5272	0.798430235172459
12.5352	0.798045656911913
12.5432	0.797728215438642
12.5512	0.797472132592453
12.5592	0.797271510531486
12.5672	0.797120475615072
12.5752	0.797013341233237
12.5832	0.796944767560797
12.5912	0.796909877812402
12.5992	0.796904318904238
12.6072	0.796924269206377
12.6152	0.796966403338283
12.6232	0.797027824374773
12.6312	0.797105969719579
12.6392	0.797198502073827
12.6472	0.797303192049186
12.6552	0.79741779405281
12.6632	0.79753993048207
12.6712	0.797667008235395
12.6792	0.797796156973247
12.6872	0.797924210152533
12.6952	0.798047745358854
12.7032	0.798163172176977
12.7112	0.798266832474059
12.7192	0.798355115211556
12.7272	0.798424560896881
12.7352	0.798471954475113
12.7432	0.798494448173498
12.7512	0.798489743759649
12.7592	0.79845633868838
12.7672	0.798393813481725
12.7752	0.798303108145079
12.7832	0.798186700825775
12.7912	0.798048603735097
12.7992	0.797894168851288
12.8072	0.797729752434453
12.8152	0.797562318707795
12.8232	0.797399103185533
12.8312	0.797247420149785
12.8392	0.797114613780135
12.8472	0.797008089641943
12.8552	0.796935336704287
12.8632	0.796903858787219
12.8712	0.796920971708056
12.8792	0.796993467691962
12.8872	0.797127206007383
12.8952	0.797326725769158
12.9032	0.797594976808776
12.9112	0.797933222457681
12.9192	0.79834111452876
12.9272	0.798816886230385
12.9352	0.799357591592628
12.9432	0.799959321267241
12.9512	0.800617373467741
12.9592	0.801326364499898
12.9672	0.802080308629945
12.9752	0.802872665282688
12.9832	0.803696431379819
12.9912	0.80454423593606
12.9992	0.805408532144719
13.0072	0.806281839387734
13.0152	0.807156980292159
13.0232	0.80802721303151
13.0312	0.808886337679936
13.0392	0.809728632959201
13.0472	0.810548685312179
13.0552	0.811341152617618
13.0632	0.812100576045596
13.0712	0.812821206490884
13.0792	0.81349706241787
13.0872	0.814122131250737
13.0952	0.814690659896563
13.1032	0.815197387078244
13.1112	0.815637776122532
13.1192	0.816008141142402
13.1272	0.81630566715733
13.1352	0.816528395899988
13.1432	0.816675312851137
13.1512	0.816746510503755
13.1592	0.81674332018826
13.1672	0.816668423451657
13.1752	0.816525873488249
13.1832	0.816320855550863
13.1912	0.816059238075308
13.1992	0.815747043718634
13.2072	0.815389833205421
13.2152	0.814992216180078
13.2232	0.814557739875601
13.2312	0.814089003724119
13.2392	0.813587897056834
13.2472	0.813055997138477
13.2552	0.812494924592906
13.2632	0.811906465286375
13.2712	0.811292573604548
13.2792	0.810655239180267
13.2872	0.809996229923191
13.2952	0.809316952649567
13.3032	0.808618531962032
13.3112	0.807902002439345
13.3192	0.807168666893064
13.3272	0.806420551345733
13.3352	0.805660706313745
13.3432	0.804893318094056
13.3512	0.804123668655089
13.3592	0.803357911485014
13.3672	0.802602749539669
13.3752	0.801865155348949
13.3832	0.801152115173124
13.3912	0.800470438971022
13.3992	0.799826725886365
13.4072	0.799227523656251
13.4152	0.798679576408645
13.4232	0.798190080057777
13.4312	0.797766864200921
13.4392	0.797418351338161
13.4472	0.7971532147982
13.4552	0.796979814651278
13.4632	0.796905557502095
13.4712	0.796936354644291
13.4792	0.79707635048447
13.4872	0.79732796820104
13.4952	0.797692194204924
13.5032	0.798168988884153
13.5112	0.79875766904996
13.5192	0.799457166775109
13.5272	0.800266149803741
13.5352	0.801182996534955
13.5432	0.802205623753524
13.5512	0.803331242002395
13.5592	0.804556030010312
13.5672	0.805874759645965
13.5752	0.807280452739324
13.5832	0.808764108035973
13.5912	0.810314545581326
13.5992	0.81191848490306
13.6072	0.813560880606989
13.6152	0.815225491462685
13.6232	0.816895648428813
13.6312	0.81855506518799
13.6392	0.820188506148797
13.6472	0.821782306719271
13.6552	0.823324712157594
13.6632	0.824805983440903
13.6712	0.826218320863512
13.6792	0.827555681377596
13.6872	0.828813498744745
13.6952	0.829988368338066
13.7032	0.831077777886232
13.7112	0.832079876682106
13.7192	0.832993299438236
13.7272	0.833817098048945
13.7352	0.834550791302327
13.7432	0.83519442356973
13.7512	0.835748588320607
13.7592	0.83621447123124
13.7672	0.836593872189711
13.7752	0.836889120245512
13.7832	0.837102935576855
13.7912	0.837238256811888
13.7992	0.837298013237641
13.8072	0.837284873758893
13.8152	0.837201063983857
13.8232	0.837048167749191
13.8312	0.836827008600753
13.8392	0.83653770234195
13.8472	0.836179785880063
13.8552	0.835752321549115
13.8632	0.835254058131465
13.8712	0.834683598530629
13.8792	0.834039485015198
13.8872	0.833320293115836
13.8952	0.832524810527077
13.9032	0.831652244392208
13.9112	0.830702498506825
13.9192	0.829676518710244
13.9272	0.828576591867689
13.9352	0.82740651749171
13.9432	0.826171693789909
13.9512	0.824879107730245
13.9592	0.823537149186915
13.9672	0.822155317406936
13.9752	0.820743870487755
13.9832	0.819313487306347
13.9912	0.817874944213598
13.9992	0.816438857367744
14.0072	0.815015505746128
14.0152	0.813614755109515
14.0232	0.812246070219524
14.0312	0.810918536827175
14.0392	0.80964078405565
14.0472	0.808420761549026
14.0552	0.807265418269635
14.0632	0.806180372229155
14.0712	0.805169671569663
14.0792	0.804235653907847
14.0872	0.803378949761285
14.0952	0.802598576114
14.1032	0.801892078729292
14.1112	0.801255708709398
14.1192	0.800684692844548
14.1272	0.800173547182147
14.1352	0.799716450334431
14.1432	0.799307645004985
14.1512	0.798941796911144
14.1592	0.798614209149608
14.1672	0.798320923727873
14.1752	0.79805871295393
14.1832	0.797825012013923
14.1912	0.79761785692145
14.1992	0.797435910971348
14.2072	0.797278551856886
14.2152	0.797146001341014
14.2232	0.797039457808662
14.2312	0.796961195756365
14.2392	0.796914614908775
14.2472	0.796904239685382
14.2552	0.796935650738492
14.2632	0.797015342558955
14.2712	0.797150523928616
14.2792	0.797348873807218
14.2872	0.797618268164365
14.2952	0.797966492439634
14.3032	0.798400926384442
14.3112	0.798928174760309
14.3192	0.799553641549
14.3272	0.800281061834774
14.3352	0.801112023227738
14.3432	0.802045566042075
14.3512	0.80307792227765
14.3592	0.804202459831012
14.3672	0.80540991895295
14.3752	0.806688976739835
14.3832	0.808027043339292
14.3912	0.809411168824551
14.3992	0.810828922755219
14.4072	0.812269082809866
14.4152	0.813721962302519
14.4232	0.81517932988306
14.4312	0.816633943789085
14.4392	0.818078895589147
14.4472	0.819506992828117
14.4552	0.820910362425683
14.4632	0.822280408319679
14.4712	0.823608169354894
14.4792	0.824884997924227
14.4872	0.826103359340919
14.4952	0.827257547578369
14.5032	0.828344197041373
14.5112	0.829362537307089
14.5192	0.830314241762698
14.5272	0.831202839741536
14.5352	0.832033018587459
14.5432	0.832810110362032
14.5512	0.833539876818385
14.5592	0.834228595751737
14.5672	0.83488335184266
14.5752	0.835512300048056
14.5832	0.8361246957433
14.5912	0.836730554477954
14.5992	0.837339965709931
14.6072	0.83796219525396
14.6152	0.838604870529584
14.6232	0.839273404946608
14.6312	0.83997082327275
14.6392	0.840697953931376
14.6472	0.841454108953849
14.6552	0.842238006809033
14.6632	0.84304865751594
14.6712	0.84388608386598
14.6792	0.84475192423981
14.6872	0.845649681510902
14.6952	0.84658454114189
14.7032	0.847562924167966
14.7112	0.848591905610592
14.7192	0.84967850921353
14.7272	0.850829142111414
14.7352	0.852049225766482
14.7432	0.853342920739485
14.7512	0.854712905724223
14.7592	0.856160231189522
14.7672	0.857684206293518
14.7752	0.859282294920469
14.7832	0.860950256280874
14.7912	0.862682491977685
14.7992	0.864472572434752
14.8072	0.866313766469504
14.8152	0.868199561624013
14.8232	0.870123912334762
14.8312	0.872081130072385
14.8392	0.874065542978204
14.8472	0.876071204576177
14.8552	0.878091668108299
14.8632	0.880120081840086
14.8712	0.882149723031797
14.8792	0.884174756897367
14.8872	0.886190866468165
14.8952	0.888195716492315
14.9032	0.890189018362178
14.9112	0.892172117672622
14.9192	0.894147407862812
14.9272	0.896117748442966
14.9352	0.898085930166006
14.9432	0.900054408920626
14.9512	0.902025293871539
14.9592	0.90400034183788
14.9672	0.905980984142478
14.9752	0.907968348959777
14.9832	0.909963031645617
14.9912	0.911964772022949
14.9992	0.91397221651515
15.0072	0.915982692598459
15.0152	0.917992153903208
15.0232	0.919995331256217
15.0312	0.921985858930659
15.0392	0.923956323897625
15.0472	0.925898319221073
15.0552	0.927802568560962
15.0632	0.929659182422518
15.0712	0.931458150753501
15.0792	0.933190033380213
15.0872	0.934846733916788
15.0952	0.936422155739636
15.1032	0.93791256701863
15.1112	0.939316635588586
15.1192	0.940635104387341
15.1272	0.941870198825601
15.1352	0.943025018997817
15.1432	0.944103009041357
15.1512	0.945107595468672
15.1592	0.946042119259526
15.1672	0.946909981075515
15.1752	0.947714786126686
15.1832	0.94846050182826
15.1912	0.949151596167074
15.1992	0.9497929815554
15.2072	0.950389802530289
15.2152	0.950947159729161
15.2232	0.951469773091408
15.2312	0.951961705531197
15.2392	0.952426245447707
15.2472	0.952865895016757
15.2552	0.953282430197205
15.2632	0.953677026627534
15.2712	0.954050334078822
15.2792	0.954402443576136
15.2872	0.954732815757431
15.2952	0.955040188157479
15.3032	0.95532246024072
15.3112	0.955576606739842
15.3192	0.955798677936045
15.3272	0.95598389228831
15.3352	0.95612684220401
15.3432	0.956221803075659
15.3512	0.956263091664485
15.3592	0.956245424836853
15.3672	0.956164235776629
15.3752	0.956015888668385
15.3832	0.955797782861069
15.3912	0.955508344944379
15.3992	0.955146864636374
15.4072	0.954713198610047
15.4152	0.954207435315901
15.4232	0.953629547035409
15.4312	0.952979118820144
15.4392	0.952255288666795
15.4472	0.95145692200406
15.4552	0.950583010148889
15.4632	0.949633297932531
15.4712	0.948608951845156
15.4792	0.947513143448933
15.4872	0.946351609907702
15.4952	0.945133140067622
15.5032	0.943869776043605
15.5112	0.942576733923721
15.5192	0.94127200809823
15.5272	0.939975596817284
15.5352	0.938708306576875
15.5432	0.937490415090114
15.5512	0.936340606294804
15.5592	0.935275375679557
15.5672	0.934308806877265
15.5752	0.933452704524058
15.5832	0.932716720395065
15.5912	0.932108228118046
15.5992	0.93163199720392
15.6072	0.931289803500758
15.6152	0.931080003864373
15.6232	0.9309974627427
15.6312	0.931034031554277
15.6392	0.931179265229157
15.6472	0.931421163701962
15.6552	0.93174689083935
15.6632	0.932143275860317
15.6712	0.9323714363962
15.6792	0.932688159295016
15.6872	0.933084120037386
15.6952	0.933544514356761
15.7032	0.934053401189129
15.7112	0.934596101890171
15.7192	0.9351602544702
15.7272	0.935736059281573
15.7352	0.936316109720201
15.7432	0.936895042645596
15.7512	0.937469140495559
15.7592	0.938035956785291
15.7672	0.938593989584147
15.7752	0.939142411058364
15.7832	0.939680858363537
15.7912	0.940209279211637
15.7992	0.940727820731597
15.8072	0.941236756463766
15.8152	0.941736439788816
15.8232	0.942227268260548
15.8312	0.942709657274634
15.8392	0.943184019059532
15.8472	0.943650744495971
15.8552	0.944110190252632
15.8632	0.944562672871836
15.8712	0.945008467383453
15.8792	0.945447808811398
15.8872	0.945880894699786
15.8952	0.946307885525058
15.9032	0.946728905625165
15.9112	0.947144045765763
15.9192	0.947553366023455
15.9272	0.94795689735671
15.9352	0.948354642932419
15.9432	0.948746578541664
15.9512	0.949132651669783
15.9592	0.949512779686507
15.9672	0.949886849653428
15.9752	0.950254715777801
15.9832	0.950616193931677
15.9912	0.95097105412434
15.9992	0.951319013449047
16.0072	0.951659729437216
16.0152	0.951992797603189
16.0232	0.952317755091742
16.0312	0.952634089909853
16.0392	0.952941253901344
16.0472	0.953238677307028
16.0552	0.953525780926026
16.0632	0.953801984076767
16.0712	0.95406670863497
16.0792	0.954319379056469
16.0872	0.954559419317673
16.0952	0.954786249502615
16.1032	0.954999283655852
16.1112	0.955197929001054
16.1192	0.955381586520262
16.1272	0.955549652952173
16.1352	0.95570152383626
16.1432	0.95583659664611
16.1512	0.955954273297221
16.1592	0.956053961586133
16.1672	0.956135075806524
16.1752	0.956197036911461
16.1832	0.956239272690592
16.1912	0.956261218174517
16.1992	0.956262316596468
16.2072	0.956242020947015
16.2152	0.956199795953806
16.2232	0.95613512057933
16.2312	0.956047491197599
16.2392	0.955936425217021
16.2472	0.95580146497554
16.2552	0.955642181811172
16.2632	0.955458179735058
16.2712	0.955249098380137
16.2792	0.955014614941222
16.2872	0.954754444663641
16.2952	0.954468340076392
16.3032	0.954156089615788
16.3112	0.953817515527461
16.3192	0.953452471240271
16.3272	0.953060839653489
16.3352	0.95264253205568
16.3432	0.952197487467002
16.3512	0.951725672324408
16.3592	0.951227081068007
16.3672	0.950701736515549
16.3752	0.950149689322169
16.3832	0.949571015866159
16.3912	0.948965816304436
16.3992	0.948334213136614
16.4072	0.947676351996533
16.4152	0.9469924048227
16.4232	0.9462825758841
16.4312	0.945547107377007
16.4392	0.944786284620595
16.4472	0.944000437318125
16.4552	0.943189934931261
16.4632	0.942355177318424
16.4712	0.941496584018154
16.4792	0.940614582994882
16.4872	0.939709602170679
