0.0072	-0.00769162052091862
0.0152	-0.00541706060609332
0.0232	-0.00324892288163195
0.0312	-0.00118045976232364
0.0392	0.000794712702536032
0.0472	0.00268263036204411
0.0552	0.00448899524589483
0.0632	0.00621918961658671
0.0712	0.00787829095795131
0.0792	0.00947108250694362
0.0872	0.0110020624479356
0.0952	0.0124754532427479
0.1032	0.0138952119255042
0.1112	0.0152650415430551
0.1192	0.0165884029920141
0.1272	0.0178685270701461
0.1352	0.0191084260405613
0.1432	0.0203109041344124
0.1512	0.0214785664796892
0.1592	0.0226138268603682
0.1672	0.0237189145882026
0.1752	0.0247958813634468
0.1832	0.0258466088844615
0.1912	0.026872817512356
0.1992	0.0278760759076644
0.2072	0.0288578117458592
0.2152	0.0298193222440777
0.2232	0.0307617836260907
0.2312	0.0316862597391421
0.2392	0.0325937094663525
0.2472	0.0334849929154416
0.2552	0.0343608769561738
0.2632	0.0352220404645819
0.2712	0.0360690794320971
0.2792	0.0369025122999397
0.2872	0.0377227851581783
0.2952	0.0385302768304981
0.3032	0.0393253045990343
0.3112	0.0401081301356942
0.3192	0.0408789649543273
0.3272	0.0416379751428193
0.3352	0.0423852853184368
0.3432	0.0431209814995756
0.3512	0.0438451134577527
0.3592	0.0445576965853131
0.3672	0.0452587137681972
0.3752	0.0459481177541716
0.3832	0.0466258341901069
0.3912	0.0472917647365261
0.3992	0.0479457907806548
0.4072	0.0485877776012028
0.4152	0.0492175788836613
0.4232	0.0498350414911027
0.4312	0.0504400105579255
0.4392	0.0510323343390112
0.4472	0.0516118696489054
0.4552	0.0521784867677058
0.4632	0.0527320724776951
0.4712	0.0532725311386963
0.4792	0.0537997848151171
0.4872	0.0543137709600484
0.4952	0.0548144384415132
0.5032	0.0553017431252198
0.5112	0.0557756442809042
0.5192	0.0562361025980571
0.5272	0.0566830812075924
0.5352	0.0571165487563508
0.5432	0.057536483003979
0.5512	0.0579428742403704
0.5592	0.0583357276506036
0.5672	0.0587150632714301
0.5752	0.0590809161354019
0.5832	0.059433338098953
0.5912	0.0597724007118017
0.5992	0.06009819633306
0.6072	0.060410836818735
0.6152	0.0607104462268521
0.6232	0.0609971474602258
0.6312	0.0612710435344797
0.6392	0.0615321971033085
0.6472	0.0617806121054768
0.6552	0.0620162210174286
0.6632	0.0622388783701985
0.6712	0.062448359421872
0.6792	0.0626443596694865
0.6872	0.0628264919684171
0.6952	0.0629942753038858
0.7032	0.0631471120668623
0.7112	0.0632842487001476
0.7192	0.0634047226422811
0.7272	0.0635072962392474
0.7352	0.0635903800467351
0.7432	0.0636519493477471
0.7512	0.0636894658711899
0.7592	0.0636998103009248
0.7672	0.0636792369859886
0.7752	0.0636233706405391
0.7832	0.0635272714894201
0.7912	0.0633856003531371
0.7992	0.0631929241326077
0.8072	0.0629441794091049
0.8152	0.0626352524022489
0.8232	0.062263506121551
0.8312	0.0617550675841025
0.8392	0.0612249739789057
0.8472	0.0606734710076229
0.8552	0.0601009380206513
0.8632	0.0595079914463948
0.8712	0.0588955515996456
0.8792	0.0582648651953617
0.8872	0.0576175282093149
0.8952	0.0569554327147684
0.9032	0.0562806678543766
0.9112	0.0555954141193997
0.9192	0.0549018771173214
0.9272	0.05420225891735
0.9352	0.0534987231136655
0.9432	0.0527934195712522
0.9512	0.0520885619387589
0.9592	0.0513864982930871
0.9672	0.0506897521890376
0.9752	0.0500009979504134
0.9832	0.0493229189192081
0.9912	0.0486580053756173
0.9992	0.0480083538764552
1.0072	0.0473754937060118
1.0152	0.0467603104099557
1.0232	0.0461631357543729
1.0312	0.0455839011995865
1.0392	0.0450223015944171
1.0472	0.044477990958244
1.0552	0.043950757616694
1.0632	0.0434406482587221
1.0712	0.0429480751769931
1.0792	0.0424738963922952
1.0872	0.0420194160270584
1.0952	0.041586340387107
1.1032	0.0411767117298173
1.1112	0.0407927572475441
1.1192	0.0404367449102422
1.1272	0.0401108915539606
1.1352	0.0398173267401667
1.1432	0.0395580667609733
1.1512	0.0393350406912568
1.1592	0.0391501359597244
1.1672	0.0390052390229389
1.1752	0.0389022342932608
1.1832	0.0388429911957016
1.1912	0.0388293068189549
1.1992	0.0388628262475329
1.2072	0.0389449176063227
1.2152	0.039076543261348
1.2232	0.0392581274165496
1.2312	0.0394894892811396
1.2392	0.0397698364136731
1.2472	0.0400978388119046
1.2552	0.0404717763866682
1.2632	0.0408898011351881
1.2712	0.0413502017679791
1.2792	0.0418515969326444
1.2872	0.0423930461108189
1.2952	0.0429740972926171
1.3032	0.0435946890441054
1.3112	0.0442549762769247
1.3192	0.0449551263425337
1.3272	0.0456951580725084
1.3352	0.0464748664383876
1.3432	0.0472938751087952
1.3512	0.0481517238829798
1.3592	0.049047960819295
1.3672	0.0499822176412805
1.3752	0.0509541965462882
1.3832	0.0519635085806163
1.3912	0.0530095308569355
1.3992	0.0540913485606072
1.4072	0.0552077939505816
1.4152	0.0563575695011848
1.4232	0.0575394714584671
1.4312	0.0587525929073513
1.4392	0.0599964589463038
1.4472	0.0612709822199292
1.4552	0.0625762212205646
1.4632	0.0639120080466613
1.4712	0.0652775902090881
1.4792	0.0666712919405017
1.4872	0.0680903417506714
1.4952	0.0695309386943266
1.5032	0.0709885897177393
1.5112	0.0724586093393172
1.5192	0.0739367107070859
1.5272	0.0754194589803058
1.5352	0.0769045221937801
1.5432	0.0783906264316841
1.5512	0.0798771479728743
1.5592	0.0813634177741146
1.5672	0.0828480986453205
1.5752	0.0843287379208283
1.5832	0.0858015671199568
1.5912	0.087261669675004
1.5992	0.0887034438883279
1.6072	0.090121153324081
1.6152	0.091509496184518
1.6232	0.0928640273543783
1.6312	0.0941812591313634
1.6392	0.0954585563327035
1.6472	0.0966939320815862
1.6552	0.097885748024048
1.6632	0.0990324931108213
1.6712	0.100132788163044
1.6792	0.101185528348681
1.6872	0.102190118102452
1.6952	0.103146779088696
1.7032	0.104056761068325
1.7112	0.104922398924798
1.7192	0.105747059981258
1.7272	0.106534934462511
1.7352	0.107290718835644
1.7432	0.108019345594621
1.7512	0.10872579160094
1.7592	0.109414938796954
1.7672	0.110091475915972
1.7752	0.110759839692044
1.7832	0.111424171505293
1.7912	0.112088267733947
1.7992	0.112755503818728
1.8072	0.113428785977089
1.8152	0.114110482164177
1.8232	0.114802330292306
1.8312	0.115505429544354
1.8392	0.116220375748301
1.8472	0.116947472748846
1.8552	0.117686860567886
1.8632	0.118438588393031
1.8712	0.119202506012424
1.8792	0.119977975161688
1.8872	0.120763467361266
1.8952	0.121556135278755
1.9032	0.122351441934989
1.9112	0.123143015236063
1.9192	0.123922796668213
1.9272	0.124681440784211
1.9352	0.125408920573426
1.9432	0.126095247039272
1.9512	0.126731150664432
1.9592	0.12730861520952
1.9672	0.127821181978593
1.9752	0.128264156824232
1.9832	0.128634786544819
1.9912	0.128932346524496
1.9992	0.129158100023854
2.0072	0.129315170114373
2.0152	0.129408303230663
2.0232	0.12944337748679
2.0312	0.129426807541109
2.0392	0.129364954662489
2.0472	0.129263659785633
2.0552	0.129128052056053
2.0632	0.128962733690462
2.0712	0.128772227753919
2.0792	0.128561458595283
2.0872	0.128336151636429
2.0952	0.128103004750246
2.1032	0.127869548728341
2.1112	0.12764377843826
2.1192	0.127433778688707
2.1272	0.127247337155285
2.1352	0.127091605330305
2.1432	0.12697277917727
2.1512	0.126895879614755
2.1592	0.1268645687296
2.1672	0.126881048812223
2.1752	0.126945942083511
2.1832	0.127058254164526
2.1912	0.127215457335801
2.1992	0.127413813634327
2.2072	0.127648756169336
2.2152	0.127915402225302
2.2232	0.128209064381375
2.2312	0.128525778261247
2.2392	0.128862642531922
2.2472	0.129217945453042
2.2552	0.129591020504275
2.2632	0.129981968406318
2.2712	0.130391235192911
2.2792	0.130819260938029
2.2872	0.131266297317093
2.2952	0.131732430299471
2.3032	0.132217693190643
2.3112	0.132722240221195
2.3192	0.133246449704624
2.3272	0.133791006932398
2.3352	0.134356932554589
2.3432	0.134945569018599
2.3512	0.135558458986178
2.3592	0.136197246642147
2.3672	0.136863523783767
2.3752	0.137558583919182
2.3832	0.138283121489471
2.3912	0.139037040320534
2.3992	0.13981929170453
2.4072	0.140627937689152
2.4152	0.141460436473433
2.4232	0.142314103562299
2.4312	0.143186501240445
2.4392	0.1440757365518
2.4472	0.144980552257554
2.4552	0.145900289452223
2.4632	0.146834721738895
2.4712	0.147783929437024
2.4792	0.148748161611509
2.4872	0.149727726478256
2.4952	0.150722820168193
2.5032	0.151733413731042
2.5112	0.152759055953673
2.5192	0.153798655429251
2.5272	0.154850351702393
2.5352	0.155911479002064
2.5432	0.156978576392637
2.5512	0.158047528367772
2.5592	0.159113766627381
2.5672	0.160172369094072
2.5752	0.161218103109591
2.5832	0.16224551422899
2.5912	0.163249008876153
2.5992	0.164223022968029
2.6072	0.165162295647292
2.6152	0.166062152717628
2.6232	0.166918792767038
2.6312	0.167729572996426
2.6392	0.168493217280734
2.6472	0.169209859691064
2.6552	0.169880992188003
2.6632	0.170509169852324
2.6712	0.171097558873975
2.6792	0.17164941409709
2.6872	0.172167612155645
2.6952	0.172654326008998
2.7032	0.173110927312241
2.7112	0.173538121780009
2.7192	0.173936208427395
2.7272	0.174305398306657
2.7352	0.174646138129674
2.7432	0.174959172407831
2.7512	0.17524539853639
2.7592	0.175505533846145
2.7672	0.175739718847884
2.7752	0.17594714833838
2.7832	0.176125946526811
2.7912	0.176273331395923
2.7992	0.176386036595519
2.8072	0.176460890854513
2.8152	0.176495425183776
2.8232	0.176488351902917
2.8312	0.176439814732064
2.8392	0.176351337608737
2.8472	0.176225487456083
2.8552	0.176065355325029
2.8632	0.175874095111055
2.8712	0.175654555437165
2.8792	0.175409106246599
2.8872	0.175139737912439
2.8952	0.174848398829138
2.9032	0.174537380366718
2.9112	0.174209606379523
2.9192	0.173868801098071
2.9272	0.173519450224578
2.9352	0.173166550284231
2.9432	0.172815230333253
2.9512	0.172470341486115
2.9592	0.172136161424656
2.9672	0.171816288744571
2.9752	0.171513691431548
2.9832	0.171230849455165
2.9912	0.170969935180197
2.9992	0.170732985389201
3.0072	0.170521968969531
3.0152	0.170338589804995
3.0232	0.170183868322912
3.0312	0.170057702226099
3.0392	0.169958503523659
3.0472	0.169883034692277
3.0552	0.169826716669006
3.0632	0.169784379165169
3.0712	0.169751285309603
3.0792	0.169724113542986
3.0872	0.169701614201516
3.0952	0.1696847263952
3.1032	0.169676305742915
3.1112	0.16968043884648
3.1192	0.169701637748684
3.1272	0.169744245279264
3.1352	0.16981224063653
3.1432	0.169909326876221
3.1512	0.170039268871783
3.1592	0.170206195255186
3.1672	0.170414768035166
3.1752	0.170670164657842
3.1832	0.170977738741545
3.1912	0.171342373794582
3.1992	0.171767964956406
3.2072	0.172257068599587
3.2152	0.172810655477687
3.2232	0.173428134032577
3.2312	0.174107618858757
3.2392	0.174846277435558
3.2472	0.175640792009608
3.2552	0.176487856281505
3.2632	0.177384509674359
3.2712	0.178328438852829
3.2792	0.179318231202454
3.2872	0.180353385654534
3.2952	0.181434157217469
3.3032	0.182561265421886
3.3112	0.183735448360999
3.3192	0.184956981818679
3.3272	0.186225353158229
3.3352	0.187539105241019
3.3432	0.188895968337843
3.3512	0.190293189399046
3.3592	0.191727861873475
3.3672	0.193197120481821
3.3752	0.194698207570113
3.3832	0.196228289947696
3.3912	0.197784160764545
3.3992	0.199361908670386
3.4072	0.200956651941927
3.4152	0.202562478939277
3.4232	0.204172714854331
3.4312	0.205780318240754
3.4392	0.207378307001797
3.4472	0.208960113639011
3.4552	0.210519802131444
3.4632	0.21205216920914
3.4712	0.213552824983085
3.4792	0.215018278766593
3.4872	0.216445997305472
3.4952	0.217834475549103
3.5032	0.219183205157377
3.5112	0.220492490506163
3.5192	0.22176303919879
3.5272	0.222995401945807
3.5352	0.22418937952655
3.5432	0.225343551125941
3.5512	0.226454993054144
3.5592	0.227519312768586
3.5672	0.228530937096911
3.5752	0.229483522216521
3.5832	0.230370368302061
3.5912	0.231184802553625
3.5992	0.23192040557732
3.6072	0.232571177529602
3.6152	0.233131712004491
3.6232	0.233597418671167
3.6312	0.233964798320701
3.6392	0.2342317625164
3.6472	0.234397900688029
3.6552	0.234464617830868
3.6632	0.234435133763646
3.6712	0.234314361686802
3.6792	0.234108727700034
3.6872	0.233825979120406
3.6952	0.233474983404193
3.7032	0.233065505811885
3.7112	0.232607957051579
3.7192	0.232113121498649
3.7272	0.231591892062411
3.7352	0.231055040127182
3.7432	0.230513010969282
3.7512	0.229975707371855
3.7592	0.22945219724398
3.7672	0.228950385797263
3.7752	0.228476719771613
3.7832	0.22803599986917
3.7912	0.227631342225122
3.7992	0.227264320406665
3.8072	0.226935313818921
3.8152	0.226644000924603
3.8232	0.226389866759104
3.8312	0.226172645209011
3.8392	0.225992738254717
3.8472	0.225851512316033
3.8552	0.225751369425393
3.8632	0.225695556978594
3.8712	0.22568777493328
3.8792	0.225731608324841
3.8872	0.225829952900022
3.8952	0.22598456729036
3.9032	0.22619583307968
3.9112	0.226462779655158
3.9192	0.226783299645601
3.9272	0.227154339244649
3.9352	0.227572027712262
3.9432	0.228031755794494
3.9512	0.228528154543622
3.9592	0.229054964468816
3.9672	0.229604899370858
3.9752	0.230169594716755
3.9832	0.230739678377765
3.9912	0.231304969033052
3.9992	0.231854746487853
4.0072	0.232378068583511
4.0152	0.232864118150585
4.0232	0.233302495277087
4.0312	0.233683426734002
4.0392	0.233997888894194
4.0472	0.234237647528698
4.0552	0.234395215035043
4.0632	0.234463777385936
4.0712	0.234437106564146
4.0792	0.234309492475757
4.0872	0.23407573500217
4.0952	0.245288555438837
4.1032	0.245753837442302
4.1112	0.246218448195254
4.1192	0.246682864174046
4.1272	0.247147697196886
4.1352	0.247613726439048
4.1432	0.248081937824102
4.1512	0.248553552458285
4.1592	0.249030040261033
4.1672	0.24951311331449
4.1752	0.250004707447963
4.1832	0.250506944130084
4.1912	0.251022068763034
4.1992	0.251552378721337
4.2072	0.252100167978337
4.2152	0.2526676920983
4.2232	0.253257165656741
4.2312	0.253870802905106
4.2392	0.254510898724221
4.2472	0.255179921192478
4.2552	0.255880599763282
4.2632	0.256615975800434
4.2712	0.257389370443931
4.2792	0.258204280110201
4.2872	0.259064232086395
4.2952	0.259972652187234
4.3032	0.260932760440473
4.3112	0.261947535879528
4.3192	0.263019743093995
4.3272	0.264151974656805
4.3352	0.265346681940222
4.3432	0.266606160189249
4.3512	0.267932469381484
4.3592	0.269327264751343
4.3672	0.27079156167792
4.3752	0.27232548480645
4.3832	0.273928014015248
4.3912	0.275596792122376
4.3992	0.277328048431969
4.4072	0.279116650981188
4.4152	0.28095627250182
4.4232	0.282839649071674
4.4312	0.284758846030769
4.4392	0.286705437084172
4.4472	0.288670566894461
4.4552	0.290644844195003
4.4632	0.292618165528458
4.4712	0.294579590019905
4.4792	0.296517377761077
4.4872	0.298419273715222
4.4952	0.300273013166849
4.5032	0.302066944683603
4.5112	0.303790652283421
4.5192	0.305435431259608
4.5272	0.306994545568421
4.5352	0.308463313328537
4.5432	0.309839105311956
4.5512	0.311121213562037
4.5592	0.312310753417949
4.5672	0.313410617511445
4.5752	0.314425377997112
4.5832	0.315361047884856
4.5912	0.316224741651001
4.5992	0.317024148004696
4.6072	0.317766905060537
4.6152	0.318459965223239
4.6232	0.319109043510118
4.6312	0.319718281950807
4.6392	0.320290254484665
4.6472	0.320826216819788
4.6552	0.321326583245933
4.6632	0.321791565164339
4.6712	0.322221793814465
4.6792	0.32261872270865
4.6872	0.322984679345815
4.6952	0.323322576318356
4.7032	0.323635395538927
4.7112	0.323925658836637
4.7192	0.324195006035747
4.7272	0.324444069331611
4.7352	0.324672636375027
4.7432	0.324880020379899
4.7512	0.325065404540753
4.7592	0.325228048133238
4.7672	0.325367204749938
4.7752	0.32548187766974
4.7832	0.325570488293858
4.7912	0.325630648636102
4.7992	0.325659064592075
4.8072	0.325651647870998
4.8152	0.325603754491961
4.8232	0.325510487410196
4.8312	0.325366880676271
4.8392	0.325167993299146
4.8472	0.324908918158104
4.8552	0.324584853467113
4.8632	0.324191313523219
4.8712	0.323724528588555
4.8792	0.323181905777767
4.8872	0.322562484443594
4.8952	0.321867221635777
4.9032	0.321098931179344
4.9112	0.320261854577106
4.9192	0.319361048027001
4.9272	0.318401665111618
4.9352	0.317388378319488
4.9432	0.316325141634148
4.9512	0.31521529372558
4.9592	0.314061883995865
4.9672	0.312868194973589
4.9752	0.311638181571575
4.9832	0.310376671813506
4.9912	0.30908938217188
4.9992	0.307782791907004
5.0072	0.306463861039498
5.0152	0.305139741349645
5.0232	0.303817558786038
5.0312	0.302504280417666
5.0392	0.301206706036311
5.0472	0.299931584433894
5.0552	0.298685651236725
5.0632	0.297475576293229
5.0712	0.296307864531161
5.0792	0.295188683972938
5.0872	0.294123617808991
5.0952	0.293117485093414
5.1032	0.292174257729077
5.1112	0.291297040843781
5.1192	0.290488123466137
5.1272	0.289749086404677
5.1352	0.289080883749277
5.1432	0.288483886733451
5.1512	0.287957970837599
5.1592	0.287502658382172
5.1672	0.287117242975035
5.1752	0.286800949545997
5.1832	0.286553091043473
5.1912	0.286373068215395
5.1992	0.286260248105697
5.2072	0.286213773533988
5.2152	0.286232336681651
5.2232	0.286313982850424
5.2312	0.28645614025737
5.2392	0.286655831720195
5.2472	0.286909985954534
5.2552	0.287215784057746
5.2632	0.287570944358253
5.2712	0.287973852013098
5.2792	0.288423540129966
5.2872	0.28891958344087
5.2952	0.289461943812085
5.3032	0.290050862099841
5.3112	0.290686790506919
5.3192	0.291370334117396
5.3272	0.292102181677887
5.3352	0.292882976681416
5.3432	0.293713163096244
5.3512	0.294592927474097
5.3592	0.29552224106614
5.3672	0.296501040018801
5.3752	0.29752949091122
5.3832	0.29860828439073
5.3912	0.2997387444122
5.3992	0.300922744766649
5.4072	0.302162393909559
5.4152	0.303459596974053
5.4232	0.304815546969926
5.4312	0.306230297829181
5.4392	0.307702509343747
5.4472	0.309229423662487
5.4552	0.310807000704967
5.4632	0.312430213137562
5.4712	0.314093405662454
5.4792	0.315790597022735
5.4872	0.317515653276369
5.4952	0.319262396654561
5.5032	0.321024568802374
5.5112	0.322795664186348
5.5192	0.324568747376503
5.5272	0.326336421618016
5.5352	0.328090848452144
5.5432	0.329823972044823
5.5512	0.331527861811864
5.5592	0.33319502874012
5.5672	0.334818645124976
5.5752	0.336392786766807
5.5832	0.3379125450534
5.5912	0.339374125890146
5.5992	0.340775006264208
5.6072	0.342114115787407
5.6152	0.343391843993796
5.6232	0.344609991963832
5.6312	0.345771516188212
5.6392	0.346880056290247
5.6472	0.34793939452481
5.6552	0.348953014575264
5.6632	0.349923716441581
5.6712	0.350853528869433
5.6792	0.351743853881144
5.6872	0.352595698422612
5.6952	0.35340996050692
5.7032	0.354187780656212
5.7112	0.354930707146935
5.7192	0.35564068569612
5.7272	0.356319928961419
5.7352	0.356970689005371
5.7432	0.357594863548797
5.7512	0.35819361799127
5.7592	0.358767160303502
5.7672	0.359314649225823
5.7752	0.359834207464983
5.7832	0.36032307381868
5.7912	0.360777871975111
5.7992	0.361194925586111
5.8072	0.361570607345796
5.8152	0.361901750448236
5.8232	0.362185959064907
5.8312	0.362421731914877
5.8392	0.362608458182928
5.8472	0.362746235187471
5.8552	0.362835514718656
5.8632	0.362876700907357
5.8712	0.362869889373471
5.8792	0.362814728183239
5.8872	0.362710434308055
5.8952	0.362555890705722
5.9032	0.362349753434112
5.9112	0.362090425692662
5.9192	0.361775970720991
5.9272	0.361404048473392
5.9352	0.36097193320391
5.9432	0.360476690269886
5.9512	0.359915555905861
5.9592	0.359286432171097
5.9672	0.358588309759784
5.9752	0.357821540262036
5.9832	0.356987997870782
5.9912	0.356091064835572
5.9992	0.355135469601561
6.0072	0.354127084009248
6.0152	0.353072693654311
6.0232	0.351979757734441
6.0312	0.350856179641192
6.0392	0.349710150772425
6.0472	0.348550054112326
6.0552	0.347384484659012
6.0632	0.346222360682932
6.0712	0.345073089363024
6.0792	0.343946647388427
6.0872	0.342853510131911
6.0952	0.341804412538665
6.1032	0.340809931003112
6.1112	0.339879928751462
6.1192	0.339023021412601
6.1272	0.338246137655314
6.1352	0.337554201105918
6.1432	0.336949978042934
6.1512	0.336434109982463
6.1592	0.336005238497076
6.1672	0.335660267326929
6.1752	0.335394762530499
6.1832	0.335203353476222
6.1912	0.335080170275244
6.1992	0.335019405497299
6.2072	0.33501585318454
6.2152	0.335065313190846
6.2232	0.335164892343812
6.2312	0.335313106704562
6.2392	0.335509683950327
6.2472	0.335755156021691
6.2552	0.336050299812619
6.2632	0.336395569977273
6.2712	0.336790731464372
6.2792	0.337234725274937
6.2872	0.337725712166508
6.2952	0.338261395246405
6.3032	0.338839493097413
6.3112	0.339458118069248
6.3192	0.34011601064657
6.3272	0.340812608715974
6.3352	0.341547929599267
6.3432	0.342322378020645
6.3512	0.343136485753628
6.3592	0.34399061584817
6.3672	0.3448848467976
6.3752	0.345819045110394
6.3832	0.346792959736711
6.3912	0.347806371717246
6.3992	0.348859250129414
6.4072	0.349951812730703
6.4152	0.351084540241827
6.4232	0.352258180428984
6.4312	0.353473683870046
6.4392	0.354732178179452
6.4472	0.356034989275795
6.4552	0.357383541773572
6.4632	0.358779159493671
6.4712	0.360222868581959
6.4792	0.361715097150205
6.4872	0.363255364418215
6.4952	0.3648421521504
6.5032	0.366472981982868
6.5112	0.368144647671629
6.5192	0.369853613571596
6.5272	0.371596409692856
6.5352	0.373369864788083
6.5432	0.375171165928211
6.5512	0.376997776726795
6.5592	0.378847225157287
6.5672	0.380716797938904
6.5752	0.382603276531326
6.5832	0.384502758548052
6.5912	0.386410565760202
6.5992	0.388321311538648
6.6072	0.390229112295967
6.6152	0.392127838138472
6.6232	0.39401140096771
6.6312	0.395874022168907
6.6392	0.397710420652981
6.6472	0.39951592314721
6.6552	0.401286534289565
6.6632	0.403018965629492
6.6712	0.404710675070264
6.6792	0.406359945548723
6.6872	0.407965929184098
6.6952	0.409528658560268
6.7032	0.411048966221628
6.7112	0.412528242261262
6.7192	0.41396811457043
6.7272	0.415370229546932
6.7352	0.416736102841993
6.7432	0.418067025933277
6.7512	0.41936407958992
6.7592	0.420628206471049
6.7672	0.42186021041535
6.7752	0.423060695290834
6.7832	0.42422999646487
6.7912	0.425368207193843
6.7992	0.426475322936318
6.8072	0.427551562505699
6.8152	0.428597744787739
6.8232	0.429615585635217
6.8312	0.430607844409777
6.8392	0.431578207060892
6.8472	0.432530847180834
6.8552	0.433469845068721
6.8632	0.434398674687017
6.8712	0.435319847318065
6.8792	0.436234736974839
6.8872	0.437143631072892
6.8952	0.438045882094888
6.9032	0.438940107660053
6.9112	0.439824367780038
6.9192	0.440696290650198
6.9272	0.441553149824107
6.9352	0.442391980208779
6.9432	0.443209668802485
6.9512	0.444003032149833
6.9592	0.444768902515146
6.9672	0.445504186073558
6.9752	0.446205894280766
6.9832	0.446871236995409
6.9912	0.447497748731125
6.9992	0.448083442902777
7.0072	0.448626965346781
7.0152	0.449127716156082
7.0232	0.449585881660344
7.0312	0.450002392567847
7.0392	0.450378793303764
7.0472	0.450717064775359
7.0552	0.451019459715557
7.0632	0.451288382317128
7.0712	0.451526310761106
7.0792	0.451735771947086
7.0872	0.451919350293729
7.0952	0.452079697742023
7.1032	0.452219521463676
7.1112	0.452341528030119
7.1192	0.452448326299402
7.1272	0.452542337704365
7.1352	0.452625740782859
7.1432	0.452700433974563
7.1512	0.452768016898539
7.1592	0.45282981767726
7.1672	0.452886929751493
7.1752	0.452940233247847
7.1832	0.452990410383367
7.1912	0.453037959721546
7.1992	0.453083200746056
7.2072	0.453126287509597
7.2152	0.453167226136493
7.2232	0.453205902529451
7.2312	0.453242124700836
7.2392	0.453275680647076
7.2472	0.453306385897379
7.2552	0.45333412845198
7.2632	0.453358901550228
7.2712	0.453380817632049
7.2792	0.453400094367634
7.2872	0.45341701976031
7.2952	0.453431890436496
7.3032	0.453444953449499
7.3112	0.453456359019413
7.3192	0.453466132136065
7.3272	0.453474166878847
7.3352	0.453480253800607
7.3432	0.453484116560519
7.3512	0.453485449361348
7.3592	0.453483949360501
7.3672	0.453479344829267
7.3752	0.453471405291966
7.3832	0.453459936676128
7.3912	0.453444776420112
7.3992	0.453425789306346
7.4072	0.453402856439202
7.4152	0.453375862765113
7.4232	0.453344687154762
7.4312	0.45330917944635
7.4392	0.453269132563145
7.4472	0.453224270842226
7.4552	0.4531742580205
7.4632	0.453118717363019
7.4712	0.453057277983652
7.4792	0.452989628962364
7.4872	0.452915560486868
7.4952	0.452834982002782
7.5032	0.452747924737856
7.5112	0.45265452064405
7.5192	0.452554972189677
7.5272	0.452449526156292
7.5352	0.452338462453953
7.5432	0.452222077229503
7.5512	0.452100665370163
7.5592	0.451974499927546
7.5672	0.451843806096056
7.5752	0.451708741147537
7.5832	0.451569398181623
7.5912	0.451425838365028
7.5992	0.451278128465799
7.6072	0.451126368015998
7.6152	0.450970701937877
7.6232	0.450811323501695
7.6312	0.450648481843747
7.6392	0.45048250878906
7.6472	0.450313859145107
7.6552	0.450143148476123
7.6632	0.449971167091031
7.6712	0.44979886653789
7.6792	0.44962730941263
7.6872	0.449457592215141
7.6952	0.4492907629429
7.7032	0.449127781565798
7.7112	0.448969508673604
7.7192	0.448816724863602
7.7272	0.448670171486878
7.7352	0.448530587785983
7.7432	0.448398718633302
7.7512	0.448275302490456
7.7592	0.448161046696215
7.7672	0.448056594189782
7.7752	0.447962501264971
7.7832	0.447879244967306
7.7912	0.447807233493253
7.7992	0.447746815175259
7.8072	0.447698286916397
7.8152	0.44766187963058
7.8232	0.44763771594767
7.8312	0.447625782565885
7.8392	0.447625951872602
7.8472	0.447638042891958
7.8552	0.44766190692468
7.8632	0.447697539135696
7.8712	0.447745164872266
7.8792	0.447805249806969
7.8872	0.447878437166104
7.8952	0.447965431111833
7.9032	0.448066821238398
7.9112	0.44818291176871
7.9192	0.448313611819563
7.9272	0.448458404902185
7.9352	0.44861638028848
7.9432	0.448786317804338
7.9512	0.448966808591751
7.9592	0.449156375044595
7.9672	0.449353578509348
7.9752	0.449557100277636
7.9832	0.449765759470569
7.9912	0.449978448368034
7.9992	0.450194064536459
8.0072	0.450411456090739
8.0152	0.450629380222781
8.0232	0.450846492028231
8.0312	0.451061393886308
8.0392	0.451272677263704
8.0472	0.451478977784567
8.0552	0.451679052235533
8.0632	0.45187185203634
8.0712	0.452056552064729
8.0792	0.452232569301914
8.0872	0.452399543463306
8.0952	0.452557275897084
8.1032	0.452705656071278
8.1112	0.452844601472425
8.1192	0.452974000810682
8.1272	0.45309369750957
8.1352	0.453203517458314
8.1432	0.453303320783579
8.1512	0.453393054501515
8.1592	0.45347279328615
8.1672	0.453542751221025
8.1752	0.45360326874518
8.1832	0.453654789642462
8.1912	0.478732969094435
8.1992	0.480300710757418
8.2072	0.481929920928205
8.2152	0.483588643629667
8.2232	0.485247032111869
8.2312	0.486878514776101
8.2392	0.488461061907418
8.2472	0.489978098957813
8.2552	0.491418932493134
8.2632	0.49277859085549
8.2712	0.494057110213956
8.2792	0.495258507569779
8.2872	0.496389847602431
8.2952	0.497460512688299
8.3032	0.498481693319796
8.3112	0.499465970551845
8.3192	0.500426895328979
8.3272	0.501378499917327
8.3352	0.50233476835297
8.3432	0.503308907821853
8.3512	0.504312742163529
8.3592	0.505356394242328
8.3672	0.506448193576359
8.3752	0.507594549800435
8.3832	0.508799999848005
8.3912	0.510067187775382
8.3992	0.511396521749928
8.4072	0.512785160854319
8.4152	0.514225622482047
8.4232	0.515704121545703
8.4312	0.517199573830776
8.4392	0.518683954251677
8.4472	0.520124202677271
8.4552	0.521485241237582
8.4632	0.522733952743726
8.4712	0.523842693663866
8.4792	0.524790990556773
8.4872	0.525565482629853
8.4952	0.52615893103165
8.5032	0.52656844816725
8.5112	0.526793717751812
8.5192	0.526836567911263
8.5272	0.526701534422811
8.5352	0.526396553419577
8.5432	0.525933516477576
8.5512	0.525328396373072
8.5592	0.524600424466379
8.5672	0.523771063980514
8.5752	0.522863140616536
8.5832	0.521900110627299
8.5912	0.520905396676528
8.5992	0.519901938873507
8.6072	0.518911625202878
8.6152	0.517954701429349
8.6232	0.517049251243859
8.6312	0.516211226000205
8.6392	0.51545479087671
8.6472	0.514792975729407
8.6552	0.514238393321355
8.6632	0.513803757181135
8.6712	0.513501745219359
8.6792	0.513344331781896
8.6872	0.513342058068858
8.6952	0.513503583954823
8.7032	0.51383548865755
8.7112	0.514342504191741
8.7192	0.515028087384337
8.7272	0.515894917773244
8.7352	0.516944806726698
8.7432	0.518177895333114
8.7512	0.519590980639418
8.7592	0.521175550599304
8.7672	0.52291666467673
8.7752	0.524793098072827
8.7832	0.526778816901403
8.7912	0.528845778868712
8.7992	0.530967179554227
8.8072	0.533119633553153
8.8152	0.535284000304685
8.8232	0.537445068358233
8.8312	0.539590357150155
8.8392	0.541708717470657
8.8472	0.543789497103504
8.8552	0.545822202514083
8.8632	0.547796490573169
8.8712	0.549702235707505
8.8792	0.551529476888066
8.8872	0.553268143882964
8.8952	0.554907978152779
8.9032	0.556439054277731
8.9112	0.557852921099865
8.9192	0.559143761171254
8.9272	0.560308921346711
8.9352	0.561348577108152
8.9432	0.562264768054066
8.9512	0.563060115237831
8.9592	0.563736813032079
8.9672	0.564296064961102
8.9752	0.564738053743481
8.9832	0.565062294598627
8.9912	0.565268273159786
8.9992	0.565356007459845
9.0072	0.56532641634414
9.0152	0.565181402822138
9.0232	0.564924088067685
9.0312	0.564558918625164
9.0392	0.564091543542457
9.0472	0.563528540300598
9.0552	0.562877214190508
9.0632	0.562145203155649
9.0712	0.561340014616062
9.0792	0.560468680635602
9.0872	0.559537790923312
9.0952	0.558553788298467
9.1032	0.55752338285018
9.1112	0.556453939008245
9.1192	0.555353638185232
9.1272	0.554231618743086
9.1352	0.553098104074568
9.1432	0.551964367336875
9.1512	0.550842499421586
9.1592	0.54974531158252
9.1672	0.548686109357319
9.1752	0.54767810821797
9.1832	0.546733568261124
9.1912	0.545862765178365
9.1992	0.545072972894934
9.2072	0.544367854224115
9.2152	0.543747253613924
9.2232	0.543207292079528
9.2312	0.54274110487742
9.2392	0.542339822446249
9.2472	0.541993133081655
9.2552	0.541689842830339
9.2632	0.541418761223147
9.2712	0.541169503045202
9.2792	0.540933332480053
9.2872	0.540703962625783
9.2952	0.540477824656078
9.3032	0.540253781146167
9.3112	0.540032631189418
9.3192	0.539816434516572
9.3272	0.539607939657402
9.3352	0.539410673272524
9.3432	0.539229405408931
9.3512	0.539070601284701
9.3592	0.538942675444205
9.3672	0.538855953748382
9.3752	0.538822023939352
9.3832	0.538852594781492
9.3912	0.538958260361855
9.3992	0.539147717071476
9.4072	0.539427643398948
9.4152	0.539803207594803
9.4232	0.54027895822842
9.4312	0.540860000679889
9.4392	0.541552862392839
9.4472	0.542365640447504
9.4552	0.543307650276658
9.4632	0.544388769810379
9.4712	0.545618729068282
9.4792	0.547006577516183
9.4872	0.548560514335057
9.4952	0.550288189628312
9.5032	0.552197349727429
9.5112	0.554296411095122
9.5192	0.556594522454023
9.5272	0.559101202494144
9.5352	0.561825437249633
9.5432	0.564774396138678
9.5512	0.567952085753082
9.5592	0.571358198414121
9.5672	0.574987106510199
9.5752	0.578827128144107
9.5832	0.582860209219421
9.5912	0.587062021610825
9.5992	0.591402616043689
9.6072	0.595847701686823
9.6152	0.60036003441089
9.6232	0.604900649838432
9.6312	0.609429904642768
9.6392	0.613908333820521
9.6472	0.618297251883444
9.6552	0.622559313476474
9.6632	0.626659318400726
9.6712	0.630564888803242
9.6792	0.634247161437176
9.6872	0.637681635909835
9.6952	0.640849026245287
9.7032	0.643735630750898
9.7112	0.646333330700799
9.7192	0.648639249132256
9.7272	0.650655041981778
9.7352	0.652385968184323
9.7432	0.653840049433331
9.7512	0.655027416868817
9.7592	0.655960024808627
9.7672	0.656651672576209
9.7752	0.657118164220071
9.7832	0.657377435509114
9.7912	0.657449588972847
9.7992	0.657356760802642
9.8072	0.657122885719351
9.8152	0.656773443885498
9.8232	0.65633518869572
9.8312	0.655835805582322
9.8392	0.655303417941205
9.8472	0.654765873898246
9.8552	0.654249802880717
9.8632	0.653779496043317
9.8712	0.653375716817373
9.8792	0.653054633618936
9.8872	0.65282697533525
9.8952	0.652697474692245
9.9032	0.652664664576347
9.9112	0.652721058914056
9.9192	0.652853734707548
9.9272	0.653045337891788
9.9352	0.653275474836883
9.9432	0.653522363642916
9.9512	0.653764563218882
9.9592	0.653982568638987
9.9672	0.654160102689155
9.9752	0.6542850338537
9.9832	0.654349898868001
9.9912	0.65435201414783
9.9992	0.654293256875055
10.0072	0.654179571293162
10.0152	0.654020256414604
10.0232	0.653827134477174
10.0312	0.653613700955209
10.0392	0.653394260793163
10.0472	0.653183115839211
10.0552	0.652993836297009
10.0632	0.652838664435409
10.0712	0.652728086441244
10.0792	0.652670538996699
10.0872	0.652672173257075
10.0952	0.652736649362489
10.1032	0.652864948755379
10.1112	0.653055274711548
10.1192	0.653303156388863
10.1272	0.653601770593145
10.1352	0.653942436565841
10.1432	0.654315185505924
10.1512	0.654709241478853
10.1592	0.655113335701468
10.1672	0.655515926955875
10.1752	0.655905422622836
10.1832	0.656270469643656
10.1912	0.656600365633246
10.1992	0.656885538991582
10.2072	0.657117991595594
10.2152	0.657291631005467
10.2232	0.65740247301981
10.2312	0.657448704843614
10.2392	0.657430617835624
10.2472	0.657350432390804
10.2552	0.657212023196792
10.2632	0.657020588158655
10.2712	0.656782330962865
10.2792	0.656504198246314
10.2872	0.656193675159575
10.2952	0.655858626217353
10.3032	0.65550714899932
10.3112	0.655147417470119
10.3192	0.654787500992184
10.3272	0.654435226783394
10.3352	0.654098119996883
10.3432	0.653783393086036
10.3512	0.653497922535107
10.3592	0.653248187679176
10.3672	0.653040066005235
10.3752	0.652878490344193
10.3832	0.652767038586855
10.3912	0.652707571700734
10.3992	0.65269998537018
10.4072	0.652742241706072
10.4152	0.652830699171937
10.4232	0.652960626706867
10.4312	0.653126762957115
10.4392	0.653323839094683
10.4472	0.653546868091196
10.4552	0.65379120574113
10.4632	0.654052471017456
10.4712	0.654326425328265
10.4792	0.654608853123849
10.4872	0.65489556953527
10.4952	0.655182501205645
10.5032	0.655465743700174
10.5112	0.655741591118742
10.5192	0.656006538710059
10.5272	0.656257240245157
10.5352	0.656490510379338
10.5432	0.656703388043836
10.5512	0.656893235428431
10.5592	0.657057818254779
10.5672	0.657195333959004
10.5752	0.657304359499946
10.5832	0.657383761457256
10.5912	0.65743261147165
10.5992	0.657450151502422
10.6072	0.657435839279896
10.6152	0.657389470171006
10.6232	0.657311341743099
10.6312	0.657202410371972
10.6392	0.65706439108542
10.6472	0.656899778668107
10.6552	0.656711791018055
10.6632	0.656504237475813
10.6712	0.656281340540782
10.6792	0.656047532707834
10.6872	0.655807254901704
10.6952	0.65556475909751
10.7032	0.655323939985531
10.7112	0.655088225611724
10.7192	0.654860521204713
10.7272	0.65464319117311
10.7352	0.654438100766852
10.7432	0.654246680777456
10.7512	0.654069993306675
10.7592	0.653908783034521
10.7672	0.653763507368149
10.7752	0.653634335829687
10.7832	0.653521155189216
10.7912	0.653423595563742
10.7992	0.653341053289022
10.8072	0.653272719732451
10.8152	0.653217636532867
10.8232	0.653174767520599
10.8312	0.653143073254438
10.8392	0.653121596113824
10.8472	0.653109559696313
10.8552	0.653106461838411
10.8632	0.653112140857801
10.8712	0.653126818912418
10.8792	0.653151092405621
10.8872	0.65318585047797
10.8952	0.653232133631307
10.9032	0.653290954096622
10.9112	0.653363087369764
10.9192	0.65344891032529
10.9272	0.653548335501161
10.9352	0.653660849348551
10.9432	0.653785650347464
10.9512	0.653921838575782
10.9592	0.654068570097357
10.9672	0.654225120960831
10.9752	0.654390868922374
10.9832	0.654565204930753
10.9912	0.654747418695075
10.9992	0.654936620950087
11.0072	0.655131723442298
11.0152	0.655331474636508
11.0232	0.655534537256267
11.0312	0.655739531140259
11.0392	0.65594502920033
11.0472	0.656149502240788
11.0552	0.656351208004222
11.0632	0.656548015044528
11.0712	0.656737224279502
11.0792	0.656915399032153
11.0872	0.657078193767914
11.0952	0.657220196298993
11.1032	0.657334815626854
11.1112	0.657414221444408
11.1192	0.657449347383643
11.1272	0.657429957977746
11.1352	0.657344790780466
11.1432	0.657181810808604
11.1512	0.656928601637122
11.1592	0.656572912271612
11.1672	0.656103366673275
11.1752	0.655510303376997
11.1832	0.654786647964584
11.1912	0.653928762887612
11.1992	0.652937183496279
11.2072	0.651817199392893
11.2152	0.650579212525168
11.2232	0.649238802260367
11.2312	0.647816403176911
11.2392	0.646336613883191
11.2472	0.644827105311143
11.2552	0.643317221702989
11.2632	0.641836365156213
11.2712	0.640412532798079
11.2792	0.639071141575465
11.2872	0.637834198362569
11.2952	0.636719875244462
11.3032	0.63574253282962
11.3112	0.634912889440277
11.3192	0.634238279220466
11.3272	0.633723042588656
11.3352	0.633368782611801
11.3432	0.633174572238601
11.3512	0.633137288350036
11.3592	0.633251941792035
11.3672	0.633511817338658
11.3752	0.633908659284303
11.3832	0.63443273499165
11.3912	0.635072784662654
11.3992	0.63581605581044
11.4072	0.636648490681131
11.4152	0.637554928031326
11.4232	0.638519645034258
11.4312	0.639527008784147
11.4392	0.640562036398495
11.4472	0.641610807303188
11.4552	0.642660837570526
11.4632	0.643701210449606
11.4712	0.644722596259977
11.4792	0.64571721740632
11.4872	0.646678760157343
11.4952	0.647602206071208
11.5032	0.648483710070917
11.5112	0.649320459642616
11.5192	0.650110537268057
11.5272	0.650852808595309
11.5352	0.651546832919536
11.5432	0.65219272259171
11.5512	0.652790961933395
11.5592	0.653342322809747
11.5672	0.653847864229746
11.5752	0.654308966010313
11.5832	0.654727372040857
11.5912	0.655105230952377
11.5992	0.655445038582803
11.6072	0.655749496947581
11.6152	0.656021336565651
11.6232	0.65626312858332
11.6312	0.656477153546991
11.6392	0.656665379461912
11.6472	0.656829506380381
11.6552	0.656971044215167
11.6632	0.657091404295146
11.6712	0.65719196186459
11.6792	0.65727406155514
11.6872	0.657338995022056
11.6952	0.657387974685755
11.7032	0.65742212574142
11.7112	0.657442499738367
11.7192	0.657450096141142
11.7272	0.657445880345044
11.7352	0.657430786862363
11.7432	0.657405703780582
11.7512	0.657371452563974
11.7592	0.657328775935986
11.7672	0.657278338952113
11.7752	0.657220745025639
11.7832	0.657156558480433
11.7912	0.657086314965221
11.7992	0.657010516389782
11.8072	0.656929611474431
11.8152	0.656843952836754
11.8232	0.656753743426127
11.8312	0.656658994502381
11.8392	0.656559494073725
11.8472	0.656454791630554
11.8552	0.656344223948377
11.8632	0.656226988830804
11.8712	0.656102257917431
11.8792	0.655969312844948
11.8872	0.655827665658616
11.8952	0.655677123950278
11.9032	0.655517792925582
11.9112	0.655350025167442
11.9192	0.65517436383963
11.9272	0.65499150973153
11.9352	0.654802326068038
11.9432	0.654607880682354
11.9512	0.654409496704489
11.9592	0.654208762808464
11.9672	0.654007498926758
11.9752	0.653807728966431
11.9832	0.653611678114234
11.9912	0.653421853413104
11.9992	0.653241250991702
12.0072	0.653073694462938
12.0152	0.652924271842048
12.0232	0.652799853597506
12.0312	0.652709640534184
12.0392	0.652665689273133
12.0472	0.652683347687665
12.0552	0.652781540936894
12.0632	0.652982845179956
12.0712	0.653313321971293
12.0792	0.653802135471401
12.0872	0.654480981922267
12.0952	0.655383428514088
12.1032	0.656544247232168
12.1112	0.657998734537526
12.1192	0.659782059241713
12.1272	0.661928636719094
12.1352	0.664471398241091
12.1432	0.667440905108352
12.1512	0.670864417844186
12.1592	0.67476488741609
12.1672	0.679160070338219
12.1752	0.684061833068163
12.1832	0.689475880476205
12.1912	0.695401926306776
12.1992	0.701834205709927
12.2072	0.708762007987775
12.2152	0.716170375344138
12.2232	0.72404065106655
12.2312	0.732350758054225
12.2392	0.741075405203407
12.2472	0.750185861191736
12.2552	0.759648684371158
12.2632	0.769424174780322
12.2712	0.779464598792541
12.2792	0.789711770186764
12.2872	0.856166445266546
12.2952	0.855854007236469
12.3032	0.855658134175313
12.3112	0.855572080408682
12.3192	0.85558528292942
12.3272	0.855683614126358
12.3352	0.855850040129358
12.3432	0.856065633835526
12.3512	0.856310791660133
12.3592	0.85656645557354
12.3672	0.856815144858367
12.3752	0.857041706039392
12.3832	0.857233786289788
12.3912	0.857382052446438
12.3992	0.857480205830117
12.4072	0.857524900853589
12.4152	0.857515586073987
12.4232	0.857454246060855
12.4312	0.857345203317514
12.4392	0.857194976618064
12.4472	0.857012063121531
12.4552	0.856806551234476
12.4632	0.856589579777684
12.4712	0.856372564815195
12.4792	0.856166324809215
12.4872	0.855980366574319
12.4952	0.855822471914036
12.5032	0.855698635131559
12.5112	0.855613419289423
12.5192	0.855570574126362
12.5272	0.855573699873061
12.5352	0.85562681166104
12.5432	0.855734669908827
12.5512	0.855902823695282
12.5592	0.856137431813327
12.5672	0.856444932639638
12.5752	0.856831676996412
12.5832	0.857303603830342
12.5912	0.857865908509578
12.5992	0.858522642967064
12.6072	0.859276257965546
12.6152	0.860126943274965
12.6232	0.861071772446992
12.6312	0.862103849677422
12.6392	0.863211650733768
12.6472	0.864378694404445
12.6552	0.865583752511874
12.6632	0.866801596669997
12.6712	0.868004170547393
12.6792	0.869162026127928
12.6872	0.870245793413254
12.6952	0.871227425098928
12.7032	0.872081208215781
12.7112	0.872784511005994
12.7192	0.873318280037642
12.7272	0.873667341159763
12.7352	0.873820618626464
12.7432	0.873771257568187
12.7512	0.873516596076455
12.7592	0.87305793209343
12.7672	0.872400066095252
12.7752	0.871550646151339
12.7832	0.870519390258078
12.7912	0.869317301505061
12.7992	0.867955950321753
12.8072	0.86644691645152
12.8152	0.864801385530948
12.8232	0.863029912940043
12.8312	0.861142271316128
12.8392	0.859147473986644
12.8472	0.857053912929848
12.8552	0.854869607507196
12.8632	0.852602444626217
12.8712	0.850260274943197
12.8792	0.847850804491724
12.8872	0.845381252684532
12.8952	0.842857768204394
12.9032	0.840284978836183
12.9112	0.83766590428373
12.9192	0.835002090923148
12.9272	0.832293990953756
12.9352	0.829541679932139
12.9432	0.826745498165355
12.9512	0.823906491265234
12.9592	0.82102679229774
12.9672	0.818109774036891
12.9752	0.81516006058747
12.9832	0.812183846804012
12.9912	0.809189474505212
12.9992	0.806188010392539
13.0072	0.803193864790338
13.0152	0.80022513624437
13.0232	0.79730339696702
13.0312	0.794452987402272
13.0392	0.791699932702619
13.0472	0.789070591581901
13.0552	0.786590424715952
13.0632	0.784283161464269
13.0712	0.782170346175218
13.0792	0.780271240321127
13.0872	0.778602870119756
13.0952	0.777180084976055
13.1032	0.776015465875222
13.1112	0.775119074341061
13.1192	0.774498321931038
13.1272	0.774157991739126
13.1352	0.774100360814016
13.1432	0.774325387415281
13.1512	0.774830945793179
13.1592	0.775612834234556
13.1672	0.776664779281373
13.1752	0.77797839303177
13.1832	0.779542770819684
13.1912	0.781344132817256
13.1992	0.78336588761854
13.2072	0.785588824112551
13.2152	0.787991370544775
13.2232	0.790549985582891
13.2312	0.793239853771362
13.2392	0.796035628790121
13.2472	0.798912352905143
13.2552	0.801846379384267
13.2632	0.804816202496596
13.2712	0.80780289325767
13.2792	0.810790058667477
13.2872	0.813763250226667
13.2952	0.816709103518444
13.3032	0.819614536909997
13.3112	0.822466315527102
13.3192	0.825250893747626
13.3272	0.827954717986382
13.3352	0.830564929783665
13.3432	0.833070206655137
13.3512	0.835461298445448
13.3592	0.837731386615739
13.3672	0.839876105916592
13.3752	0.841893253351479
13.3832	0.843782440143129
13.3912	0.845544724814286
13.3992	0.847182264251875
13.4072	0.848698140777671
13.4152	0.850096297737366
13.4232	0.851381393715837
13.4312	0.852558597321674
13.4392	0.85363329167315
13.4472	0.854610726959447
13.4552	0.855495763112875
13.4632	0.856292840656739
13.4712	0.857006100375229
13.4792	0.857639635131534
13.4872	0.858197737564223
13.4952	0.85868504810565
13.5032	0.859106457868198
13.5112	0.859466940533045
13.5192	0.859771357448248
13.5272	0.860024333294926
13.5352	0.860230309509231
13.5432	0.86039379986292
13.5512	0.860519692394782
13.5592	0.860613532124063
13.5672	0.860681644925585
13.5752	0.860730939016491
13.5832	0.860768459720948
13.5912	0.860800802446765
13.5992	0.860833569407342
13.6072	0.860871024029662
13.6152	0.860916276844693
13.6232	0.8609718286961
13.6312	0.861040372778781
13.6392	0.861125617018333
13.6472	0.861232894204733
13.6552	0.861369214978075
13.6632	0.861542870120219
13.6712	0.861762555549005
13.6792	0.862036386426319
13.6872	0.86237099384906
13.6952	0.862770898451665
13.7032	0.86323809444979
13.7112	0.86377195121216
13.7192	0.864369134135919
13.7272	0.865023597585047
13.7352	0.865726625888407
13.7432	0.866467021044744
13.7512	0.867231425757989
13.7592	0.868004865874436
13.7672	0.86877143114156
13.7752	0.869515072517843
13.7832	0.870220504827349
13.7912	0.870874210698979
13.7992	0.871465365972819
13.8072	0.871986553536103
13.8152	0.872434104310785
13.8232	0.872807990791008
13.8312	0.873111281455166
13.8392	0.873349364801833
13.8472	0.873529132886361
13.8552	0.873658293299183
13.8632	0.873744865480728
13.8712	0.873796840795386
13.8792	0.873821917309122
13.8872	0.873827262585849
13.8952	0.873819297685896
13.9032	0.873803529899551
13.9112	0.873784464828513
13.9192	0.873765598628361
13.9272	0.87374947070266
13.9352	0.873737746723194
13.9432	0.873731310898763
13.9512	0.873730367402521
13.9592	0.873734557661533
13.9672	0.873743090269314
13.9752	0.87375488306958
13.9832	0.873768699110993
13.9912	0.873783257072642
13.9992	0.873797314415697
14.0072	0.873809722486451
14.0152	0.873819454858438
14.0232	0.873825614665428
14.0312	0.873827422292546
14.0392	0.873824171826876
14.0472	0.873815152252479
14.0552	0.87379954015839
14.0632	0.873776283987204
14.0712	0.873744011887947
14.0792	0.873700991848035
14.0872	0.873645154485207
14.0952	0.87357419527884
14.1032	0.873485761348274
14.1112	0.873377704720755
14.1192	0.873248385416558
14.1272	0.87309701893679
14.1352	0.872924015317287
14.1432	0.872731254754727
14.1512	0.872522250747812
14.1592	0.872302131007102
14.1672	0.87207742383762
14.1752	0.871855721146834
14.1832	0.871645256254926
14.1912	0.871454445068809
14.1992	0.871291457317239
14.2072	0.871163791392738
14.2152	0.871077814271291
14.2232	0.87103828816426
14.2312	0.87104793472081
14.2392	0.87110706782382
14.2472	0.871213479531116
14.2552	0.871362605868795
14.2632	0.871547929633226
14.2712	0.871761564742676
14.2792	0.871994945011954
14.2872	0.872239408304563
14.2952	0.872486605902411
14.3032	0.872728755766936
14.3112	0.872958792510838
14.3192	0.873170448845295
14.3272	0.873358347247966
14.3352	0.873518095057591
14.3432	0.873646373291833
14.3512	0.873740997554575
14.3592	0.873800953803333
14.3672	0.873826377685892
14.3752	0.873818488612236
14.3832	0.873779490369571
14.3912	0.873712426720903
14.3992	0.873620989704073
14.4072	0.873509304061866
14.4152	0.873381712547847
14.4232	0.87324258751286
14.4312	0.873096199055798
14.4392	0.872946619863007
14.4472	0.87279764383054
14.4552	0.872652701090834
14.4632	0.872514780088544
14.4712	0.872386357420658
14.4792	0.872269365254812
14.4872	0.872165205435929
14.4952	0.872074775109245
14.5032	0.871998463453219
14.5112	0.871936121287857
14.5192	0.871887016817332
14.5272	0.871849789033473
14.5352	0.871822456777386
14.5432	0.871802505650134
14.5512	0.871787019805206
14.5592	0.871772815204609
14.5672	0.871756560263224
14.5752	0.871734837412516
14.5832	0.87170416116454
14.5912	0.871661016658674
14.5992	0.871601928621314
14.6072	0.871523565779287
14.6152	0.871422881318982
14.6232	0.871297256451035
14.6312	0.87114458484273
14.6392	0.870963299777755
14.6472	0.870752361408626
14.6552	0.870511207829656
14.6632	0.870239722425389
14.6712	0.869938262051022
14.6792	0.869607695483949
14.6872	0.869249427678704
14.6952	0.868865362546221
14.7032	0.868457792755138
14.7112	0.868029228396851
14.7192	0.86758228338644
14.7272	0.867119577536686
14.7352	0.866643656065237
14.7432	0.866156980621643
14.7512	0.865661945176326
14.7592	0.865160792676897
14.7672	0.864655507988032
14.7752	0.864147765743377
14.7832	0.863638926342515
14.7912	0.863130154684774
14.7992	0.862622632456182
14.8072	0.862117737744385
14.8152	0.861617200359062
14.8232	0.861123225331131
14.8312	0.860638430174797
14.8392	0.860165680641368
14.8472	0.859707968534874
14.8552	0.859268381688021
14.8632	0.85885003376145
14.8712	0.858456005070474
14.8792	0.85808923410798
14.8872	0.857752346490276
14.8952	0.857447420224506
14.9032	0.85717578945757
14.9112	0.856937913453468
14.9192	0.856733370642607
14.9272	0.85656096514729
14.9352	0.85641891852952
14.9432	0.856305079653349
14.9512	0.856217178569571
14.9592	0.856153095613102
14.9672	0.856111111451089
14.9752	0.856090127786467
14.9832	0.856089883854986
14.9912	0.85611113343208
14.9992	0.856155772584863
15.0072	0.856226932605744
15.0152	0.856328989844177
15.0232	0.85646747435561
15.0312	0.85664887151229
15.0392	0.856880299635212
15.0472	0.857169034910428
15.0552	0.857521947012013
15.0632	0.857944894077552
15.0712	0.858442144402233
15.0792	0.859015952904945
15.0872	0.85966630922988
15.0952	0.860390789707227
15.1032	0.861184477820467
15.1112	0.862039933329404
15.1192	0.862947194106768
15.1272	0.863893885789811
15.1352	0.864865569682022
15.1432	0.865846357665364
15.1512	0.866819743307927
15.1592	0.867769547727447
15.1672	0.868680763701487
15.1752	0.869540194006458
15.1832	0.870336798251242
15.1912	0.871061771429963
15.1992	0.871708415975643
15.2072	0.87227194977905
15.2152	0.872749302861874
15.2232	0.873138941146724
15.2312	0.873440627035747
15.2392	0.87365508320909
15.2472	0.873783565600739
15.2552	0.873827435534424
15.2632	0.873787835415357
15.2712	0.873665566115608
15.2792	0.873461193440749
15.2872	0.87317531748159
15.2952	0.872808866412591
15.3032	0.872363254442707
15.3112	0.871840364291813
15.3192	0.871242385463011
15.3272	0.870571600842234
15.3352	0.869830241194081
15.3432	0.869020544984556
15.3512	0.868144941469342
15.3592	0.867206269315509
15.3672	0.866208002664735
15.3752	0.865154451194041
15.3832	0.864050885662259
15.3912	0.8629036552304
15.3992	0.861720298237223
15.4072	0.860509513448017
15.4152	0.859280932256293
15.4232	0.858044802332748
15.4312	0.856811528569055
15.4392	0.8555911545337
15.4472	0.854393005241716
15.4552	0.853225572720547
15.4632	0.852096534626189
15.4712	0.851012838015521
15.4792	0.849980711493161
15.4872	0.849005528670653
15.4952	0.848091600799252
15.5032	0.847242083098433
15.5112	0.84645902726252
15.5192	0.845743642739885
15.5272	0.845096604940163
15.5352	0.844518236041161
15.5432	0.844008673636591
15.5512	0.843568062103762
15.5592	0.843196728973197
15.5672	0.84289550557675
15.5752	0.842666258155454
15.5832	0.843396317956595
15.5912	0.844202743520326
15.5992	0.84507868779687
15.6072	0.846010305067544
15.6152	0.846982366299942
15.6232	0.847981086080068
15.6312	0.848995211951733
15.6392	0.850016146502117
15.6472	0.851037631243386
15.6552	0.852055288706511
15.6632	0.853066156671714
15.6712	0.854068275713817
15.6792	0.855060357342956
15.6872	0.856041523239557
15.6952	0.857011105625262
15.7032	0.857968499038615
15.7112	0.858913053848198
15.7192	0.859844004380122
15.7272	0.86076042820865
15.7352	0.861661227960783
15.7432	0.862545131190311
15.7512	0.863410702888365
15.7592	0.864256364720508
15.7672	0.865080413376808
15.7752	0.865881033542715
15.7832	0.866656306372683
15.7912	0.8674042154009
15.7992	0.868122651700826
15.8072	0.86880942082022
15.8152	0.869462255013121
15.8232	0.870078829194459
15.8312	0.870656782159773
15.8392	0.871193741421249
15.8472	0.871687348766992
15.8552	0.872135283580037
15.8632	0.872535284386584
15.8712	0.872885167596074
15.8792	0.873182844575498
15.8872	0.873426338583067
15.8952	0.873613802959635
15.9032	0.873743542291387
15.9112	0.873814036534205
15.9192	0.873823966860362
15.9272	0.87377224152559
15.9352	0.873658020367965
15.9432	0.873480737516803
15.9512	0.873240123383279
15.9592	0.87293622785512
15.9672	0.872569446519589
15.9752	0.872140551012061
15.9832	0.871650723202194
15.9912	0.871101592704913
15.9992	0.870495276039951
16.0072	0.869834416281755
16.0152	0.869122222425837
16.0232	0.868362508722507
16.0312	0.867559733822163
16.0392	0.866719040773161
16.0472	0.865846296635911
16.0552	0.864948131370166
16.0632	0.864031976256622
16.0712	0.863106102128675
16.0792	0.862179657716333
16.0872	0.861262709678307
16.0952	0.860366284804818
16.1032	0.859502414289022
16.1112	0.858684179687662
16.1192	0.857925759645995
16.1272	0.857242475788854
16.1352	0.856650837485344
16.1432	0.856168585233499
16.1512	0.855814732573894
16.1592	0.855609606910328
16.1672	0.855574889725781
16.1752	0.855733655560539
16.1832	0.856110409384727
16.1912	0.85673112313824
16.1992	0.857623272561444
16.2072	0.85881587572624
16.2152	0.860339535206469
16.2232	0.862226483908022
16.2312	0.864510633404833
16.2392	0.867227622794687
16.2472	0.87041486489119
16.2552	0.874111586525646
16.2632	0.878358864286857
16.2712	0.883199655464139
16.2792	0.888678825032272
16.2872	0.894843171818842
16.2952	0.9017414567141
16.3032	0.909424427000021
16.3112	0.917944837057026
16.3192	0.927357466002624
16.3272	0.937719132099993
16.3352	0.949088703790534
16.3432	0.96152710451383
16.3512	0.975097304111173
16.3592	0.989864316086866
16.3672	1.00589521405883
16.3752	1.02325917661975
16.3832	1.0420275740648
16.3912	1.06227411607965
