0.0072	0.0609203846325097
0.0152	0.0597641991888866
0.0232	0.0596901337601667
0.0312	0.060533622432231
0.0392	0.0621469200293912
0.0472	0.0643977719072484
0.0552	0.0671681727578917
0.0632	0.0703532030035841
0.0712	0.0738599299300797
0.0792	0.0776063852382118
0.0872	0.0815206134008011
0.0952	0.0855397810962919
0.1032	0.0896093390181902
0.1112	0.0936822247880928
0.1192	0.0977180979047652
0.1272	0.101682619955267
0.1352	0.105546786098758
0.1432	0.109286314250892
0.1512	0.112881101672469
0.1592	0.116314745539632
0.1672	0.11957411812374
0.1752	0.122648993993046
0.1832	0.12553172194449
0.1912	0.128216927272831
0.1992	0.130701243074604
0.2072	0.132983068239681
0.2152	0.135062352831683
0.2232	0.136940407404248
0.2312	0.138619732080515
0.2392	0.140103862253424
0.2472	0.141397228215513
0.2552	0.142505024570072
0.2632	0.14343309086635
0.2712	0.144187803178287
0.2792	0.144775975953905
0.2872	0.145204774148602
0.2952	0.145481635585177
0.3032	0.145614201174781
0.3112	0.14561025270815
0.3192	0.14547765823344
0.3272	0.145224324878066
0.3352	0.144858159596267
0.3432	0.144387037476805
0.3512	0.143818776402989
0.3592	0.143161116745028
0.3672	0.142421704464489
0.3752	0.14160807627438
0.3832	0.14072764746106
0.3912	0.139787702009888
0.3992	0.138795384571713
0.4072	0.137757693964836
0.4152	0.136681477943827
0.4232	0.135573429004262
0.4312	0.134440081446269
0.4392	0.133287810498087
0.4472	0.132122830252294
0.4552	0.130951188977508
0.4632	0.12977876211832
0.4712	0.12861124436197
0.4792	0.127454137449452
0.4872	0.126312733388977
0.4952	0.125192095243919
0.5032	0.124097038464498
0.5112	0.123032108845384
0.5192	0.122001561082498
0.5272	0.121009341786396
0.5352	0.120059080834257
0.5432	0.119154092218879
0.5512	0.118297390103081
0.5592	0.117491714946037
0.5672	0.116739568836412
0.5752	0.116043258094066
0.5832	0.115404937410807
0.5912	0.1148266444672
0.5992	0.114310330482801
0.6072	0.113857890377997
0.6152	0.113471187010018
0.6232	0.113152067373043
0.6312	0.112902378051652
0.6392	0.112723980001328
0.6472	0.112618753259202
0.6552	0.112588578040739
0.6632	0.112635287265479
0.6712	0.112760586481859
0.6792	0.112965934110883
0.6872	0.113252385362946
0.6952	0.113620408097646
0.7032	0.1140696694812
0.7112	0.114598790167511
0.7192	0.115205044782835
0.7272	0.115883980152741
0.7352	0.116628927353329
0.7432	0.117430396517276
0.7512	0.118275347548979
0.7592	0.119146363350187
0.7672	0.120020766926586
0.7752	0.12086976589161
0.7832	0.121657757029542
0.7912	0.122342006203942
0.7992	0.122873002951134
0.8072	0.123195966486844
0.8152	0.123254149991941
0.8232	0.122994674939886
0.8312	0.12143756741827
0.8392	0.119875393859726
0.8472	0.118325649515008
0.8552	0.116806820101184
0.8632	0.115337563290895
0.8712	0.113936027491544
0.8792	0.112619416699289
0.8872	0.111403934540778
0.8952	0.110304463964828
0.9032	0.109333872597832
0.9112	0.108501937141028
0.9192	0.107814359259862
0.9272	0.1072721603713
0.9352	0.106871685347628
0.9432	0.106605191001868
0.9512	0.106462070955011
0.9592	0.106430309441226
0.9672	0.106497796262386
0.9752	0.106653380748985
0.9832	0.106887622564419
0.9912	0.107193163513192
0.9992	0.107564835944224
1.0072	0.107999740989863
1.0152	0.108497271765814
1.0232	0.109059238677329
1.0312	0.109689835099552
1.0392	0.110395342762416
1.0472	0.111183619766102
1.0552	0.1120635294314
1.0632	0.113044235654232
1.0712	0.114134576799934
1.0792	0.11534241501783
1.0872	0.116673946912087
1.0952	0.118133032200145
1.1032	0.119720527105521
1.1112	0.121433452042611
1.1192	0.123264288462772
1.1272	0.125200371797573
1.1352	0.127223275126235
1.1432	0.129308381438235
1.1512	0.131424949184845
1.1592	0.133536586820575
1.1672	0.135602370762935
1.1752	0.13757856795074
1.1832	0.139420643332549
1.1912	0.141085423877436
1.1992	0.142533317535045
1.2072	0.14373023664182
1.2152	0.144649154679031
1.2232	0.145271290007089
1.2312	0.145586734660868
1.2392	0.145594405355197
1.2472	0.145301251699255
1.2552	0.14472067333752
1.2632	0.143870350899117
1.2712	0.14276987923427
1.2792	0.141438564622266
1.2872	0.13989363548753
1.2952	0.138149001032672
1.3032	0.136214565090639
1.3112	0.134096097823018
1.3192	0.131795572428609
1.3272	0.129312051655192
1.3352	0.126643008771834
1.3432	0.123785931768051
1.3512	0.120740048439435
1.3592	0.117508086623988
1.3672	0.114097750433154
1.3752	0.1105229017408
1.3832	0.106804327728818
1.3912	0.102969924384813
1.3992	0.099054256433003
1.4072	0.0950980216336332
1.4152	0.091147210732307
1.4232	0.0872517141389273
1.4312	0.0834637600297969
1.4392	0.0798364460120378
1.4472	0.0764217562910008
1.4552	0.0732680101941088
1.4632	0.0704170952084655
1.4712	0.0679017401932103
1.4792	0.0657430464197932
1.4872	0.0639488202376302
1.4952	0.0625129149311792
1.5032	0.0614155872232689
1.5112	0.060624839904992
1.5192	0.0600986300076261
1.5272	0.0597877183820859
1.5352	0.0596391788114015
1.5432	0.0596003255000066
1.5512	0.0596226557884338
1.5592	0.0596654512937884
1.5672	0.0596987359447456
1.5752	0.0597053807367725
1.5832	0.0596822750176282
1.5912	0.0596405666204904
1.5992	0.0596049794558335
1.6072	0.0596122064934614
1.6152	0.0597083978239605
1.6232	0.0599459458060383
1.6312	0.0603798915051459
1.6392	0.0610643487640945
1.6472	0.0620493807893427
1.6552	0.0633785348116791
1.6632	0.0650870492980569
1.6712	0.0672005578513892
1.6792	0.0697339864404252
1.6872	0.0726903082844781
1.6952	0.0760593447533995
1.7032	0.0798167606784506
1.7112	0.0839237414179475
1.7192	0.0883278706762733
1.7272	0.0929655471506243
1.7352	0.0977653797702493
1.7432	0.102651953920098
1.7512	0.107549304537586
1.7592	0.11238356327297
1.7672	0.117084553623451
1.7752	0.121586834287565
1.7832	0.125830300151321
1.7912	0.129760638458194
1.7992	0.133329918899342
1.8072	0.136497203272462
1.8152	0.139228721964448
1.8232	0.141497692483456
1.8312	0.143283828379674
1.8392	0.144572711188379
1.8472	0.145355398484566
1.8552	0.145628524460622
1.8632	0.145394876075405
1.8712	0.144664376680587
1.8792	0.143455324454498
1.8872	0.141795440273149
1.8952	0.139722262903609
1.9032	0.137282487619039
1.9112	0.134530047745411
1.9192	0.131523115717225
1.9272	0.128320838249907
1.9352	0.124980509700704
1.9432	0.121555815203854
1.9512	0.118096404369154
1.9592	0.114648600508071
1.9672	0.111256372129456
1.9752	0.107962043764342
1.9832	0.104806362180327
1.9912	0.10182773003199
1.9992	0.0990609074299615
2.0072	0.0965360299276656
2.0152	0.0942782574780057
2.0232	0.0923081978537614
2.0312	0.0906430745304667
2.0392	0.0892983536393044
2.0472	0.0882894095267228
2.0552	0.0876328174277829
2.0632	0.0873470823508362
2.0712	0.0874526774513602
2.0792	0.0879714799500779
2.0872	0.0889256720112903
2.0952	0.0903360893487952
2.1032	0.0922201973899885
2.1112	0.0945899028866761
2.1192	0.0974494977770592
2.1272	0.100794215629358
2.1352	0.104609637165531
2.1432	0.108871531250199
2.1512	0.113545187811473
2.1592	0.118583686141248
2.1672	0.123925261782804
2.1752	0.129490955099334
2.1832	0.135183870217304
2.1912	0.140891009780955
2.1992	0.146488898911548
2.2072	0.151852974079092
2.2152	0.156868201836397
2.2232	0.161438061971168
2.2312	0.16549013341808
2.2392	0.168977771165328
2.2472	0.171877926810487
2.2552	0.174186032063421
2.2632	0.175909699001084
2.2712	0.1770640072574
2.2792	0.177669068213287
2.2872	0.177749157383822
2.2952	0.177332741042105
2.3032	0.17645288249565
2.3112	0.17514661181606
2.3192	0.173452871205519
2.3272	0.171408917226295
2.3352	0.169047134481337
2.3432	0.166393970442081
2.3512	0.163471781677253
2.3592	0.160301599152427
2.3672	0.156906482368247
2.3752	0.153314122745409
2.3832	0.149557254189844
2.3912	0.145672336272455
2.3992	0.141697757789017
2.4072	0.137671790113573
2.4152	0.133631813651501
2.4232	0.129614806062892
2.4312	0.125657973669167
2.4392	0.12179871868227
2.4472	0.118073903159835
2.4552	0.114517506741982
2.4632	0.111158306365791
2.4712	0.108018496428269
2.4792	0.105113102645421
2.4872	0.102450230175762
2.4952	0.100032292666978
2.5032	0.0978570279121835
2.5112	0.0959181942075742
2.5192	0.0942063648637084
2.5272	0.0927099027622869
2.5352	0.0914161502773383
2.5432	0.0903130554838678
2.5512	0.0893905771798775
2.5592	0.0886415020303297
2.5672	0.0880617642172417
2.5752	0.0876501876769296
2.5832	0.0874077649624225
2.5912	0.0873365899423155
2.5992	0.0874384209067993
2.6072	0.0877128197357933
2.6152	0.088155048282315
2.6232	0.0887541927642146
2.6312	0.089492169506848
2.6392	0.0903441474156064
2.6472	0.0912803861779241
2.6552	0.0922691019629576
2.6632	0.0932794763400895
2.6712	0.094284156562964
2.6792	0.0952607441374842
2.6872	0.0961923949027059
2.6952	0.0970676181337224
2.7032	0.0978797175545139
2.7112	0.0986259806514176
2.7192	0.0993068261416936
2.7272	0.099924955951582
2.7352	0.10048473966466
2.7432	0.100991941410283
2.7512	0.101453850652146
2.7592	0.101879691965148
2.7672	0.102281012532602
2.7752	0.102671784639945
2.7832	0.103068198692993
2.7912	0.103488107559671
2.7992	0.103950323061342
2.8072	0.104473945865134
2.8152	0.105077786457507
2.8232	0.105779872763092
2.8312	0.106597038021579
2.8392	0.107544323871706
2.8472	0.10863414613516
2.8552	0.109875471979249
2.8632	0.11127306529278
2.8712	0.112826841186949
2.8792	0.114531615906381
2.8872	0.116377263509481
2.8952	0.118348887772939
2.9032	0.120426995477655
2.9112	0.122587711627524
2.9192	0.124803053888328
2.9272	0.12704132783508
2.9352	0.129268010285212
2.9432	0.131447097376316
2.9512	0.133542784589266
2.9592	0.135521315693091
2.9672	0.137352906311687
2.9752	0.139013370140615
2.9832	0.140485297084929
2.9912	0.141758675538715
2.9992	0.142830890031561
3.0072	0.143706112488418
3.0152	0.144394333566753
3.0232	0.144910130927948
3.0312	0.145271303611384
3.0392	0.145497471570402
3.0472	0.145608779051658
3.0552	0.145624731541037
3.0632	0.14556323479602
3.0712	0.145439971977227
3.0792	0.145268201984329
3.0872	0.145058946242773
3.0952	0.144821490920124
3.1032	0.14456407190352
3.1112	0.144294536543043
3.1192	0.144020843373388
3.1272	0.143751294317588
3.1352	0.143494443395054
3.1432	0.143258732105119
3.1512	0.143051969525352
3.1592	0.142880716889811
3.1672	0.142749733961935
3.1752	0.142661638369752
3.1832	0.142616792679051
3.1912	0.142613390560388
3.1992	0.14264775554926
3.2072	0.142714813960616
3.2152	0.142808587546946
3.2232	0.142922582410889
3.2312	0.143050134491625
3.2392	0.143184816546293
3.2472	0.143320893112942
3.2552	0.143453791695828
3.2632	0.143580516067183
3.2712	0.143699887762549
3.2792	0.14381250615474
3.2872	0.143920428978333
3.2952	0.144026598825306
3.3032	0.144134119636293
3.3112	0.144245559557504
3.3192	0.144362438026282
3.3272	0.144484961494329
3.3352	0.144612051532691
3.3432	0.144741608155753
3.3512	0.144870880283498
3.3592	0.144996824951674
3.3672	0.145116414356316
3.3752	0.145226865361888
3.3832	0.145325814782449
3.3912	0.145411446248477
3.3992	0.145482574079471
3.4072	0.145538709068224
3.4152	0.145580096058811
3.4232	0.14560771172729
3.4312	0.145623203748195
3.4392	0.145628742020724
3.4472	0.145626780723786
3.4552	0.145619774811494
3.4632	0.145609913387557
3.4712	0.145598929159945
3.4792	0.145588014998439
3.4872	0.145577841627851
3.4952	0.145568650961573
3.5032	0.145560387130643
3.5112	0.145552846757421
3.5192	0.14554580332128
3.5272	0.145539098478961
3.5352	0.145532686827289
3.5432	0.145526634619415
3.5512	0.14552106235947
3.5592	0.14551606301101
3.5672	0.14551161317501
3.5752	0.145507509254303
3.5832	0.145503353464643
3.5912	0.145498602147768
3.5992	0.145492642405377
3.6072	0.14548488219726
3.6152	0.145474835751416
3.6232	0.145462183087079
3.6312	0.14544679409504
3.6392	0.145428729610312
3.6472	0.14540821244547
3.6552	0.145385566350047
3.6632	0.145361134431853
3.6712	0.145335197457072
3.6792	0.145307932131228
3.6872	0.145279399975198
3.6952	0.14524957230653
3.7032	0.145218364470578
3.7112	0.145185663212442
3.7192	0.145151335005456
3.7272	0.145115229400129
3.7352	0.145077169390923
3.7432	0.14503695066497
3.7512	0.144994350830371
3.7592	0.144949148773994
3.7672	0.144901156826513
3.7752	0.144850273817828
3.7832	0.144796579308904
3.7912	0.144740430893652
3.7992	0.144682549195723
3.8072	0.144624084732806
3.8152	0.14456665840964
3.8232	0.144512371451543
3.8312	0.144463801593973
3.8392	0.144423938403628
3.8472	0.144396043253809
3.8552	0.144383440029997
3.8632	0.144389229730304
3.8712	0.144415934267117
3.8792	0.144465180270671
3.8872	0.144537444222773
3.8952	0.144631842502153
3.9032	0.144745995202225
3.9112	0.144875976725634
3.9192	0.145016312797745
3.9272	0.145160079114207
3.9352	0.145299146048365
3.9432	0.145424559702897
3.9512	0.145527057182635
3.9592	0.145597653887044
3.9672	0.145628183859651
3.9752	0.145611728382247
3.9832	0.145542926051556
3.9912	0.145418213719871
3.9992	0.145236061623574
4.0072	0.144997229095276
4.0152	0.144705017631054
4.0232	0.144365443343367
4.0312	0.143987235213854
4.0392	0.143581563169107
4.0472	0.143161516749989
4.0552	0.142741424278064
4.0632	0.142336181639301
4.0712	0.141960693999058
4.0792	0.141629504348442
4.0872	0.14135650004216
4.0952	0.404462351942261
4.1032	0.404527175730727
4.1112	0.404541313412254
4.1192	0.40450127348557
4.1272	0.40440318421153
4.1352	0.404242798173769
4.1432	0.404015512482664
4.1512	0.403716346095925
4.1592	0.403339888182295
4.1672	0.402880286231843
4.1752	0.402331222293926
4.1832	0.401685937801426
4.1912	0.400937416325121
4.1992	0.400078745475252
4.2072	0.399103686377235
4.2152	0.398007278876468
4.2232	0.396786348981506
4.2312	0.395439729455641
4.2392	0.393968109550285
4.2472	0.392373446396957
4.2552	0.390658223419092
4.2632	0.388824771607319
4.2712	0.386874931446429
4.2792	0.384810181699394
4.2872	0.382632227300774
4.2952	0.380343631534149
4.3032	0.377948426265516
4.3112	0.375452511815341
4.3192	0.372863786517565
4.3272	0.370191935621217
4.3352	0.367448260450055
4.3432	0.364645472447131
4.3512	0.361797480494388
4.3592	0.358919129226692
4.3672	0.356025943152667
4.3752	0.353133812407567
4.3832	0.350258676196936
4.3912	0.347416250657049
4.3992	0.344621800592097
4.4072	0.341889873092593
4.4152	0.339234104305272
4.4232	0.336667052361574
4.4312	0.334200005327843
4.4392	0.331842763141155
4.4472	0.329603504063389
4.4552	0.327488715457829
4.4632	0.325503171763539
4.4712	0.323649955028194
4.4792	0.321930512508189
4.4872	0.32034474836965
4.4952	0.31889115313074
4.5032	0.317566960765136
4.5112	0.316368334991955
4.5192	0.315290595917488
4.5272	0.314328398798098
4.5352	0.313475856368794
4.5432	0.312726635320904
4.5512	0.312074055110187
4.5592	0.311511128756358
4.5672	0.311030620399891
4.5752	0.310625146529206
4.5832	0.310287310593646
4.5912	0.310009849779012
4.5992	0.30978581599602
4.6072	0.309608730369472
4.6152	0.309472702930482
4.6232	0.309372515967383
4.6312	0.309303661311933
4.6392	0.30926230368759
4.6472	0.309245226650034
4.6552	0.309249767118587
4.6632	0.309273737815267
4.6712	0.309315352565913
4.6792	0.309373215834711
4.6872	0.309446353045061
4.6952	0.309534231935441
4.7032	0.309636761450831
4.7112	0.309754269321553
4.7192	0.309887414741042
4.7272	0.310037032316764
4.7352	0.310203920355368
4.7432	0.310388600276211
4.7512	0.310591076319633
4.7592	0.310810606111748
4.7672	0.31104548898239
4.7752	0.311292916375188
4.7832	0.311548928389921
4.7912	0.311808483081312
4.7992	0.31206564151133
4.8072	0.312313878438789
4.8152	0.312546490482351
4.8232	0.312757052345243
4.8312	0.31293984644453
4.8392	0.313090208362001
4.8472	0.313204822234534
4.8552	0.313282034178664
4.8632	0.313322136074815
4.8712	0.313327496881515
4.8792	0.313302513613751
4.8872	0.313253289410572
4.8952	0.313187019432368
4.9032	0.313111171593889
4.9112	0.313032664430929
4.9192	0.312957204442584
4.9272	0.312888921738789
4.9352	0.312830349238422
4.9432	0.312782668245236
4.9512	0.31274607084276
4.9592	0.312720136740741
4.9672	0.312704113527751
4.9752	0.312697048882585
4.9832	0.312697801074022
4.9912	0.312705013790911
4.9992	0.312717092361745
5.0072	0.312732219142021
5.0152	0.312748393376201
5.0232	0.312763491236104
5.0312	0.312775339100527
5.0392	0.312781801025059
5.0472	0.312780900896926
5.0552	0.312770915616556
5.0632	0.312750418229536
5.0712	0.312718281131696
5.0792	0.312673643916937
5.0872	0.312615842203757
5.0952	0.312544389701659
5.1032	0.312458988609842
5.1112	0.312359558829489
5.1192	0.312246244379484
5.1272	0.312119395257455
5.1352	0.311979477203582
5.1432	0.311827021342004
5.1512	0.311662616175181
5.1592	0.311486882300504
5.1672	0.311300403861053
5.1752	0.311103703285972
5.1832	0.31089722409517
5.1912	0.310681321115528
5.1992	0.310456283438138
5.2072	0.310222419716081
5.2152	0.30998021308721
5.2232	0.309730512724815
5.2312	0.309474725101317
5.2392	0.309215001363407
5.2472	0.308954426142896
5.2552	0.308697192551636
5.2632	0.308448759051443
5.2712	0.30821594391548
5.2792	0.30800692033602
5.2872	0.307831041652824
5.2952	0.307698459446014
5.3032	0.307619553685164
5.3112	0.307604276743022
5.3192	0.307661480239242
5.3272	0.307798271723437
5.3352	0.308019471536713
5.3432	0.308327215897988
5.3512	0.308720732464304
5.3592	0.309196310449704
5.3672	0.309747420832869
5.3752	0.310364925072495
5.3832	0.311037317511797
5.3912	0.311750955976479
5.3992	0.312490262956071
5.4072	0.313237960778391
5.4152	0.313975440065288
5.4232	0.314683307877503
5.4312	0.315342122755225
5.4392	0.315933274360173
5.4472	0.31643986040846
5.4552	0.316847398924615
5.4632	0.317144308559443
5.4712	0.317322141470963
5.4792	0.317375571441722
5.4872	0.317302198368056
5.4952	0.317102455239948
5.5032	0.316779606765351
5.5112	0.316339769770261
5.5192	0.315792044909425
5.5272	0.315148709856446
5.5352	0.314425212343316
5.5432	0.313639989140042
5.5512	0.312814162078034
5.5592	0.311971033400844
5.5672	0.311135431945483
5.5752	0.310333036116867
5.5832	0.309589681033363
5.5912	0.308930706032511
5.5992	0.308380430294342
5.6072	0.307961731386436
5.6152	0.307695736183413
5.6232	0.307601614955082
5.6312	0.307696400948127
5.6392	0.307994763950653
5.6472	0.308508702969388
5.6552	0.309247155962696
5.6632	0.310215589184488
5.6712	0.311415660227939
5.6792	0.31284499827835
5.6872	0.314497138122294
5.6952	0.316361580966778
5.7032	0.318423970750082
5.7112	0.320666360465815
5.7192	0.323067620921831
5.7272	0.32560399563145
5.7352	0.328249865869156
5.7432	0.330978682581251
5.7512	0.33376396663442
5.7592	0.336580212922348
5.7672	0.339403695988549
5.7752	0.342213036945083
5.7832	0.344989483726684
5.7912	0.347716974140931
5.7992	0.350382017417386
5.8072	0.352973261513163
5.8152	0.355480943793993
5.8232	0.357896372873861
5.8312	0.360211529571529
5.8392	0.362418989075485
5.8472	0.364512159480549
5.8552	0.366485631508279
5.8632	0.368335567467476
5.8712	0.370060020026132
5.8792	0.371658956362827
5.8872	0.37313403240833
5.8952	0.374488322448423
5.9032	0.375726024719507
5.9112	0.376852202226182
5.9192	0.37787271179057
5.9272	0.378794171197447
5.9352	0.379623876439398
5.9432	0.380369659417932
5.9512	0.381039678738079
5.9592	0.38164204861065
5.9672	0.382184428877409
5.9752	0.382673634368738
5.9832	0.383115301806226
5.9912	0.383513652024163
5.9992	0.38387144685491
6.0072	0.384190148848773
6.0152	0.384470283119522
6.0232	0.38471188838767
6.0312	0.384914914256262
6.0392	0.385079372845306
6.0472	0.3852052209296
6.0552	0.385292061749706
6.0632	0.385338736817986
6.0712	0.385342871567024
6.0792	0.385300614188319
6.0872	0.385206731317918
6.0952	0.385054964425665
6.1032	0.384838549519252
6.1112	0.384550857203508
6.1192	0.384186020771639
6.1272	0.383739453092807
6.1352	0.383208166492439
6.1432	0.382590863906026
6.1512	0.381887813520179
6.1592	0.381100613329835
6.1672	0.380231884480895
6.1752	0.379284962360738
6.1832	0.378263705151468
6.1912	0.377172470110413
6.1992	0.376016213454471
6.2072	0.374800672635676
6.2152	0.373532414342235
6.2232	0.372218760817407
6.2312	0.370867642214515
6.2392	0.369487306302596
6.2472	0.368085836123352
6.2552	0.366670642011959
6.2632	0.365247982044646
6.2712	0.363822566529945
6.2792	0.362397405117174
6.2872	0.360973891653309
6.2952	0.35955212071891
6.3032	0.358131452931372
6.3112	0.356711217584485
6.3192	0.355291330913808
6.3272	0.353872810607372
6.3352	0.352458205962603
6.3432	0.351051929563426
6.3512	0.349660386114291
6.3592	0.348291960424605
6.3672	0.346956864399467
6.3752	0.34566683119479
6.3832	0.344434636717367
6.3912	0.343273482520225
6.3992	0.342196343085225
6.4072	0.341215457955892
6.4152	0.340341976525943
6.4232	0.339585724518355
6.4312	0.338955123536029
6.4392	0.338457306528951
6.4472	0.338098262497161
6.4552	0.337882989047157
6.4632	0.337815691393109
6.4712	0.337899993508434
6.4792	0.338139107968461
6.4872	0.338536033998379
6.4952	0.339093721912937
6.5032	0.339815154411446
6.5112	0.340703421628331
6.5192	0.341761712986705
6.5272	0.342993111446022
6.5352	0.344400337312517
6.5432	0.345985432201823
6.5512	0.347749397215745
6.5592	0.34969173314889
6.5672	0.351809902972232
6.5752	0.354098732488916
6.5832	0.35654983258589
6.5912	0.359151121795105
6.5992	0.36188651577702
6.6072	0.364735966473103
6.6152	0.367675897414977
6.6232	0.370679986857604
6.6312	0.373720086735319
6.6392	0.376767215235867
6.6472	0.379792550275002
6.6552	0.38276822753784
6.6632	0.385667959598574
6.6712	0.388467624143228
6.6792	0.391145837101138
6.6872	0.393684533107355
6.6952	0.396069598835582
6.7032	0.398291333511356
6.7112	0.400344605827781
6.7192	0.402228783975667
6.7272	0.403947389988664
6.7352	0.405507439840431
6.7432	0.406918726240865
6.7512	0.408193098715007
6.7592	0.409343615104147
6.7672	0.410383645252558
6.7752	0.411326130492339
6.7832	0.412182989009688
6.7912	0.412964672118352
6.7992	0.413679945186059
6.8072	0.414335903314391
6.8152	0.414938141293667
6.8232	0.415491062945705
6.8312	0.415998258971082
6.8392	0.416462840032458
6.8472	0.416887706324782
6.8552	0.417275752989514
6.8632	0.417629958928627
6.8712	0.41795336717496
6.8792	0.418249068855506
6.8872	0.418520193745314
6.8952	0.418769872017383
6.9032	0.419001188055968
6.9112	0.419217167226526
6.9192	0.419420793731796
6.9272	0.419615054850918
6.9352	0.419802987524904
6.9432	0.419987702500157
6.9512	0.420172413157046
6.9592	0.420360447276403
6.9672	0.420555216250209
6.9752	0.420760174432098
6.9832	0.420978760108532
6.9912	0.421214305310186
6.9992	0.421469959255483
7.0072	0.421748645717339
7.0152	0.422053066997808
7.0232	0.422385773699974
7.0312	0.422749260929883
7.0392	0.423146062098479
7.0472	0.423578809454551
7.0552	0.424050237337337
7.0632	0.424563098898007
7.0712	0.425120031609877
7.0792	0.425723402943478
7.0872	0.426375176761271
7.0952	0.427076831394966
7.1032	0.427829340043522
7.1112	0.428633196211811
7.1192	0.429488541209792
7.1272	0.430395282405926
7.1352	0.431353150111813
7.1432	0.432361683885978
7.1512	0.433420178318448
7.1592	0.43452743268251
7.1672	0.43568141873699
7.1752	0.436878922742643
7.1832	0.438115195743646
7.1912	0.439383664250476
7.1992	0.440675850159426
7.2072	0.441981453963954
7.2152	0.443288626551691
7.2232	0.444584483516957
7.2312	0.445855704157144
7.2392	0.447088782619043
7.2472	0.448270034261745
7.2552	0.449385403829279
7.2632	0.450420059798418
7.2712	0.451357992590549
7.2792	0.452182166064681
7.2872	0.452875260245374
7.2952	0.453420943647196
7.3032	0.453805582916921
7.3112	0.454019827960975
7.3192	0.454059568641628
7.3272	0.453926235643355
7.3352	0.453626403738908
7.3432	0.45317071182161
7.3512	0.452572622840925
7.3592	0.451847436860538
7.3672	0.451011536724023
7.3752	0.450081908276965
7.3832	0.449075801039024
7.3912	0.448010245627686
7.3992	0.446901517058297
7.4072	0.4457646248044
7.4152	0.444612869891148
7.4232	0.443457717742277
7.4312	0.442309015738719
7.4392	0.441175198581398
7.4472	0.440063415285882
7.4552	0.438979564606775
7.4632	0.437928088885022
7.4712	0.436911685683524
7.4792	0.435931249665874
7.4872	0.434986054258791
7.4952	0.43407413711878
7.5032	0.433192901542384
7.5112	0.432339713386303
7.5192	0.43151227958082
7.5272	0.430708841959033
7.5352	0.429928131255148
7.5432	0.429169127854849
7.5512	0.428430830140627
7.5592	0.427712152254574
7.5672	0.427011899191612
7.5752	0.426328841292263
7.5832	0.425661823224135
7.5912	0.425009860194719
7.5992	0.424372157209823
7.6072	0.423748047487482
7.6152	0.423136846981365
7.6232	0.422537715034728
7.6312	0.421949573161006
7.6392	0.421371135724805
7.6472	0.420801020945183
7.6552	0.420237914700429
7.6632	0.419680701213716
7.6712	0.419128512046739
7.6792	0.41858064979313
7.6872	0.418036457884011
7.6952	0.417495173083788
7.7032	0.416955779001096
7.7112	0.416416895223385
7.7192	0.415876744525216
7.7272	0.415333146241054
7.7352	0.414783528381833
7.7432	0.414224974234567
7.7512	0.413654292248064
7.7592	0.4130681054114
7.7672	0.41246296805584
7.7752	0.411835451755282
7.7832	0.411182179670132
7.7912	0.410499789665896
7.7992	0.409784814481036
7.8072	0.40903348941776
7.8152	0.408241575820077
7.8232	0.407404267326345
7.8312	0.406516267766391
7.8392	0.405572055285334
7.8472	0.404566242403266
7.8552	0.403493990306178
7.8632	0.402351503634075
7.8712	0.401136440933041
7.8792	0.39984812684859
7.8872	0.398487592324751
7.8952	0.397057463202806
7.9032	0.395561655983303
7.9112	0.394005068173959
7.9192	0.392393303717825
7.9272	0.390732512491588
7.9352	0.389029469758118
7.9432	0.387291752280441
7.9512	0.385527784958528
7.9592	0.383746783201599
7.9672	0.381958628851978
7.9752	0.38017352212583
7.9832	0.378401587189927
7.9912	0.376652682496995
7.9992	0.374936487041995
8.0072	0.373262772899109
8.0152	0.37164181010198
8.0232	0.37008461995403
8.0312	0.368603064610731
8.0392	0.367209864287948
8.0472	0.365918463602686
8.0552	0.364742649536571
8.0632	0.36369620447964
8.0712	0.362792604427417
8.0792	0.362044606276439
8.0872	0.361463773909998
8.0952	0.361060062714722
8.1032	0.360841332811085
8.1112	0.360812783747997
8.1192	0.360976476457331
8.1272	0.361330983377703
8.1352	0.36187127623932
8.1432	0.362588986205016
8.1512	0.363472983019871
8.1592	0.364510115923828
8.1672	0.365686057771009
8.1752	0.366985966416155
8.1832	0.368394895108935
8.1912	0.459528515262761
8.1992	0.487286993377083
8.2072	0.513171272451359
8.2152	0.536756547181668
8.2232	0.557736092228495
8.2312	0.575920678434727
8.2392	0.591235079001223
8.2472	0.603709332571015
8.2552	0.613466142378087
8.2632	0.620704680927915
8.2712	0.625681884982356
8.2792	0.628692633566985
8.2872	0.630050194771457
8.2952	0.630068203593368
8.3032	0.629046029049334
8.3112	0.627258540043215
8.3192	0.624950193638384
8.3272	0.622332455271874
8.3352	0.619583163841668
8.3432	0.616846988765758
8.3512	0.61423636512481
8.3592	0.611832845574497
8.3672	0.609689302341735
8.3752	0.607833012901708
8.3832	0.606269047377467
8.3912	0.604984235990869
8.3992	0.603951869578239
8.4072	0.603136355342514
8.4152	0.602497611482576
8.4232	0.601995246892216
8.4312	0.601591978578156
8.4392	0.601255675546071
8.4472	0.600960149583159
8.4552	0.600684625039051
8.4632	0.600412137323019
8.4712	0.600127899827456
8.4792	0.599818261574796
8.4872	0.599470371056384
8.4952	0.599072515579095
8.5032	0.598614938137374
8.5112	0.598090652949907
8.5192	0.597496141000221
8.5272	0.596831909596645
8.5352	0.596102800274068
8.5432	0.595318055385277
8.5512	0.594490768173685
8.5592	0.593636639311597
8.5672	0.592772297044007
8.5752	0.591913462091441
8.5832	0.59107332605781
8.5912	0.590261732624512
8.5992	0.589485160944747
8.6072	0.588747182857588
8.6152	0.588049321108045
8.6232	0.587392105697376
8.6312	0.586775906746155
8.6392	0.586201502842599
8.6472	0.585670568715969
8.6552	0.585186160988968
8.6632	0.584753299249527
8.6712	0.584379549763526
8.6792	0.584075333646595
8.6872	0.583853671492122
8.6952	0.583729200249664
8.7032	0.583716466740768
8.7112	0.583827849443736
8.7192	0.584071688762307
8.7272	0.584451153281677
8.7352	0.584964134465594
8.7432	0.585604069986815
8.7512	0.586361312661879
8.7592	0.587224600736036
8.7672	0.588182300879495
8.7752	0.58922328198679
8.7832	0.590337642751763
8.7912	0.591517261567901
8.7992	0.592756077996754
8.8072	0.594050110993066
8.8152	0.595397221411034
8.8232	0.596796629881055
8.8312	0.598248605584814
8.8392	0.599754078219704
8.8472	0.601314050428087
8.8552	0.602929212740918
8.8632	0.604599871990743
8.8712	0.606325300661723
8.8792	0.608102960205883
8.8872	0.609927940944246
8.8952	0.611792328582425
8.9032	0.613684530363784
8.9112	0.615589448013623
8.9192	0.617488971050577
8.9272	0.61936271991911
8.9352	0.621189292333995
8.9432	0.622947547421447
8.9512	0.624617268706871
8.9592	0.626179907020344
8.9672	0.627619312296716
8.9752	0.628921970211167
8.9832	0.630076938920354
8.9912	0.631076039670148
8.9992	0.631914174689854
9.0072	0.632589872480011
9.0152	0.633105816186145
9.0232	0.633468942028898
9.0312	0.633690091855314
9.0392	0.633783260494653
9.0472	0.63376439938358
9.0552	0.633650291232357
9.0632	0.633457748963707
9.0712	0.633202915853076
9.0792	0.632900762279974
9.0872	0.632564876288711
9.0952	0.632207076198739
9.1032	0.631836505775965
9.1112	0.631458738179688
9.1192	0.631075043781195
9.1272	0.630681944777507
9.1352	0.630271568766673
9.1432	0.629832738355987
9.1512	0.629352133031134
9.1592	0.628815672880393
9.1672	0.628209329255029
9.1752	0.62751905023066
9.1832	0.626730325521748
9.1912	0.625828176111469
9.1992	0.624797572641086
9.2072	0.623624822011891
9.2152	0.622298623031128
9.2232	0.620810731864594
9.2312	0.61915604074035
9.2392	0.617331854039023
9.2472	0.615336219629256
9.2552	0.613167363116659
9.2632	0.610824935185747
9.2712	0.60831327292766
9.2792	0.605646049165955
9.2872	0.6028513352923
9.2952	0.599974856984446
9.3032	0.597080863461883
9.3112	0.594249955894014
9.3192	0.591574219046706
9.3272	0.589150904925432
9.3352	0.587076053595311
9.3432	0.585438318548341
9.3512	0.584313475035444
9.3592	0.583759786485913
9.3672	0.583814410430406
9.3752	0.584490987596936
9.3832	0.5857785253679
9.3912	0.587641650940029
9.3992	0.590022025162298
9.4072	0.592840836179008
9.4152	0.59600236968825
9.4232	0.599398782337801
9.4312	0.602916098022334
9.4392	0.606441181660216
9.4472	0.609868757880307
9.4552	0.613107515514571
9.4632	0.616084736803288
9.4712	0.618749098172344
9.4792	0.621071383783146
9.4872	0.623043330055893
9.4952	0.624674842746458
9.5032	0.625990050178189
9.5112	0.627022820875979
9.5192	0.627812305635985
9.5272	0.628398826030178
9.5352	0.628820632277979
9.5432	0.629111652021919
9.5512	0.629299975467447
9.5592	0.629406936540477
9.5672	0.629446756582482
9.5752	0.629426779016171
9.5832	0.629348095664668
9.5912	0.629206424669079
9.5992	0.628993038072636
9.6072	0.628695753909369
9.6152	0.628300002284902
9.6232	0.627790009094042
9.6312	0.627150073308158
9.6392	0.626365956884356
9.6472	0.625426154541742
9.6552	0.624323138577068
9.6632	0.623054381552393
9.6712	0.62162305213856
9.6792	0.620038423338926
9.6872	0.618316224508774
9.6952	0.616478267826722
9.7032	0.614551285951492
9.7112	0.612565145491928
9.7192	0.610550534778341
9.7272	0.608536401614103
9.7352	0.606548062262192
9.7432	0.604606225499509
9.7512	0.602726946546994
9.7592	0.600922480830235
9.7672	0.599202552761128
9.7752	0.597575231082502
9.7832	0.596047248811672
9.7912	0.594623695463071
9.7992	0.593307328717415
9.8072	0.592098095627321
9.8152	0.590993288504805
9.8232	0.58998820701359
9.8312	0.589077177217746
9.8392	0.588254580187154
9.8472	0.587515561787811
9.8552	0.586856154653304
9.8632	0.586272944447344
9.8712	0.585762489353172
9.8792	0.585320911958732
9.8872	0.584943738184407
9.8952	0.5846260674207
9.9032	0.584362925650552
9.9112	0.58414964763476
9.9192	0.583982087580807
9.9272	0.583856712104648
9.9352	0.58377059556598
9.9432	0.583721404870786
9.9512	0.583707432085745
9.9592	0.583727615206257
9.9672	0.583781450889049
9.9752	0.583868775959999
9.9832	0.583989375718616
9.9912	0.584142430800668
9.9992	0.584325900849791
10.0072	0.584535887870359
10.0152	0.584766137577958
10.0232	0.585007745835171
10.0312	0.585249007643299
10.0392	0.585475416329956
10.0472	0.585670011618674
10.0552	0.585814155441682
10.0632	0.585888932270237
10.0712	0.585877408292902
10.0792	0.585767692081234
10.0872	0.585556460222065
10.0952	0.585252510856463
10.1032	0.584879541374164
10.1112	0.584477452670129
10.1192	0.58410158849081
10.1272	0.583819770246549
10.1352	0.583707288486977
10.1432	0.583840265801442
10.1512	0.584288289820364
10.1592	0.585107525826544
10.1672	0.586335465145623
10.1752	0.587988336776007
10.1832	0.590061308879612
10.1912	0.592530650440025
10.1992	0.595356805272061
10.2072	0.598487189977092
10.2152	0.601857921890954
10.2232	0.605394972109863
10.2312	0.609015288150928
10.2392	0.612628133066238
10.2472	0.616137221809566
10.2552	0.619443909525444
10.2632	0.622450720889205
10.2712	0.625065118265951
10.2792	0.627203991055268
10.2872	0.628799160573294
10.2952	0.629803949124522
10.3032	0.630200051258896
10.3112	0.630002771547183
10.3192	0.629262202678561
10.3272	0.628058691172114
10.3352	0.626492508064707
10.3432	0.62467003267372
10.3512	0.622690306528924
10.3592	0.620635200184509
10.3672	0.618565230882894
10.3752	0.616520768531203
10.3832	0.614526627570498
10.3912	0.612597881398258
10.3992	0.610745151307391
10.4072	0.608977957976819
10.4152	0.607306591025882
10.4232	0.605743407572092
10.4312	0.604303218110644
10.4392	0.603003247815238
10.4472	0.601863576271121
10.4552	0.600908167462535
10.4632	0.600166866903699
10.4712	0.599677624497645
10.4792	0.599486923996466
10.4872	0.599647781862906
10.4952	0.600214914694519
10.5032	0.601236517437584
10.5112	0.602743560580791
10.5192	0.604740167843211
10.5272	0.607196486377333
10.5352	0.610044482858292
10.5432	0.613178133401028
10.5512	0.616458551253615
10.5592	0.619723085831879
10.5672	0.622797726271472
10.5752	0.625511504298565
10.5832	0.627710013130709
10.5912	0.629266454800728
10.5992	0.630088981924146
10.6072	0.630123670525691
10.6152	0.629354126963548
10.6232	0.627799327214419
10.6312	0.62551046807603
10.6392	0.622567336911061
10.6472	0.619074273843665
10.6552	0.615155405821113
10.6632	0.610949534815305
10.6712	0.606604917666644
10.6792	0.602274067935582
10.6872	0.598108665184682
10.6952	0.594254530739462
10.7032	0.590846543262202
10.7112	0.58800385343298
10.7192	0.585825693486839
10.7272	0.584388121178165
10.7352	0.583742215579164
10.7432	0.583913568540225
10.7512	0.584902752450446
10.7592	0.586686561117432
10.7672	0.589219941087009
10.7752	0.592438707875957
10.7832	0.596263046492282
10.7912	0.600601756762629
10.7992	0.605356853561375
10.8072	0.610427838483034
10.8152	0.615715094493737
10.8232	0.621122790986476
10.8312	0.626561807252841
10.8392	0.631953125430243
10.8472	0.637230586312853
10.8552	0.642342109129544
10.8632	0.64724847217812
10.8712	0.651919034615617
10.8792	0.656324731594907
10.8872	0.660430962014033
10.8952	0.664192649242437
10.9032	0.667552940919052
10.9112	0.670446244810989
10.9192	0.672804816715029
10.9272	0.674566802598093
10.9352	0.675684420099088
10.9432	0.676130666446397
10.9512	0.67590360579797
10.9592	0.675028706130718
10.9672	0.673559592366814
10.9752	0.671577445788358
10.9832	0.669189458201373
10.9912	0.666526026280593
10.9992	0.663736228444691
11.0072	0.660981692207571
11.0152	0.658428580316013
11.0232	0.656238008782253
11.0312	0.654556044604902
11.0392	0.653504063837033
11.0472	0.653169484606366
11.0552	0.653597378261225
11.0632	0.654783588985595
11.0712	0.656670356274333
11.0792	0.659145608350855
11.0872	0.662046838896771
11.0952	0.665170518885077
11.1032	0.668286620225786
11.1112	0.671155588555365
11.1192	0.67354526084921
11.1272	0.675245505171887
11.1352	0.676078998169828
11.1432	0.675908356855246
11.1512	0.67464085791039
11.1592	0.672231734029339
11.1672	0.668687007564358
11.1752	0.664065091380564
11.1832	0.658475478282412
11.1912	0.652074045346126
11.1992	0.645054145645076
11.2072	0.637633924610185
11.2152	0.630042581267617
11.2232	0.622507687618167
11.2312	0.615244381796003
11.2392	0.6084471019158
11.2472	0.602283446727071
11.2552	0.596889615867084
11.2632	0.592367337111085
11.2712	0.588782192727905
11.2792	0.586163151708206
11.2872	0.584503345177424
11.2952	0.583762118211652
11.3032	0.583868228336485
11.3112	0.584724201397691
11.3192	0.586212343421707
11.3272	0.588202547116481
11.3352	0.590561236499056
11.3432	0.593160412426059
11.3512	0.595885244727128
11.3592	0.598638904849196
11.3672	0.601344475773303
11.3752	0.60394425883905
11.3832	0.60639725534979
11.3912	0.608676388361715
11.3992	0.610765961929559
11.4072	0.6126592296566
11.4152	0.614356465216019
11.4232	0.615863760665661
11.4312	0.61719178873274
11.4392	0.618354504404863
11.4472	0.619368117213909
11.4552	0.620250193786518
11.4632	0.621018701861544
11.4712	0.621691396630681
11.4792	0.622285408385864
11.4872	0.622816882581134
11.4952	0.623300858144859
11.5032	0.623751394273469
11.5112	0.624181388225665
11.5192	0.624602084389807
11.5272	0.625022693244659
11.5352	0.625449987039133
11.5432	0.625887879799407
11.5512	0.626337354795965
11.5592	0.626796735389107
11.5672	0.627261915045068
11.5752	0.627726480272671
11.5832	0.62818184454963
11.5912	0.628617446123528
11.5992	0.629021212876609
11.6072	0.629380496101291
11.6152	0.629683440301406
11.6232	0.629920565153341
11.6312	0.630086299308516
11.6392	0.630180172864002
11.6472	0.630207392487932
11.6552	0.630178846134683
11.6632	0.63011052447952
11.6712	0.63002223701379
11.6792	0.629935555741326
11.6872	0.629870995761038
11.6952	0.629844674295313
11.7032	0.629865001548552
11.7112	0.629930060778577
11.7192	0.630026141545883
11.7272	0.63012761409334
11.7352	0.630197910143153
11.7432	0.630191291942069
11.7512	0.630055116699907
11.7592	0.629732395115226
11.7672	0.629164597104705
11.7752	0.628294793499734
11.7832	0.627071225285704
11.7912	0.625451273762209
11.7992	0.623405793919659
11.8072	0.620923701076023
11.8152	0.618016269677767
11.8232	0.614720443744602
11.8312	0.611100405987315
11.8392	0.607247066242465
11.8472	0.603275247429295
11.8552	0.599318764565211
11.8632	0.595523830930446
11.8712	0.592041134619905
11.8792	0.589016778654454
11.8872	0.586582764463927
11.8952	0.584847999125486
11.9032	0.583890782814251
11.9112	0.583753933376528
11.9192	0.584443426280828
11.9272	0.585930543751189
11.9352	0.588157027855502
11.9432	0.591042065400629
11.9512	0.594489684286245
11.9592	0.598395537720222
11.9672	0.602652247085572
11.9752	0.607152900930316
11.9832	0.611793523823707
11.9912	0.616475015886124
11.9992	0.621104996141156
12.0072	0.625599893314558
12.0152	0.629887383773678
12.0232	0.633908643502551
12.0312	0.637619681798157
12.0392	0.640991355951542
12.0472	0.644008315255093
12.0552	0.64666707733133
12.0632	0.648972940049504
12.0712	0.650936049746804
12.0792	0.652567614799239
12.0872	0.653876653405376
12.0952	0.654867362000687
12.1032	0.655537440440668
12.1112	0.655877424913342
12.1192	0.655871025385977
12.1272	0.655496335488266
12.1352	0.654727991917582
12.1432	0.653540113609523
12.1512	0.651910264964613
12.1592	0.649824039170966
12.1672	0.647279097788271
12.1752	0.64428766771843
12.1832	0.640877334276041
12.1912	0.637090127789946
12.1992	0.632980281124674
12.2072	0.628611935826342
12.2152	0.624057555937327
12.2232	0.619397056785715
12.2312	0.614716977730708
12.2392	0.610108615085238
12.2472	0.605664453039111
12.2552	0.601473624117432
12.2632	0.597617010225065
12.2712	0.594162907433343
12.2792	0.591164278063133
12.2872	0.837946328922208
12.2952	0.837656436381569
12.3032	0.837413413853963
12.3112	0.837227010351101
12.3192	0.837104978307168
12.3272	0.837053132313071
12.3352	0.837075431987425
12.3432	0.837174032194059
12.3512	0.837349280512629
12.3592	0.837599688634662
12.3672	0.8379219923181
12.3752	0.838311420264783
12.3832	0.838762210487192
12.3912	0.839268337403358
12.3992	0.839824268236452
12.4072	0.840425512490722
12.4152	0.841068867683465
12.4232	0.841752312299873
12.4312	0.842474625966369
12.4392	0.843234977607563
12.4472	0.844032641900679
12.4552	0.844866784470427
12.4632	0.84573630310435
12.4712	0.846639702467754
12.4792	0.847574791210925
12.4872	0.848538277509398
12.4952	0.849525495308425
12.5032	0.850530329963978
12.5112	0.851545286077088
12.5192	0.85256171143599
12.5272	0.853570025304549
12.5352	0.854559767009304
12.5432	0.855519446787685
12.5512	0.856436727253849
12.5592	0.857298952527961
12.5672	0.858094009836413
12.5752	0.858811328188936
12.5832	0.859443008366612
12.5912	0.859984410120038
12.5992	0.860434151599801
12.6072	0.860793489276779
12.6152	0.86106523649758
12.6232	0.861252340160233
12.6312	0.861356623921438
12.6392	0.861377988190774
12.6472	0.861314244729237
12.6552	0.861161548292914
12.6632	0.860915373851639
12.6712	0.860571693290551
12.6792	0.860128075002334
12.6872	0.859584301198047
12.6952	0.858942454152273
12.7032	0.858206532716537
12.7112	0.857381671844254
12.7192	0.856473400431506
12.7272	0.855487117718264
12.7352	0.854428018312434
12.7432	0.853301427872826
12.7512	0.852113534867058
12.7592	0.850872107315812
12.7672	0.849587052206625
12.7752	0.848270681787712
12.7832	0.846937874109304
12.7912	0.845606023527635
12.7992	0.844294795167442
12.8072	0.843025753550342
12.8152	0.841821952136289
12.8232	0.8407072264546
12.8312	0.839705281126829
12.8392	0.838838677616731
12.8472	0.838127661324202
12.8552	0.837588778301472
12.8632	0.837233398939687
12.8712	0.837066212020992
12.8792	0.837083787565736
12.8872	0.837273392609215
12.8952	0.837612238304584
12.9032	0.838067323567546
12.9112	0.838595975036646
12.9192	0.839147071937805
12.9272	0.83966288581355
12.9352	0.840081346724912
12.9432	0.840338423600701
12.9512	0.840370362643875
12.9592	0.840115674792801
12.9672	0.839516912518376
12.9752	0.838522559508791
12.9832	0.8370893727319
12.9912	0.835185245537809
12.9992	0.832792391222541
13.0072	0.829910156833059
13.0152	0.8265565892485
13.0232	0.822768481807313
13.0312	0.818599703767499
13.0392	0.814117743038211
13.0472	0.80939938549596
13.0552	0.804526595247389
13.0632	0.799582589588033
13.0712	0.794648924775605
13.0792	0.789804674305171
13.0872	0.785127069948639
13.0952	0.780692561718674
13.1032	0.776578464331917
13.1112	0.772863546512174
13.1192	0.76962674998711
13.1272	0.766944604535898
13.1352	0.764888224191737
13.1432	0.763519268216203
13.1512	0.762886133692958
13.1592	0.76302078511145
13.1672	0.763935554869785
13.1752	0.765620594393115
13.1832	0.768043108224343
13.1912	0.771147883865301
13.1992	0.774859303569946
13.2072	0.779084832036511
13.2152	0.783718805474318
13.2232	0.788646201943719
13.2312	0.793747073214516
13.2392	0.798901219978821
13.2472	0.803993243707974
13.2552	0.808918013613733
13.2632	0.81358526331912
13.2712	0.817922955470782
13.2792	0.821879031490426
13.2872	0.825421318036374
13.2952	0.828535697146397
13.3032	0.831223463183709
13.3112	0.833498278262364
13.3192	0.835383127664525
13.3272	0.836907458501298
13.3352	0.838104622274668
13.3432	0.839009679044577
13.3512	0.839657682893354
13.3592	0.840082522605409
13.3672	0.840316247223083
13.3752	0.840388743270957
13.3832	0.840327644788458
13.3912	0.840158387436154
13.3992	0.839904378014931
13.4072	0.839587284007275
13.4152	0.839227419205676
13.4232	0.838844173654025
13.4312	0.838456429208928
13.4392	0.838082840762888
13.4472	0.837741901691065
13.4552	0.837451761196299
13.4632	0.837229802572206
13.4712	0.837092032110243
13.4792	0.837052387820644
13.4872	0.837122026641121
13.4952	0.837308664372252
13.5032	0.837616085681657
13.5112	0.838043891077642
13.5192	0.838587534453704
13.5272	0.83923872654571
13.5352	0.839986144768203
13.5432	0.840816347237066
13.5512	0.841714966291869
13.5592	0.842668025512669
13.5672	0.843663151772817
13.5752	0.844690633984
13.5832	0.845744191520249
13.5912	0.846821140888649
13.5992	0.847922112002089
13.6072	0.849050442349878
13.6152	0.850211230916916
13.6232	0.851410332038327
13.6312	0.852653621249309
13.6392	0.853946364428112
13.6472	0.855292692146214
13.6552	0.856695294750949
13.6632	0.858155219046323
13.6712	0.859671496525688
13.6792	0.861240584717525
13.6872	0.862855728556995
13.6952	0.864506393113809
13.7032	0.866178011211524
13.7112	0.867852138171818
13.7192	0.869507021052549
13.7272	0.871118568067497
13.7352	0.872661692110411
13.7432	0.874111683597728
13.7512	0.875445382468134
13.7592	0.876642055113466
13.7672	0.877683889455136
13.7752	0.878555906004518
13.7832	0.879245563978113
13.7912	0.879742335970431
13.7992	0.880037395724429
13.8072	0.880123574992445
13.8152	0.879995749781262
13.8232	0.879651385981275
13.8312	0.879091098911123
13.8392	0.878319182470038
13.8472	0.877343832287466
13.8552	0.876176859965932
13.8632	0.87483316661327
13.8712	0.873330174028824
13.8792	0.871687211849696
13.8872	0.869924913054687
13.8952	0.868064888413022
13.9032	0.866129515082297
13.9112	0.864141656512173
13.9192	0.862124529372923
13.9272	0.860101697404168
13.9352	0.858096903793065
13.9432	0.85613364756006
13.9512	0.85423451004466
13.9592	0.852420124635274
13.9672	0.850707950165202
13.9752	0.84911124450409
13.9832	0.847638377316142
13.9912	0.846292750652522
13.9992	0.845073464717099
14.0072	0.84397653321454
14.0152	0.842996192727825
14.0232	0.842126069701766
14.0312	0.8413599179484
14.0392	0.840691774637686
14.0472	0.840115727268663
14.0552	0.839625604557995
14.0632	0.839214753905211
14.0712	0.838876046238195
14.0792	0.838602123526336
14.0872	0.838385792172604
14.0952	0.838220404474614
14.1032	0.838100227919283
14.1112	0.83802075180616
14.1192	0.837978925557938
14.1272	0.837973362111708
14.1352	0.83800454789728
14.1432	0.838075017944757
14.1512	0.838189490355057
14.1592	0.838354958599763
14.1672	0.838580661284074
14.1752	0.838877793837446
14.1832	0.83925905753286
14.1912	0.83973804956498
14.1992	0.84032857175141
14.2072	0.841044034036169
14.2152	0.84189722017564
14.2232	0.84290028933394
14.2312	0.844064945052348
14.2392	0.84540263388193
14.2472	0.846924463540068
14.2552	0.848640664526565
14.2632	0.85055978009096
14.2712	0.852687591270087
14.2792	0.855025977471263
14.2872	0.857572121666875
14.2952	0.860318255358583
14.3032	0.863251756578876
14.3112	0.866355721240798
14.3192	0.869609854384805
14.3272	0.872991355485633
14.3352	0.876475649061113
14.3432	0.880036590100512
14.3512	0.883646181271407
14.3592	0.8872739546721
14.3672	0.890886396905153
14.3752	0.89444657050758
14.3832	0.897914683020996
14.3912	0.901249430988495
14.3992	0.904409652209265
14.4072	0.907355891605952
14.4152	0.910051780160274
14.4232	0.912464640680064
14.4312	0.914565380148427
14.4392	0.916327938928206
14.4472	0.917728590886341
14.4552	0.918745462523325
14.4632	0.919358723394792
14.4712	0.919551361994552
14.4792	0.919310278079824
14.4872	0.918627331677082
14.4952	0.917499901985702
14.5032	0.915930874465403
14.5112	0.913928351876326
14.5192	0.911505444006709
14.5272	0.908680497681897
14.5352	0.905478055454252
14.5432	0.901930449318875
14.5512	0.89807967695258
14.5592	0.893979312648689
14.5672	0.889695757919831
14.5752	0.885308531253408
14.5832	0.880909562151518
14.5912	0.876601685680088
14.5992	0.87249559381502
14.6072	0.868705463573133
14.6152	0.865343670232775
14.6232	0.862514992847336
14.6312	0.860310765143579
14.6392	0.858804110351891
14.6472	0.858046364350217
14.6552	0.858065075578795
14.6632	0.858863768734271
14.6712	0.860423158099223
14.6792	0.86270287802927
14.6872	0.865644188546865
14.6952	0.869173477104512
14.7032	0.873204996776188
14.7112	0.877642139125978
14.7192	0.882378137829307
14.7272	0.887296598966016
14.7352	0.892272249854443
14.7432	0.897173326052791
14.7512	0.901865686729417
14.7592	0.906218174883174
14.7672	0.910108538612251
14.7752	0.913428970674992
14.7832	0.916090182081196
14.7912	0.91802409724619
14.7992	0.919185299118885
14.8072	0.919551232884762
14.8152	0.919121550637361
14.8232	0.91791690830542
14.8312	0.915977378715952
14.8392	0.913360664814578
14.8472	0.910140214705601
14.8552	0.906403195179988
14.8632	0.902247932956173
14.8712	0.897780372032034
14.8792	0.893109732839613
14.8872	0.888343665810884
14.8952	0.883583276061055
14.9032	0.878918940648717
14.9112	0.874427342647316
14.9192	0.870169736056671
14.9272	0.866191439235819
14.9352	0.862522327068169
14.9432	0.85917789915389
14.9512	0.856161177730393
14.9592	0.85346525000148
14.9672	0.851075858754586
14.9752	0.848973848761798
14.9832	0.847137278737763
14.9912	0.845543025037643
14.9992	0.844167848012807
15.0072	0.842989076611745
15.0152	0.841985036771862
15.0232	0.841135368481796
15.0312	0.84042125245893
15.0392	0.839825499573759
15.0472	0.839332548243095
15.0552	0.838928412248721
15.0632	0.838600562555762
15.0712	0.838337809261016
15.0792	0.838130258412167
15.0872	0.837969320443929
15.0952	0.837847738660241
15.1032	0.837759645779514
15.1112	0.837700613393633
15.1192	0.837667681529308
15.1272	0.837659389507503
15.1352	0.837675821387454
15.1432	0.837718624676763
15.1512	0.837791000823601
15.1592	0.837897651896738
15.1672	0.838044608683845
15.1752	0.83823890610554
15.1832	0.838488181530505
15.1912	0.83880024981186
15.1992	0.839182698820133
15.2072	0.839642631492212
15.2152	0.840186611941967
15.2232	0.840820723517088
15.2312	0.841550669974231
15.2392	0.842381800365912
15.2472	0.843318942487654
15.2552	0.844366074774485
15.2632	0.845525946603888
15.2712	0.846799629844208
15.2792	0.848186130165896
15.2872	0.849682193464834
15.2952	0.851282275212324
15.3032	0.852978694546767
15.3112	0.85476202511048
15.3192	0.856621700792907
15.3272	0.858546783708499
15.3352	0.860526839786857
15.3432	0.862552691260877
15.3512	0.864616774392196
15.3592	0.866713058616564
15.3672	0.868836533598734
15.3752	0.87098232946478
15.3832	0.873144935958248
15.3912	0.875317922437079
15.3992	0.877494110973806
15.4072	0.879666152951476
15.4152	0.881827425949708
15.4232	0.883972751684187
15.4312	0.886098503772971
15.4392	0.888202166976464
15.4472	0.890281655669321
15.4552	0.892334549075982
15.4632	0.894357529686718
15.4712	0.896346176498629
15.4792	0.898295024503578
15.4872	0.90019783985633
15.4952	0.902048015133642
15.5032	0.903838817075696
15.5112	0.905563388730787
15.5192	0.907214704510959
15.5272	0.90878551342179
15.5352	0.910268220925591
15.5432	0.911654884841257
15.5512	0.912937501464746
15.5592	0.91410853270327
15.5672	0.915161586059393
15.5752	0.915525998910881
15.5832	0.915829564189189
15.5912	0.916075873348158
15.5992	0.916271087151767
15.6072	0.916421830989247
15.6152	0.916534138066742
15.6232	0.916613026534419
15.6312	0.916662417781836
15.6392	0.916685215302411
15.6472	0.916683443958827
15.6552	0.916658396489132
15.6632	0.916610770701783
15.6712	0.916540790604258
15.6792	0.916448302957725
15.6872	0.916332850086291
15.6952	0.916193729334049
15.7032	0.91603003695353
15.7112	0.915840698600149
15.7192	0.915624494773577
15.7272	0.915380082516514
15.7352	0.915106009989682
15.7432	0.914800730363856
15.7512	0.914462613988596
15.7592	0.914089952965779
15.7672	0.913680967641547
15.7752	0.913233822426777
15.7832	0.912746644779624
15.7912	0.912217548853406
15.7992	0.911644665972515
15.8072	0.911026174936082
15.8152	0.910360324863563
15.8232	0.90964545152696
15.8312	0.908879987688674
15.8392	0.908062469158229
15.8472	0.907191543201105
15.8552	0.906265979414612
15.8632	0.905284683660061
15.8712	0.904246716247061
15.8792	0.903151313033864
15.8872	0.901997902905297
15.8952	0.900786127984526
15.9032	0.899515866918072
15.9112	0.898187257967685
15.9192	0.896800724988722
15.9272	0.895357011101443
15.9352	0.893857212385397
15.9432	0.892302807642586
15.9512	0.890695683184739
15.9592	0.889038146639256
15.9672	0.887332924703255
15.9752	0.88558315006561
15.9832	0.883792338694598
15.9912	0.881964360167276
15.9992	0.880103408646985
16.0072	0.878213983058584
16.0152	0.876300872151513
16.0232	0.874369144644046
16.0312	0.872424143587236
16.0392	0.870471479535834
16.0472	0.868517015119894
16.0552	0.86656684188822
16.0632	0.864627250711135
16.0712	0.862704696631058
16.0792	0.860805760044601
16.0872	0.85893710821115
16.0952	0.857105456725877
16.1032	0.855317530468284
16.1112	0.853580023304938
16.1192	0.851899557707911
16.1272	0.850282643572144
16.1352	0.848735635356485
16.1432	0.847264685930948
16.1512	0.845875695808263
16.1592	0.844574254640011
16.1672	0.843365572686473
16.1752	0.842254403478683
16.1832	0.841244959691907
16.1912	0.840340824704182
16.1992	0.839544864783257
16.2072	0.838859144065917
16.2152	0.838284839881258
16.2232	0.837822155842637
16.2312	0.837470230067102
16.2392	0.837227035348609
16.2472	0.83708927129829
16.2552	0.837052251683667
16.2632	0.837109790182771
16.2712	0.837254086365209
16.2792	0.837475612378275
16.2872	0.83776299914282
16.2952	0.838102920530255
16.3032	0.838479974195013
16.3112	0.838876558400623
16.3192	0.839272746086823
16.3272	0.839646157976525
16.3352	0.83997183506412
16.3432	0.840222110764723
16.3512	0.840366482441845
16.3592	0.84037147986177
16.3672	0.840200528663163
16.3752	0.839813807436195
16.3832	0.839168097785147
